NO_OF_FRAMES	12038
NO_OF_CAMERAS	8
NO_OF_BODIES	2
FREQUENCY	200
NO_OF_ANALOG	0
ANALOG_FREQUENCY	0
DESCRIPTION	--
TIME_STAMP	2013-07-03, 15:15:17	23734.62949833
DATA_INCLUDED	6D
BODY_NAMES	Ice 1	Ice 2
Frame	Time	Ice 1 X	Y	Z	Roll	Pitch	Yaw	Residual	Rot[0]	Rot[1]	Rot[2]	Rot[3]	Rot[4]	Rot[5]	Rot[6]	Rot[7]	Rot[8]	Ice 2 X	Y	Z	Roll	Pitch	Yaw	Residual	Rot[0]	Rot[1]	Rot[2]	Rot[3]	Rot[4]	Rot[5]	Rot[6]	Rot[7]	Rot[8]	
1	0.00500	56.20320	-30.89031	1.01452	-0.10072	0.05508	1.15055	1.07575	0.99980	-0.02008	-0.00096	0.02008	0.99980	-0.00176	0.00100	0.00174	1.00000		32.54991	-62.28557	-0.52038	-0.07990	0.40152	-3.16708	0.18273	0.99845	0.05525	-0.00701	-0.05526	0.99847	-0.00139	0.00692	0.00178	0.99997	
2	0.01000	56.09909	-30.81204	0.98500	-0.06773	0.07201	1.14873	1.03614	0.99980	-0.02005	-0.00126	0.02005	0.99980	-0.00118	0.00128	0.00116	1.00000		32.51571	-62.37142	-0.57461	-0.10588	0.41399	-3.17081	0.15099	0.99844	0.05531	-0.00723	-0.05533	0.99847	-0.00185	0.00711	0.00224	0.99997	
3	0.01500	56.12385	-30.71497	0.94320	-0.02891	0.07088	1.15660	1.04347	0.99980	-0.02019	-0.00124	0.02018	0.99980	-0.00050	0.00125	0.00048	1.00000		32.47399	-62.41097	-0.61890	-0.12915	0.41505	-3.16754	0.15103	0.99845	0.05525	-0.00724	-0.05527	0.99847	-0.00225	0.00711	0.00265	0.99997	
4	0.02000	56.05834	-30.56246	0.88545	0.02408	0.06510	1.12800	1.00551	0.99981	-0.01969	-0.00114	0.01969	0.99981	0.00042	0.00113	-0.00044	1.00000		32.46585	-62.47930	-0.68510	-0.15770	0.42296	-3.16455	0.14543	0.99845	0.05520	-0.00738	-0.05522	0.99847	-0.00275	0.00722	0.00316	0.99997	
5	0.02500	56.00191	-30.45970	0.84134	0.06714	0.07459	1.12902	1.00619	0.99981	-0.01970	-0.00130	0.01971	0.99981	0.00117	0.00128	-0.00120	1.00000		32.47493	-62.54564	-0.73857	-0.18177	0.42609	-3.17506	0.16812	0.99844	0.05539	-0.00744	-0.05541	0.99846	-0.00317	0.00725	0.00358	0.99997	
6	0.03000	56.04016	-30.32829	0.77151	0.11280	0.06847	1.13521	1.01720	0.99980	-0.01981	-0.00120	0.01981	0.99980	0.00197	0.00116	-0.00199	1.00000		32.41346	-62.61455	-0.81631	-0.21013	0.43425	-3.17157	0.16346	0.99844	0.05532	-0.00758	-0.05535	0.99846	-0.00367	0.00736	0.00408	0.99996	
7	0.03500	56.05295	-30.21116	0.71003	0.15795	0.06639	1.13251	1.00850	0.99980	-0.01976	-0.00116	0.01977	0.99980	0.00276	0.00110	-0.00278	1.00000		32.40400	-62.66328	-0.86962	-0.23473	0.43750	-3.17172	0.15337	0.99844	0.05533	-0.00764	-0.05536	0.99846	-0.00410	0.00740	0.00451	0.99996	
8	0.04000	56.06656	-30.12481	0.65057	0.19930	0.06278	1.13230	1.00728	0.99980	-0.01976	-0.00110	0.01976	0.99980	0.00348	0.00103	-0.00350	0.99999		32.37348	-62.74563	-0.96027	-0.26467	0.44524	-3.16780	0.15128	0.99844	0.05526	-0.00777	-0.05530	0.99846	-0.00462	0.00750	0.00504	0.99996	
9	0.04500	56.04991	-30.02510	0.59381	0.24352	0.06169	1.13407	1.01423	0.99980	-0.01979	-0.00108	0.01980	0.99979	0.00425	0.00099	-0.00427	0.99999		32.37412	-62.81482	-1.02556	-0.29544	0.44417	-3.16607	0.13110	0.99844	0.05523	-0.00775	-0.05527	0.99846	-0.00516	0.00746	0.00558	0.99996	
10	0.05000	56.05134	-29.88662	0.54465	0.29134	0.06051	1.13408	1.01854	0.99980	-0.01979	-0.00106	0.01980	0.99979	0.00508	0.00096	-0.00510	0.99999		32.34562	-62.86388	-1.07860	-0.31980	0.45205	-3.17206	0.14113	0.99844	0.05533	-0.00789	-0.05538	0.99845	-0.00558	0.00757	0.00601	0.99995	
11	0.05500	55.79338	-29.93757	0.63353	0.33458	0.06735	1.14312	1.09227	0.99980	-0.01995	-0.00118	0.01996	0.99978	0.00584	0.00106	-0.00586	0.99998		32.35336	-62.95001	-1.14011	-0.34710	0.45775	-3.16993	0.15329	0.99844	0.05530	-0.00799	-0.05534	0.99845	-0.00606	0.00764	0.00649	0.99995	
12	0.06000	55.76906	-29.81589	0.55779	0.38402	0.06753	1.14259	1.11151	0.99980	-0.01994	-0.00118	0.01995	0.99978	0.00670	0.00104	-0.00672	0.99998		32.31937	-62.98413	-1.20548	-0.37196	0.46002	-3.17319	0.14723	0.99843	0.05535	-0.00803	-0.05541	0.99844	-0.00649	0.00766	0.00693	0.99995	
13	0.06500	55.78126	-29.72162	0.51260	0.43001	0.06675	1.14257	1.12526	0.99980	-0.01994	-0.00117	0.01995	0.99977	0.00751	0.00102	-0.00753	0.99997		32.28539	-63.04829	-1.27418	-0.40048	0.46415	-3.16755	0.14050	0.99844	0.05525	-0.00810	-0.05531	0.99844	-0.00699	0.00770	0.00743	0.99994	
14	0.07000	55.75672	-29.62580	0.46838	0.47722	0.06836	1.14383	1.12349	0.99980	-0.01996	-0.00119	0.01997	0.99977	0.00833	0.00103	-0.00835	0.99996		32.30155	-63.20613	-1.30814	-0.44212	0.46067	-3.15526	0.12983	0.99845	0.05504	-0.00804	-0.05510	0.99845	-0.00772	0.00760	0.00815	0.99994	
15	0.07500	55.65374	-29.47372	0.45121	0.53039	0.06562	1.12960	1.09551	0.99981	-0.01971	-0.00115	0.01972	0.99976	0.00926	0.00096	-0.00928	0.99996		32.27339	-63.21876	-1.38705	-0.46108	0.47090	-3.15389	0.12534	0.99845	0.05502	-0.00822	-0.05508	0.99845	-0.00805	0.00776	0.00849	0.99993	
16	0.08000	55.69470	-29.37286	0.40464	0.57728	0.05850	1.13366	1.10582	0.99980	-0.01978	-0.00102	0.01979	0.99975	0.01008	0.00082	-0.01009	0.99995		32.25135	-63.28396	-1.45620	-0.48773	0.47204	-3.15563	0.12292	0.99845	0.05505	-0.00824	-0.05512	0.99844	-0.00851	0.00776	0.00895	0.99993	
17	0.08500	55.68808	-29.26936	0.37179	0.62649	0.05811	1.12689	1.09433	0.99981	-0.01967	-0.00101	0.01968	0.99975	0.01093	0.00080	-0.01095	0.99994		32.24259	-63.36131	-1.52121	-0.51547	0.47713	-3.15632	0.11962	0.99845	0.05506	-0.00833	-0.05513	0.99844	-0.00900	0.00782	0.00944	0.99992	
18	0.09000	55.65892	-29.14054	0.33051	0.68089	0.05895	1.12149	1.09812	0.99981	-0.01957	-0.00103	0.01958	0.99974	0.01188	0.00080	-0.01190	0.99993		32.24357	-63.43897	-1.55981	-0.55019	0.47682	-3.15197	0.13258	0.99845	0.05498	-0.00832	-0.05506	0.99844	-0.00960	0.00778	0.01005	0.99992	
19	0.09500	55.62997	-29.02974	0.27892	0.72794	0.06192	1.12668	1.10501	0.99981	-0.01966	-0.00108	0.01968	0.99973	0.01270	0.00083	-0.01272	0.99992		32.22842	-63.49793	-1.63343	-0.57426	0.47815	-3.15240	0.11610	0.99845	0.05499	-0.00835	-0.05507	0.99843	-0.01002	0.00778	0.01047	0.99991	
20	0.10000	55.66923	-28.92434	0.23488	0.77954	0.05125	1.12491	1.11520	0.99981	-0.01963	-0.00089	0.01964	0.99971	0.01361	0.00063	-0.01362	0.99991		32.21532	-63.54369	-1.69002	-0.60019	0.48287	-3.15164	0.13124	0.99845	0.05498	-0.00843	-0.05506	0.99843	-0.01047	0.00784	0.01092	0.99991	
21	0.10500	55.67167	-28.81649	0.20622	0.82463	0.05124	1.12481	1.11523	0.99981	-0.01963	-0.00089	0.01964	0.99970	0.01439	0.00061	-0.01441	0.99990		32.23589	-63.60560	-1.75116	-0.62555	0.48357	-3.15170	0.12697	0.99845	0.05498	-0.00844	-0.05507	0.99842	-0.01092	0.00783	0.01137	0.99990	
22	0.11000	55.64391	-28.71550	0.17082	0.87263	0.05159	1.12236	1.11675	0.99981	-0.01959	-0.00090	0.01960	0.99969	0.01523	0.00060	-0.01524	0.99988		32.21459	-63.67517	-1.81121	-0.65121	0.48420	-3.14971	0.12869	0.99845	0.05494	-0.00845	-0.05504	0.99842	-0.01137	0.00781	0.01181	0.99990	
23	0.11500	55.62694	-28.64316	0.11134	0.91704	0.05206	1.12340	1.11879	0.99981	-0.01961	-0.00091	0.01962	0.99968	0.01600	0.00059	-0.01602	0.99987		32.23706	-63.74003	-1.87218	-0.67926	0.48503	-3.15219	0.13751	0.99845	0.05499	-0.00847	-0.05508	0.99841	-0.01185	0.00780	0.01230	0.99989	
24	0.12000	55.58611	-28.51515	0.06454	0.96530	0.06193	1.12432	1.12130	0.99981	-0.01962	-0.00108	0.01964	0.99967	0.01685	0.00075	-0.01686	0.99986		32.23026	-63.79935	-1.94092	-0.70555	0.48517	-3.14936	0.13457	0.99845	0.05494	-0.00847	-0.05504	0.99841	-0.01231	0.00778	0.01276	0.99989	
25	0.12500	55.51803	-28.39143	0.05788	1.02016	0.05776	1.10805	1.09708	0.99981	-0.01934	-0.00101	0.01935	0.99965	0.01780	0.00066	-0.01782	0.99984		32.23272	-63.86767	-1.99317	-0.73010	0.48998	-3.14930	0.14678	0.99845	0.05494	-0.00855	-0.05504	0.99840	-0.01274	0.00784	0.01319	0.99988	
26	0.13000	55.54471	-28.27479	0.03116	1.06508	0.05800	1.11080	1.09134	0.99981	-0.01939	-0.00101	0.01940	0.99964	0.01859	0.00065	-0.01860	0.99983		32.19843	-63.91249	-2.04526	-0.75408	0.49409	-3.15002	0.14329	0.99845	0.05495	-0.00862	-0.05506	0.99840	-0.01316	0.00789	0.01361	0.99988	
27	0.13500	55.50908	-28.17270	-0.00902	1.11430	0.05440	1.11270	1.10998	0.99981	-0.01942	-0.00095	0.01943	0.99962	0.01945	0.00057	-0.01946	0.99981		32.18986	-63.94224	-2.11493	-0.77300	0.49914	-3.14920	0.15495	0.99845	0.05493	-0.00871	-0.05505	0.99839	-0.01349	0.00796	0.01395	0.99987	
28	0.14000	55.52635	-28.11178	-0.03585	1.15687	0.05692	1.11298	1.11478	0.99981	-0.01942	-0.00099	0.01944	0.99961	0.02019	0.00060	-0.02021	0.99980		32.19760	-64.00668	-2.18835	-0.79802	0.50016	-3.14936	0.14549	0.99845	0.05494	-0.00873	-0.05506	0.99839	-0.01393	0.00795	0.01439	0.99986	
29	0.14500	55.58009	-27.99725	-0.09598	1.20251	0.04773	1.11318	1.12529	0.99981	-0.01943	-0.00083	0.01944	0.99959	0.02099	0.00043	-0.02100	0.99978		32.19835	-64.06660	-2.25678	-0.82459	0.49858	-3.14632	0.14278	0.99845	0.05488	-0.00870	-0.05501	0.99838	-0.01439	0.00790	0.01485	0.99986	
30	0.15000	55.49782	-27.89748	-0.10092	1.24943	0.05856	1.11794	1.13318	0.99981	-0.01951	-0.00102	0.01953	0.99957	0.02180	0.00060	-0.02182	0.99976		32.16124	-64.08720	-2.30971	-0.83951	0.50490	-3.14829	0.15795	0.99845	0.05492	-0.00881	-0.05504	0.99838	-0.01465	0.00799	0.01511	0.99985	
31	0.15500	55.47945	-27.81343	-0.12774	1.29186	0.05876	1.11904	1.14432	0.99981	-0.01953	-0.00103	0.01955	0.99955	0.02255	0.00058	-0.02256	0.99975		32.19591	-64.15492	-2.36643	-0.86027	0.50094	-3.14769	0.14962	0.99845	0.05491	-0.00874	-0.05503	0.99837	-0.01501	0.00790	0.01547	0.99985	
32	0.16000	55.50104	-27.72548	-0.18278	1.33261	0.05144	1.12050	1.14497	0.99981	-0.01956	-0.00090	0.01957	0.99954	0.02326	0.00044	-0.02327	0.99973		32.15527	-64.16486	-2.42321	-0.87825	0.50666	-3.14830	0.15265	0.99845	0.05492	-0.00884	-0.05505	0.99837	-0.01533	0.00799	0.01579	0.99984	
33	0.16500	55.50671	-27.66765	-0.19952	1.37032	0.05248	1.12174	1.14782	0.99981	-0.01958	-0.00092	0.01959	0.99952	0.02391	0.00045	-0.02393	0.99971		32.17091	-64.21739	-2.47610	-0.89518	0.50715	-3.14941	0.16645	0.99845	0.05494	-0.00885	-0.05507	0.99836	-0.01562	0.00798	0.01609	0.99984	
34	0.17000	55.47046	-27.61648	-0.23206	1.40528	0.05955	1.12702	1.14995	0.99981	-0.01967	-0.00104	0.01969	0.99951	0.02452	0.00056	-0.02454	0.99970		32.17273	-64.26106	-2.53324	-0.91332	0.50900	-3.15275	0.16826	0.99845	0.05500	-0.00888	-0.05513	0.99835	-0.01594	0.00799	0.01640	0.99983	
35	0.17500	55.43089	-27.52427	-0.24941	1.44348	0.05989	1.12790	1.15544	0.99981	-0.01968	-0.00105	0.01970	0.99949	0.02519	0.00055	-0.02521	0.99968		32.14587	-64.26364	-2.59027	-0.92776	0.51099	-3.15069	0.16204	0.99845	0.05496	-0.00892	-0.05510	0.99835	-0.01619	0.00801	0.01666	0.99983	
36	0.18000	55.39038	-27.40917	-0.25747	1.48959	0.05985	1.11178	1.12825	0.99981	-0.01940	-0.00104	0.01942	0.99947	0.02600	0.00054	-0.02601	0.99966		32.13950	-64.29709	-2.62216	-0.94275	0.51210	-3.15043	0.15985	0.99845	0.05496	-0.00894	-0.05510	0.99835	-0.01645	0.00802	0.01692	0.99982	
37	0.18500	55.38795	-27.34157	-0.25963	1.52461	0.05928	1.11377	1.12359	0.99981	-0.01944	-0.00103	0.01946	0.99946	0.02661	0.00052	-0.02662	0.99965		32.13576	-64.33543	-2.68318	-0.95810	0.50985	-3.15009	0.16458	0.99845	0.05495	-0.00890	-0.05509	0.99834	-0.01672	0.00796	0.01718	0.99982	
38	0.19000	55.40467	-27.26044	-0.27682	1.56179	0.06028	1.11083	1.12868	0.99981	-0.01939	-0.00105	0.01941	0.99944	0.02725	0.00052	-0.02727	0.99963		32.12797	-64.33829	-2.73670	-0.96892	0.51390	-3.14748	0.16184	0.99845	0.05490	-0.00897	-0.05505	0.99834	-0.01691	0.00803	0.01738	0.99982	
39	0.19500	55.37328	-27.19495	-0.29334	1.59450	0.06675	1.11803	1.12840	0.99981	-0.01951	-0.00117	0.01954	0.99942	0.02783	0.00062	-0.02784	0.99961		32.13327	-64.37715	-2.76471	-0.98204	0.51385	-3.14584	0.15262	0.99845	0.05488	-0.00897	-0.05502	0.99834	-0.01714	0.00801	0.01761	0.99981	
40	0.20000	55.33664	-27.16538	-0.31636	1.62059	0.06664	1.11261	1.12293	0.99981	-0.01942	-0.00116	0.01944	0.99941	0.02828	0.00061	-0.02830	0.99960		32.12366	-64.38937	-2.81348	-0.99268	0.51073	-3.14476	0.15432	0.99845	0.05486	-0.00891	-0.05500	0.99834	-0.01732	0.00795	0.01779	0.99981	
41	0.20500	55.36711	-27.09011	-0.34217	1.65256	0.06231	1.11673	1.13183	0.99981	-0.01949	-0.00109	0.01951	0.99939	0.02884	0.00052	-0.02885	0.99958		32.14798	-64.40877	-2.85085	-1.00369	0.51403	-3.14631	0.16277	0.99845	0.05488	-0.00897	-0.05503	0.99833	-0.01752	0.00800	0.01798	0.99981	
42	0.21000	55.37777	-27.03507	-0.33938	1.68187	0.06349	1.11870	1.14067	0.99981	-0.01952	-0.00111	0.01955	0.99938	0.02935	0.00053	-0.02937	0.99957		32.11456	-64.42010	-2.88730	-1.00969	0.51542	-3.14583	0.16497	0.99845	0.05488	-0.00900	-0.05503	0.99833	-0.01762	0.00801	0.01809	0.99980	
43	0.21500	55.39181	-26.99730	-0.36410	1.70340	0.06344	1.12078	1.14969	0.99981	-0.01956	-0.00111	0.01958	0.99937	0.02973	0.00053	-0.02974	0.99956		32.09266	-64.44006	-2.93223	-1.01858	0.51673	-3.14583	0.16710	0.99845	0.05488	-0.00902	-0.05503	0.99833	-0.01778	0.00803	0.01824	0.99980	
44	0.22000	55.38943	-26.96465	-0.36726	1.72356	0.06712	1.12269	1.14285	0.99981	-0.01959	-0.00117	0.01962	0.99935	0.03008	0.00058	-0.03009	0.99955		32.10810	-64.43551	-2.96539	-1.02387	0.51459	-3.14683	0.16549	0.99845	0.05489	-0.00898	-0.05505	0.99832	-0.01787	0.00799	0.01833	0.99980	
45	0.22500	55.39116	-26.92560	-0.38259	1.74867	0.06614	1.11973	1.15483	0.99981	-0.01954	-0.00115	0.01957	0.99934	0.03052	0.00056	-0.03053	0.99953		32.09679	-64.43922	-2.99849	-1.02714	0.51287	-3.14906	0.16421	0.99845	0.05493	-0.00895	-0.05509	0.99832	-0.01793	0.00795	0.01839	0.99980	
46	0.23000	55.39257	-26.89057	-0.38306	1.76391	0.06950	1.12419	1.15109	0.99981	-0.01962	-0.00121	0.01965	0.99933	0.03078	0.00061	-0.03080	0.99953		32.08387	-64.44106	-3.02341	-1.02870	0.51361	-3.14728	0.16229	0.99845	0.05490	-0.00896	-0.05505	0.99832	-0.01795	0.00796	0.01842	0.99980	
47	0.23500	55.37667	-26.87974	-0.40731	1.78285	0.07115	1.12612	1.14058	0.99981	-0.01965	-0.00124	0.01968	0.99932	0.03111	0.00063	-0.03113	0.99952		32.11090	-64.45129	-3.04423	-1.03285	0.51268	-3.14609	0.15801	0.99845	0.05488	-0.00895	-0.05503	0.99832	-0.01802	0.00794	0.01849	0.99980	
48	0.24000	55.38514	-26.84873	-0.41188	1.79740	0.07146	1.12407	1.14724	0.99981	-0.01962	-0.00125	0.01965	0.99931	0.03137	0.00063	-0.03138	0.99951		32.08470	-64.45030	-3.08583	-1.03411	0.51164	-3.14712	0.15432	0.99845	0.05490	-0.00893	-0.05505	0.99832	-0.01805	0.00792	0.01851	0.99980	
49	0.24500	55.36154	-26.83215	-0.39998	1.81097	0.07458	1.12562	1.14988	0.99981	-0.01964	-0.00130	0.01968	0.99931	0.03160	0.00068	-0.03162	0.99950		32.11289	-64.45490	-3.09434	-1.03496	0.50993	-3.14393	0.15616	0.99846	0.05484	-0.00890	-0.05500	0.99832	-0.01806	0.00789	0.01852	0.99980	
50	0.25000	55.36561	-26.80572	-0.41190	1.82696	0.07192	1.12578	1.16251	0.99981	-0.01965	-0.00126	0.01968	0.99930	0.03188	0.00063	-0.03190	0.99949		32.08039	-64.45524	-3.12723	-1.03576	0.50764	-3.14222	0.14458	0.99846	0.05481	-0.00886	-0.05497	0.99832	-0.01808	0.00785	0.01853	0.99980	
51	0.25500	55.35724	-26.79002	-0.40981	1.83712	0.07455	1.13409	1.16956	0.99980	-0.01979	-0.00130	0.01982	0.99929	0.03206	0.00067	-0.03208	0.99949		32.04484	-64.43550	-3.15282	-1.03124	0.51088	-3.14407	0.15702	0.99846	0.05484	-0.00892	-0.05500	0.99832	-0.01800	0.00791	0.01846	0.99980	
52	0.26000	55.40532	-26.77821	-0.42558	1.84267	0.07118	1.13052	1.16111	0.99980	-0.01973	-0.00124	0.01976	0.99929	0.03216	0.00061	-0.03217	0.99948		32.06762	-64.43991	-3.16605	-1.02787	0.50945	-3.14321	0.16122	0.99846	0.05483	-0.00889	-0.05498	0.99833	-0.01794	0.00789	0.01840	0.99980	
53	0.26500	55.36989	-26.76441	-0.41617	1.84913	0.07594	1.13266	1.16824	0.99980	-0.01977	-0.00133	0.01980	0.99928	0.03227	0.00069	-0.03229	0.99948		32.06238	-64.41044	-3.17483	-1.02283	0.50364	-3.14839	0.16089	0.99845	0.05492	-0.00879	-0.05507	0.99832	-0.01785	0.00779	0.01831	0.99980	
54	0.27000	55.33983	-26.76040	-0.39917	1.85157	0.08117	1.12677	1.14820	0.99981	-0.01966	-0.00142	0.01970	0.99928	0.03231	0.00078	-0.03233	0.99948		32.04005	-64.39378	-3.18837	-1.01386	0.50488	-3.14624	0.15598	0.99845	0.05488	-0.00881	-0.05503	0.99833	-0.01769	0.00783	0.01815	0.99980	
55	0.27500	55.35077	-26.77352	-0.40276	1.85255	0.07912	1.13022	1.15312	0.99980	-0.01972	-0.00138	0.01976	0.99928	0.03233	0.00074	-0.03235	0.99948		32.08489	-64.38866	-3.21017	-1.00855	0.49828	-3.14530	0.15661	0.99846	0.05487	-0.00870	-0.05501	0.99833	-0.01760	0.00772	0.01805	0.99981	
56	0.28000	55.34481	-26.77736	-0.38272	1.85126	0.08102	1.13084	1.15392	0.99980	-0.01974	-0.00141	0.01977	0.99928	0.03230	0.00078	-0.03233	0.99948		32.04816	-64.33932	-3.22369	-0.99858	0.49943	-3.15071	0.16611	0.99845	0.05496	-0.00872	-0.05511	0.99833	-0.01743	0.00774	0.01788	0.99981	
57	0.28500	55.32978	-26.79047	-0.36134	1.84675	0.08491	1.13689	1.15158	0.99980	-0.01984	-0.00148	0.01988	0.99928	0.03223	0.00084	-0.03225	0.99948		32.05975	-64.34561	-3.22871	-0.98998	0.49411	-3.14355	0.14842	0.99846	0.05484	-0.00862	-0.05498	0.99834	-0.01728	0.00766	0.01772	0.99981	
58	0.29000	55.32767	-26.79313	-0.34170	1.84226	0.08791	1.13597	1.15729	0.99980	-0.01983	-0.00153	0.01986	0.99929	0.03215	0.00090	-0.03217	0.99948		32.04617	-64.30610	-3.23030	-0.97659	0.49601	-3.14536	0.15769	0.99846	0.05487	-0.00866	-0.05501	0.99834	-0.01704	0.00771	0.01749	0.99982	
59	0.29500	55.35124	-26.81008	-0.33254	1.83402	0.08648	1.13673	1.16947	0.99980	-0.01984	-0.00151	0.01988	0.99929	0.03200	0.00087	-0.03203	0.99949		32.04396	-64.28753	-3.23602	-0.96409	0.49434	-3.14376	0.14903	0.99846	0.05484	-0.00863	-0.05498	0.99835	-0.01683	0.00769	0.01727	0.99982	
60	0.30000	55.35990	-26.85672	-0.30876	1.82267	0.08727	1.13547	1.17488	0.99980	-0.01982	-0.00152	0.01985	0.99930	0.03181	0.00089	-0.03183	0.99949		32.02864	-64.25502	-3.25851	-0.94945	0.49362	-3.15032	0.15580	0.99845	0.05495	-0.00862	-0.05509	0.99834	-0.01657	0.00769	0.01702	0.99983	
61	0.30500	55.33752	-26.86891	-0.29892	1.81146	0.08560	1.13203	1.16957	0.99980	-0.01976	-0.00149	0.01979	0.99930	0.03161	0.00087	-0.03163	0.99950		32.01446	-64.19387	-3.25303	-0.92990	0.49715	-3.15094	0.14482	0.99845	0.05496	-0.00868	-0.05510	0.99835	-0.01623	0.00777	0.01668	0.99983	
62	0.31000	55.37450	-26.89553	-0.27563	1.79584	0.08769	1.13736	1.16048	0.99980	-0.01985	-0.00153	0.01989	0.99931	0.03134	0.00091	-0.03136	0.99951		32.00083	-64.15101	-3.23718	-0.91565	0.49161	-3.14796	0.13922	0.99845	0.05491	-0.00858	-0.05504	0.99836	-0.01598	0.00769	0.01643	0.99984	
63	0.31500	55.34030	-26.93550	-0.25811	1.78046	0.08859	1.13645	1.15978	0.99980	-0.01983	-0.00155	0.01987	0.99932	0.03107	0.00093	-0.03109	0.99952		32.00727	-64.12524	-3.24328	-0.89819	0.48959	-3.14771	0.14952	0.99845	0.05491	-0.00854	-0.05504	0.99836	-0.01568	0.00767	0.01612	0.99984	
64	0.32000	55.33727	-26.97347	-0.22886	1.76171	0.09148	1.13717	1.16177	0.99980	-0.01985	-0.00160	0.01989	0.99933	0.03074	0.00099	-0.03077	0.99953		31.99888	-64.05270	-3.23806	-0.87482	0.49401	-3.15241	0.14401	0.99845	0.05499	-0.00862	-0.05512	0.99836	-0.01527	0.00777	0.01572	0.99985	
65	0.32500	55.33390	-27.01870	-0.21418	1.74248	0.08822	1.13212	1.16730	0.99980	-0.01976	-0.00154	0.01980	0.99934	0.03041	0.00094	-0.03043	0.99954		31.98708	-64.00324	-3.24886	-0.85228	0.49120	-3.15282	0.13622	0.99845	0.05500	-0.00857	-0.05512	0.99837	-0.01487	0.00774	0.01532	0.99985	
66	0.33000	55.33155	-27.05105	-0.17873	1.72052	0.09024	1.13322	1.14932	0.99980	-0.01978	-0.00157	0.01982	0.99935	0.03002	0.00098	-0.03005	0.99955		31.99533	-63.97964	-3.23825	-0.83330	0.48849	-3.15602	0.13293	0.99845	0.05505	-0.00853	-0.05517	0.99837	-0.01454	0.00771	0.01499	0.99986	
67	0.33500	55.35663	-27.09480	-0.13073	1.69747	0.08989	1.12896	1.13774	0.99980	-0.01970	-0.00157	0.01974	0.99937	0.02962	0.00098	-0.02965	0.99956		32.01444	-63.87374	-3.24665	-0.80540	0.48951	-3.16143	0.13399	0.99844	0.05515	-0.00854	-0.05526	0.99837	-0.01406	0.00775	0.01451	0.99986	
68	0.34000	55.34556	-27.14210	-0.12199	1.67257	0.08727	1.13031	1.15933	0.99980	-0.01973	-0.00152	0.01976	0.99938	0.02919	0.00095	-0.02921	0.99957		32.02302	-63.83437	-3.22364	-0.78356	0.48905	-3.16254	0.15066	0.99844	0.05517	-0.00854	-0.05528	0.99838	-0.01367	0.00777	0.01413	0.99987	
69	0.34500	55.38982	-27.19731	-0.08073	1.64402	0.08451	1.13696	1.15697	0.99980	-0.01984	-0.00147	0.01988	0.99939	0.02869	0.00090	-0.02871	0.99959		32.02222	-63.80303	-3.20016	-0.76477	0.48890	-3.16180	0.15349	0.99844	0.05515	-0.00853	-0.05526	0.99838	-0.01335	0.00778	0.01380	0.99987	
70	0.35000	55.36653	-27.26458	-0.06530	1.61263	0.08235	1.13386	1.15526	0.99980	-0.01979	-0.00144	0.01982	0.99941	0.02814	0.00088	-0.02816	0.99960		32.05316	-63.75653	-3.17320	-0.74302	0.48096	-3.16066	0.13916	0.99844	0.05513	-0.00839	-0.05524	0.99839	-0.01297	0.00767	0.01341	0.99988	
71	0.35500	55.36466	-27.33036	-0.03640	1.57906	0.08761	1.13560	1.14749	0.99980	-0.01982	-0.00153	0.01985	0.99942	0.02756	0.00098	-0.02758	0.99962		32.03691	-63.70365	-3.16688	-0.72044	0.48175	-3.16025	0.14860	0.99844	0.05513	-0.00841	-0.05523	0.99839	-0.01257	0.00770	0.01302	0.99989	
72	0.36000	55.34228	-27.40159	-0.00317	1.54627	0.09023	1.12836	1.14475	0.99980	-0.01969	-0.00157	0.01973	0.99944	0.02698	0.00104	-0.02701	0.99963		32.03081	-63.65075	-3.14379	-0.69798	0.48028	-3.16072	0.14448	0.99844	0.05514	-0.00838	-0.05523	0.99840	-0.01218	0.00770	0.01263	0.99989	
73	0.36500	55.31634	-27.47090	0.04551	1.50983	0.09009	1.13296	1.15165	0.99980	-0.01977	-0.00157	0.01981	0.99946	0.02635	0.00105	-0.02637	0.99965		32.05833	-63.61631	-3.12538	-0.67213	0.47661	-3.15924	0.14755	0.99845	0.05511	-0.00832	-0.05520	0.99841	-0.01173	0.00766	0.01217	0.99990	
74	0.37000	55.35135	-27.55532	0.06973	1.47185	0.08944	1.13240	1.12762	0.99980	-0.01976	-0.00156	0.01980	0.99947	0.02569	0.00105	-0.02571	0.99967		32.05865	-63.54626	-3.09397	-0.64706	0.47159	-3.16756	0.16150	0.99844	0.05525	-0.00823	-0.05535	0.99840	-0.01129	0.00759	0.01173	0.99990	
75	0.37500	55.41767	-27.69748	0.07847	1.42157	0.08753	1.15242	1.17810	0.99980	-0.02011	-0.00153	0.02014	0.99949	0.02481	0.00103	-0.02483	0.99969		32.06123	-63.50724	-3.05797	-0.62385	0.46723	-3.16230	0.15190	0.99844	0.05516	-0.00815	-0.05525	0.99841	-0.01089	0.00754	0.01132	0.99991	
76	0.38000	55.39634	-27.76604	0.12398	1.38063	0.09408	1.15236	1.17842	0.99980	-0.02011	-0.00164	0.02014	0.99951	0.02409	0.00116	-0.02412	0.99971		32.13717	-63.44913	-3.04446	-0.59682	0.45785	-3.16210	0.14527	0.99845	0.05516	-0.00799	-0.05524	0.99842	-0.01042	0.00740	0.01084	0.99991	
77	0.38500	55.37888	-27.84235	0.14688	1.34303	0.09377	1.14760	1.17943	0.99980	-0.02003	-0.00164	0.02006	0.99952	0.02344	0.00117	-0.02347	0.99972		32.08214	-63.37665	-3.00841	-0.56909	0.46017	-3.16317	0.14478	0.99844	0.05518	-0.00803	-0.05526	0.99842	-0.00993	0.00747	0.01036	0.99992	
78	0.39000	55.43903	-27.92224	0.19925	1.30054	0.08649	1.14644	1.16193	0.99980	-0.02001	-0.00151	0.02004	0.99954	0.02270	0.00105	-0.02272	0.99974		32.10669	-63.31942	-2.97740	-0.54134	0.45526	-3.16459	0.14983	0.99844	0.05520	-0.00795	-0.05528	0.99843	-0.00945	0.00741	0.00987	0.99992	
79	0.39500	55.44228	-27.97910	0.25196	1.26096	0.08386	1.14299	1.16605	0.99980	-0.01995	-0.00146	0.01998	0.99956	0.02201	0.00102	-0.02203	0.99976		32.11166	-63.26944	-2.93755	-0.51512	0.45511	-3.16464	0.14156	0.99844	0.05520	-0.00794	-0.05527	0.99843	-0.00899	0.00743	0.00942	0.99993	
80	0.40000	55.42291	-28.09568	0.28969	1.21357	0.08440	1.14501	1.15008	0.99980	-0.01998	-0.00147	0.02001	0.99958	0.02118	0.00105	-0.02120	0.99977		32.12669	-63.18661	-2.92332	-0.48395	0.44800	-3.16795	0.15263	0.99844	0.05526	-0.00782	-0.05533	0.99843	-0.00845	0.00734	0.00887	0.99993	
81	0.40500	55.42835	-28.19565	0.33385	1.16422	0.08511	1.14468	1.15217	0.99980	-0.01998	-0.00149	0.02000	0.99959	0.02032	0.00108	-0.02034	0.99979		32.13779	-63.11865	-2.88369	-0.45574	0.44666	-3.16645	0.14513	0.99844	0.05524	-0.00780	-0.05530	0.99844	-0.00795	0.00734	0.00837	0.99994	
82	0.41000	55.43233	-28.28127	0.37912	1.11939	0.08721	1.14280	1.14084	0.99980	-0.01994	-0.00152	0.01997	0.99961	0.01954	0.00113	-0.01956	0.99981		32.12800	-63.06789	-2.86026	-0.42889	0.44241	-3.16629	0.13443	0.99844	0.05523	-0.00772	-0.05529	0.99844	-0.00749	0.00730	0.00790	0.99994	
83	0.41500	55.44665	-28.37212	0.40382	1.07219	0.08351	1.13820	1.12761	0.99980	-0.01986	-0.00146	0.01989	0.99963	0.01871	0.00109	-0.01874	0.99982		32.07744	-62.98744	-2.82867	-0.39806	0.44567	-3.16937	0.14281	0.99844	0.05529	-0.00778	-0.05534	0.99844	-0.00695	0.00738	0.00737	0.99995	
84	0.42000	55.43957	-28.48627	0.46655	1.01991	0.08302	1.13946	1.12998	0.99980	-0.01989	-0.00145	0.01991	0.99964	0.01780	0.00109	-0.01783	0.99984		32.12212	-62.91301	-2.78542	-0.36699	0.44340	-3.16642	0.12632	0.99844	0.05523	-0.00774	-0.05528	0.99845	-0.00640	0.00737	0.00682	0.99995	
85	0.42500	55.43233	-28.61079	0.50315	0.97082	0.08495	1.13888	1.12616	0.99980	-0.01988	-0.00148	0.01990	0.99966	0.01694	0.00115	-0.01697	0.99986		32.13077	-62.85349	-2.76228	-0.33776	0.43972	-3.16853	0.13343	0.99844	0.05527	-0.00767	-0.05532	0.99845	-0.00589	0.00734	0.00631	0.99995	
86	0.43000	55.50250	-28.73735	0.51230	0.91134	0.08120	1.15538	1.15150	0.99980	-0.02016	-0.00142	0.02018	0.99967	0.01591	0.00110	-0.01593	0.99987		32.14027	-62.76435	-2.74864	-0.30323	0.44063	-3.17696	0.14541	0.99843	0.05542	-0.00769	-0.05546	0.99845	-0.00529	0.00739	0.00571	0.99996	
87	0.43500	55.49310	-28.84373	0.56506	0.86395	0.08317	1.15621	1.15848	0.99980	-0.02018	-0.00145	0.02020	0.99968	0.01508	0.00115	-0.01510	0.99989		32.14411	-62.68743	-2.68762	-0.27290	0.44111	-3.17931	0.14711	0.99843	0.05546	-0.00770	-0.05550	0.99845	-0.00476	0.00742	0.00518	0.99996	
88	0.44000	55.47329	-28.93740	0.61018	0.81695	0.08053	1.15671	1.16714	0.99980	-0.02019	-0.00141	0.02021	0.99969	0.01426	0.00112	-0.01428	0.99990		32.13644	-62.62234	-2.63862	-0.24695	0.43722	-3.18314	0.14340	0.99843	0.05553	-0.00763	-0.05556	0.99845	-0.00431	0.00738	0.00473	0.99996	
89	0.44500	55.54424	-29.01764	0.64835	0.76812	0.07762	1.16309	1.17351	0.99979	-0.02030	-0.00135	0.02031	0.99970	0.01341	0.00108	-0.01343	0.99991		32.17895	-62.55828	-2.60313	-0.21865	0.43078	-3.18208	0.15201	0.99843	0.05551	-0.00752	-0.05554	0.99845	-0.00382	0.00729	0.00423	0.99996	
90	0.45000	55.54122	-29.13966	0.71122	0.71436	0.07571	1.16502	1.17047	0.99979	-0.02033	-0.00132	0.02035	0.99972	0.01247	0.00107	-0.01249	0.99992		32.16315	-62.47661	-2.56284	-0.18955	0.43125	-3.18420	0.15100	0.99843	0.05554	-0.00753	-0.05557	0.99845	-0.00331	0.00733	0.00372	0.99997	
91	0.45500	55.51237	-29.28168	0.75434	0.65982	0.07615	1.16012	1.15872	0.99979	-0.02025	-0.00133	0.02026	0.99973	0.01152	0.00110	-0.01154	0.99993		32.20515	-62.40528	-2.54434	-0.15827	0.42704	-3.18844	0.14407	0.99842	0.05562	-0.00745	-0.05564	0.99845	-0.00276	0.00729	0.00317	0.99997	
92	0.46000	55.49268	-29.36742	0.78138	0.60899	0.08064	1.16288	1.16125	0.99979	-0.02029	-0.00141	0.02031	0.99974	0.01063	0.00119	-0.01066	0.99994		32.18839	-62.33015	-2.49090	-0.13072	0.42790	-3.18428	0.14615	0.99843	0.05555	-0.00747	-0.05556	0.99845	-0.00228	0.00733	0.00269	0.99997	
93	0.46500	55.51776	-29.48813	0.82313	0.55594	0.07680	1.16088	1.15958	0.99979	-0.02026	-0.00134	0.02027	0.99975	0.00970	0.00114	-0.00973	0.99995		32.21202	-62.28247	-2.43361	-0.10724	0.42388	-3.18576	0.14662	0.99843	0.05557	-0.00740	-0.05559	0.99845	-0.00187	0.00728	0.00228	0.99997	
94	0.47000	55.50793	-29.58568	0.86508	0.50943	0.07679	1.16263	1.15089	0.99979	-0.02029	-0.00134	0.02030	0.99975	0.00889	0.00116	-0.00892	0.99996		32.18609	-62.23985	-2.39660	-0.07998	0.42310	-3.18567	0.14799	0.99843	0.05557	-0.00738	-0.05558	0.99845	-0.00140	0.00730	0.00180	0.99997	
95	0.47500	55.49560	-29.72015	0.88794	0.45213	0.08250	1.17324	1.16161	0.99979	-0.02048	-0.00144	0.02049	0.99976	0.00789	0.00128	-0.00792	0.99997		32.21656	-62.13215	-2.36084	-0.04981	0.42103	-3.18954	0.16228	0.99842	0.05564	-0.00735	-0.05565	0.99845	-0.00087	0.00729	0.00128	0.99997	
96	0.48000	55.53296	-29.84683	0.92681	0.39929	0.07340	1.18541	1.18792	0.99979	-0.02069	-0.00128	0.02070	0.99976	0.00697	0.00114	-0.00699	0.99997		32.27306	-62.09556	-2.29487	-0.02737	0.40908	-3.18351	0.13770	0.99843	0.05553	-0.00714	-0.05554	0.99846	-0.00048	0.00710	0.00087	0.99997	
97	0.48500	55.58360	-29.95660	0.98973	0.35024	0.06410	1.18767	1.18335	0.99978	-0.02073	-0.00112	0.02073	0.99977	0.00611	0.00099	-0.00613	0.99998		32.27691	-62.04638	-2.24151	-0.00412	0.41227	-3.18166	0.13848	0.99843	0.05550	-0.00720	-0.05550	0.99846	-0.00007	0.00718	0.00047	0.99997	
98	0.49000	55.61790	-30.07150	1.03557	0.30003	0.05828	1.19017	1.18645	0.99978	-0.02077	-0.00102	0.02078	0.99977	0.00524	0.00091	-0.00526	0.99999		32.25659	-61.95064	-2.21301	0.02359	0.40989	-3.18579	0.14101	0.99843	0.05557	-0.00715	-0.05557	0.99845	0.00041	0.00717	-0.00001	0.99997	
99	0.49500	55.58832	-30.17521	1.08367	0.25409	0.05832	1.18386	1.18033	0.99979	-0.02066	-0.00102	0.02067	0.99978	0.00443	0.00093	-0.00445	0.99999		32.29142	-61.89139	-2.15151	0.05085	0.40535	-3.18488	0.13879	0.99843	0.05556	-0.00707	-0.05555	0.99846	0.00089	0.00711	-0.00049	0.99997	
100	0.50000	55.59862	-30.27331	1.10202	0.20859	0.05590	1.18475	1.15960	0.99979	-0.02068	-0.00098	0.02068	0.99978	0.00364	0.00090	-0.00366	0.99999		32.29681	-61.81419	-2.11058	0.07789	0.40350	-3.18905	0.13419	0.99843	0.05563	-0.00704	-0.05562	0.99845	0.00136	0.00711	-0.00097	0.99997	
101	0.50500	55.55131	-30.37506	1.16317	0.16102	0.05983	1.18780	1.15642	0.99978	-0.02073	-0.00104	0.02073	0.99978	0.00281	0.00099	-0.00283	1.00000		32.25322	-61.74991	-2.06428	0.09887	0.39945	-3.18917	0.13017	0.99843	0.05563	-0.00697	-0.05562	0.99845	0.00173	0.00706	-0.00134	0.99997	
102	0.51000	55.57441	-30.48504	1.19051	0.11680	0.05009	1.18645	1.16865	0.99979	-0.02071	-0.00087	0.02071	0.99978	0.00204	0.00083	-0.00206	1.00000		32.28700	-61.68849	-2.01590	0.12435	0.40291	-3.18938	0.13111	0.99843	0.05564	-0.00703	-0.05562	0.99845	0.00217	0.00714	-0.00178	0.99997	
103	0.51500	55.59536	-30.61135	1.23405	0.06667	0.04886	1.18101	1.15289	0.99979	-0.02061	-0.00085	0.02061	0.99979	0.00116	0.00083	-0.00118	1.00000		32.32190	-61.63924	-1.98727	0.14396	0.39742	-3.19187	0.14132	0.99842	0.05568	-0.00694	-0.05566	0.99845	0.00251	0.00707	-0.00212	0.99997	
104	0.52000	55.61904	-30.73308	1.26927	0.02056	0.04390	1.18238	1.15771	0.99979	-0.02063	-0.00077	0.02064	0.99979	0.00036	0.00076	-0.00037	1.00000		32.28632	-61.55667	-1.95012	0.17087	0.39798	-3.19446	0.12811	0.99842	0.05572	-0.00695	-0.05570	0.99844	0.00298	0.00710	-0.00259	0.99997	
105	0.52500	55.58450	-30.81978	1.29133	-0.02245	0.04625	1.18650	1.16070	0.99979	-0.02071	-0.00081	0.02071	0.99979	-0.00039	0.00082	0.00037	1.00000		32.31334	-61.52748	-1.89206	0.18801	0.39388	-3.19490	0.13197	0.99842	0.05573	-0.00687	-0.05571	0.99844	0.00328	0.00705	-0.00289	0.99997	
106	0.53000	55.65047	-30.94994	1.29471	-0.06951	0.03998	1.20504	1.20000	0.99978	-0.02103	-0.00070	0.02103	0.99978	-0.00121	0.00072	0.00120	1.00000		32.29470	-61.43758	-1.88846	0.21560	0.39309	-3.19142	0.11778	0.99843	0.05567	-0.00686	-0.05565	0.99844	0.00376	0.00706	-0.00338	0.99997	
107	0.53500	55.67594	-31.02459	1.32142	-0.10534	0.04145	1.20301	1.18812	0.99978	-0.02099	-0.00072	0.02099	0.99978	-0.00184	0.00076	0.00182	1.00000		32.30750	-61.37572	-1.83881	0.23286	0.39127	-3.19291	0.12452	0.99842	0.05570	-0.00683	-0.05567	0.99844	0.00406	0.00704	-0.00368	0.99997	
108	0.54000	55.69097	-31.14482	1.36126	-0.14899	0.03270	1.20316	1.21116	0.99978	-0.02100	-0.00057	0.02100	0.99978	-0.00260	0.00063	0.00259	1.00000		32.30566	-61.33145	-1.78461	0.25239	0.39146	-3.18952	0.11715	0.99843	0.05564	-0.00683	-0.05561	0.99844	0.00440	0.00707	-0.00402	0.99997	
109	0.54500	55.65176	-31.25146	1.40817	-0.19023	0.03599	1.19942	1.18080	0.99978	-0.02093	-0.00063	0.02093	0.99978	-0.00332	0.00070	0.00331	0.99999		32.28520	-61.28087	-1.75078	0.27057	0.38696	-3.19084	0.12242	0.99843	0.05566	-0.00675	-0.05563	0.99844	0.00472	0.00701	-0.00434	0.99997	
110	0.55000	55.67523	-31.33992	1.43784	-0.22718	0.03042	1.20319	1.18526	0.99978	-0.02100	-0.00053	0.02100	0.99977	-0.00396	0.00061	0.00395	0.99999		32.30733	-61.23803	-1.68882	0.28595	0.38732	-3.19293	0.11478	0.99842	0.05570	-0.00676	-0.05566	0.99844	0.00499	0.00703	-0.00461	0.99996	
111	0.55500	55.65692	-31.42850	1.46291	-0.26435	0.02827	1.20294	1.18777	0.99978	-0.02099	-0.00049	0.02099	0.99977	-0.00461	0.00059	0.00460	0.99999		32.31583	-61.18986	-1.66364	0.30294	0.38353	-3.18913	0.11335	0.99843	0.05563	-0.00669	-0.05560	0.99844	0.00529	0.00698	-0.00491	0.99996	
112	0.56000	55.69124	-31.52839	1.49217	-0.30011	0.02083	1.19936	1.18535	0.99978	-0.02093	-0.00036	0.02093	0.99977	-0.00524	0.00047	0.00523	0.99999		32.28154	-61.13988	-1.61749	0.31910	0.38265	-3.19565	0.11512	0.99842	0.05574	-0.00668	-0.05571	0.99843	0.00557	0.00698	-0.00519	0.99996	
113	0.56500	55.70167	-31.59026	1.50318	-0.32926	0.01878	1.20032	1.17528	0.99978	-0.02095	-0.00033	0.02095	0.99976	-0.00575	0.00045	0.00574	0.99998		32.34794	-61.10202	-1.56772	0.33203	0.37558	-3.19520	0.11528	0.99842	0.05574	-0.00656	-0.05570	0.99843	0.00579	0.00687	-0.00542	0.99996	
114	0.57000	55.67315	-31.68961	1.52433	-0.36405	0.01925	1.19844	1.18475	0.99978	-0.02092	-0.00034	0.02091	0.99976	-0.00635	0.00047	0.00635	0.99998		32.30318	-61.05780	-1.53789	0.34776	0.37460	-3.19480	0.12059	0.99842	0.05573	-0.00654	-0.05569	0.99843	0.00607	0.00687	-0.00570	0.99996	
115	0.57500	55.70408	-31.74176	1.55484	-0.39087	0.01282	1.19849	1.18122	0.99978	-0.02092	-0.00022	0.02091	0.99976	-0.00682	0.00037	0.00682	0.99998		32.38801	-61.02997	-1.48414	0.35946	0.36559	-3.19413	0.11570	0.99843	0.05572	-0.00638	-0.05568	0.99843	0.00627	0.00672	-0.00591	0.99996	
116	0.58000	55.69101	-31.82677	1.55761	-0.41911	0.01060	1.19932	1.15400	0.99978	-0.02093	-0.00019	0.02093	0.99975	-0.00731	0.00034	0.00731	0.99997		32.36309	-60.98384	-1.45044	0.37179	0.36576	-3.19399	0.11956	0.99843	0.05572	-0.00638	-0.05567	0.99843	0.00649	0.00674	-0.00612	0.99996	
117	0.58500	55.68599	-31.91252	1.58840	-0.44830	0.00962	1.19453	1.15588	0.99978	-0.02085	-0.00017	0.02084	0.99975	-0.00782	0.00033	0.00782	0.99997		32.35540	-60.95217	-1.43394	0.38326	0.36620	-3.19947	0.12157	0.99842	0.05581	-0.00639	-0.05577	0.99842	0.00669	0.00675	-0.00632	0.99996	
118	0.59000	55.68234	-31.97718	1.62006	-0.47370	0.00845	1.20380	1.16759	0.99978	-0.02101	-0.00015	0.02101	0.99975	-0.00827	0.00032	0.00826	0.99997		32.38822	-60.93471	-1.39195	0.39008	0.36008	-3.19670	0.11511	0.99842	0.05576	-0.00628	-0.05572	0.99842	0.00681	0.00665	-0.00645	0.99996	
119	0.59500	55.69369	-32.05653	1.61698	-0.49730	0.00049	1.20179	1.15030	0.99978	-0.02097	-0.00001	0.02097	0.99974	-0.00868	0.00019	0.00868	0.99996		32.37174	-60.89335	-1.36209	0.40122	0.35859	-3.19965	0.12742	0.99842	0.05581	-0.00626	-0.05577	0.99842	0.00700	0.00664	-0.00664	0.99996	
120	0.60000	55.76621	-32.16572	1.60255	-0.53163	0.00182	1.21517	1.17618	0.99978	-0.02121	-0.00003	0.02121	0.99973	-0.00928	0.00023	0.00928	0.99996		32.38388	-60.86718	-1.32863	0.41106	0.35444	-3.19652	0.12208	0.99843	0.05576	-0.00619	-0.05572	0.99842	0.00717	0.00658	-0.00682	0.99996	
121	0.60500	55.76682	-32.21738	1.62221	-0.55196	-0.00110	1.21524	1.17812	0.99978	-0.02121	0.00002	0.02121	0.99973	-0.00963	0.00019	0.00963	0.99995		32.38106	-60.84469	-1.29450	0.41852	0.34723	-3.20111	0.12953	0.99842	0.05584	-0.00606	-0.05580	0.99842	0.00730	0.00646	-0.00695	0.99995	
122	0.61000	55.75692	-32.27806	1.62867	-0.57117	0.00088	1.21411	1.16824	0.99978	-0.02119	-0.00002	0.02119	0.99973	-0.00997	0.00023	0.00997	0.99995		32.41451	-60.80692	-1.27406	0.42849	0.34607	-3.20039	0.12686	0.99842	0.05583	-0.00604	-0.05578	0.99841	0.00748	0.00645	-0.00713	0.99995	
123	0.61500	55.78456	-32.32242	1.63639	-0.58560	-0.00570	1.22063	1.18729	0.99977	-0.02130	0.00010	0.02130	0.99972	-0.01022	0.00012	0.01022	0.99995		32.39372	-60.83211	-1.23091	0.42933	0.34248	-3.19902	0.12123	0.99842	0.05580	-0.00598	-0.05576	0.99842	0.00749	0.00639	-0.00715	0.99995	
124	0.62000	55.76333	-32.36762	1.65867	-0.60270	-0.00342	1.21994	1.17218	0.99977	-0.02129	0.00006	0.02129	0.99972	-0.01052	0.00016	0.01052	0.99994		32.41158	-60.78936	-1.21494	0.43735	0.34313	-3.20240	0.12282	0.99842	0.05586	-0.00599	-0.05582	0.99841	0.00763	0.00641	-0.00729	0.99995	
125	0.62500	55.78422	-32.40834	1.65407	-0.61382	-0.00468	1.22273	1.18223	0.99977	-0.02134	0.00008	0.02134	0.99971	-0.01071	0.00015	0.01071	0.99994		32.40801	-60.78044	-1.18888	0.43960	0.33660	-3.20031	0.12432	0.99842	0.05583	-0.00587	-0.05578	0.99841	0.00767	0.00629	-0.00733	0.99995	
126	0.63000	55.79874	-32.42963	1.65684	-0.62615	-0.00871	1.21999	1.15967	0.99977	-0.02129	0.00015	0.02129	0.99971	-0.01093	0.00008	0.01093	0.99994		32.39837	-60.76716	-1.16760	0.44428	0.33353	-3.20278	0.12936	0.99842	0.05587	-0.00582	-0.05582	0.99841	0.00775	0.00625	-0.00742	0.99995	
127	0.63500	55.82723	-32.46605	1.65191	-0.63452	-0.01415	1.22354	1.19457	0.99977	-0.02135	0.00025	0.02135	0.99971	-0.01107	-0.00001	0.01108	0.99994		32.42265	-60.76943	-1.15045	0.44341	0.32807	-3.20218	0.12963	0.99842	0.05586	-0.00573	-0.05581	0.99841	0.00774	0.00615	-0.00741	0.99995	
128	0.64000	55.79960	-32.50027	1.66387	-0.64505	-0.01030	1.22378	1.18992	0.99977	-0.02136	0.00018	0.02136	0.99971	-0.01126	0.00006	0.01126	0.99994		32.42397	-60.78252	-1.11234	0.44444	0.32706	-3.19661	0.12571	0.99843	0.05576	-0.00571	-0.05572	0.99842	0.00776	0.00613	-0.00743	0.99995	
129	0.64500	55.81391	-32.52663	1.65464	-0.65053	-0.01175	1.21809	1.17399	0.99977	-0.02126	0.00021	0.02126	0.99971	-0.01135	0.00004	0.01136	0.99994		32.43630	-60.76969	-1.09111	0.44584	0.32203	-3.19628	0.12149	0.99843	0.05576	-0.00562	-0.05571	0.99842	0.00778	0.00605	-0.00746	0.99995	
130	0.65000	55.80298	-32.54200	1.63842	-0.65545	-0.01656	1.21772	1.17333	0.99977	-0.02125	0.00029	0.02125	0.99971	-0.01144	-0.00005	0.01144	0.99993		32.45764	-60.77240	-1.07382	0.44365	0.31511	-3.19827	0.12457	0.99843	0.05579	-0.00550	-0.05575	0.99841	0.00774	0.00592	-0.00742	0.99995	
131	0.65500	55.79814	-32.56259	1.64720	-0.66036	-0.01288	1.22234	1.17904	0.99977	-0.02133	0.00022	0.02133	0.99971	-0.01153	0.00002	0.01153	0.99993		32.47192	-60.78941	-1.05703	0.44377	0.31114	-3.20271	0.13124	0.99842	0.05587	-0.00543	-0.05583	0.99841	0.00775	0.00585	-0.00743	0.99996	
132	0.66000	55.91211	-32.57316	1.63880	-0.66034	-0.02548	1.22032	1.17965	0.99977	-0.02130	0.00044	0.02130	0.99971	-0.01152	-0.00020	0.01153	0.99993		32.44246	-60.77428	-1.04390	0.44359	0.31140	-3.19988	0.13437	0.99843	0.05582	-0.00543	-0.05578	0.99841	0.00774	0.00586	-0.00743	0.99996	
133	0.66500	55.91554	-32.57208	1.61006	-0.65967	-0.02702	1.22075	1.18507	0.99977	-0.02130	0.00047	0.02131	0.99971	-0.01151	-0.00023	0.01152	0.99993		32.45325	-60.77115	-1.04363	0.44075	0.30721	-3.19834	0.12306	0.99843	0.05579	-0.00536	-0.05575	0.99842	0.00769	0.00578	-0.00738	0.99996	
134	0.67000	55.92215	-32.58204	1.61484	-0.65753	-0.02575	1.22429	1.18827	0.99977	-0.02137	0.00045	0.02137	0.99971	-0.01148	-0.00020	0.01148	0.99993		32.47186	-60.80728	-1.03079	0.43570	0.30516	-3.19815	0.13875	0.99843	0.05579	-0.00533	-0.05575	0.99842	0.00760	0.00574	-0.00730	0.99996	
135	0.67500	55.93285	-32.57557	1.60379	-0.65398	-0.02959	1.21967	1.19627	0.99977	-0.02129	0.00052	0.02129	0.99971	-0.01141	-0.00027	0.01142	0.99993		32.48143	-60.81566	-1.00899	0.42972	0.29681	-3.19774	0.13750	0.99843	0.05578	-0.00518	-0.05574	0.99842	0.00750	0.00559	-0.00720	0.99996	
136	0.68000	55.92817	-32.57396	1.58035	-0.64972	-0.02775	1.21956	1.19219	0.99977	-0.02128	0.00048	0.02129	0.99971	-0.01134	-0.00024	0.01135	0.99994		32.47778	-60.82106	-0.99638	0.42849	0.29770	-3.19763	0.13854	0.99843	0.05578	-0.00520	-0.05574	0.99842	0.00748	0.00560	-0.00718	0.99996	
137	0.68500	55.90910	-32.57311	1.56195	-0.64623	-0.02636	1.22296	1.17503	0.99977	-0.02134	0.00046	0.02135	0.99971	-0.01128	-0.00022	0.01129	0.99994		32.49326	-60.85421	-0.98346	0.41993	0.29710	-3.19895	0.13145	0.99843	0.05580	-0.00519	-0.05576	0.99842	0.00733	0.00559	-0.00703	0.99996	
138	0.69000	55.92308	-32.54879	1.53807	-0.63542	-0.02954	1.21848	1.18464	0.99977	-0.02126	0.00052	0.02127	0.99971	-0.01109	-0.00028	0.01110	0.99994		32.50750	-60.89088	-0.96595	0.40543	0.28847	-3.19654	0.13754	0.99843	0.05576	-0.00503	-0.05572	0.99842	0.00708	0.00542	-0.00678	0.99996	
