NO_OF_FRAMES	12036
NO_OF_CAMERAS	8
NO_OF_BODIES	2
FREQUENCY	200
NO_OF_ANALOG	0
ANALOG_FREQUENCY	0
DESCRIPTION	--
TIME_STAMP	2013-07-03, 14:42:25	21762.06438176
DATA_INCLUDED	6D
BODY_NAMES	Ice 1	Ice 2
Frame	Time	Ice 1 X	Y	Z	Roll	Pitch	Yaw	Residual	Rot[0]	Rot[1]	Rot[2]	Rot[3]	Rot[4]	Rot[5]	Rot[6]	Rot[7]	Rot[8]	Ice 2 X	Y	Z	Roll	Pitch	Yaw	Residual	Rot[0]	Rot[1]	Rot[2]	Rot[3]	Rot[4]	Rot[5]	Rot[6]	Rot[7]	Rot[8]	
1	0.00500	27.10666	-29.05109	-0.41939	0.42842	0.01654	-0.35668	1.02378	0.99998	0.00623	-0.00029	-0.00622	0.99995	0.00748	0.00034	-0.00748	0.99997		-91.53306	28.82622	-1.91243	-0.41259	0.43711	-1.20623	0.27727	0.99975	0.02105	-0.00763	-0.02111	0.99975	-0.00720	0.00748	0.00736	0.99994	
2	0.01000	26.99570	-29.09743	-0.47669	0.43209	0.02412	-0.37162	0.98671	0.99998	0.00649	-0.00042	-0.00648	0.99995	0.00754	0.00047	-0.00754	0.99997		-91.59671	28.81418	-1.84950	-0.42051	0.45043	-1.20695	0.25206	0.99975	0.02106	-0.00786	-0.02112	0.99975	-0.00734	0.00770	0.00750	0.99994	
3	0.01500	26.97649	-29.08128	-0.56233	0.44173	0.02524	-0.38204	0.97409	0.99998	0.00667	-0.00044	-0.00666	0.99995	0.00771	0.00049	-0.00771	0.99997		-91.58118	28.79082	-1.78608	-0.43224	0.44826	-1.20793	0.23662	0.99975	0.02108	-0.00782	-0.02114	0.99975	-0.00754	0.00766	0.00771	0.99994	
4	0.02000	27.02258	-29.07667	-0.61758	0.44961	0.02081	-0.37846	0.97851	0.99998	0.00661	-0.00036	-0.00660	0.99995	0.00785	0.00042	-0.00784	0.99997		-91.56445	28.76841	-1.72743	-0.44010	0.45226	-1.20789	0.24653	0.99975	0.02108	-0.00789	-0.02114	0.99975	-0.00768	0.00773	0.00785	0.99994	
5	0.02500	27.02667	-29.07697	-0.69838	0.45928	0.01899	-0.37942	0.97853	0.99998	0.00662	-0.00033	-0.00662	0.99995	0.00802	0.00038	-0.00801	0.99997		-91.57066	28.74198	-1.65931	-0.45277	0.45037	-1.20955	0.24230	0.99975	0.02111	-0.00786	-0.02117	0.99974	-0.00790	0.00769	0.00807	0.99994	
6	0.03000	27.04110	-29.05510	-0.76128	0.46936	0.01466	-0.38072	0.98064	0.99998	0.00664	-0.00026	-0.00664	0.99994	0.00819	0.00031	-0.00819	0.99997		-91.58331	28.70431	-1.58249	-0.46605	0.44953	-1.20399	0.23672	0.99975	0.02101	-0.00785	-0.02108	0.99974	-0.00813	0.00767	0.00830	0.99994	
7	0.03500	27.10105	-29.05857	-0.82046	0.47824	0.00887	-0.38420	0.98153	0.99998	0.00671	-0.00015	-0.00670	0.99994	0.00835	0.00021	-0.00835	0.99997		-91.57068	28.66174	-1.51020	-0.47805	0.44732	-1.20467	0.23452	0.99975	0.02102	-0.00781	-0.02109	0.99974	-0.00834	0.00763	0.00851	0.99993	
8	0.04000	27.10408	-29.05291	-0.88512	0.48763	0.00571	-0.38394	0.99727	0.99998	0.00670	-0.00010	-0.00670	0.99994	0.00851	0.00016	-0.00851	0.99996		-91.57074	28.62203	-1.44172	-0.49171	0.44374	-1.20348	0.24363	0.99975	0.02100	-0.00774	-0.02107	0.99974	-0.00858	0.00756	0.00874	0.99993	
9	0.04500	27.11579	-29.04079	-0.93324	0.49728	-0.00074	-0.38405	0.98152	0.99998	0.00670	0.00001	-0.00670	0.99994	0.00868	0.00005	-0.00868	0.99996		-91.59706	28.59619	-1.35635	-0.50553	0.44420	-1.19495	0.23261	0.99975	0.02085	-0.00775	-0.02092	0.99974	-0.00882	0.00757	0.00898	0.99993	
10	0.05000	27.12442	-29.02943	-1.00402	0.50366	-0.00456	-0.38657	0.98064	0.99998	0.00675	0.00008	-0.00675	0.99994	0.00879	-0.00002	-0.00879	0.99996		-91.57776	28.58265	-1.29744	-0.51288	0.44081	-1.20302	0.23576	0.99975	0.02099	-0.00769	-0.02106	0.99974	-0.00895	0.00750	0.00911	0.99993	
11	0.05500	26.93345	-29.17173	-0.93478	0.50930	-0.00319	-0.37004	1.03733	0.99998	0.00646	0.00006	-0.00646	0.99994	0.00889	0.00000	-0.00889	0.99996		-91.59433	28.54807	-1.22860	-0.52783	0.43658	-1.19796	0.21795	0.99975	0.02091	-0.00762	-0.02098	0.99974	-0.00921	0.00743	0.00937	0.99993	
12	0.06000	26.96592	-29.16938	-0.97297	0.51580	-0.01203	-0.37077	1.04832	0.99998	0.00647	0.00021	-0.00647	0.99994	0.00900	-0.00015	-0.00900	0.99996		-91.56805	28.53048	-1.14410	-0.53829	0.43208	-1.20255	0.22726	0.99975	0.02099	-0.00754	-0.02106	0.99973	-0.00939	0.00734	0.00955	0.99993	
13	0.06500	26.97609	-29.17030	-1.02081	0.52287	-0.01846	-0.36954	1.05554	0.99998	0.00645	0.00032	-0.00645	0.99994	0.00913	-0.00026	-0.00913	0.99996		-91.58552	28.50444	-1.08040	-0.54464	0.43168	-1.20456	0.22749	0.99975	0.02102	-0.00753	-0.02109	0.99973	-0.00951	0.00733	0.00966	0.99993	
14	0.07000	26.93400	-29.17732	-1.06146	0.53058	-0.01896	-0.37330	1.05155	0.99998	0.00652	0.00033	-0.00652	0.99994	0.00926	-0.00027	-0.00926	0.99996		-91.57644	28.47638	-0.99079	-0.55982	0.42694	-1.20279	0.23680	0.99975	0.02099	-0.00745	-0.02106	0.99973	-0.00977	0.00724	0.00992	0.99992	
15	0.07500	26.93324	-29.17058	-1.09267	0.53797	-0.02706	-0.37518	1.04728	0.99998	0.00655	0.00047	-0.00655	0.99993	0.00939	-0.00041	-0.00939	0.99996		-91.57257	28.45431	-0.92264	-0.56951	0.42238	-1.20213	0.24640	0.99975	0.02098	-0.00737	-0.02105	0.99973	-0.00994	0.00716	0.01009	0.99992	
16	0.08000	26.94049	-29.16758	-1.12487	0.54306	-0.02944	-0.37178	1.05362	0.99998	0.00649	0.00051	-0.00649	0.99993	0.00948	-0.00045	-0.00948	0.99995		-91.58852	28.43362	-0.86294	-0.57873	0.42252	-1.20504	0.23772	0.99975	0.02103	-0.00737	-0.02110	0.99973	-0.01010	0.00716	0.01025	0.99992	
17	0.08500	27.00592	-29.15968	-1.15760	0.55114	-0.04274	-0.37232	1.04743	0.99998	0.00650	0.00075	-0.00651	0.99993	0.00962	-0.00068	-0.00962	0.99995		-91.55999	28.42596	-0.79081	-0.58728	0.41259	-1.20632	0.24257	0.99975	0.02105	-0.00720	-0.02113	0.99972	-0.01025	0.00698	0.01040	0.99992	
18	0.09000	26.98066	-29.15687	-1.18870	0.55602	-0.04703	-0.37265	1.06070	0.99998	0.00650	0.00082	-0.00651	0.99993	0.00970	-0.00076	-0.00971	0.99995		-91.58554	28.43312	-0.73173	-0.59012	0.41480	-1.21063	0.25177	0.99975	0.02113	-0.00724	-0.02120	0.99972	-0.01030	0.00702	0.01045	0.99992	
19	0.09500	27.03551	-29.13342	-1.21330	0.56417	-0.06084	-0.37023	1.06936	0.99998	0.00646	0.00106	-0.00647	0.99993	0.00985	-0.00100	-0.00985	0.99995		-91.56996	28.41257	-0.66783	-0.59951	0.40754	-1.20948	0.23747	0.99975	0.02111	-0.00711	-0.02118	0.99972	-0.01046	0.00689	0.01061	0.99992	
20	0.10000	27.01956	-29.12304	-1.20295	0.56882	-0.06292	-0.37558	1.05376	0.99998	0.00656	0.00110	-0.00657	0.99993	0.00993	-0.00103	-0.00993	0.99995		-91.59965	28.40429	-0.60830	-0.60498	0.40832	-1.21332	0.24149	0.99975	0.02117	-0.00713	-0.02125	0.99972	-0.01056	0.00690	0.01071	0.99992	
21	0.10500	27.03246	-29.12625	-1.21143	0.57354	-0.06591	-0.36837	1.06863	0.99998	0.00643	0.00115	-0.00644	0.99993	0.01001	-0.00109	-0.01002	0.99995		-91.60333	28.40622	-0.55304	-0.60823	0.40296	-1.21416	0.25157	0.99975	0.02119	-0.00703	-0.02126	0.99972	-0.01062	0.00681	0.01076	0.99992	
22	0.11000	27.02100	-29.11154	-1.23383	0.58077	-0.07480	-0.37370	1.05944	0.99998	0.00652	0.00131	-0.00654	0.99993	0.01014	-0.00124	-0.01014	0.99995		-91.59204	28.39075	-0.48527	-0.61440	0.39620	-1.21493	0.23650	0.99975	0.02120	-0.00692	-0.02128	0.99972	-0.01072	0.00669	0.01087	0.99992	
23	0.11500	27.02580	-29.10524	-1.22530	0.58270	-0.08085	-0.37106	1.06857	0.99998	0.00648	0.00141	-0.00649	0.99993	0.01017	-0.00135	-0.01018	0.99995		-91.64041	28.39687	-0.43845	-0.61649	0.40106	-1.21583	0.26041	0.99975	0.02122	-0.00700	-0.02129	0.99972	-0.01076	0.00677	0.01091	0.99992	
24	0.12000	27.02892	-29.10410	-1.22614	0.58743	-0.08772	-0.37281	1.06054	0.99998	0.00651	0.00153	-0.00652	0.99993	0.01025	-0.00146	-0.01026	0.99995		-91.59714	28.36688	-0.37468	-0.62491	0.38922	-1.21560	0.23808	0.99975	0.02121	-0.00679	-0.02129	0.99971	-0.01091	0.00656	0.01105	0.99992	
25	0.12500	27.06546	-29.10267	-1.19616	0.58996	-0.09542	-0.37220	1.07580	0.99998	0.00650	0.00167	-0.00651	0.99993	0.01030	-0.00160	-0.01031	0.99995		-91.63828	28.36205	-0.31892	-0.62996	0.38763	-1.21212	0.23655	0.99975	0.02115	-0.00677	-0.02123	0.99971	-0.01099	0.00653	0.01114	0.99992	
26	0.13000	27.04072	-29.07724	-1.20203	0.59586	-0.10439	-0.37333	1.06973	0.99998	0.00652	0.00182	-0.00653	0.99992	0.01040	-0.00175	-0.01041	0.99994		-91.61410	28.33960	-0.27564	-0.63688	0.37534	-1.21023	0.23656	0.99976	0.02112	-0.00655	-0.02119	0.99971	-0.01112	0.00631	0.01125	0.99992	
27	0.13500	27.06205	-29.06884	-1.20091	0.59915	-0.11138	-0.37254	1.08340	0.99998	0.00650	0.00194	-0.00652	0.99992	0.01046	-0.00188	-0.01047	0.99994		-91.61663	28.33530	-0.21641	-0.63961	0.36909	-1.20877	0.21510	0.99976	0.02110	-0.00644	-0.02117	0.99971	-0.01116	0.00620	0.01130	0.99992	
28	0.14000	27.09151	-29.05334	-1.17195	0.60257	-0.12043	-0.37546	1.08219	0.99998	0.00655	0.00210	-0.00657	0.99992	0.01052	-0.00203	-0.01053	0.99994		-91.60574	28.31577	-0.16107	-0.64451	0.36223	-1.20937	0.22190	0.99976	0.02111	-0.00632	-0.02118	0.99971	-0.01125	0.00608	0.01138	0.99992	
29	0.14500	27.06692	-29.05561	-1.16267	0.60400	-0.12260	-0.37077	1.06859	0.99998	0.00647	0.00214	-0.00649	0.99992	0.01054	-0.00207	-0.01056	0.99994		-91.63476	28.33292	-0.12696	-0.64535	0.36035	-1.21217	0.23649	0.99976	0.02115	-0.00629	-0.02122	0.99971	-0.01126	0.00605	0.01139	0.99992	
30	0.15000	27.06840	-29.04766	-1.13021	0.60620	-0.13331	-0.37218	1.07652	0.99998	0.00650	0.00233	-0.00652	0.99992	0.01058	-0.00226	-0.01059	0.99994		-91.65121	28.33247	-0.07616	-0.64500	0.35714	-1.21259	0.22424	0.99976	0.02116	-0.00623	-0.02123	0.99971	-0.01126	0.00599	0.01139	0.99992	
31	0.15500	27.08518	-29.05130	-1.11488	0.60917	-0.14232	-0.37268	1.06765	0.99998	0.00650	0.00248	-0.00653	0.99992	0.01063	-0.00241	-0.01065	0.99994		-91.65354	28.32405	-0.04621	-0.64439	0.35022	-1.21133	0.22146	0.99976	0.02114	-0.00611	-0.02121	0.99971	-0.01125	0.00587	0.01137	0.99992	
32	0.16000	27.10459	-29.00682	-1.07143	0.61466	-0.15437	-0.37189	1.07009	0.99998	0.00649	0.00269	-0.00652	0.99992	0.01073	-0.00262	-0.01074	0.99994		-91.67009	28.32174	-0.00347	-0.64653	0.34736	-1.21272	0.23176	0.99976	0.02116	-0.00606	-0.02123	0.99971	-0.01128	0.00582	0.01141	0.99992	
33	0.16500	27.09750	-29.01327	-1.03181	0.61426	-0.15793	-0.37103	1.08117	0.99998	0.00648	0.00276	-0.00650	0.99992	0.01072	-0.00269	-0.01074	0.99994		-91.66977	28.34113	0.02998	-0.64164	0.34022	-1.21472	0.22160	0.99976	0.02120	-0.00594	-0.02126	0.99971	-0.01120	0.00570	0.01132	0.99992	
34	0.17000	27.11374	-28.99809	-0.97981	0.61587	-0.16365	-0.37812	1.07543	0.99997	0.00660	0.00286	-0.00663	0.99992	0.01075	-0.00279	-0.01077	0.99994		-91.66445	28.34850	0.07197	-0.63915	0.33667	-1.22007	0.23676	0.99976	0.02129	-0.00588	-0.02136	0.99971	-0.01115	0.00564	0.01128	0.99992	
35	0.17500	27.14908	-28.99260	-0.94498	0.61694	-0.17940	-0.37136	1.08774	0.99997	0.00648	0.00313	-0.00651	0.99992	0.01077	-0.00306	-0.01079	0.99994		-91.67736	28.35572	0.09342	-0.63617	0.32987	-1.21750	0.22678	0.99976	0.02125	-0.00576	-0.02131	0.99971	-0.01110	0.00552	0.01122	0.99992	
36	0.18000	27.09563	-28.99631	-0.89761	0.61537	-0.18171	-0.37848	1.07441	0.99997	0.00661	0.00317	-0.00664	0.99992	0.01074	-0.00310	-0.01076	0.99994		-91.72928	28.36220	0.12305	-0.63102	0.33199	-1.22008	0.23936	0.99976	0.02129	-0.00579	-0.02136	0.99971	-0.01101	0.00556	0.01113	0.99992	
37	0.18500	27.09798	-28.98234	-0.84076	0.61709	-0.18794	-0.37604	1.08675	0.99997	0.00656	0.00328	-0.00660	0.99992	0.01077	-0.00321	-0.01079	0.99994		-91.71263	28.39187	0.16452	-0.62563	0.32602	-1.22037	0.23128	0.99976	0.02130	-0.00569	-0.02136	0.99971	-0.01092	0.00546	0.01104	0.99992	
38	0.19000	27.11642	-28.93413	-0.77306	0.62624	-0.20479	-0.38599	1.07995	0.99997	0.00674	0.00357	-0.00678	0.99992	0.01093	-0.00350	-0.01095	0.99993		-91.72776	28.38846	0.17301	-0.62057	0.32368	-1.22195	0.22854	0.99976	0.02133	-0.00565	-0.02139	0.99971	-0.01083	0.00542	0.01095	0.99993	
39	0.19500	27.07802	-28.92233	-0.69872	0.62633	-0.20876	-0.39049	1.06310	0.99997	0.00682	0.00364	-0.00685	0.99992	0.01093	-0.00357	-0.01096	0.99993		-91.74230	28.37998	0.20263	-0.61780	0.31924	-1.22023	0.22747	0.99976	0.02130	-0.00557	-0.02135	0.99971	-0.01078	0.00534	0.01090	0.99993	
40	0.20000	27.04024	-28.91320	-0.62122	0.62654	-0.21308	-0.38521	1.07424	0.99997	0.00672	0.00372	-0.00676	0.99992	0.01093	-0.00365	-0.01096	0.99993		-91.75070	28.41142	0.22305	-0.60975	0.31857	-1.22040	0.23350	0.99976	0.02130	-0.00556	-0.02136	0.99972	-0.01064	0.00533	0.01076	0.99993	
41	0.20500	27.09106	-28.90562	-0.55778	0.62537	-0.22867	-0.38849	1.07850	0.99997	0.00678	0.00399	-0.00682	0.99992	0.01091	-0.00392	-0.01094	0.99993		-91.76541	28.41548	0.23939	-0.60374	0.31886	-1.22667	0.22697	0.99976	0.02141	-0.00557	-0.02147	0.99971	-0.01054	0.00534	0.01065	0.99993	
42	0.21000	27.09431	-28.90598	-0.46812	0.62561	-0.22978	-0.38849	1.08159	0.99997	0.00678	0.00401	-0.00682	0.99992	0.01092	-0.00394	-0.01095	0.99993		-91.77748	28.43631	0.24736	-0.59517	0.31606	-1.22699	0.22630	0.99976	0.02141	-0.00552	-0.02147	0.99972	-0.01039	0.00529	0.01050	0.99993	
43	0.21500	27.07099	-28.89784	-0.38956	0.62491	-0.23331	-0.38116	1.06854	0.99997	0.00665	0.00407	-0.00670	0.99992	0.01091	-0.00400	-0.01093	0.99993		-91.77504	28.46705	0.25043	-0.58397	0.31476	-1.23219	0.23099	0.99975	0.02150	-0.00549	-0.02156	0.99972	-0.01019	0.00527	0.01031	0.99993	
44	0.22000	27.07568	-28.88840	-0.29000	0.62557	-0.23806	-0.38503	1.07681	0.99997	0.00672	0.00415	-0.00676	0.99992	0.01092	-0.00408	-0.01095	0.99993		-91.81760	28.47006	0.26723	-0.57643	0.31621	-1.23052	0.22180	0.99975	0.02147	-0.00552	-0.02153	0.99972	-0.01006	0.00530	0.01018	0.99993	
45	0.22500	27.05806	-28.87220	-0.20309	0.62667	-0.24570	-0.37999	1.08833	0.99997	0.00663	0.00429	-0.00668	0.99992	0.01094	-0.00422	-0.01097	0.99993		-91.81079	28.51225	0.24490	-0.56256	0.31394	-1.24065	0.23799	0.99975	0.02165	-0.00548	-0.02170	0.99972	-0.00982	0.00527	0.00993	0.99994	
46	0.23000	27.06632	-28.87008	-0.11779	0.62650	-0.24986	-0.38027	1.08872	0.99997	0.00664	0.00436	-0.00668	0.99992	0.01093	-0.00429	-0.01096	0.99993		-91.83065	28.52897	0.26521	-0.55368	0.31513	-1.23848	0.23206	0.99975	0.02161	-0.00550	-0.02167	0.99972	-0.00966	0.00529	0.00978	0.99994	
47	0.23500	27.02356	-28.86963	-0.02033	0.62438	-0.24848	-0.37710	1.10860	0.99997	0.00658	0.00434	-0.00663	0.99992	0.01090	-0.00426	-0.01093	0.99993		-91.83779	28.54808	0.25172	-0.54220	0.31289	-1.24194	0.21250	0.99975	0.02167	-0.00546	-0.02172	0.99972	-0.00946	0.00525	0.00958	0.99994	
48	0.24000	27.05620	-28.86574	0.05629	0.62410	-0.25681	-0.37801	1.08556	0.99997	0.00660	0.00448	-0.00665	0.99992	0.01089	-0.00441	-0.01092	0.99993		-91.84356	28.56301	0.23463	-0.53169	0.31066	-1.24216	0.22397	0.99975	0.02168	-0.00542	-0.02173	0.99972	-0.00928	0.00522	0.00939	0.99994	
49	0.24500	27.02455	-28.82906	0.15856	0.62851	-0.25773	-0.38211	1.09727	0.99997	0.00667	0.00450	-0.00672	0.99992	0.01097	-0.00442	-0.01100	0.99993		-91.87681	28.58131	0.22581	-0.52150	0.31236	-1.24356	0.21209	0.99975	0.02170	-0.00545	-0.02175	0.99972	-0.00910	0.00525	0.00922	0.99994	
50	0.25000	26.97119	-28.85200	0.27680	0.62438	-0.25564	-0.37629	1.08898	0.99997	0.00657	0.00446	-0.00662	0.99992	0.01090	-0.00439	-0.01093	0.99993		-91.89618	28.63222	0.21147	-0.50426	0.31831	-1.25101	0.24038	0.99975	0.02183	-0.00556	-0.02188	0.99972	-0.00880	0.00536	0.00892	0.99995	
51	0.25500	26.98292	-28.84090	0.36081	0.62507	-0.25929	-0.37464	1.11464	0.99997	0.00654	0.00453	-0.00659	0.99992	0.01091	-0.00445	-0.01094	0.99993		-91.90838	28.64394	0.18987	-0.49238	0.31708	-1.25253	0.23469	0.99975	0.02186	-0.00553	-0.02191	0.99972	-0.00859	0.00534	0.00871	0.99995	
52	0.26000	26.98990	-28.83387	0.47354	0.62696	-0.26528	-0.37307	1.10875	0.99997	0.00651	0.00463	-0.00656	0.99992	0.01094	-0.00456	-0.01097	0.99993		-91.93015	28.66303	0.18022	-0.47839	0.32246	-1.25212	0.23054	0.99975	0.02185	-0.00563	-0.02190	0.99973	-0.00835	0.00544	0.00847	0.99995	
53	0.26500	26.95209	-28.83464	0.57076	0.62603	-0.26600	-0.37399	1.09703	0.99997	0.00653	0.00464	-0.00658	0.99992	0.01093	-0.00457	-0.01096	0.99993		-91.92706	28.69689	0.16691	-0.46354	0.31827	-1.25852	0.25166	0.99974	0.02196	-0.00555	-0.02201	0.99973	-0.00809	0.00538	0.00821	0.99995	
54	0.27000	26.98735	-28.82648	0.69276	0.62734	-0.26596	-0.37444	1.09241	0.99997	0.00654	0.00464	-0.00659	0.99992	0.01095	-0.00457	-0.01098	0.99993		-91.91625	28.72694	0.14861	-0.45010	0.31918	-1.26239	0.24108	0.99974	0.02203	-0.00557	-0.02207	0.99973	-0.00786	0.00540	0.00798	0.99995	
55	0.27500	26.93565	-28.82818	0.78861	0.62565	-0.26699	-0.37231	1.09848	0.99997	0.00650	0.00466	-0.00655	0.99992	0.01092	-0.00459	-0.01095	0.99993		-91.91961	28.73506	0.11022	-0.43872	0.32025	-1.25668	0.23788	0.99974	0.02193	-0.00559	-0.02197	0.99973	-0.00766	0.00542	0.00778	0.99996	
56	0.28000	26.94927	-28.82612	0.88777	0.62643	-0.26819	-0.36868	1.10269	0.99997	0.00643	0.00468	-0.00649	0.99992	0.01093	-0.00461	-0.01096	0.99993		-91.93197	28.74826	0.09642	-0.42401	0.32341	-1.26075	0.23828	0.99974	0.02200	-0.00564	-0.02204	0.99973	-0.00740	0.00548	0.00752	0.99996	
57	0.28500	26.93263	-28.83140	1.02125	0.62440	-0.26627	-0.37022	1.09350	0.99997	0.00646	0.00465	-0.00651	0.99992	0.01090	-0.00458	-0.01093	0.99993		-91.94675	28.78406	0.07403	-0.40625	0.32715	-1.26189	0.23707	0.99974	0.02202	-0.00571	-0.02206	0.99973	-0.00709	0.00555	0.00721	0.99996	
58	0.29000	26.92141	-28.83707	1.14211	0.62245	-0.26847	-0.37258	1.11007	0.99997	0.00650	0.00469	-0.00655	0.99992	0.01086	-0.00461	-0.01089	0.99993		-91.97838	28.80570	0.04791	-0.39277	0.33295	-1.26487	0.24936	0.99974	0.02207	-0.00581	-0.02211	0.99973	-0.00686	0.00566	0.00698	0.99996	
59	0.29500	26.94021	-28.85009	1.23149	0.62099	-0.26796	-0.37166	1.10609	0.99997	0.00649	0.00468	-0.00654	0.99992	0.01084	-0.00461	-0.01087	0.99993		-91.99138	28.84796	-0.00887	-0.36903	0.33986	-1.26421	0.22359	0.99974	0.02206	-0.00593	-0.02210	0.99973	-0.00644	0.00579	0.00657	0.99996	
60	0.30000	26.88962	-28.85528	1.34843	0.61895	-0.26578	-0.37197	1.11832	0.99997	0.00649	0.00464	-0.00654	0.99992	0.01080	-0.00457	-0.01083	0.99993		-92.04206	28.88478	-0.03501	-0.35116	0.34731	-1.26821	0.23297	0.99974	0.02213	-0.00606	-0.02217	0.99974	-0.00613	0.00592	0.00626	0.99996	
61	0.30500	26.84863	-28.82857	1.48456	0.62560	-0.26438	-0.37795	1.10188	0.99997	0.00660	0.00461	-0.00665	0.99992	0.01092	-0.00454	-0.01095	0.99993		-92.02391	28.89052	-0.06545	-0.33711	0.34540	-1.26843	0.23370	0.99974	0.02214	-0.00603	-0.02217	0.99974	-0.00588	0.00590	0.00602	0.99996	
62	0.31000	26.83613	-28.83281	1.60049	0.62681	-0.26510	-0.37686	1.10516	0.99997	0.00658	0.00463	-0.00663	0.99992	0.01094	-0.00455	-0.01097	0.99993		-92.02270	28.91259	-0.10892	-0.32011	0.34969	-1.26766	0.22046	0.99974	0.02212	-0.00610	-0.02216	0.99974	-0.00559	0.00598	0.00572	0.99997	
63	0.31500	26.81989	-28.84040	1.71369	0.62653	-0.25702	-0.37690	1.09138	0.99997	0.00658	0.00449	-0.00663	0.99992	0.01093	-0.00441	-0.01096	0.99993		-92.06969	28.93688	-0.13883	-0.30507	0.35640	-1.26885	0.23633	0.99974	0.02214	-0.00622	-0.02218	0.99974	-0.00532	0.00610	0.00546	0.99997	
64	0.32000	26.80277	-28.81604	1.83136	0.62971	-0.25391	-0.37689	1.10906	0.99997	0.00658	0.00443	-0.00663	0.99992	0.01099	-0.00436	-0.01102	0.99993		-92.05314	28.96900	-0.17464	-0.28546	0.36201	-1.27295	0.22955	0.99973	0.02221	-0.00632	-0.02225	0.99974	-0.00498	0.00621	0.00512	0.99997	
65	0.32500	26.74419	-28.82258	1.94334	0.62956	-0.24437	-0.37410	1.11088	0.99997	0.00653	0.00427	-0.00658	0.99992	0.01099	-0.00419	-0.01102	0.99993		-92.07948	29.01247	-0.22235	-0.26669	0.37079	-1.27169	0.22268	0.99973	0.02219	-0.00647	-0.02222	0.99974	-0.00465	0.00637	0.00480	0.99997	
66	0.33000	26.71219	-28.82780	2.05837	0.62958	-0.23656	-0.37243	1.10910	0.99997	0.00650	0.00413	-0.00655	0.99992	0.01099	-0.00406	-0.01101	0.99993		-92.10130	29.03108	-0.26978	-0.24944	0.37812	-1.27659	0.22684	0.99973	0.02228	-0.00660	-0.02231	0.99974	-0.00435	0.00650	0.00450	0.99997	
67	0.33500	26.76051	-28.83522	2.15668	0.63171	-0.23614	-0.38099	1.10903	0.99997	0.00665	0.00412	-0.00669	0.99992	0.01103	-0.00405	-0.01105	0.99993		-92.13562	29.07992	-0.31812	-0.22573	0.39533	-1.27904	0.23555	0.99973	0.02232	-0.00690	-0.02235	0.99974	-0.00394	0.00681	0.00409	0.99997	
68	0.34000	26.70692	-28.85839	2.27058	0.62894	-0.22678	-0.37321	1.10787	0.99997	0.00651	0.00396	-0.00656	0.99992	0.01098	-0.00389	-0.01100	0.99993		-92.12121	29.11223	-0.37839	-0.20635	0.39672	-1.28306	0.23538	0.99973	0.02239	-0.00692	-0.02242	0.99974	-0.00360	0.00684	0.00376	0.99997	
69	0.34500	26.72294	-28.84021	2.35208	0.63348	-0.22438	-0.37459	1.09411	0.99997	0.00654	0.00392	-0.00658	0.99992	0.01106	-0.00384	-0.01108	0.99993		-92.12602	29.13333	-0.40936	-0.19040	0.40492	-1.28247	0.22832	0.99972	0.02238	-0.00707	-0.02240	0.99974	-0.00332	0.00699	0.00348	0.99997	
70	0.35000	26.71087	-28.84670	2.43759	0.63129	-0.21224	-0.36931	1.10730	0.99997	0.00645	0.00370	-0.00649	0.99992	0.01102	-0.00363	-0.01104	0.99993		-92.15512	29.15378	-0.45283	-0.17231	0.41870	-1.28385	0.23549	0.99972	0.02241	-0.00731	-0.02243	0.99974	-0.00301	0.00724	0.00317	0.99997	
71	0.35500	26.67294	-28.86571	2.56070	0.63192	-0.20376	-0.37095	1.10484	0.99997	0.00647	0.00356	-0.00651	0.99992	0.01103	-0.00348	-0.01105	0.99993		-92.13417	29.19420	-0.50493	-0.15195	0.42102	-1.28966	0.23767	0.99972	0.02251	-0.00735	-0.02253	0.99974	-0.00265	0.00729	0.00282	0.99997	
72	0.36000	26.65426	-28.87261	2.65896	0.63411	-0.19344	-0.36498	1.10678	0.99997	0.00637	0.00338	-0.00641	0.99992	0.01107	-0.00331	-0.01109	0.99993		-92.15990	29.19834	-0.55632	-0.13677	0.43130	-1.29153	0.23183	0.99972	0.02254	-0.00753	-0.02256	0.99974	-0.00239	0.00747	0.00256	0.99997	
73	0.36500	26.66401	-28.86081	2.73284	0.63703	-0.18827	-0.36964	1.10585	0.99997	0.00645	0.00329	-0.00649	0.99992	0.01112	-0.00321	-0.01114	0.99993		-92.15382	29.23851	-0.60446	-0.11807	0.44228	-1.29767	0.25059	0.99971	0.02265	-0.00772	-0.02266	0.99974	-0.00206	0.00767	0.00224	0.99997	
74	0.37000	26.58418	-28.88183	2.83664	0.63600	-0.17268	-0.37086	1.10711	0.99997	0.00647	0.00301	-0.00651	0.99992	0.01110	-0.00294	-0.01112	0.99993		-92.18940	29.27187	-0.68954	-0.09538	0.45164	-1.29476	0.23965	0.99971	0.02260	-0.00788	-0.02261	0.99974	-0.00166	0.00784	0.00184	0.99997	
75	0.37500	26.62502	-28.88072	2.91753	0.63761	-0.16745	-0.36796	1.12186	0.99998	0.00642	0.00292	-0.00645	0.99992	0.01113	-0.00285	-0.01115	0.99993		-92.19731	29.26712	-0.72408	-0.08329	0.46050	-1.29115	0.21962	0.99971	0.02253	-0.00804	-0.02254	0.99974	-0.00145	0.00800	0.00163	0.99997	
76	0.38000	26.56804	-28.91702	2.98948	0.63548	-0.15589	-0.37112	1.09700	0.99998	0.00648	0.00272	-0.00651	0.99992	0.01109	-0.00265	-0.01111	0.99993		-92.19211	29.28991	-0.78864	-0.06558	0.46865	-1.29716	0.22855	0.99971	0.02264	-0.00818	-0.02265	0.99974	-0.00114	0.00815	0.00133	0.99997	
77	0.38500	26.52927	-28.90797	3.07180	0.63778	-0.13955	-0.36721	1.09423	0.99998	0.00641	0.00244	-0.00644	0.99992	0.01113	-0.00236	-0.01115	0.99994		-92.23317	29.29976	-0.84358	-0.04943	0.47764	-1.29531	0.22971	0.99971	0.02260	-0.00834	-0.02261	0.99974	-0.00086	0.00831	0.00105	0.99996	
78	0.39000	26.56293	-28.90532	3.15958	0.63962	-0.13279	-0.36384	1.12686	0.99998	0.00635	0.00232	-0.00638	0.99992	0.01116	-0.00225	-0.01118	0.99994		-92.26823	29.32244	-0.90392	-0.02953	0.49467	-1.30022	0.23915	0.99971	0.02269	-0.00863	-0.02270	0.99974	-0.00052	0.00862	0.00071	0.99996	
79	0.39500	26.47526	-28.92430	3.22395	0.63629	-0.11754	-0.36833	1.10282	0.99998	0.00643	0.00205	-0.00645	0.99992	0.01111	-0.00198	-0.01112	0.99994		-92.24387	29.36670	-0.96467	-0.01007	0.50109	-1.30204	0.22896	0.99970	0.02272	-0.00875	-0.02272	0.99974	-0.00018	0.00874	0.00037	0.99996	
80	0.40000	26.46371	-28.96057	3.30684	0.63376	-0.10283	-0.36626	1.11738	0.99998	0.00639	0.00179	-0.00641	0.99992	0.01106	-0.00172	-0.01107	0.99994		-92.25650	29.40320	-1.02498	0.00995	0.51601	-1.30656	0.24685	0.99970	0.02280	-0.00901	-0.02280	0.99974	0.00017	0.00901	0.00003	0.99996	
81	0.40500	26.48307	-28.96410	3.36753	0.63516	-0.09272	-0.36849	1.11243	0.99998	0.00643	0.00162	-0.00645	0.99992	0.01109	-0.00155	-0.01110	0.99994		-92.27509	29.43029	-1.08088	0.02533	0.52778	-1.30890	0.23445	0.99970	0.02284	-0.00921	-0.02284	0.99974	0.00044	0.00922	-0.00023	0.99996	
82	0.41000	26.45527	-28.98682	3.41745	0.63236	-0.07611	-0.36949	1.10651	0.99998	0.00645	0.00133	-0.00646	0.99992	0.01104	-0.00126	-0.01104	0.99994		-92.27426	29.45231	-1.14114	0.04282	0.53691	-1.31303	0.22872	0.99969	0.02291	-0.00937	-0.02291	0.99974	0.00075	0.00939	-0.00053	0.99996	
83	0.41500	26.38343	-28.99440	3.46690	0.63112	-0.06001	-0.36386	1.11032	0.99998	0.00635	0.00105	-0.00636	0.99992	0.01101	-0.00098	-0.01102	0.99994		-92.26637	29.44937	-1.18819	0.05653	0.54413	-1.31287	0.23349	0.99969	0.02291	-0.00950	-0.02290	0.99974	0.00099	0.00952	-0.00077	0.99995	
84	0.42000	26.37628	-29.00510	3.52115	0.62928	-0.04378	-0.35887	1.10730	0.99998	0.00626	0.00076	-0.00627	0.99992	0.01098	-0.00070	-0.01099	0.99994		-92.27990	29.45550	-1.24352	0.06914	0.55441	-1.31071	0.22713	0.99969	0.02287	-0.00968	-0.02286	0.99974	0.00121	0.00970	-0.00099	0.99995	
85	0.42500	26.36191	-29.02215	3.55325	0.62891	-0.03261	-0.35700	1.11128	0.99998	0.00623	0.00057	-0.00624	0.99992	0.01098	-0.00050	-0.01098	0.99994		-92.30249	29.45133	-1.28203	0.07946	0.56690	-1.31198	0.23127	0.99969	0.02290	-0.00989	-0.02288	0.99974	0.00139	0.00992	-0.00116	0.99995	
86	0.43000	26.34912	-29.03238	3.60425	0.62693	-0.01315	-0.35823	1.11200	0.99998	0.00625	0.00023	-0.00625	0.99992	0.01094	-0.00016	-0.01094	0.99994		-92.28549	29.47046	-1.32946	0.09413	0.57279	-1.31652	0.22972	0.99969	0.02297	-0.01000	-0.02296	0.99974	0.00164	0.01003	-0.00141	0.99995	
87	0.43500	26.30984	-29.04509	3.64182	0.62678	-0.00044	-0.36400	1.09854	0.99998	0.00635	0.00001	-0.00635	0.99992	0.01094	0.00006	-0.01094	0.99994		-92.30150	29.47152	-1.38049	0.10771	0.58338	-1.31822	0.23436	0.99968	0.02300	-0.01018	-0.02299	0.99973	0.00188	0.01022	-0.00165	0.99995	
88	0.44000	26.28276	-29.08052	3.65456	0.62052	0.01330	-0.36188	1.11128	0.99998	0.00632	-0.00023	-0.00631	0.99992	0.01083	0.00030	-0.01083	0.99994		-92.30365	29.48605	-1.43221	0.12265	0.59570	-1.32231	0.23530	0.99968	0.02308	-0.01040	-0.02305	0.99973	0.00214	0.01044	-0.00190	0.99994	
89	0.44500	26.28135	-29.09681	3.66930	0.61894	0.02725	-0.36108	1.11074	0.99998	0.00630	-0.00048	-0.00630	0.99992	0.01080	0.00054	-0.01080	0.99994		-92.29456	29.48125	-1.47897	0.13055	0.60118	-1.32024	0.23601	0.99968	0.02304	-0.01049	-0.02302	0.99973	0.00228	0.01054	-0.00204	0.99994	
90	0.45000	26.23442	-29.09784	3.69106	0.61674	0.04184	-0.35588	1.12375	0.99998	0.00621	-0.00073	-0.00620	0.99992	0.01076	0.00080	-0.01076	0.99994		-92.30894	29.48976	-1.52191	0.14170	0.61214	-1.32190	0.22633	0.99968	0.02307	-0.01068	-0.02304	0.99973	0.00247	0.01074	-0.00223	0.99994	
91	0.45500	26.25221	-29.11711	3.71295	0.61251	0.05335	-0.36117	1.10433	0.99998	0.00630	-0.00093	-0.00629	0.99992	0.01069	0.00100	-0.01068	0.99994		-92.32253	29.49879	-1.58976	0.15617	0.62448	-1.32195	0.22003	0.99967	0.02307	-0.01090	-0.02304	0.99973	0.00273	0.01096	-0.00247	0.99994	
92	0.46000	26.24157	-29.12367	3.69781	0.61289	0.06636	-0.36117	1.10219	0.99998	0.00630	-0.00116	-0.00629	0.99992	0.01070	0.00123	-0.01069	0.99994		-92.34975	29.49480	-1.62823	0.16530	0.63579	-1.32060	0.20778	0.99967	0.02305	-0.01110	-0.02301	0.99973	0.00288	0.01116	-0.00263	0.99993	
93	0.46500	26.18560	-29.15375	3.71810	0.60455	0.08481	-0.36179	1.10041	0.99998	0.00631	-0.00148	-0.00630	0.99992	0.01055	0.00155	-0.01054	0.99994		-92.38782	29.49540	-1.65808	0.17479	0.65229	-1.32379	0.22595	0.99967	0.02310	-0.01138	-0.02307	0.99973	0.00305	0.01145	-0.00279	0.99993	
94	0.47000	26.18133	-29.17489	3.70118	0.59809	0.09868	-0.36121	1.09742	0.99998	0.00630	-0.00172	-0.00629	0.99993	0.01044	0.00179	-0.01043	0.99994		-92.36037	29.49485	-1.70542	0.18394	0.65824	-1.32382	0.20374	0.99967	0.02310	-0.01149	-0.02307	0.99973	0.00321	0.01156	-0.00294	0.99993	
95	0.47500	26.18944	-29.18954	3.68439	0.59299	0.11324	-0.36038	1.09388	0.99998	0.00629	-0.00198	-0.00627	0.99993	0.01035	0.00204	-0.01034	0.99994		-92.33678	29.49959	-1.75683	0.19444	0.66516	-1.32667	0.21143	0.99966	0.02315	-0.01161	-0.02311	0.99973	0.00339	0.01168	-0.00312	0.99993	
96	0.48000	26.17875	-29.20435	3.65767	0.58737	0.12270	-0.36077	1.11227	0.99998	0.00630	-0.00214	-0.00627	0.99993	0.01025	0.00221	-0.01024	0.99995		-92.38890	29.49755	-1.79871	0.20088	0.68052	-1.32591	0.21765	0.99966	0.02314	-0.01188	-0.02310	0.99973	0.00351	0.01195	-0.00323	0.99992	
97	0.48500	26.10758	-29.23208	3.64694	0.57966	0.14321	-0.35886	1.09627	0.99998	0.00626	-0.00250	-0.00624	0.99993	0.01012	0.00256	-0.01010	0.99995		-92.36476	29.49514	-1.82917	0.20965	0.68734	-1.32657	0.21068	0.99966	0.02315	-0.01200	-0.02311	0.99973	0.00366	0.01208	-0.00338	0.99992	
98	0.49000	26.10319	-29.26542	3.62537	0.57160	0.15307	-0.35958	1.10563	0.99998	0.00628	-0.00267	-0.00625	0.99993	0.00998	0.00273	-0.00996	0.99995		-92.39018	29.49336	-1.85905	0.21518	0.69898	-1.32867	0.21366	0.99966	0.02319	-0.01220	-0.02314	0.99973	0.00376	0.01228	-0.00347	0.99992	
99	0.49500	26.09402	-29.26043	3.56953	0.56660	0.16499	-0.36346	1.09117	0.99998	0.00634	-0.00288	-0.00631	0.99993	0.00989	0.00294	-0.00987	0.99995		-92.40841	29.47202	-1.90120	0.22036	0.70854	-1.33003	0.21640	0.99965	0.02321	-0.01237	-0.02316	0.99972	0.00385	0.01245	-0.00356	0.99992	
100	0.50000	26.03955	-29.29349	3.52694	0.55911	0.18131	-0.36491	1.09396	0.99997	0.00637	-0.00316	-0.00634	0.99993	0.00976	0.00323	-0.00974	0.99995		-92.39038	29.49006	-1.93998	0.22641	0.71570	-1.33217	0.19439	0.99965	0.02325	-0.01249	-0.02320	0.99972	0.00395	0.01258	-0.00366	0.99991	
101	0.50500	26.05992	-29.31248	3.48066	0.54933	0.18890	-0.36442	1.07834	0.99997	0.00636	-0.00330	-0.00633	0.99993	0.00959	0.00336	-0.00957	0.99995		-92.37336	29.48240	-1.96591	0.23074	0.72240	-1.33341	0.19775	0.99965	0.02327	-0.01261	-0.02322	0.99972	0.00403	0.01270	-0.00373	0.99991	
102	0.51000	26.01670	-29.33567	3.43552	0.54263	0.20443	-0.36563	1.09264	0.99997	0.00638	-0.00357	-0.00635	0.99993	0.00947	0.00363	-0.00945	0.99995		-92.36164	29.44505	-1.98713	0.23007	0.72546	-1.33547	0.20631	0.99965	0.02330	-0.01266	-0.02326	0.99972	0.00402	0.01275	-0.00372	0.99991	
103	0.51500	25.96222	-29.34345	3.37586	0.53376	0.21973	-0.36452	1.06800	0.99997	0.00636	-0.00383	-0.00633	0.99994	0.00932	0.00389	-0.00929	0.99995		-92.35551	29.44608	-2.01709	0.23441	0.73519	-1.34029	0.21593	0.99964	0.02339	-0.01283	-0.02334	0.99972	0.00409	0.01292	-0.00379	0.99991	
104	0.52000	25.96806	-29.37434	3.31508	0.52321	0.22786	-0.36441	1.07406	0.99997	0.00636	-0.00398	-0.00632	0.99994	0.00913	0.00403	-0.00911	0.99995		-92.34333	29.40385	-2.03385	0.23048	0.73860	-1.34061	0.22182	0.99964	0.02339	-0.01289	-0.02334	0.99972	0.00402	0.01298	-0.00372	0.99991	
105	0.52500	26.04081	-29.42689	3.23116	0.50675	0.23878	-0.35465	1.08805	0.99997	0.00619	-0.00417	-0.00615	0.99994	0.00884	0.00422	-0.00882	0.99995		-92.31782	29.39083	-2.05538	0.23229	0.74132	-1.34099	0.21948	0.99964	0.02340	-0.01294	-0.02335	0.99972	0.00405	0.01303	-0.00375	0.99991	
106	0.53000	26.03045	-29.44114	3.15452	0.49698	0.24730	-0.35311	1.11448	0.99997	0.00616	-0.00432	-0.00613	0.99994	0.00867	0.00437	-0.00865	0.99995		-92.29735	29.37888	-2.06851	0.22819	0.74632	-1.34266	0.21552	0.99964	0.02343	-0.01303	-0.02338	0.99972	0.00398	0.01312	-0.00368	0.99991	
107	0.53500	26.03083	-29.45046	3.07835	0.48867	0.25415	-0.35507	1.10404	0.99997	0.00620	-0.00444	-0.00616	0.99994	0.00853	0.00449	-0.00850	0.99995		-92.28139	29.34672	-2.08966	0.22646	0.74866	-1.33978	0.21038	0.99964	0.02338	-0.01307	-0.02333	0.99972	0.00395	0.01315	-0.00365	0.99991	
108	0.54000	25.99522	-29.46847	3.00909	0.47683	0.26934	-0.35185	1.09609	0.99997	0.00614	-0.00470	-0.00610	0.99995	0.00832	0.00475	-0.00829	0.99995		-92.30484	29.32211	-2.10600	0.22312	0.75379	-1.34206	0.21892	0.99964	0.02342	-0.01316	-0.02337	0.99972	0.00389	0.01324	-0.00359	0.99991	
109	0.54500	26.01503	-29.47746	2.87772	0.46925	0.27032	-0.35175	1.09608	0.99997	0.00614	-0.00472	-0.00610	0.99995	0.00819	0.00477	-0.00816	0.99996		-92.28386	29.29745	-2.12294	0.21900	0.75575	-1.34270	0.22695	0.99964	0.02343	-0.01319	-0.02338	0.99972	0.00382	0.01328	-0.00351	0.99991	
110	0.55000	26.01274	-29.49151	2.79347	0.45792	0.27796	-0.35579	1.09691	0.99997	0.00621	-0.00485	-0.00617	0.99995	0.00799	0.00490	-0.00796	0.99996		-92.27517	29.29097	-2.12348	0.21576	0.75887	-1.34422	0.20490	0.99964	0.02346	-0.01324	-0.02341	0.99972	0.00377	0.01333	-0.00345	0.99991	
111	0.55500	25.97639	-29.49866	2.69783	0.44730	0.28789	-0.35143	1.10129	0.99997	0.00613	-0.00502	-0.00609	0.99995	0.00781	0.00507	-0.00778	0.99996		-92.25733	29.24989	-2.13571	0.20758	0.75707	-1.34719	0.20236	0.99964	0.02351	-0.01321	-0.02346	0.99972	0.00362	0.01329	-0.00331	0.99991	
112	0.56000	25.99101	-29.49829	2.59380	0.43899	0.29195	-0.35598	1.08808	0.99997	0.00621	-0.00510	-0.00617	0.99995	0.00766	0.00514	-0.00763	0.99996		-92.25857	29.21366	-2.13138	0.19966	0.76221	-1.34356	0.21392	0.99964	0.02345	-0.01330	-0.02340	0.99972	0.00348	0.01338	-0.00317	0.99991	
113	0.56500	25.91991	-29.49987	2.50088	0.42845	0.30243	-0.35650	1.08756	0.99997	0.00622	-0.00528	-0.00618	0.99995	0.00748	0.00532	-0.00744	0.99996		-92.24550	29.19378	-2.13973	0.19106	0.76001	-1.35148	0.21797	0.99963	0.02358	-0.01326	-0.02354	0.99972	0.00333	0.01334	-0.00302	0.99991	
114	0.57000	25.94686	-29.53097	2.40675	0.41509	0.30567	-0.36272	1.09552	0.99997	0.00633	-0.00533	-0.00629	0.99995	0.00724	0.00538	-0.00721	0.99996		-92.24119	29.15308	-2.13488	0.18169	0.75929	-1.34879	0.22288	0.99964	0.02354	-0.01325	-0.02350	0.99972	0.00317	0.01332	-0.00286	0.99991	
115	0.57500	25.91287	-29.54493	2.28551	0.40394	0.31513	-0.36274	1.08453	0.99996	0.00633	-0.00550	-0.00629	0.99996	0.00705	0.00554	-0.00701	0.99996		-92.19401	29.13191	-2.11883	0.17323	0.75861	-1.35145	0.22126	0.99963	0.02358	-0.01324	-0.02355	0.99972	0.00302	0.01331	-0.00271	0.99991	
116	0.58000	25.87539	-29.55819	2.17922	0.39312	0.32261	-0.36532	1.07149	0.99996	0.00638	-0.00563	-0.00634	0.99996	0.00686	0.00567	-0.00683	0.99996		-92.13765	29.08004	-2.11852	0.15813	0.74887	-1.34726	0.20859	0.99964	0.02351	-0.01307	-0.02348	0.99972	0.00276	0.01313	-0.00245	0.99991	
117	0.58500	25.88055	-29.57341	2.06873	0.38018	0.32261	-0.36423	1.06938	0.99996	0.00636	-0.00563	-0.00632	0.99996	0.00664	0.00567	-0.00660	0.99996		-92.14791	29.01728	-2.09207	0.14005	0.74486	-1.34249	0.20885	0.99964	0.02343	-0.01300	-0.02340	0.99972	0.00244	0.01305	-0.00214	0.99991	
118	0.59000	25.99545	-29.59630	1.91590	0.36329	0.31855	-0.34668	1.10159	0.99997	0.00605	-0.00556	-0.00602	0.99996	0.00634	0.00560	-0.00631	0.99996		-92.11109	28.97440	-2.07929	0.12834	0.74180	-1.34291	0.21054	0.99964	0.02343	-0.01295	-0.02341	0.99972	0.00224	0.01300	-0.00194	0.99991	
119	0.59500	25.98328	-29.60098	1.77517	0.35265	0.32103	-0.35386	1.10373	0.99997	0.00618	-0.00560	-0.00614	0.99996	0.00615	0.00564	-0.00612	0.99997		-92.10179	28.92216	-2.06975	0.10770	0.73676	-1.34136	0.22054	0.99964	0.02341	-0.01286	-0.02338	0.99972	0.00188	0.01290	-0.00158	0.99992	
120	0.60000	25.97013	-29.61551	1.63748	0.34095	0.32240	-0.35136	1.08523	0.99997	0.00613	-0.00563	-0.00610	0.99996	0.00595	0.00566	-0.00592	0.99997		-92.04062	28.88470	-2.04437	0.09379	0.72631	-1.34136	0.22102	0.99965	0.02341	-0.01268	-0.02339	0.99973	0.00164	0.01271	-0.00134	0.99992	
121	0.60500	25.97001	-29.62754	1.51973	0.33071	0.32134	-0.35251	1.07408	0.99997	0.00615	-0.00561	-0.00612	0.99996	0.00577	0.00564	-0.00574	0.99997		-92.00446	28.84477	-2.02708	0.07696	0.71713	-1.33643	0.21331	0.99965	0.02332	-0.01252	-0.02331	0.99973	0.00134	0.01254	-0.00105	0.99992	
122	0.61000	25.99665	-29.63643	1.38838	0.31986	0.31870	-0.35160	1.09329	0.99997	0.00614	-0.00556	-0.00611	0.99997	0.00558	0.00560	-0.00555	0.99997		-91.99398	28.78546	-2.00947	0.05928	0.71591	-1.34188	0.22073	0.99965	0.02342	-0.01249	-0.02341	0.99973	0.00103	0.01252	-0.00074	0.99992	
123	0.61500	25.96544	-29.63779	1.26606	0.31001	0.32037	-0.35396	1.09624	0.99997	0.00618	-0.00559	-0.00615	0.99997	0.00541	0.00562	-0.00538	0.99997		-91.95832	28.72879	-1.96229	0.03748	0.70507	-1.34240	0.23265	0.99965	0.02343	-0.01231	-0.02342	0.99973	0.00065	0.01232	-0.00037	0.99992	
124	0.62000	25.99287	-29.62885	1.14427	0.30042	0.31417	-0.35166	1.09434	0.99997	0.00614	-0.00548	-0.00611	0.99997	0.00524	0.00552	-0.00521	0.99997		-91.92607	28.71605	-1.93669	0.02289	0.69772	-1.34697	0.23996	0.99965	0.02351	-0.01218	-0.02350	0.99972	0.00040	0.01218	-0.00011	0.99993	
125	0.62500	26.02792	-29.64355	0.99330	0.28613	0.30767	-0.35474	1.08249	0.99997	0.00619	-0.00537	-0.00616	0.99997	0.00499	0.00540	-0.00496	0.99997		-91.84815	28.65988	-1.91920	0.00125	0.68150	-1.34273	0.22233	0.99965	0.02343	-0.01189	-0.02343	0.99973	0.00002	0.01189	0.00026	0.99993	
126	0.63000	25.98226	-29.65422	0.87566	0.27870	0.30620	-0.35785	1.09508	0.99997	0.00625	-0.00534	-0.00622	0.99997	0.00486	0.00537	-0.00483	0.99997		-91.82332	28.61860	-1.88051	-0.01995	0.67588	-1.34180	0.22168	0.99966	0.02342	-0.01180	-0.02342	0.99973	-0.00035	0.01178	0.00062	0.99993	
127	0.63500	26.02276	-29.66223	0.75648	0.26683	0.30700	-0.35958	1.08255	0.99997	0.00628	-0.00536	-0.00625	0.99997	0.00466	0.00539	-0.00462	0.99997		-91.82258	28.58233	-1.84135	-0.03726	0.66828	-1.34687	0.23325	0.99966	0.02350	-0.01166	-0.02351	0.99972	-0.00065	0.01164	0.00092	0.99993	
128	0.64000	26.02702	-29.65855	0.62352	0.25960	0.30195	-0.36210	1.08030	0.99997	0.00632	-0.00527	-0.00630	0.99997	0.00453	0.00530	-0.00450	0.99998		-91.81690	28.53535	-1.80622	-0.05921	0.65982	-1.34311	0.23414	0.99966	0.02344	-0.01152	-0.02345	0.99972	-0.00103	0.01149	0.00130	0.99993	
129	0.64500	25.97959	-29.66262	0.49132	0.24944	0.29855	-0.36034	1.08733	0.99997	0.00629	-0.00521	-0.00627	0.99997	0.00435	0.00524	-0.00432	0.99998		-91.73483	28.49135	-1.78062	-0.08092	0.64574	-1.34446	0.21578	0.99966	0.02346	-0.01127	-0.02348	0.99972	-0.00141	0.01123	0.00168	0.99994	
130	0.65000	26.00719	-29.67615	0.36605	0.23787	0.29754	-0.35417	1.09101	0.99997	0.00618	-0.00519	-0.00616	0.99997	0.00415	0.00522	-0.00412	0.99998		-91.73427	28.45450	-1.73290	-0.10054	0.63848	-1.34178	0.22646	0.99966	0.02341	-0.01114	-0.02344	0.99972	-0.00175	0.01110	0.00202	0.99994	
131	0.65500	26.07461	-29.71791	0.23097	0.22230	0.29315	-0.33998	1.10967	0.99997	0.00593	-0.00512	-0.00591	0.99997	0.00388	0.00514	-0.00385	0.99998		-91.68940	28.40941	-1.68534	-0.12387	0.62620	-1.34286	0.23258	0.99967	0.02343	-0.01093	-0.02346	0.99972	-0.00216	0.01088	0.00242	0.99994	
132	0.66000	26.10460	-29.70525	0.07967	0.21710	0.28200	-0.34036	1.11044	0.99997	0.00594	-0.00492	-0.00592	0.99998	0.00379	0.00494	-0.00376	0.99998		-91.65960	28.34760	-1.62863	-0.15068	0.61021	-1.33578	0.21542	0.99967	0.02331	-0.01065	-0.02334	0.99972	-0.00263	0.01059	0.00288	0.99994	
133	0.66500	26.11559	-29.70444	-0.04787	0.20996	0.27851	-0.34473	1.07457	0.99997	0.00602	-0.00486	-0.00600	0.99998	0.00366	0.00488	-0.00364	0.99998		-91.63740	28.27209	-1.58012	-0.17921	0.59812	-1.33376	0.23184	0.99967	0.02328	-0.01044	-0.02331	0.99972	-0.00313	0.01036	0.00337	0.99994	
134	0.67000	26.15974	-29.68292	-0.16931	0.20629	0.26335	-0.35100	1.08661	0.99997	0.00613	-0.00460	-0.00611	0.99997	0.00360	0.00462	-0.00357	0.99998		-91.58449	28.19501	-1.53600	-0.20912	0.58142	-1.33176	0.21770	0.99968	0.02324	-0.01015	-0.02328	0.99972	-0.00365	0.01006	0.00388	0.99994	
135	0.67500	26.13950	-29.67913	-0.28255	0.20332	0.25632	-0.35024	1.09582	0.99997	0.00611	-0.00447	-0.00610	0.99998	0.00355	0.00450	-0.00352	0.99998		-91.56365	28.15653	-1.48368	-0.23452	0.56820	-1.33090	0.22702	0.99968	0.02323	-0.00992	-0.02327	0.99972	-0.00409	0.00982	0.00432	0.99994	
136	0.68000	26.16170	-29.66881	-0.39286	0.19790	0.24908	-0.34844	1.10448	0.99997	0.00608	-0.00435	-0.00607	0.99998	0.00345	0.00437	-0.00343	0.99998		-91.52905	28.12892	-1.43993	-0.25635	0.55394	-1.33149	0.22167	0.99968	0.02324	-0.00967	-0.02328	0.99972	-0.00447	0.00956	0.00470	0.99994	
137	0.68500	26.16966	-29.64257	-0.50554	0.19768	0.24615	-0.35000	1.08507	0.99997	0.00611	-0.00430	-0.00609	0.99998	0.00345	0.00432	-0.00342	0.99998		-91.47323	28.06508	-1.36248	-0.28397	0.53950	-1.33645	0.24625	0.99968	0.02332	-0.00942	-0.02337	0.99971	-0.00496	0.00930	0.00517	0.99994	
138	0.69000	26.22347	-29.64365	-0.60915	0.19160	0.22695	-0.34965	1.10698	0.99997	0.00610	-0.00396	-0.00609	0.99998	0.00334	0.00398	-0.00332	0.99999		-91.44032	28.02187	-1.31806	-0.31058	0.52355	-1.33500	0.23499	0.99969	0.02330	-0.00914	-0.02335	0.99971	-0.00542	0.00901	0.00563	0.99994	
