NO_OF_FRAMES	12041
NO_OF_CAMERAS	8
NO_OF_BODIES	2
FREQUENCY	200
NO_OF_ANALOG	0
ANALOG_FREQUENCY	0
DESCRIPTION	--
TIME_STAMP	2013-07-03, 15:57:29	26265.88573576
DATA_INCLUDED	6D
BODY_NAMES	Ice 1	Ice 2
Frame	Time	Ice 1 X	Y	Z	Roll	Pitch	Yaw	Residual	Rot[0]	Rot[1]	Rot[2]	Rot[3]	Rot[4]	Rot[5]	Rot[6]	Rot[7]	Rot[8]	Ice 2 X	Y	Z	Roll	Pitch	Yaw	Residual	Rot[0]	Rot[1]	Rot[2]	Rot[3]	Rot[4]	Rot[5]	Rot[6]	Rot[7]	Rot[8]	
1	0.00500	76.44802	4.65594	0.83703	0.37998	0.00500	0.24380	1.11866	0.99999	-0.00426	-0.00009	0.00426	0.99997	0.00663	0.00006	-0.00663	0.99998		17.39640	-53.90326	-1.82491	-0.17593	0.42582	-1.93244	0.26085	0.99940	0.03372	-0.00743	-0.03374	0.99943	-0.00307	0.00732	0.00332	0.99997	
2	0.01000	76.36387	4.59970	0.82268	0.37011	0.01160	0.23806	1.07125	0.99999	-0.00415	-0.00020	0.00416	0.99997	0.00646	0.00018	-0.00646	0.99998		17.31849	-53.88415	-1.86335	-0.17965	0.44016	-1.93598	0.22461	0.99940	0.03378	-0.00768	-0.03381	0.99942	-0.00314	0.00757	0.00339	0.99997	
3	0.01500	76.34311	4.59450	0.82188	0.36843	0.01520	0.23223	1.07027	0.99999	-0.00405	-0.00027	0.00405	0.99997	0.00643	0.00024	-0.00643	0.99998		17.36638	-53.88518	-1.88838	-0.19014	0.43612	-1.93672	0.22307	0.99940	0.03379	-0.00761	-0.03382	0.99942	-0.00332	0.00750	0.00357	0.99997	
4	0.02000	76.34245	4.62183	0.82522	0.37321	0.01359	0.23070	1.05671	0.99999	-0.00403	-0.00024	0.00403	0.99997	0.00651	0.00021	-0.00651	0.99998		17.34821	-53.92920	-1.87865	-0.20473	0.43654	-1.93105	0.21785	0.99940	0.03370	-0.00762	-0.03372	0.99942	-0.00357	0.00749	0.00383	0.99996	
5	0.02500	76.38444	4.63331	0.81181	0.37595	0.01086	0.23158	1.06767	0.99999	-0.00404	-0.00019	0.00404	0.99997	0.00656	0.00016	-0.00656	0.99998		17.37309	-53.93235	-1.90728	-0.21715	0.43079	-1.93174	0.23254	0.99940	0.03371	-0.00752	-0.03374	0.99942	-0.00379	0.00739	0.00404	0.99996	
6	0.03000	76.33855	4.64122	0.81849	0.37833	0.00846	0.22222	1.04847	0.99999	-0.00388	-0.00015	0.00388	0.99997	0.00660	0.00012	-0.00660	0.99998		17.37131	-53.94470	-1.92322	-0.23079	0.42867	-1.93224	0.21359	0.99940	0.03372	-0.00748	-0.03375	0.99942	-0.00403	0.00734	0.00428	0.99996	
7	0.03500	76.36227	4.68038	0.80631	0.38321	0.00377	0.22620	1.06845	0.99999	-0.00395	-0.00007	0.00395	0.99997	0.00669	0.00004	-0.00669	0.99998		17.37355	-53.94991	-1.93958	-0.24230	0.43027	-1.93081	0.22047	0.99940	0.03369	-0.00751	-0.03372	0.99942	-0.00423	0.00736	0.00448	0.99996	
8	0.04000	76.35835	4.69511	0.80346	0.38635	0.00459	0.22593	1.05601	0.99999	-0.00394	-0.00008	0.00394	0.99997	0.00674	0.00005	-0.00674	0.99998		17.39654	-53.95992	-1.94700	-0.25439	0.42457	-1.92974	0.21779	0.99941	0.03367	-0.00741	-0.03371	0.99942	-0.00444	0.00726	0.00469	0.99996	
9	0.04500	76.35455	4.69816	0.79407	0.38659	0.00307	0.22473	1.06240	0.99999	-0.00392	-0.00005	0.00392	0.99997	0.00675	0.00003	-0.00675	0.99998		17.38124	-53.98522	-1.95010	-0.26878	0.42512	-1.92971	0.21900	0.99941	0.03367	-0.00742	-0.03371	0.99942	-0.00469	0.00726	0.00494	0.99996	
10	0.05000	76.39209	4.70547	0.78778	0.39147	0.00073	0.22287	1.06441	0.99999	-0.00389	-0.00001	0.00389	0.99997	0.00683	-0.00001	-0.00683	0.99998		17.40221	-54.01134	-1.96600	-0.28108	0.42181	-1.92957	0.22505	0.99941	0.03367	-0.00736	-0.03371	0.99942	-0.00491	0.00719	0.00515	0.99996	
11	0.05500	76.19071	4.58510	0.86269	0.39916	-0.00687	0.23302	1.15607	0.99999	-0.00407	0.00012	0.00407	0.99997	0.00697	-0.00015	-0.00697	0.99998		17.40595	-54.01813	-1.97327	-0.29565	0.41860	-1.92075	0.20947	0.99941	0.03352	-0.00731	-0.03355	0.99942	-0.00516	0.00713	0.00540	0.99996	
12	0.06000	76.15412	4.59356	0.85467	0.40118	-0.00619	0.23257	1.15133	0.99999	-0.00406	0.00011	0.00406	0.99997	0.00700	-0.00014	-0.00700	0.99998		17.40208	-54.03828	-1.99314	-0.30812	0.41403	-1.92331	0.20045	0.99941	0.03356	-0.00723	-0.03360	0.99942	-0.00538	0.00704	0.00562	0.99996	
13	0.06500	76.15641	4.60640	0.85359	0.40841	-0.00795	0.23677	1.14471	0.99999	-0.00413	0.00014	0.00413	0.99997	0.00713	-0.00017	-0.00713	0.99997		17.41920	-54.04796	-2.00112	-0.31748	0.41405	-1.92390	0.21059	0.99941	0.03357	-0.00723	-0.03361	0.99942	-0.00554	0.00704	0.00578	0.99996	
14	0.07000	76.14597	4.60487	0.85668	0.41323	-0.01164	0.23090	1.14472	0.99999	-0.00403	0.00020	0.00403	0.99997	0.00721	-0.00023	-0.00721	0.99997		17.47587	-54.10853	-2.00780	-0.33993	0.40318	-1.92387	0.23008	0.99941	0.03357	-0.00704	-0.03361	0.99942	-0.00593	0.00683	0.00617	0.99996	
15	0.07500	76.12541	4.62053	0.84337	0.41786	-0.01040	0.23452	1.15923	0.99999	-0.00409	0.00018	0.00409	0.99996	0.00729	-0.00021	-0.00729	0.99997		17.43245	-54.11318	-2.02404	-0.34528	0.40924	-1.92498	0.21534	0.99941	0.03359	-0.00714	-0.03363	0.99942	-0.00603	0.00694	0.00626	0.99996	
16	0.08000	76.13706	4.63274	0.82216	0.42228	-0.01559	0.23541	1.18189	0.99999	-0.00411	0.00027	0.00411	0.99996	0.00737	-0.00030	-0.00737	0.99997		17.46127	-54.14402	-2.02681	-0.36407	0.40300	-1.92298	0.22902	0.99941	0.03356	-0.00703	-0.03360	0.99942	-0.00635	0.00682	0.00659	0.99996	
17	0.08500	76.13341	4.65104	0.83807	0.42711	-0.01041	0.23762	1.17156	0.99999	-0.00415	0.00018	0.00415	0.99996	0.00745	-0.00021	-0.00745	0.99997		17.48966	-54.15604	-2.02572	-0.37660	0.39618	-1.92337	0.22081	0.99941	0.03356	-0.00691	-0.03361	0.99941	-0.00657	0.00669	0.00680	0.99995	
18	0.09000	76.17411	4.65446	0.81344	0.43372	-0.02380	0.23676	1.18274	0.99999	-0.00413	0.00042	0.00413	0.99996	0.00757	-0.00045	-0.00757	0.99997		17.48610	-54.18281	-2.05442	-0.38676	0.39793	-1.92482	0.23608	0.99941	0.03359	-0.00695	-0.03363	0.99941	-0.00675	0.00671	0.00698	0.99995	
19	0.09500	76.17688	4.66787	0.80169	0.43935	-0.02336	0.23015	1.17875	0.99999	-0.00402	0.00041	0.00401	0.99996	0.00767	-0.00044	-0.00767	0.99997		17.49416	-54.21128	-2.06178	-0.39869	0.39504	-1.92479	0.23546	0.99941	0.03359	-0.00689	-0.03363	0.99941	-0.00696	0.00666	0.00719	0.99995	
20	0.10000	76.16638	4.67679	0.81521	0.44563	-0.02139	0.23189	1.18007	0.99999	-0.00405	0.00037	0.00404	0.99996	0.00778	-0.00040	-0.00778	0.99997		17.48079	-54.22195	-2.06512	-0.40773	0.39463	-1.92251	0.22091	0.99941	0.03355	-0.00689	-0.03360	0.99941	-0.00712	0.00664	0.00734	0.99995	
21	0.10500	76.12107	4.68385	0.80607	0.45158	-0.01968	0.23514	1.18391	0.99999	-0.00410	0.00034	0.00410	0.99996	0.00788	-0.00038	-0.00788	0.99997		17.50671	-54.21492	-2.07341	-0.41541	0.39284	-1.92544	0.22747	0.99941	0.03360	-0.00686	-0.03365	0.99941	-0.00725	0.00661	0.00748	0.99995	
22	0.11000	76.14678	4.69302	0.79732	0.45687	-0.02345	0.23601	1.18440	0.99999	-0.00412	0.00041	0.00412	0.99996	0.00797	-0.00044	-0.00797	0.99997		17.49472	-54.25533	-2.09291	-0.42708	0.39152	-1.92055	0.22222	0.99941	0.03351	-0.00683	-0.03356	0.99941	-0.00745	0.00658	0.00768	0.99995	
23	0.11500	76.17189	4.71359	0.79920	0.46416	-0.02629	0.23588	1.19293	0.99999	-0.00412	0.00046	0.00411	0.99996	0.00810	-0.00049	-0.00810	0.99997		17.50775	-54.26166	-2.10099	-0.43267	0.38959	-1.92519	0.23354	0.99941	0.03359	-0.00680	-0.03364	0.99941	-0.00755	0.00654	0.00778	0.99995	
24	0.12000	76.17115	4.71871	0.79435	0.47093	-0.02521	0.23867	1.18815	0.99999	-0.00417	0.00044	0.00416	0.99996	0.00822	-0.00047	-0.00822	0.99997		17.53617	-54.26505	-2.11360	-0.43858	0.38646	-1.92699	0.22603	0.99941	0.03363	-0.00674	-0.03368	0.99940	-0.00765	0.00648	0.00788	0.99995	
25	0.12500	76.17814	4.74009	0.79388	0.48150	-0.03167	0.23636	1.20739	0.99999	-0.00413	0.00055	0.00412	0.99996	0.00840	-0.00059	-0.00840	0.99996		17.51340	-54.29782	-2.12058	-0.44755	0.38514	-1.92907	0.23339	0.99941	0.03366	-0.00672	-0.03371	0.99940	-0.00781	0.00645	0.00803	0.99995	
26	0.13000	76.15663	4.73102	0.77968	0.48234	-0.02489	0.23706	1.20388	0.99999	-0.00414	0.00043	0.00413	0.99996	0.00842	-0.00047	-0.00842	0.99996		17.52538	-54.30682	-2.13274	-0.45591	0.38352	-1.92623	0.22591	0.99941	0.03361	-0.00669	-0.03366	0.99940	-0.00796	0.00642	0.00818	0.99995	
27	0.13500	76.14603	4.75688	0.78116	0.49512	-0.02645	0.23561	1.19547	0.99999	-0.00411	0.00046	0.00411	0.99995	0.00864	-0.00050	-0.00864	0.99996		17.50896	-54.30672	-2.14054	-0.45825	0.38305	-1.92936	0.22963	0.99941	0.03367	-0.00669	-0.03372	0.99940	-0.00800	0.00641	0.00822	0.99995	
28	0.14000	76.18784	4.75709	0.77129	0.50178	-0.03297	0.24058	1.21511	0.99999	-0.00420	0.00058	0.00419	0.99995	0.00876	-0.00061	-0.00876	0.99996		17.51768	-54.33741	-2.15212	-0.46870	0.37933	-1.92354	0.23031	0.99941	0.03357	-0.00662	-0.03362	0.99940	-0.00818	0.00634	0.00840	0.99994	
29	0.14500	76.18750	4.76938	0.75659	0.50980	-0.03573	0.23372	1.20290	0.99999	-0.00408	0.00062	0.00407	0.99995	0.00890	-0.00066	-0.00890	0.99996		17.49844	-54.31383	-2.16040	-0.46852	0.38246	-1.92702	0.24115	0.99941	0.03363	-0.00668	-0.03368	0.99940	-0.00818	0.00640	0.00840	0.99994	
30	0.15000	76.17071	4.79633	0.76960	0.52153	-0.02919	0.23753	1.22366	0.99999	-0.00415	0.00051	0.00414	0.99995	0.00910	-0.00055	-0.00910	0.99996		17.53299	-54.34832	-2.17241	-0.47541	0.37688	-1.92663	0.23925	0.99941	0.03362	-0.00658	-0.03367	0.99940	-0.00830	0.00629	0.00851	0.99994	
31	0.15500	76.17100	4.78095	0.76810	0.52479	-0.03237	0.23910	1.20927	0.99999	-0.00417	0.00057	0.00417	0.99995	0.00916	-0.00060	-0.00916	0.99996		17.54166	-54.36595	-2.18433	-0.48070	0.37287	-1.92545	0.23516	0.99941	0.03360	-0.00651	-0.03365	0.99940	-0.00839	0.00622	0.00860	0.99994	
32	0.16000	76.17246	4.81499	0.76971	0.53670	-0.03245	0.23607	1.21393	0.99999	-0.00412	0.00057	0.00411	0.99995	0.00937	-0.00060	-0.00936	0.99996		17.54566	-54.36740	-2.20084	-0.48227	0.36979	-1.92787	0.24060	0.99941	0.03364	-0.00645	-0.03369	0.99940	-0.00842	0.00617	0.00863	0.99994	
33	0.16500	76.17410	4.80708	0.75697	0.54290	-0.03423	0.23622	1.21866	0.99999	-0.00412	0.00060	0.00412	0.99995	0.00948	-0.00064	-0.00947	0.99995		17.55495	-54.37625	-2.21309	-0.48569	0.36544	-1.92637	0.22161	0.99941	0.03361	-0.00638	-0.03367	0.99940	-0.00848	0.00609	0.00869	0.99994	
34	0.17000	76.21106	4.81550	0.76527	0.55177	-0.03546	0.23510	1.22257	0.99999	-0.00410	0.00062	0.00410	0.99995	0.00963	-0.00066	-0.00963	0.99995		17.51802	-54.38239	-2.20875	-0.48467	0.37366	-1.92851	0.24931	0.99941	0.03365	-0.00652	-0.03371	0.99940	-0.00846	0.00623	0.00867	0.99994	
35	0.17500	76.20059	4.82482	0.75432	0.56263	-0.03534	0.23142	1.20750	0.99999	-0.00404	0.00062	0.00403	0.99994	0.00982	-0.00066	-0.00982	0.99995		17.53394	-54.39825	-2.20377	-0.48891	0.36526	-1.92836	0.22989	0.99941	0.03365	-0.00637	-0.03370	0.99940	-0.00853	0.00608	0.00874	0.99994	
36	0.18000	76.24334	4.83964	0.76260	0.57290	-0.03941	0.23595	1.22813	0.99999	-0.00412	0.00069	0.00411	0.99994	0.01000	-0.00073	-0.01000	0.99995		17.57036	-54.40287	-2.22089	-0.48682	0.35877	-1.93408	0.23636	0.99941	0.03375	-0.00626	-0.03380	0.99939	-0.00850	0.00597	0.00870	0.99994	
37	0.18500	76.23549	4.84540	0.75493	0.58053	-0.03742	0.23662	1.21664	0.99999	-0.00413	0.00065	0.00412	0.99994	0.01013	-0.00069	-0.01013	0.99995		17.58277	-54.43883	-2.22033	-0.49178	0.35784	-1.92926	0.23751	0.99941	0.03366	-0.00625	-0.03372	0.99939	-0.00858	0.00595	0.00879	0.99994	
38	0.19000	76.23244	4.85693	0.76360	0.59160	-0.04042	0.23951	1.22566	0.99999	-0.00418	0.00071	0.00417	0.99994	0.01033	-0.00075	-0.01032	0.99995		17.56344	-54.42729	-2.21606	-0.48829	0.35966	-1.92599	0.23271	0.99942	0.03361	-0.00628	-0.03366	0.99940	-0.00852	0.00599	0.00873	0.99994	
39	0.19500	76.22995	4.87245	0.76241	0.60146	-0.03924	0.23760	1.23238	0.99999	-0.00415	0.00068	0.00414	0.99994	0.01050	-0.00073	-0.01049	0.99994		17.56673	-54.43176	-2.22425	-0.48849	0.35638	-1.92571	0.22893	0.99942	0.03360	-0.00622	-0.03366	0.99940	-0.00853	0.00593	0.00873	0.99994	
40	0.20000	76.24160	4.85960	0.76259	0.60840	-0.03969	0.23924	1.21963	0.99999	-0.00418	0.00069	0.00417	0.99993	0.01062	-0.00074	-0.01062	0.99994		17.56967	-54.44258	-2.23267	-0.48678	0.35482	-1.92836	0.23623	0.99941	0.03365	-0.00619	-0.03370	0.99940	-0.00850	0.00590	0.00870	0.99994	
41	0.20500	76.23527	4.87371	0.76163	0.61770	-0.04112	0.24020	1.24022	0.99999	-0.00419	0.00072	0.00418	0.99993	0.01078	-0.00076	-0.01078	0.99994		17.59874	-54.43187	-2.22091	-0.48201	0.35258	-1.93282	0.23020	0.99941	0.03373	-0.00615	-0.03378	0.99939	-0.00841	0.00587	0.00862	0.99995	
42	0.21000	76.23405	4.88779	0.76781	0.62751	-0.04043	0.23722	1.22087	0.99999	-0.00414	0.00071	0.00413	0.99993	0.01095	-0.00075	-0.01095	0.99994		17.60251	-54.45525	-2.22483	-0.48210	0.35290	-1.92153	0.22458	0.99942	0.03353	-0.00616	-0.03358	0.99940	-0.00841	0.00587	0.00862	0.99995	
43	0.21500	76.26629	4.90720	0.77873	0.64088	-0.04483	0.23976	1.22912	0.99999	-0.00418	0.00078	0.00418	0.99993	0.01119	-0.00083	-0.01118	0.99994		17.58050	-54.46210	-2.21609	-0.47976	0.35256	-1.92618	0.23229	0.99942	0.03361	-0.00615	-0.03366	0.99940	-0.00837	0.00587	0.00858	0.99995	
44	0.22000	76.26074	4.90680	0.75729	0.64854	-0.04711	0.23519	1.23208	0.99999	-0.00410	0.00082	0.00410	0.99993	0.01132	-0.00087	-0.01132	0.99994		17.60414	-54.46720	-2.21199	-0.47694	0.34638	-1.92925	0.23248	0.99941	0.03366	-0.00605	-0.03371	0.99940	-0.00832	0.00576	0.00852	0.99995	
45	0.22500	76.26663	4.90524	0.78214	0.65960	-0.04556	0.23635	1.22813	0.99999	-0.00412	0.00080	0.00412	0.99993	0.01151	-0.00084	-0.01151	0.99993		17.60449	-54.46182	-2.20829	-0.46946	0.34501	-1.92828	0.23301	0.99942	0.03365	-0.00602	-0.03370	0.99940	-0.00819	0.00574	0.00839	0.99995	
46	0.23000	76.28140	4.91367	0.76329	0.66740	-0.04278	0.24304	1.24451	0.99999	-0.00424	0.00075	0.00423	0.99992	0.01165	-0.00080	-0.01164	0.99993		17.61591	-54.47027	-2.20030	-0.46480	0.34603	-1.93160	0.23997	0.99941	0.03371	-0.00604	-0.03375	0.99940	-0.00811	0.00576	0.00831	0.99995	
47	0.23500	76.27917	4.92380	0.76780	0.67732	-0.04247	0.23813	1.22635	0.99999	-0.00416	0.00074	0.00415	0.99992	0.01182	-0.00079	-0.01182	0.99993		17.62944	-54.48194	-2.19622	-0.46220	0.34421	-1.92789	0.23945	0.99942	0.03364	-0.00601	-0.03369	0.99940	-0.00807	0.00573	0.00826	0.99995	
48	0.24000	76.30634	4.94227	0.77065	0.68805	-0.04784	0.23628	1.24664	0.99999	-0.00412	0.00083	0.00411	0.99992	0.01201	-0.00088	-0.01200	0.99993		17.64891	-54.48371	-2.20101	-0.45729	0.34110	-1.93316	0.23825	0.99941	0.03373	-0.00595	-0.03378	0.99940	-0.00798	0.00568	0.00818	0.99995	
49	0.24500	76.31734	4.94263	0.76127	0.69620	-0.04865	0.23588	1.23553	0.99999	-0.00412	0.00085	0.00411	0.99992	0.01215	-0.00090	-0.01215	0.99993		17.63639	-54.48079	-2.18438	-0.45038	0.34265	-1.93102	0.23736	0.99941	0.03370	-0.00598	-0.03374	0.99940	-0.00786	0.00571	0.00806	0.99995	
50	0.25000	76.31692	4.94601	0.76605	0.70702	-0.05026	0.23749	1.24015	0.99999	-0.00414	0.00088	0.00413	0.99992	0.01234	-0.00093	-0.01234	0.99992		17.67511	-54.48929	-2.18100	-0.44468	0.33953	-1.93058	0.23109	0.99941	0.03369	-0.00593	-0.03373	0.99940	-0.00776	0.00566	0.00796	0.99995	
51	0.25500	76.32597	4.94656	0.74959	0.71590	-0.05170	0.23661	1.23539	0.99999	-0.00413	0.00090	0.00412	0.99991	0.01249	-0.00095	-0.01249	0.99992		17.65598	-54.47137	-2.16436	-0.43674	0.33826	-1.93295	0.24243	0.99941	0.03373	-0.00590	-0.03377	0.99940	-0.00762	0.00564	0.00782	0.99995	
52	0.26000	76.35758	4.94036	0.74552	0.72203	-0.05575	0.23678	1.24610	0.99999	-0.00413	0.00097	0.00412	0.99991	0.01260	-0.00103	-0.01260	0.99992		17.64713	-54.46049	-2.16084	-0.42802	0.33880	-1.93035	0.22732	0.99942	0.03368	-0.00591	-0.03373	0.99940	-0.00747	0.00566	0.00767	0.99995	
53	0.26500	76.32763	4.96635	0.76607	0.73376	-0.05207	0.23597	1.25432	0.99999	-0.00412	0.00091	0.00411	0.99991	0.01281	-0.00096	-0.01280	0.99992		17.63251	-54.48390	-2.14405	-0.42368	0.34304	-1.93465	0.24307	0.99941	0.03376	-0.00599	-0.03380	0.99940	-0.00739	0.00573	0.00759	0.99995	
54	0.27000	76.32802	4.97295	0.76971	0.74243	-0.04973	0.23615	1.23111	0.99999	-0.00412	0.00087	0.00411	0.99991	0.01296	-0.00092	-0.01295	0.99992		17.63822	-54.47946	-2.14063	-0.41525	0.34248	-1.93496	0.22993	0.99941	0.03376	-0.00598	-0.03381	0.99940	-0.00725	0.00573	0.00745	0.99996	
55	0.27500	76.29360	4.98608	0.77699	0.74973	-0.04375	0.23963	1.22717	0.99999	-0.00418	0.00076	0.00417	0.99991	0.01308	-0.00082	-0.01308	0.99991		17.64082	-54.46550	-2.11622	-0.40667	0.34320	-1.93712	0.23585	0.99941	0.03380	-0.00599	-0.03384	0.99940	-0.00710	0.00575	0.00730	0.99996	
56	0.28000	76.36029	4.98293	0.76202	0.75813	-0.05483	0.24175	1.22902	0.99999	-0.00422	0.00096	0.00421	0.99990	0.01323	-0.00101	-0.01323	0.99991		17.63218	-54.47597	-2.10812	-0.39860	0.34321	-1.94017	0.24396	0.99941	0.03386	-0.00599	-0.03390	0.99940	-0.00696	0.00575	0.00716	0.99996	
57	0.28500	76.34031	4.97681	0.75859	0.76327	-0.05156	0.23478	1.22458	0.99999	-0.00410	0.00090	0.00409	0.99990	0.01332	-0.00095	-0.01332	0.99991		17.65849	-54.45799	-2.08830	-0.38973	0.34570	-1.93759	0.24397	0.99941	0.03381	-0.00603	-0.03385	0.99940	-0.00680	0.00580	0.00700	0.99996	
58	0.29000	76.36831	4.99823	0.76536	0.77309	-0.05312	0.23867	1.22683	0.99999	-0.00417	0.00093	0.00415	0.99990	0.01349	-0.00098	-0.01349	0.99991		17.63368	-54.46945	-2.08465	-0.37972	0.34897	-1.93827	0.24264	0.99941	0.03382	-0.00609	-0.03386	0.99940	-0.00663	0.00586	0.00683	0.99996	
59	0.29500	76.33315	4.98248	0.77277	0.77771	-0.05030	0.23717	1.22885	0.99999	-0.00414	0.00088	0.00413	0.99990	0.01357	-0.00093	-0.01357	0.99991		17.63848	-54.45310	-2.06472	-0.36943	0.35106	-1.94009	0.23035	0.99941	0.03385	-0.00613	-0.03389	0.99940	-0.00645	0.00591	0.00665	0.99996	
60	0.30000	76.38923	5.00056	0.75729	0.78706	-0.05590	0.23416	1.23570	0.99999	-0.00409	0.00098	0.00407	0.99990	0.01374	-0.00103	-0.01373	0.99991		17.61692	-54.40822	-2.06627	-0.35068	0.35397	-1.94477	0.22953	0.99940	0.03394	-0.00618	-0.03397	0.99940	-0.00612	0.00597	0.00633	0.99996	
61	0.30500	76.36038	4.97062	0.77812	0.78790	-0.05587	0.23022	1.22687	0.99999	-0.00402	0.00098	0.00400	0.99990	0.01375	-0.00103	-0.01375	0.99991		17.58704	-54.41910	-2.05782	-0.34183	0.35614	-1.93939	0.22511	0.99941	0.03384	-0.00622	-0.03388	0.99941	-0.00597	0.00601	0.00617	0.99996	
62	0.31000	76.34038	4.97534	0.75986	0.79495	-0.05473	0.23312	1.22390	0.99999	-0.00407	0.00096	0.00405	0.99990	0.01387	-0.00101	-0.01387	0.99990		17.60779	-54.41374	-2.03767	-0.33411	0.35486	-1.94231	0.22067	0.99941	0.03389	-0.00619	-0.03393	0.99941	-0.00583	0.00599	0.00604	0.99996	
63	0.31500	76.40335	4.98132	0.78351	0.80041	-0.06065	0.23232	1.22108	0.99999	-0.00405	0.00106	0.00404	0.99989	0.01397	-0.00112	-0.01396	0.99990		17.60918	-54.40061	-2.00953	-0.32322	0.36020	-1.94233	0.22773	0.99941	0.03389	-0.00629	-0.03393	0.99941	-0.00564	0.00609	0.00585	0.99996	
64	0.32000	76.40225	4.99322	0.78742	0.80483	-0.06078	0.23500	1.23080	0.99999	-0.00410	0.00106	0.00409	0.99989	0.01405	-0.00112	-0.01404	0.99990		17.60205	-54.41302	-1.99277	-0.31775	0.36025	-1.94295	0.22275	0.99941	0.03390	-0.00629	-0.03394	0.99941	-0.00555	0.00610	0.00576	0.99996	
65	0.32500	76.34536	4.99180	0.78896	0.81115	-0.05875	0.22251	1.21247	0.99999	-0.00388	0.00103	0.00387	0.99989	0.01416	-0.00108	-0.01415	0.99990		17.63730	-54.40854	-1.98989	-0.30773	0.35992	-1.94802	0.22935	0.99940	0.03399	-0.00628	-0.03403	0.99941	-0.00537	0.00610	0.00558	0.99997	
66	0.33000	76.39681	4.96041	0.79125	0.80813	-0.05499	0.23707	1.23019	0.99999	-0.00414	0.00096	0.00412	0.99989	0.01410	-0.00102	-0.01410	0.99990		17.63637	-54.38562	-1.96535	-0.29717	0.36131	-1.94613	0.23712	0.99940	0.03396	-0.00631	-0.03399	0.99941	-0.00519	0.00613	0.00540	0.99997	
67	0.33500	76.34080	4.99388	0.81307	0.81849	-0.06144	0.22224	1.19955	0.99999	-0.00388	0.00107	0.00386	0.99989	0.01428	-0.00113	-0.01428	0.99990		17.59865	-54.39047	-1.94050	-0.28763	0.36792	-1.94855	0.24477	0.99940	0.03400	-0.00642	-0.03403	0.99941	-0.00502	0.00625	0.00524	0.99997	
68	0.34000	76.36493	4.99043	0.81645	0.82367	-0.06339	0.21650	1.19157	0.99999	-0.00378	0.00111	0.00376	0.99989	0.01438	-0.00116	-0.01437	0.99990		17.62279	-54.38480	-1.92484	-0.27861	0.36803	-1.94887	0.23497	0.99940	0.03401	-0.00642	-0.03404	0.99941	-0.00486	0.00625	0.00508	0.99997	
69	0.34500	76.35964	4.96393	0.82892	0.82030	-0.06203	0.21664	1.20164	0.99999	-0.00378	0.00108	0.00377	0.99989	0.01432	-0.00114	-0.01431	0.99990		17.61258	-54.39022	-1.90869	-0.27103	0.37358	-1.95309	0.24029	0.99940	0.03408	-0.00652	-0.03411	0.99941	-0.00473	0.00636	0.00495	0.99997	
70	0.35000	76.36829	4.94695	0.84019	0.82010	-0.06555	0.21726	1.19946	0.99999	-0.00379	0.00114	0.00378	0.99989	0.01431	-0.00120	-0.01431	0.99990		17.60370	-54.39476	-1.87979	-0.26336	0.37850	-1.94708	0.24613	0.99940	0.03398	-0.00661	-0.03401	0.99941	-0.00460	0.00645	0.00482	0.99997	
71	0.35500	76.36516	4.96018	0.85045	0.82375	-0.06693	0.21938	1.21425	0.99999	-0.00383	0.00117	0.00381	0.99989	0.01438	-0.00122	-0.01437	0.99990		17.61478	-54.38108	-1.86369	-0.25409	0.37469	-1.95294	0.23660	0.99940	0.03408	-0.00654	-0.03411	0.99941	-0.00443	0.00638	0.00465	0.99997	
72	0.36000	76.37662	4.94118	0.85372	0.82369	-0.06639	0.21248	1.18960	0.99999	-0.00371	0.00116	0.00369	0.99989	0.01438	-0.00121	-0.01437	0.99990		17.60171	-54.37018	-1.83890	-0.24535	0.37636	-1.94785	0.22617	0.99940	0.03399	-0.00657	-0.03402	0.99941	-0.00428	0.00642	0.00450	0.99997	
73	0.36500	76.38607	4.92789	0.86648	0.81926	-0.06979	0.21397	1.19910	0.99999	-0.00373	0.00122	0.00372	0.99989	0.01430	-0.00127	-0.01429	0.99990		17.61983	-54.36112	-1.81941	-0.23585	0.38523	-1.95506	0.23914	0.99940	0.03411	-0.00672	-0.03414	0.99941	-0.00412	0.00658	0.00434	0.99997	
74	0.37000	76.41713	4.91799	0.86257	0.81788	-0.07365	0.21395	1.20000	0.99999	-0.00373	0.00129	0.00372	0.99989	0.01427	-0.00134	-0.01427	0.99990		17.57763	-54.36884	-1.79842	-0.22948	0.38841	-1.95153	0.22578	0.99940	0.03405	-0.00678	-0.03408	0.99941	-0.00401	0.00664	0.00423	0.99997	
75	0.37500	76.39131	4.91535	0.88234	0.81806	-0.07154	0.20936	1.18827	0.99999	-0.00365	0.00125	0.00364	0.99989	0.01428	-0.00130	-0.01427	0.99990		17.58297	-54.34933	-1.77844	-0.21928	0.39320	-1.94977	0.23498	0.99940	0.03402	-0.00686	-0.03405	0.99941	-0.00383	0.00673	0.00406	0.99997	
76	0.38000	76.38398	4.90541	0.88911	0.81376	-0.07105	0.21351	1.18828	0.99999	-0.00373	0.00124	0.00371	0.99989	0.01420	-0.00129	-0.01420	0.99990		17.59429	-54.33735	-1.75842	-0.21077	0.39664	-1.95180	0.23642	0.99940	0.03406	-0.00692	-0.03408	0.99941	-0.00368	0.00679	0.00391	0.99997	
77	0.38500	76.39161	4.88012	0.88989	0.80766	-0.07392	0.21062	1.18882	0.99999	-0.00368	0.00129	0.00366	0.99989	0.01410	-0.00134	-0.01409	0.99990		17.59374	-54.33606	-1.73792	-0.20298	0.39780	-1.95561	0.23601	0.99939	0.03412	-0.00694	-0.03415	0.99941	-0.00354	0.00682	0.00378	0.99997	
78	0.39000	76.46686	4.83346	0.86545	0.79710	-0.07211	0.22489	1.21248	0.99999	-0.00393	0.00126	0.00391	0.99990	0.01391	-0.00131	-0.01391	0.99990		17.55626	-54.33667	-1.72144	-0.19667	0.40498	-1.95363	0.23609	0.99939	0.03409	-0.00707	-0.03411	0.99941	-0.00343	0.00695	0.00367	0.99997	
79	0.39500	76.44264	4.84263	0.88701	0.79877	-0.07795	0.21705	1.19459	0.99999	-0.00379	0.00136	0.00377	0.99990	0.01394	-0.00141	-0.01394	0.99990		17.57915	-54.32301	-1.69322	-0.18785	0.40593	-1.95967	0.23620	0.99939	0.03420	-0.00708	-0.03422	0.99941	-0.00328	0.00697	0.00352	0.99997	
80	0.40000	76.42335	4.84183	0.89832	0.79351	-0.07400	0.22027	1.19753	0.99999	-0.00384	0.00129	0.00383	0.99990	0.01385	-0.00134	-0.01384	0.99990		17.55368	-54.31455	-1.68901	-0.18294	0.40838	-1.95514	0.22787	0.99939	0.03412	-0.00713	-0.03414	0.99941	-0.00319	0.00701	0.00343	0.99997	
81	0.40500	76.48150	4.80400	0.88899	0.78216	-0.07093	0.23305	1.21521	0.99999	-0.00407	0.00124	0.00405	0.99990	0.01365	-0.00129	-0.01365	0.99991		17.59105	-54.30955	-1.66516	-0.17370	0.41023	-1.95729	0.22817	0.99939	0.03415	-0.00716	-0.03418	0.99941	-0.00303	0.00705	0.00327	0.99997	
82	0.41000	76.46509	4.78475	0.90349	0.77736	-0.07219	0.23043	1.21984	0.99999	-0.00402	0.00126	0.00400	0.99990	0.01357	-0.00131	-0.01356	0.99991		17.56047	-54.31097	-1.63994	-0.16972	0.41652	-1.95626	0.22602	0.99939	0.03414	-0.00727	-0.03416	0.99941	-0.00296	0.00716	0.00321	0.99997	
83	0.41500	76.49181	4.77827	0.90527	0.76895	-0.07749	0.23098	1.22438	0.99999	-0.00403	0.00135	0.00401	0.99990	0.01342	-0.00141	-0.01341	0.99991		17.60322	-54.30385	-1.62016	-0.16337	0.41527	-1.95832	0.22454	0.99939	0.03417	-0.00725	-0.03419	0.99941	-0.00285	0.00715	0.00310	0.99997	
84	0.42000	76.55426	4.76079	0.92274	0.76020	-0.08005	0.23272	1.22022	0.99999	-0.00406	0.00140	0.00404	0.99990	0.01327	-0.00145	-0.01326	0.99991		17.58570	-54.30612	-1.60793	-0.15916	0.42326	-1.95908	0.23282	0.99939	0.03418	-0.00739	-0.03421	0.99941	-0.00278	0.00729	0.00303	0.99997	
85	0.42500	76.51647	4.73442	0.92410	0.75375	-0.07855	0.22476	1.21547	0.99999	-0.00392	0.00137	0.00390	0.99991	0.01316	-0.00142	-0.01315	0.99991		17.57565	-54.29135	-1.57908	-0.15249	0.42728	-1.95757	0.22486	0.99939	0.03416	-0.00746	-0.03418	0.99941	-0.00266	0.00736	0.00291	0.99997	
86	0.43000	76.51055	4.71572	0.93552	0.74339	-0.08103	0.22495	1.21308	0.99999	-0.00393	0.00141	0.00391	0.99991	0.01297	-0.00147	-0.01297	0.99991		17.57642	-54.27414	-1.57566	-0.14730	0.42912	-1.95689	0.21968	0.99939	0.03415	-0.00749	-0.03417	0.99941	-0.00257	0.00740	0.00283	0.99997	
87	0.43500	76.51737	4.69673	0.93963	0.73376	-0.07946	0.22050	1.21345	0.99999	-0.00385	0.00139	0.00383	0.99991	0.01281	-0.00144	-0.01280	0.99992		17.57127	-54.29373	-1.54187	-0.14633	0.43195	-1.95680	0.22863	0.99939	0.03414	-0.00754	-0.03417	0.99941	-0.00255	0.00745	0.00281	0.99997	
88	0.44000	76.51081	4.68528	0.95945	0.72609	-0.07808	0.22440	1.22438	0.99999	-0.00392	0.00136	0.00390	0.99991	0.01267	-0.00141	-0.01267	0.99992		17.55164	-54.25763	-1.53004	-0.13786	0.43630	-1.96619	0.24405	0.99938	0.03431	-0.00761	-0.03433	0.99941	-0.00241	0.00753	0.00267	0.99997	
89	0.44500	76.48750	4.66718	0.96986	0.71311	-0.07991	0.22634	1.21257	0.99999	-0.00395	0.00139	0.00393	0.99991	0.01245	-0.00144	-0.01244	0.99992		17.54982	-54.26411	-1.50077	-0.13697	0.44096	-1.95909	0.23348	0.99939	0.03418	-0.00770	-0.03420	0.99941	-0.00239	0.00761	0.00265	0.99997	
90	0.45000	76.55092	4.66121	0.95053	0.70377	-0.08117	0.22549	1.21158	0.99999	-0.00394	0.00142	0.00392	0.99992	0.01228	-0.00146	-0.01228	0.99992		17.54047	-54.27735	-1.48412	-0.13451	0.44451	-1.95778	0.24249	0.99939	0.03416	-0.00776	-0.03418	0.99941	-0.00235	0.00767	0.00261	0.99997	
91	0.45500	76.56275	4.63866	0.97929	0.69292	-0.08312	0.22110	1.22014	0.99999	-0.00386	0.00145	0.00384	0.99992	0.01209	-0.00150	-0.01209	0.99993		17.56020	-54.26315	-1.45557	-0.13187	0.44725	-1.96029	0.22554	0.99938	0.03421	-0.00781	-0.03422	0.99941	-0.00230	0.00772	0.00257	0.99997	
92	0.46000	76.52138	4.62016	0.98405	0.68168	-0.08389	0.22266	1.21969	0.99999	-0.00389	0.00146	0.00387	0.99992	0.01190	-0.00151	-0.01189	0.99993		17.52288	-54.24103	-1.43049	-0.12576	0.45321	-1.96236	0.22256	0.99938	0.03424	-0.00791	-0.03426	0.99941	-0.00219	0.00783	0.00246	0.99997	
93	0.46500	76.51957	4.57303	1.00152	0.66711	-0.08305	0.22307	1.22157	0.99999	-0.00389	0.00145	0.00388	0.99992	0.01164	-0.00149	-0.01164	0.99993		17.55284	-54.24599	-1.43114	-0.12411	0.45551	-1.96437	0.23951	0.99938	0.03428	-0.00795	-0.03430	0.99941	-0.00217	0.00787	0.00244	0.99997	
94	0.47000	76.51440	4.57290	1.02050	0.65784	-0.08075	0.21935	1.20909	0.99999	-0.00383	0.00141	0.00381	0.99993	0.01148	-0.00145	-0.01148	0.99993		17.54094	-54.25514	-1.40569	-0.12746	0.45605	-1.95884	0.22457	0.99938	0.03418	-0.00796	-0.03420	0.99941	-0.00222	0.00788	0.00250	0.99997	
95	0.47500	76.49628	4.54518	1.00663	0.64236	-0.08098	0.22530	1.21313	0.99999	-0.00393	0.00141	0.00392	0.99993	0.01121	-0.00146	-0.01121	0.99994		17.54294	-54.22571	-1.39407	-0.12028	0.46019	-1.96465	0.22860	0.99938	0.03428	-0.00803	-0.03430	0.99941	-0.00210	0.00796	0.00237	0.99997	
96	0.48000	76.51656	4.52103	1.00591	0.63178	-0.08516	0.21920	1.21159	0.99999	-0.00383	0.00149	0.00381	0.99993	0.01103	-0.00153	-0.01102	0.99994		17.55931	-54.23809	-1.36908	-0.12163	0.46342	-1.95992	0.22830	0.99938	0.03420	-0.00809	-0.03422	0.99941	-0.00212	0.00801	0.00240	0.99996	
97	0.48500	76.47668	4.49201	1.02526	0.61746	-0.08406	0.21763	1.20497	0.99999	-0.00380	0.00147	0.00378	0.99993	0.01078	-0.00151	-0.01077	0.99994		17.53158	-54.22346	-1.35194	-0.12265	0.46587	-1.96173	0.23832	0.99938	0.03423	-0.00813	-0.03425	0.99941	-0.00214	0.00805	0.00242	0.99996	
98	0.49000	76.49220	4.46569	1.01988	0.60328	-0.08430	0.21792	1.22137	0.99999	-0.00380	0.00147	0.00379	0.99994	0.01053	-0.00151	-0.01052	0.99994		17.53720	-54.23179	-1.33548	-0.12127	0.46644	-1.96212	0.22887	0.99938	0.03424	-0.00814	-0.03426	0.99941	-0.00212	0.00806	0.00239	0.99996	
99	0.49500	76.47744	4.45296	1.02076	0.59126	-0.08430	0.21831	1.21393	0.99999	-0.00381	0.00147	0.00379	0.99994	0.01032	-0.00151	-0.01031	0.99995		17.53035	-54.23534	-1.33114	-0.12414	0.46840	-1.96276	0.22615	0.99938	0.03425	-0.00818	-0.03427	0.99941	-0.00217	0.00810	0.00245	0.99996	
100	0.50000	76.44779	4.42391	1.05044	0.57625	-0.08109	0.21740	1.22891	0.99999	-0.00379	0.00142	0.00378	0.99994	0.01006	-0.00145	-0.01005	0.99995		17.51707	-54.21787	-1.31424	-0.12433	0.47220	-1.95834	0.23011	0.99938	0.03417	-0.00824	-0.03419	0.99941	-0.00217	0.00816	0.00245	0.99996	
101	0.50500	76.44897	4.39558	1.05650	0.56310	-0.08292	0.21373	1.22139	0.99999	-0.00373	0.00145	0.00372	0.99994	0.00983	-0.00148	-0.00982	0.99995		17.52042	-54.21276	-1.30219	-0.12265	0.47629	-1.96336	0.23899	0.99938	0.03426	-0.00831	-0.03428	0.99941	-0.00214	0.00823	0.00242	0.99996	
102	0.51000	76.45252	4.38273	1.06961	0.55009	-0.08314	0.21920	1.24647	0.99999	-0.00383	0.00145	0.00381	0.99995	0.00960	-0.00149	-0.00960	0.99995		17.53808	-54.22546	-1.29790	-0.12860	0.47520	-1.96004	0.23831	0.99938	0.03420	-0.00829	-0.03422	0.99941	-0.00224	0.00821	0.00253	0.99996	
103	0.51500	76.45022	4.34622	1.06402	0.53695	-0.08718	0.21727	1.23688	0.99999	-0.00379	0.00152	0.00378	0.99995	0.00937	-0.00156	-0.00937	0.99995		17.49577	-54.22550	-1.27633	-0.13001	0.47816	-1.96357	0.23910	0.99938	0.03426	-0.00835	-0.03428	0.99941	-0.00227	0.00826	0.00255	0.99996	
104	0.52000	76.40413	4.32427	1.07522	0.52031	-0.08414	0.22100	1.23334	0.99999	-0.00386	0.00147	0.00384	0.99995	0.00908	-0.00150	-0.00908	0.99996		17.53093	-54.20881	-1.27726	-0.12972	0.48025	-1.96391	0.23592	0.99938	0.03427	-0.00838	-0.03429	0.99941	-0.00226	0.00830	0.00255	0.99996	
105	0.52500	76.40272	4.28351	1.09341	0.50333	-0.08446	0.22082	1.23827	0.99999	-0.00385	0.00147	0.00384	0.99995	0.00878	-0.00151	-0.00878	0.99996		17.53173	-54.22746	-1.26422	-0.13614	0.48060	-1.95932	0.22939	0.99938	0.03419	-0.00839	-0.03421	0.99941	-0.00238	0.00830	0.00266	0.99996	
106	0.53000	76.38385	4.24967	1.11606	0.48697	-0.08082	0.22342	1.23261	0.99999	-0.00390	0.00141	0.00389	0.99996	0.00850	-0.00144	-0.00849	0.99996		17.52520	-54.22564	-1.25965	-0.13819	0.47782	-1.96162	0.22628	0.99938	0.03423	-0.00834	-0.03425	0.99941	-0.00241	0.00825	0.00270	0.99996	
107	0.53500	76.37699	4.24516	1.11743	0.47535	-0.07677	0.22265	1.23428	0.99999	-0.00389	0.00134	0.00387	0.99996	0.00830	-0.00137	-0.00829	0.99996		17.52182	-54.21784	-1.23871	-0.14046	0.47949	-1.96702	0.23410	0.99938	0.03432	-0.00837	-0.03434	0.99941	-0.00245	0.00828	0.00274	0.99996	
108	0.54000	76.35700	4.20011	1.12451	0.45792	-0.07955	0.21920	1.24746	0.99999	-0.00383	0.00139	0.00381	0.99996	0.00799	-0.00142	-0.00799	0.99997		17.53376	-54.21523	-1.24705	-0.14498	0.48005	-1.96099	0.23706	0.99938	0.03422	-0.00838	-0.03424	0.99941	-0.00253	0.00829	0.00282	0.99996	
109	0.54500	76.39774	4.15703	1.15173	0.44003	-0.08418	0.21692	1.23931	0.99999	-0.00379	0.00147	0.00377	0.99996	0.00768	-0.00150	-0.00767	0.99997		17.51176	-54.22122	-1.23844	-0.14956	0.48339	-1.96144	0.22558	0.99938	0.03423	-0.00844	-0.03425	0.99941	-0.00261	0.00834	0.00290	0.99996	
110	0.55000	76.34192	4.13467	1.14924	0.42781	-0.07803	0.21702	1.24169	0.99999	-0.00379	0.00136	0.00378	0.99996	0.00747	-0.00139	-0.00746	0.99997		17.54296	-54.22244	-1.24290	-0.15250	0.48406	-1.96183	0.23342	0.99938	0.03423	-0.00845	-0.03426	0.99941	-0.00266	0.00835	0.00295	0.99996	
111	0.55500	76.35026	4.12376	1.16293	0.41458	-0.07963	0.21516	1.24844	0.99999	-0.00376	0.00139	0.00375	0.99997	0.00724	-0.00142	-0.00723	0.99997		17.49130	-54.20867	-1.22537	-0.15606	0.48763	-1.96460	0.24334	0.99938	0.03428	-0.00851	-0.03431	0.99941	-0.00272	0.00841	0.00301	0.99996	
112	0.56000	76.34361	4.07706	1.14829	0.39995	-0.08170	0.21801	1.24022	0.99999	-0.00380	0.00143	0.00379	0.99997	0.00698	-0.00145	-0.00697	0.99997		17.51783	-54.22788	-1.22968	-0.16027	0.48631	-1.96294	0.22935	0.99938	0.03425	-0.00849	-0.03428	0.99941	-0.00280	0.00839	0.00309	0.99996	
113	0.56500	76.34960	4.06431	1.16514	0.38564	-0.07636	0.22056	1.24763	0.99999	-0.00385	0.00133	0.00384	0.99997	0.00673	-0.00136	-0.00673	0.99998		17.53798	-54.22133	-1.22565	-0.16379	0.48517	-1.96325	0.24341	0.99938	0.03426	-0.00847	-0.03428	0.99941	-0.00286	0.00836	0.00315	0.99996	
114	0.57000	76.32664	4.03970	1.16269	0.37210	-0.07458	0.22719	1.24765	0.99999	-0.00397	0.00130	0.00396	0.99997	0.00649	-0.00133	-0.00649	0.99998		17.54764	-54.23399	-1.24613	-0.17226	0.48156	-1.96031	0.22208	0.99938	0.03421	-0.00840	-0.03423	0.99941	-0.00301	0.00830	0.00329	0.99996	
115	0.57500	76.31470	4.01492	1.15843	0.35967	-0.07699	0.22389	1.24143	0.99999	-0.00391	0.00134	0.00390	0.99997	0.00628	-0.00137	-0.00627	0.99998		17.55121	-54.24246	-1.24193	-0.17707	0.48386	-1.96349	0.22705	0.99938	0.03426	-0.00844	-0.03429	0.99941	-0.00309	0.00833	0.00338	0.99996	
116	0.58000	76.35766	3.98698	1.16549	0.34580	-0.07757	0.22536	1.24696	0.99999	-0.00393	0.00135	0.00392	0.99997	0.00604	-0.00138	-0.00603	0.99998		17.52013	-54.23331	-1.23731	-0.17931	0.48709	-1.96515	0.23949	0.99938	0.03429	-0.00850	-0.03432	0.99941	-0.00313	0.00839	0.00342	0.99996	
117	0.58500	76.32262	3.96822	1.18680	0.33007	-0.06453	0.23128	1.24250	0.99999	-0.00404	0.00113	0.00403	0.99998	0.00576	-0.00115	-0.00576	0.99998		17.52632	-54.23990	-1.24509	-0.18541	0.48196	-1.96776	0.24086	0.99937	0.03434	-0.00841	-0.03436	0.99940	-0.00324	0.00830	0.00352	0.99996	
118	0.59000	76.29602	3.92905	1.17510	0.31522	-0.06023	0.23557	1.25261	0.99999	-0.00411	0.00105	0.00411	0.99998	0.00550	-0.00107	-0.00550	0.99998		17.56164	-54.24556	-1.24542	-0.19156	0.48185	-1.96210	0.22298	0.99938	0.03424	-0.00841	-0.03427	0.99941	-0.00334	0.00829	0.00363	0.99996	
119	0.59500	76.35939	3.90937	1.15935	0.30423	-0.06191	0.24334	1.25822	0.99999	-0.00425	0.00108	0.00424	0.99998	0.00531	-0.00110	-0.00531	0.99999		17.53743	-54.24630	-1.24870	-0.19742	0.48139	-1.96128	0.23432	0.99938	0.03422	-0.00840	-0.03425	0.99941	-0.00345	0.00828	0.00373	0.99996	
120	0.60000	76.40824	3.89573	1.15478	0.29398	-0.07074	0.24149	1.24324	0.99999	-0.00421	0.00123	0.00421	0.99998	0.00513	-0.00126	-0.00513	0.99999		17.54555	-54.24397	-1.24432	-0.20018	0.47796	-1.96621	0.23961	0.99938	0.03431	-0.00834	-0.03434	0.99940	-0.00349	0.00822	0.00378	0.99996	
121	0.60500	76.34995	3.87745	1.18454	0.28277	-0.05869	0.24446	1.25455	0.99999	-0.00427	0.00102	0.00426	0.99998	0.00494	-0.00105	-0.00493	0.99999		17.58275	-54.28774	-1.24381	-0.21287	0.47754	-1.96505	0.25637	0.99938	0.03429	-0.00833	-0.03432	0.99940	-0.00372	0.00820	0.00400	0.99996	
122	0.61000	76.33525	3.86381	1.17503	0.27313	-0.05914	0.24615	1.25973	0.99999	-0.00430	0.00103	0.00429	0.99998	0.00477	-0.00105	-0.00476	0.99999		17.55053	-54.24556	-1.26004	-0.21276	0.47183	-1.96042	0.22757	0.99938	0.03421	-0.00823	-0.03424	0.99941	-0.00371	0.00810	0.00399	0.99996	
123	0.61500	76.34521	3.85524	1.17939	0.26427	-0.05625	0.24165	1.24127	0.99999	-0.00422	0.00098	0.00421	0.99998	0.00461	-0.00100	-0.00461	0.99999		17.58415	-54.26245	-1.26850	-0.21841	0.46945	-1.96615	0.23820	0.99938	0.03431	-0.00819	-0.03434	0.99940	-0.00381	0.00806	0.00409	0.99996	
124	0.62000	76.34634	3.84174	1.19909	0.25397	-0.04959	0.24444	1.24237	0.99999	-0.00427	0.00087	0.00426	0.99998	0.00443	-0.00088	-0.00443	0.99999		17.57248	-54.27606	-1.26751	-0.22602	0.46844	-1.96213	0.24846	0.99938	0.03424	-0.00818	-0.03427	0.99940	-0.00394	0.00804	0.00422	0.99996	
125	0.62500	76.33513	3.82652	1.19739	0.24834	-0.05129	0.23629	1.23719	0.99999	-0.00412	0.00090	0.00412	0.99998	0.00433	-0.00091	-0.00433	0.99999		17.59253	-54.29101	-1.26707	-0.23367	0.46489	-1.96432	0.24923	0.99938	0.03428	-0.00811	-0.03431	0.99940	-0.00408	0.00797	0.00435	0.99996	
126	0.63000	76.33401	3.83945	1.19143	0.24221	-0.04537	0.23719	1.23054	0.99999	-0.00414	0.00079	0.00414	0.99998	0.00423	-0.00081	-0.00422	0.99999		17.61670	-54.30761	-1.26667	-0.23967	0.46005	-1.96573	0.25600	0.99938	0.03430	-0.00803	-0.03433	0.99940	-0.00418	0.00788	0.00446	0.99996	
127	0.63500	76.32081	3.81966	1.20123	0.23618	-0.04634	0.23770	1.22482	0.99999	-0.00415	0.00081	0.00415	0.99998	0.00412	-0.00083	-0.00412	0.99999		17.60900	-54.29337	-1.27910	-0.24178	0.46027	-1.96761	0.25603	0.99938	0.03433	-0.00803	-0.03437	0.99940	-0.00422	0.00788	0.00449	0.99996	
128	0.64000	76.32205	3.81378	1.21487	0.22953	-0.03711	0.24356	1.23963	0.99999	-0.00425	0.00065	0.00425	0.99998	0.00401	-0.00066	-0.00400	0.99999		17.60149	-54.31770	-1.28660	-0.24984	0.45787	-1.96446	0.24896	0.99938	0.03428	-0.00799	-0.03431	0.99940	-0.00436	0.00784	0.00463	0.99996	
129	0.64500	76.34541	3.81621	1.20864	0.22576	-0.03861	0.24175	1.23493	0.99999	-0.00422	0.00067	0.00422	0.99998	0.00394	-0.00069	-0.00394	0.99999		17.61871	-54.32820	-1.28213	-0.25729	0.45749	-1.96693	0.25484	0.99938	0.03432	-0.00798	-0.03436	0.99940	-0.00449	0.00783	0.00476	0.99996	
130	0.65000	76.35681	3.80334	1.20956	0.22250	-0.04179	0.23648	1.23306	0.99999	-0.00413	0.00073	0.00412	0.99998	0.00388	-0.00075	-0.00388	0.99999		17.63917	-54.34124	-1.29422	-0.26164	0.45076	-1.96568	0.25255	0.99938	0.03430	-0.00787	-0.03434	0.99940	-0.00457	0.00771	0.00483	0.99996	
131	0.65500	76.36728	3.81851	1.21334	0.22073	-0.03528	0.24221	1.22113	0.99999	-0.00423	0.00062	0.00422	0.99998	0.00385	-0.00063	-0.00385	0.99999		17.64063	-54.35167	-1.30604	-0.26862	0.44660	-1.96548	0.25465	0.99938	0.03430	-0.00779	-0.03433	0.99940	-0.00469	0.00763	0.00495	0.99996	
132	0.66000	76.33072	3.80691	1.20972	0.21610	-0.03038	0.24016	1.22546	0.99999	-0.00419	0.00053	0.00419	0.99998	0.00377	-0.00055	-0.00377	0.99999		17.60706	-54.34372	-1.30573	-0.26906	0.44997	-1.96554	0.25559	0.99938	0.03430	-0.00785	-0.03433	0.99940	-0.00470	0.00769	0.00496	0.99996	
133	0.66500	76.37160	3.80089	1.21312	0.21510	-0.03509	0.23742	1.21253	0.99999	-0.00414	0.00061	0.00414	0.99998	0.00375	-0.00063	-0.00375	0.99999		17.63618	-54.33973	-1.33540	-0.27318	0.44663	-1.96958	0.26250	0.99938	0.03437	-0.00780	-0.03441	0.99940	-0.00477	0.00763	0.00503	0.99996	
134	0.67000	76.35482	3.80339	1.22555	0.21496	-0.03123	0.23884	1.23601	0.99999	-0.00417	0.00055	0.00417	0.99998	0.00375	-0.00056	-0.00375	0.99999		17.62754	-54.36316	-1.33465	-0.27767	0.44631	-1.96955	0.27140	0.99938	0.03437	-0.00779	-0.03441	0.99940	-0.00485	0.00762	0.00511	0.99996	
135	0.67500	76.34508	3.78769	1.23509	0.21314	-0.02557	0.24169	1.22276	0.99999	-0.00422	0.00045	0.00422	0.99998	0.00372	-0.00046	-0.00372	0.99999		17.61200	-54.35744	-1.33411	-0.28002	0.44334	-1.97014	0.26386	0.99938	0.03438	-0.00774	-0.03442	0.99940	-0.00489	0.00757	0.00515	0.99996	
136	0.68000	76.36979	3.79297	1.21386	0.21435	-0.02651	0.23818	1.23005	0.99999	-0.00416	0.00046	0.00416	0.99998	0.00374	-0.00048	-0.00374	0.99999		17.63625	-54.35495	-1.35934	-0.28166	0.43804	-1.97171	0.26500	0.99938	0.03441	-0.00765	-0.03444	0.99939	-0.00492	0.00747	0.00518	0.99996	
137	0.68500	76.31653	3.79136	1.23884	0.21521	-0.01732	0.23837	1.22799	0.99999	-0.00416	0.00030	0.00416	0.99998	0.00376	-0.00032	-0.00375	0.99999		17.64977	-54.36358	-1.36308	-0.28797	0.43578	-1.96683	0.25550	0.99938	0.03432	-0.00761	-0.03436	0.99940	-0.00503	0.00743	0.00528	0.99996	
138	0.69000	76.35929	3.79641	1.24487	0.21973	-0.01792	0.23788	1.23646	0.99999	-0.00415	0.00031	0.00415	0.99998	0.00383	-0.00033	-0.00383	0.99999		17.66273	-54.37430	-1.37152	-0.28918	0.43505	-1.96827	0.26236	0.99938	0.03435	-0.00759	-0.03438	0.99940	-0.00505	0.00742	0.00530	0.99996	
139	0.69500	76.33947	3.78653	1.25906	0.22143	-0.01455	0.23311	1.22529	0.99999	-0.00407	0.00025	0.00407	0.99998	0.00386	-0.00027	-0.00386	0.99999		17.64173	-54.38197	-1.38732	-0.29162	0.43058	-1.96847	0.26588	0.99938	0.03435	-0.00751	-0.03439	0.99940	-0.00509	0.00734	0.00534	0.99996	
