NO_OF_FRAMES	12047
NO_OF_CAMERAS	8
NO_OF_BODIES	2
FREQUENCY	200
NO_OF_ANALOG	0
ANALOG_FREQUENCY	0
DESCRIPTION	--
TIME_STAMP	2013-07-02, 16:20:14	3297912.22651472
DATA_INCLUDED	6D
BODY_NAMES	Ice 1	Ice 2
Frame	Time	Ice 1 X	Y	Z	Roll	Pitch	Yaw	Residual	Rot[0]	Rot[1]	Rot[2]	Rot[3]	Rot[4]	Rot[5]	Rot[6]	Rot[7]	Rot[8]	Ice 2 X	Y	Z	Roll	Pitch	Yaw	Residual	Rot[0]	Rot[1]	Rot[2]	Rot[3]	Rot[4]	Rot[5]	Rot[6]	Rot[7]	Rot[8]	
1	0.00500	107.34921	-32.16271	0.20562	0.43631	-0.05565	-0.71111	1.04515	0.99992	0.01241	0.00097	-0.01242	0.99989	0.00761	-0.00088	-0.00763	0.99997		-83.21095	-116.29922	-1.10411	-0.29972	0.40810	0.79589	0.20962	0.99988	-0.01389	-0.00712	0.01385	0.99989	-0.00523	0.00719	0.00513	0.99996	
2	0.01000	107.22104	-32.22880	0.19920	0.42545	-0.04257	-0.72350	1.00106	0.99992	0.01263	0.00074	-0.01263	0.99989	0.00743	-0.00065	-0.00743	0.99997		-83.17857	-116.31152	-1.09298	-0.29870	0.41190	0.79493	0.17371	0.99988	-0.01387	-0.00719	0.01384	0.99989	-0.00521	0.00726	0.00511	0.99996	
3	0.01500	107.20722	-32.24103	0.20661	0.42395	-0.04046	-0.72552	1.00741	0.99992	0.01266	0.00071	-0.01267	0.99989	0.00740	-0.00061	-0.00741	0.99997		-83.15576	-116.30478	-1.09300	-0.29914	0.40720	0.79273	0.17957	0.99988	-0.01383	-0.00711	0.01380	0.99989	-0.00522	0.00718	0.00512	0.99996	
4	0.02000	107.22029	-32.24275	0.19612	0.42357	-0.04397	-0.72270	1.01671	0.99992	0.01261	0.00077	-0.01262	0.99989	0.00739	-0.00067	-0.00740	0.99997		-83.21174	-116.30931	-1.09229	-0.29973	0.41274	0.79602	0.16999	0.99988	-0.01389	-0.00720	0.01385	0.99989	-0.00523	0.00728	0.00513	0.99996	
5	0.02500	107.21108	-32.25451	0.20544	0.42051	-0.04536	-0.71948	1.02877	0.99992	0.01256	0.00079	-0.01256	0.99989	0.00734	-0.00070	-0.00735	0.99997		-83.20273	-116.31322	-1.08802	-0.30259	0.41099	0.79379	0.18299	0.99988	-0.01385	-0.00717	0.01382	0.99989	-0.00528	0.00725	0.00518	0.99996	
6	0.03000	107.20929	-32.25317	0.21118	0.42015	-0.04246	-0.72513	1.01059	0.99992	0.01266	0.00074	-0.01266	0.99989	0.00733	-0.00065	-0.00734	0.99997		-83.16360	-116.32746	-1.08426	-0.30433	0.40894	0.79336	0.18020	0.99988	-0.01385	-0.00714	0.01381	0.99989	-0.00531	0.00721	0.00521	0.99996	
7	0.03500	107.24286	-32.27827	0.19431	0.41432	-0.03909	-0.71005	1.02189	0.99992	0.01239	0.00068	-0.01240	0.99990	0.00723	-0.00059	-0.00724	0.99997		-83.16495	-116.32218	-1.07999	-0.30531	0.40954	0.79703	0.16632	0.99988	-0.01391	-0.00715	0.01387	0.99989	-0.00533	0.00722	0.00523	0.99996	
8	0.04000	107.23706	-32.26079	0.20697	0.41785	-0.04222	-0.71874	1.00855	0.99992	0.01254	0.00074	-0.01255	0.99989	0.00729	-0.00065	-0.00730	0.99997		-83.19463	-116.33114	-1.07942	-0.30555	0.41124	0.79430	0.17400	0.99988	-0.01386	-0.00718	0.01382	0.99989	-0.00533	0.00725	0.00523	0.99996	
9	0.04500	107.22055	-32.27318	0.21847	0.41605	-0.04150	-0.72537	1.00221	0.99992	0.01266	0.00072	-0.01266	0.99989	0.00726	-0.00063	-0.00727	0.99997		-83.17325	-116.33854	-1.07939	-0.31025	0.40903	0.79767	0.17258	0.99988	-0.01392	-0.00714	0.01388	0.99989	-0.00541	0.00721	0.00532	0.99996	
10	0.05000	107.21760	-32.26307	0.21986	0.41775	-0.04162	-0.72030	1.01552	0.99992	0.01257	0.00073	-0.01258	0.99989	0.00729	-0.00063	-0.00730	0.99997		-83.18385	-116.33310	-1.07151	-0.30785	0.41372	0.79522	0.17387	0.99988	-0.01388	-0.00722	0.01384	0.99989	-0.00537	0.00729	0.00527	0.99996	
11	0.05500	107.06928	-32.45308	0.33084	0.40466	-0.04269	-0.70279	1.09769	0.99992	0.01227	0.00075	-0.01227	0.99990	0.00706	-0.00066	-0.00707	0.99997		-83.17454	-116.33517	-1.06297	-0.31038	0.41206	0.79470	0.17636	0.99988	-0.01387	-0.00719	0.01383	0.99989	-0.00542	0.00727	0.00532	0.99996	
12	0.06000	107.02166	-32.47390	0.34479	0.40372	-0.03710	-0.70524	1.09931	0.99992	0.01231	0.00065	-0.01231	0.99990	0.00705	-0.00056	-0.00705	0.99997		-83.18437	-116.33529	-1.07095	-0.31068	0.40947	0.79776	0.16548	0.99988	-0.01392	-0.00715	0.01388	0.99989	-0.00542	0.00722	0.00532	0.99996	
13	0.06500	107.00043	-32.47992	0.35405	0.40387	-0.03990	-0.71015	1.10432	0.99992	0.01239	0.00070	-0.01240	0.99990	0.00705	-0.00061	-0.00706	0.99997		-83.20737	-116.34286	-1.06263	-0.31132	0.41710	0.79366	0.18164	0.99988	-0.01385	-0.00728	0.01381	0.99989	-0.00543	0.00735	0.00533	0.99996	
14	0.07000	107.01724	-32.50738	0.34568	0.40048	-0.04193	-0.70279	1.10808	0.99992	0.01227	0.00073	-0.01227	0.99990	0.00699	-0.00065	-0.00700	0.99998		-83.15281	-116.35877	-1.04995	-0.31362	0.40675	0.79224	0.17909	0.99988	-0.01383	-0.00710	0.01379	0.99989	-0.00547	0.00717	0.00538	0.99996	
15	0.07500	106.96374	-32.51415	0.37233	0.39874	-0.03764	-0.70067	1.09839	0.99993	0.01223	0.00066	-0.01223	0.99990	0.00696	-0.00057	-0.00697	0.99998		-83.15415	-116.36171	-1.05866	-0.31316	0.40894	0.79541	0.16872	0.99988	-0.01388	-0.00714	0.01384	0.99989	-0.00547	0.00721	0.00537	0.99996	
16	0.08000	106.97451	-32.51923	0.37281	0.39875	-0.04315	-0.70601	1.11514	0.99992	0.01232	0.00075	-0.01233	0.99990	0.00696	-0.00067	-0.00697	0.99998		-83.15712	-116.36897	-1.05025	-0.31575	0.41209	0.79555	0.17694	0.99988	-0.01388	-0.00719	0.01384	0.99989	-0.00551	0.00727	0.00541	0.99996	
17	0.08500	106.97588	-32.53676	0.37253	0.39676	-0.04045	-0.70139	1.12031	0.99992	0.01224	0.00071	-0.01225	0.99990	0.00692	-0.00062	-0.00693	0.99998		-83.18631	-116.35938	-1.05389	-0.31499	0.41225	0.79298	0.18781	0.99988	-0.01384	-0.00720	0.01380	0.99989	-0.00550	0.00727	0.00540	0.99996	
18	0.09000	106.93629	-32.53764	0.38991	0.39621	-0.03851	-0.70092	1.11172	0.99992	0.01223	0.00067	-0.01224	0.99990	0.00692	-0.00059	-0.00692	0.99998		-83.18543	-116.35449	-1.04543	-0.31502	0.40997	0.79031	0.18977	0.99988	-0.01379	-0.00716	0.01375	0.99989	-0.00550	0.00723	0.00540	0.99996	
19	0.09500	106.95428	-32.57465	0.39570	0.39097	-0.04015	-0.69673	1.11668	0.99993	0.01216	0.00070	-0.01216	0.99990	0.00682	-0.00062	-0.00683	0.99998		-83.18571	-116.35668	-1.04585	-0.31414	0.41686	0.79240	0.19782	0.99988	-0.01383	-0.00728	0.01379	0.99989	-0.00548	0.00735	0.00538	0.99996	
20	0.10000	106.91508	-32.54906	0.40439	0.39646	-0.03909	-0.70884	1.10793	0.99992	0.01237	0.00068	-0.01238	0.99990	0.00692	-0.00060	-0.00693	0.99998		-83.17833	-116.37143	-1.04135	-0.31664	0.41247	0.79385	0.17455	0.99988	-0.01385	-0.00720	0.01381	0.99989	-0.00553	0.00727	0.00543	0.99996	
21	0.10500	106.98707	-32.57057	0.39866	0.39152	-0.04264	-0.69902	1.12645	0.99993	0.01220	0.00074	-0.01220	0.99990	0.00683	-0.00066	-0.00684	0.99998		-83.16998	-116.37275	-1.03293	-0.31692	0.41060	0.79402	0.17666	0.99988	-0.01386	-0.00717	0.01382	0.99989	-0.00553	0.00724	0.00543	0.99996	
22	0.11000	106.95577	-32.59466	0.40114	0.38965	-0.04004	-0.70103	1.12482	0.99992	0.01224	0.00070	-0.01224	0.99990	0.00680	-0.00062	-0.00681	0.99998		-83.17400	-116.37807	-1.03703	-0.31814	0.41153	0.79414	0.17628	0.99988	-0.01386	-0.00718	0.01382	0.99989	-0.00555	0.00726	0.00545	0.99996	
23	0.11500	106.90642	-32.59114	0.41865	0.38971	-0.03861	-0.70121	1.12266	0.99992	0.01224	0.00067	-0.01224	0.99990	0.00680	-0.00059	-0.00681	0.99998		-83.17362	-116.37791	-1.02031	-0.31815	0.41148	0.79414	0.17633	0.99988	-0.01386	-0.00718	0.01382	0.99989	-0.00555	0.00726	0.00545	0.99996	
24	0.12000	106.90189	-32.60801	0.42269	0.38598	-0.03793	-0.69908	1.11350	0.99993	0.01220	0.00066	-0.01221	0.99990	0.00674	-0.00058	-0.00674	0.99998		-83.16584	-116.39403	-1.02435	-0.31975	0.40909	0.79631	0.16195	0.99988	-0.01390	-0.00714	0.01386	0.99989	-0.00558	0.00722	0.00548	0.99996	
25	0.12500	106.90215	-32.61830	0.42764	0.38295	-0.03857	-0.69226	1.12652	0.99993	0.01208	0.00067	-0.01209	0.99990	0.00668	-0.00059	-0.00669	0.99998		-83.18374	-116.38520	-1.02002	-0.31896	0.41109	0.79703	0.17094	0.99988	-0.01391	-0.00717	0.01387	0.99989	-0.00557	0.00725	0.00547	0.99996	
26	0.13000	106.93697	-32.62016	0.41994	0.38457	-0.04353	-0.69875	1.13576	0.99993	0.01220	0.00076	-0.01220	0.99990	0.00671	-0.00068	-0.00672	0.99998		-83.15753	-116.39779	-1.01617	-0.31943	0.40940	0.79455	0.16585	0.99988	-0.01387	-0.00715	0.01383	0.99989	-0.00557	0.00722	0.00548	0.99996	
27	0.13500	106.92051	-32.62375	0.43179	0.38217	-0.04376	-0.68907	1.14510	0.99993	0.01203	0.00076	-0.01203	0.99991	0.00667	-0.00068	-0.00668	0.99998		-83.19110	-116.38753	-1.01990	-0.31739	0.41259	0.79422	0.18534	0.99988	-0.01386	-0.00720	0.01382	0.99989	-0.00554	0.00728	0.00544	0.99996	
28	0.14000	106.90559	-32.64799	0.43510	0.38019	-0.03893	-0.69846	1.14106	0.99993	0.01219	0.00068	-0.01219	0.99990	0.00664	-0.00060	-0.00664	0.99998		-83.16754	-116.40274	-1.00740	-0.31762	0.40890	0.79347	0.17272	0.99988	-0.01385	-0.00714	0.01381	0.99989	-0.00554	0.00721	0.00544	0.99996	
29	0.14500	106.87807	-32.64091	0.44900	0.37949	-0.03453	-0.69435	1.14410	0.99993	0.01212	0.00060	-0.01212	0.99990	0.00662	-0.00052	-0.00663	0.99998		-83.15798	-116.38384	-1.00760	-0.31637	0.40512	0.79080	0.18436	0.99988	-0.01380	-0.00707	0.01376	0.99989	-0.00552	0.00715	0.00542	0.99996	
30	0.15000	106.87352	-32.65698	0.44176	0.37907	-0.03780	-0.69476	1.12700	0.99993	0.01213	0.00066	-0.01213	0.99990	0.00662	-0.00058	-0.00662	0.99998		-83.20373	-116.39205	-1.00294	-0.31661	0.41052	0.79237	0.18338	0.99988	-0.01383	-0.00716	0.01379	0.99989	-0.00553	0.00724	0.00543	0.99996	
31	0.15500	106.87359	-32.67888	0.46598	0.37420	-0.03779	-0.69313	1.12674	0.99993	0.01210	0.00066	-0.01210	0.99991	0.00653	-0.00058	-0.00654	0.99998		-83.17943	-116.40217	-0.99883	-0.31770	0.40703	0.79183	0.17256	0.99988	-0.01382	-0.00710	0.01378	0.99989	-0.00554	0.00718	0.00545	0.99996	
32	0.16000	106.91036	-32.67114	0.46378	0.37691	-0.04294	-0.69575	1.14070	0.99993	0.01214	0.00075	-0.01215	0.99990	0.00658	-0.00067	-0.00659	0.99998		-83.17206	-116.40360	-0.99083	-0.31573	0.40968	0.79412	0.17615	0.99988	-0.01386	-0.00715	0.01382	0.99989	-0.00551	0.00723	0.00541	0.99996	
33	0.16500	106.89763	-32.67081	0.46418	0.37489	-0.04007	-0.69686	1.14123	0.99993	0.01216	0.00070	-0.01217	0.99990	0.00654	-0.00062	-0.00655	0.99998		-83.16022	-116.41147	-0.99059	-0.31751	0.40697	0.79463	0.17907	0.99988	-0.01387	-0.00710	0.01383	0.99989	-0.00554	0.00718	0.00544	0.99996	
34	0.17000	106.90073	-32.67897	0.46628	0.37475	-0.04018	-0.69568	1.13985	0.99993	0.01214	0.00070	-0.01215	0.99990	0.00654	-0.00062	-0.00655	0.99998		-83.18232	-116.40150	-0.99472	-0.31344	0.40692	0.79488	0.17808	0.99988	-0.01387	-0.00710	0.01383	0.99989	-0.00547	0.00718	0.00537	0.99996	
35	0.17500	106.84116	-32.68052	0.46732	0.37429	-0.03546	-0.69106	1.14731	0.99993	0.01206	0.00062	-0.01206	0.99991	0.00653	-0.00054	-0.00654	0.99998		-83.16204	-116.40739	-0.98259	-0.31537	0.40960	0.79238	0.18408	0.99988	-0.01383	-0.00715	0.01379	0.99989	-0.00550	0.00722	0.00540	0.99996	
36	0.18000	106.88221	-32.69975	0.47344	0.37093	-0.04124	-0.69185	1.14201	0.99993	0.01207	0.00072	-0.01208	0.99991	0.00647	-0.00064	-0.00648	0.99998		-83.17419	-116.40791	-0.97413	-0.31263	0.40944	0.79465	0.17216	0.99988	-0.01387	-0.00715	0.01383	0.99989	-0.00546	0.00722	0.00536	0.99996	
37	0.18500	106.85694	-32.70301	0.47832	0.37006	-0.03602	-0.69086	1.14607	0.99993	0.01206	0.00063	-0.01206	0.99991	0.00646	-0.00055	-0.00647	0.99998		-83.16672	-116.41413	-0.97423	-0.31287	0.40986	0.79753	0.17176	0.99988	-0.01392	-0.00715	0.01388	0.99989	-0.00546	0.00723	0.00536	0.99996	
38	0.19000	106.89478	-32.71649	0.47630	0.36787	-0.04365	-0.69491	1.15104	0.99993	0.01213	0.00076	-0.01213	0.99991	0.00642	-0.00068	-0.00643	0.99998		-83.16489	-116.40610	-0.97446	-0.31005	0.40692	0.79160	0.16761	0.99988	-0.01382	-0.00710	0.01378	0.99989	-0.00541	0.00718	0.00531	0.99996	
39	0.19500	106.87024	-32.71973	0.48460	0.36874	-0.04149	-0.69294	1.13823	0.99993	0.01209	0.00072	-0.01210	0.99991	0.00644	-0.00065	-0.00644	0.99998		-83.18113	-116.42375	-0.95712	-0.31115	0.40797	0.79192	0.18291	0.99988	-0.01382	-0.00712	0.01378	0.99989	-0.00543	0.00719	0.00533	0.99996	
40	0.20000	106.86413	-32.71547	0.49639	0.37055	-0.04078	-0.69606	1.12873	0.99993	0.01215	0.00071	-0.01215	0.99991	0.00647	-0.00063	-0.00648	0.99998		-83.18497	-116.39626	-0.96963	-0.30722	0.40456	0.79160	0.17907	0.99988	-0.01382	-0.00706	0.01378	0.99989	-0.00536	0.00713	0.00526	0.99996	
41	0.20500	106.85727	-32.74359	0.48052	0.36522	-0.04067	-0.69293	1.13927	0.99993	0.01209	0.00071	-0.01210	0.99991	0.00637	-0.00063	-0.00638	0.99998		-83.18087	-116.42241	-0.95695	-0.31002	0.40522	0.79658	0.16126	0.99988	-0.01390	-0.00707	0.01386	0.99989	-0.00541	0.00715	0.00531	0.99996	
42	0.21000	106.88224	-32.73018	0.49310	0.36752	-0.04317	-0.68892	1.14174	0.99993	0.01202	0.00075	-0.01203	0.99991	0.00641	-0.00068	-0.00642	0.99998		-83.17947	-116.41022	-0.95730	-0.30807	0.40765	0.79265	0.18471	0.99988	-0.01383	-0.00711	0.01380	0.99989	-0.00538	0.00719	0.00528	0.99996	
43	0.21500	106.84632	-32.75040	0.50628	0.36335	-0.03581	-0.68707	1.16161	0.99993	0.01199	0.00062	-0.01200	0.99991	0.00634	-0.00055	-0.00635	0.99998		-83.15859	-116.40430	-0.95333	-0.30456	0.40255	0.78968	0.17952	0.99988	-0.01378	-0.00703	0.01374	0.99989	-0.00532	0.00710	0.00522	0.99996	
44	0.22000	106.85499	-32.74747	0.49753	0.36454	-0.04007	-0.69359	1.14623	0.99993	0.01211	0.00070	-0.01211	0.99991	0.00636	-0.00062	-0.00637	0.99998		-83.16491	-116.41848	-0.95336	-0.30463	0.40564	0.79498	0.17746	0.99988	-0.01387	-0.00708	0.01384	0.99989	-0.00532	0.00715	0.00522	0.99996	
45	0.22500	106.86575	-32.76264	0.50985	0.36450	-0.04071	-0.69183	1.15350	0.99993	0.01207	0.00071	-0.01208	0.99991	0.00636	-0.00063	-0.00637	0.99998		-83.17756	-116.41561	-0.95315	-0.30424	0.40383	0.79218	0.16956	0.99988	-0.01383	-0.00705	0.01379	0.99989	-0.00531	0.00712	0.00521	0.99996	
46	0.23000	106.85522	-32.76218	0.50647	0.36275	-0.04011	-0.68855	1.15172	0.99993	0.01202	0.00070	-0.01202	0.99991	0.00633	-0.00062	-0.00634	0.99998		-83.18167	-116.42197	-0.93607	-0.30357	0.40459	0.78930	0.20218	0.99988	-0.01378	-0.00706	0.01374	0.99989	-0.00530	0.00713	0.00520	0.99996	
47	0.23500	106.83943	-32.75959	0.51330	0.36218	-0.03730	-0.69310	1.14198	0.99993	0.01210	0.00065	-0.01210	0.99991	0.00632	-0.00057	-0.00633	0.99998		-83.17454	-116.40411	-0.93227	-0.29959	0.40304	0.79366	0.17852	0.99988	-0.01385	-0.00703	0.01381	0.99989	-0.00523	0.00711	0.00513	0.99996	
48	0.24000	106.84895	-32.75449	0.51731	0.36379	-0.03760	-0.69023	1.15486	0.99993	0.01205	0.00066	-0.01205	0.99991	0.00635	-0.00058	-0.00636	0.99998		-83.14118	-116.41229	-0.92854	-0.29903	0.39958	0.79171	0.17080	0.99988	-0.01382	-0.00697	0.01378	0.99989	-0.00522	0.00705	0.00512	0.99996	
49	0.24500	106.84456	-32.78322	0.50126	0.36159	-0.03585	-0.68866	1.15508	0.99993	0.01202	0.00063	-0.01202	0.99991	0.00631	-0.00055	-0.00632	0.99998		-83.14064	-116.41289	-0.92037	-0.29704	0.39917	0.78970	0.16749	0.99988	-0.01378	-0.00697	0.01375	0.99989	-0.00518	0.00704	0.00509	0.99996	
50	0.25000	106.88170	-32.77875	0.51790	0.36073	-0.04126	-0.68763	1.15244	0.99993	0.01200	0.00072	-0.01201	0.99991	0.00630	-0.00064	-0.00630	0.99998		-83.18883	-116.40325	-0.91977	-0.29435	0.40309	0.79195	0.17810	0.99988	-0.01382	-0.00704	0.01379	0.99989	-0.00514	0.00711	0.00504	0.99996	
51	0.25500	106.82887	-32.77337	0.52009	0.36172	-0.03386	-0.68585	1.15082	0.99993	0.01197	0.00059	-0.01197	0.99991	0.00631	-0.00052	-0.00632	0.99998		-83.18275	-116.40869	-0.91162	-0.29434	0.40406	0.79013	0.19045	0.99988	-0.01379	-0.00705	0.01375	0.99989	-0.00514	0.00712	0.00504	0.99996	
52	0.26000	106.85194	-32.78493	0.52312	0.36125	-0.03936	-0.69319	1.16654	0.99993	0.01210	0.00069	-0.01210	0.99991	0.00630	-0.00061	-0.00631	0.99998		-83.18504	-116.40071	-0.90754	-0.29050	0.40417	0.79222	0.18862	0.99988	-0.01383	-0.00705	0.01379	0.99989	-0.00507	0.00712	0.00497	0.99996	
53	0.26500	106.86109	-32.81108	0.51651	0.35869	-0.03962	-0.69006	1.16091	0.99993	0.01204	0.00069	-0.01205	0.99991	0.00626	-0.00062	-0.00627	0.99998		-83.15150	-116.41341	-0.90349	-0.29212	0.39867	0.78918	0.17798	0.99988	-0.01377	-0.00696	0.01374	0.99989	-0.00510	0.00703	0.00500	0.99996	
54	0.27000	106.81134	-32.80412	0.52836	0.36045	-0.03647	-0.69051	1.15868	0.99993	0.01205	0.00064	-0.01206	0.99991	0.00629	-0.00056	-0.00630	0.99998		-83.16805	-116.42197	-0.91188	-0.29205	0.40194	0.78992	0.17565	0.99988	-0.01379	-0.00702	0.01375	0.99989	-0.00510	0.00708	0.00500	0.99996	
55	0.27500	106.84300	-32.79747	0.54195	0.36060	-0.03832	-0.68852	1.16855	0.99993	0.01202	0.00067	-0.01202	0.99991	0.00629	-0.00059	-0.00630	0.99998		-83.16854	-116.41216	-0.89946	-0.28990	0.40214	0.79417	0.16910	0.99988	-0.01386	-0.00702	0.01382	0.99989	-0.00506	0.00709	0.00496	0.99996	
56	0.28000	106.86689	-32.80061	0.53270	0.35906	-0.03634	-0.68535	1.15818	0.99993	0.01196	0.00063	-0.01197	0.99991	0.00627	-0.00056	-0.00627	0.99998		-83.14583	-116.43056	-0.89500	-0.29083	0.39871	0.79278	0.17539	0.99988	-0.01384	-0.00696	0.01380	0.99989	-0.00508	0.00703	0.00498	0.99996	
57	0.28500	106.82201	-32.82222	0.53828	0.35772	-0.03699	-0.68967	1.15681	0.99993	0.01204	0.00065	-0.01204	0.99991	0.00624	-0.00057	-0.00625	0.99998		-83.13234	-116.41680	-0.88307	-0.28549	0.39538	0.78943	0.16817	0.99988	-0.01378	-0.00690	0.01374	0.99989	-0.00498	0.00697	0.00489	0.99996	
58	0.29000	106.84137	-32.81341	0.53617	0.35872	-0.03731	-0.68620	1.17589	0.99993	0.01198	0.00065	-0.01198	0.99991	0.00626	-0.00058	-0.00627	0.99998		-83.15275	-116.40347	-0.89570	-0.28455	0.40045	0.78987	0.18531	0.99988	-0.01378	-0.00699	0.01375	0.99989	-0.00497	0.00706	0.00487	0.99996	
59	0.29500	106.84351	-32.82647	0.53152	0.35802	-0.03989	-0.68949	1.16895	0.99993	0.01203	0.00070	-0.01204	0.99991	0.00625	-0.00062	-0.00626	0.99998		-83.15796	-116.39471	-0.89153	-0.28167	0.39921	0.78955	0.17559	0.99988	-0.01378	-0.00697	0.01375	0.99989	-0.00492	0.00703	0.00482	0.99996	
60	0.30000	106.83966	-32.81785	0.52760	0.35896	-0.03814	-0.68875	1.16850	0.99993	0.01202	0.00067	-0.01202	0.99991	0.00627	-0.00059	-0.00627	0.99998		-83.18131	-116.40717	-0.88704	-0.28050	0.40376	0.79377	0.18243	0.99988	-0.01385	-0.00705	0.01382	0.99989	-0.00490	0.00711	0.00480	0.99996	
61	0.30500	106.83660	-32.83460	0.52322	0.35882	-0.03546	-0.68953	1.16231	0.99993	0.01203	0.00062	-0.01204	0.99991	0.00626	-0.00054	-0.00627	0.99998		-83.18336	-116.40429	-0.87464	-0.27891	0.40168	0.78793	0.17668	0.99988	-0.01375	-0.00701	0.01372	0.99989	-0.00487	0.00708	0.00477	0.99996	
62	0.31000	106.87464	-32.82833	0.53255	0.35963	-0.04091	-0.68353	1.17649	0.99993	0.01193	0.00071	-0.01193	0.99991	0.00628	-0.00064	-0.00628	0.99998		-83.14629	-116.40874	-0.87095	-0.27746	0.39756	0.79000	0.16715	0.99988	-0.01379	-0.00694	0.01375	0.99989	-0.00484	0.00700	0.00475	0.99996	
63	0.31500	106.86112	-32.83663	0.53833	0.35725	-0.03590	-0.68773	1.17700	0.99993	0.01200	0.00063	-0.01201	0.99991	0.00624	-0.00055	-0.00624	0.99998		-83.15595	-116.42031	-0.86620	-0.27924	0.39732	0.78954	0.17605	0.99988	-0.01378	-0.00693	0.01375	0.99989	-0.00487	0.00700	0.00478	0.99996	
64	0.32000	106.85258	-32.83217	0.53950	0.35919	-0.03622	-0.68606	1.16743	0.99993	0.01197	0.00063	-0.01198	0.99991	0.00627	-0.00056	-0.00628	0.99998		-83.15238	-116.40792	-0.87085	-0.27526	0.39874	0.79172	0.17369	0.99988	-0.01382	-0.00696	0.01378	0.99989	-0.00480	0.00702	0.00471	0.99996	
65	0.32500	106.84405	-32.84323	0.55889	0.35750	-0.03168	-0.68658	1.17125	0.99993	0.01198	0.00055	-0.01199	0.99991	0.00624	-0.00048	-0.00625	0.99998		-83.15566	-116.40127	-0.86681	-0.27375	0.39948	0.79140	0.17386	0.99988	-0.01381	-0.00697	0.01378	0.99989	-0.00478	0.00704	0.00468	0.99996	
66	0.33000	106.83579	-32.85276	0.52928	0.35879	-0.03730	-0.68934	1.17083	0.99993	0.01203	0.00065	-0.01203	0.99991	0.00626	-0.00058	-0.00627	0.99998		-83.14491	-116.41657	-0.86667	-0.27605	0.39918	0.79172	0.17970	0.99988	-0.01382	-0.00697	0.01378	0.99989	-0.00482	0.00703	0.00472	0.99996	
67	0.33500	106.83353	-32.85714	0.54768	0.35954	-0.03538	-0.69200	1.16052	0.99993	0.01208	0.00062	-0.01208	0.99991	0.00628	-0.00054	-0.00628	0.99998		-83.17331	-116.40020	-0.84556	-0.27173	0.39845	0.78910	0.18010	0.99988	-0.01377	-0.00695	0.01374	0.99989	-0.00474	0.00702	0.00465	0.99996	
68	0.34000	106.82465	-32.86027	0.54643	0.35911	-0.03169	-0.68667	1.17654	0.99993	0.01198	0.00055	-0.01199	0.99991	0.00627	-0.00048	-0.00627	0.99998		-83.15760	-116.40912	-0.84987	-0.27254	0.39714	0.78944	0.17668	0.99988	-0.01378	-0.00693	0.01374	0.99989	-0.00476	0.00700	0.00466	0.99996	
69	0.34500	106.78919	-32.85578	0.55957	0.35817	-0.02943	-0.68270	1.17349	0.99993	0.01191	0.00051	-0.01192	0.99991	0.00625	-0.00044	-0.00626	0.99998		-83.16131	-116.40231	-0.83747	-0.27103	0.39804	0.78916	0.17505	0.99988	-0.01377	-0.00695	0.01374	0.99989	-0.00473	0.00701	0.00463	0.99996	
70	0.35000	106.83940	-32.86197	0.54577	0.35979	-0.03225	-0.69008	1.15884	0.99993	0.01204	0.00056	-0.01205	0.99991	0.00628	-0.00049	-0.00629	0.99998		-83.16528	-116.40446	-0.84146	-0.26855	0.39597	0.79160	0.16601	0.99988	-0.01382	-0.00691	0.01378	0.99989	-0.00469	0.00697	0.00459	0.99997	
71	0.35500	106.84523	-32.84676	0.54630	0.36069	-0.03118	-0.68577	1.18063	0.99993	0.01197	0.00054	-0.01197	0.99991	0.00630	-0.00047	-0.00630	0.99998		-83.16369	-116.39800	-0.83740	-0.26591	0.39792	0.78859	0.18972	0.99988	-0.01376	-0.00694	0.01373	0.99989	-0.00464	0.00701	0.00454	0.99997	
72	0.36000	106.86725	-32.85662	0.54006	0.36241	-0.03773	-0.68783	1.17839	0.99993	0.01200	0.00066	-0.01201	0.99991	0.00633	-0.00058	-0.00633	0.99998		-83.17028	-116.39572	-0.84205	-0.26629	0.40184	0.78912	0.17647	0.99988	-0.01377	-0.00701	0.01374	0.99989	-0.00465	0.00708	0.00455	0.99996	
73	0.36500	106.85370	-32.84512	0.54681	0.36400	-0.03637	-0.69023	1.17052	0.99993	0.01205	0.00063	-0.01205	0.99991	0.00635	-0.00056	-0.00636	0.99998		-83.15480	-116.40548	-0.84178	-0.26643	0.39799	0.78768	0.17585	0.99988	-0.01375	-0.00695	0.01371	0.99990	-0.00465	0.00701	0.00455	0.99997	
74	0.37000	106.85527	-32.87551	0.53296	0.36039	-0.03794	-0.68711	1.18633	0.99993	0.01199	0.00066	-0.01200	0.99991	0.00629	-0.00059	-0.00630	0.99998		-83.16654	-116.37829	-0.83396	-0.26234	0.40104	0.78857	0.17493	0.99988	-0.01376	-0.00700	0.01373	0.99990	-0.00458	0.00706	0.00448	0.99997	
75	0.37500	106.84706	-32.85372	0.53985	0.36325	-0.03714	-0.68815	1.17089	0.99993	0.01201	0.00065	-0.01201	0.99991	0.00634	-0.00057	-0.00635	0.99998		-83.17281	-116.38761	-0.83778	-0.26150	0.39971	0.79068	0.17833	0.99988	-0.01380	-0.00698	0.01377	0.99989	-0.00456	0.00704	0.00447	0.99997	
76	0.38000	106.85398	-32.86947	0.53324	0.36256	-0.03671	-0.68425	1.17308	0.99993	0.01194	0.00064	-0.01195	0.99991	0.00633	-0.00056	-0.00633	0.99998		-83.13443	-116.40719	-0.82528	-0.26467	0.39294	0.78960	0.16741	0.99988	-0.01378	-0.00686	0.01375	0.99989	-0.00462	0.00692	0.00452	0.99997	
77	0.38500	106.80749	-32.87385	0.54723	0.36168	-0.03539	-0.68971	1.16857	0.99993	0.01204	0.00062	-0.01204	0.99991	0.00631	-0.00054	-0.00632	0.99998		-83.16791	-116.37921	-0.82100	-0.26168	0.39895	0.78788	0.18625	0.99988	-0.01375	-0.00696	0.01372	0.99990	-0.00457	0.00702	0.00447	0.99997	
78	0.39000	106.80906	-32.86619	0.54661	0.36133	-0.02774	-0.68454	1.17772	0.99993	0.01195	0.00048	-0.01195	0.99991	0.00631	-0.00041	-0.00631	0.99998		-83.18897	-116.38268	-0.82125	-0.25835	0.40312	0.78797	0.18493	0.99988	-0.01375	-0.00704	0.01372	0.99990	-0.00451	0.00710	0.00441	0.99997	
79	0.39500	106.82654	-32.85866	0.53747	0.36469	-0.03093	-0.68318	1.18679	0.99993	0.01192	0.00054	-0.01193	0.99991	0.00636	-0.00046	-0.00637	0.99998		-83.18142	-116.38414	-0.82119	-0.25864	0.40144	0.78815	0.18535	0.99988	-0.01376	-0.00701	0.01372	0.99990	-0.00451	0.00707	0.00442	0.99997	
80	0.40000	106.80115	-32.85457	0.53812	0.36538	-0.02896	-0.68299	1.18093	0.99993	0.01192	0.00051	-0.01192	0.99991	0.00638	-0.00043	-0.00638	0.99998		-83.19669	-116.38132	-0.81295	-0.25807	0.40494	0.78778	0.18262	0.99988	-0.01375	-0.00707	0.01372	0.99990	-0.00450	0.00713	0.00441	0.99996	
81	0.40500	106.83394	-32.86978	0.53906	0.36265	-0.03299	-0.68327	1.17821	0.99993	0.01192	0.00058	-0.01193	0.99991	0.00633	-0.00050	-0.00634	0.99998		-83.17477	-116.38482	-0.81318	-0.25765	0.40204	0.78698	0.17346	0.99988	-0.01373	-0.00702	0.01370	0.99990	-0.00450	0.00708	0.00440	0.99997	
82	0.41000	106.80698	-32.88258	0.53045	0.36265	-0.02976	-0.68845	1.17677	0.99993	0.01202	0.00052	-0.01202	0.99991	0.00633	-0.00044	-0.00634	0.99998		-83.15632	-116.38708	-0.82162	-0.25696	0.40000	0.78990	0.17378	0.99988	-0.01379	-0.00698	0.01375	0.99990	-0.00448	0.00704	0.00439	0.99997	
83	0.41500	106.83676	-32.86716	0.53353	0.36603	-0.03069	-0.68430	1.18090	0.99993	0.01194	0.00054	-0.01195	0.99991	0.00639	-0.00046	-0.00639	0.99998		-83.17613	-116.39602	-0.80886	-0.25814	0.40186	0.78809	0.17287	0.99988	-0.01375	-0.00701	0.01372	0.99990	-0.00451	0.00707	0.00441	0.99997	
84	0.42000	106.82853	-32.87369	0.53427	0.36445	-0.03208	-0.68419	1.19089	0.99993	0.01194	0.00056	-0.01194	0.99991	0.00636	-0.00048	-0.00637	0.99998		-83.16342	-116.39742	-0.80475	-0.25940	0.40158	0.79015	0.17442	0.99988	-0.01379	-0.00701	0.01376	0.99990	-0.00453	0.00707	0.00443	0.99997	
85	0.42500	106.84757	-32.85853	0.53104	0.36758	-0.03140	-0.68899	1.16471	0.99993	0.01202	0.00055	-0.01203	0.99991	0.00642	-0.00047	-0.00642	0.99998		-83.16684	-116.38319	-0.80092	-0.25726	0.40017	0.78782	0.15519	0.99988	-0.01375	-0.00698	0.01372	0.99990	-0.00449	0.00705	0.00439	0.99997	
86	0.43000	106.83462	-32.86362	0.53617	0.36833	-0.03202	-0.68739	1.16290	0.99993	0.01200	0.00056	-0.01200	0.99991	0.00643	-0.00048	-0.00643	0.99998		-83.18391	-116.37990	-0.80482	-0.25652	0.40425	0.78590	0.18861	0.99988	-0.01372	-0.00706	0.01368	0.99990	-0.00448	0.00712	0.00438	0.99997	
87	0.43500	106.84074	-32.86867	0.53365	0.36639	-0.03269	-0.68434	1.18013	0.99993	0.01194	0.00057	-0.01195	0.99991	0.00639	-0.00049	-0.00640	0.99998		-83.19097	-116.37869	-0.80495	-0.25625	0.40589	0.78572	0.18801	0.99988	-0.01371	-0.00708	0.01368	0.99990	-0.00447	0.00714	0.00437	0.99996	
88	0.44000	106.85803	-32.85751	0.52899	0.36746	-0.03095	-0.68482	1.17772	0.99993	0.01195	0.00054	-0.01196	0.99991	0.00641	-0.00046	-0.00642	0.99998		-83.19097	-116.37869	-0.80495	-0.25625	0.40589	0.78572	0.18801	0.99988	-0.01371	-0.00708	0.01368	0.99990	-0.00447	0.00714	0.00437	0.99996	
89	0.44500	106.84774	-32.88098	0.52407	0.36699	-0.03159	-0.68564	1.17748	0.99993	0.01197	0.00055	-0.01197	0.99991	0.00641	-0.00047	-0.00641	0.99998		-83.18881	-116.38541	-0.79628	-0.25696	0.40263	0.78954	0.16552	0.99988	-0.01378	-0.00703	0.01375	0.99990	-0.00448	0.00709	0.00439	0.99997	
90	0.45000	106.81676	-32.84775	0.51108	0.37079	-0.03306	-0.68892	1.18292	0.99993	0.01202	0.00058	-0.01203	0.99991	0.00647	-0.00050	-0.00648	0.99998		-83.20442	-116.38008	-0.80466	-0.25780	0.40677	0.78760	0.18045	0.99988	-0.01375	-0.00710	0.01371	0.99990	-0.00450	0.00716	0.00440	0.99996	
91	0.45500	106.81516	-32.87856	0.49888	0.36725	-0.02742	-0.68737	1.17613	0.99993	0.01200	0.00048	-0.01200	0.99991	0.00641	-0.00040	-0.00641	0.99998		-83.17160	-116.39616	-0.79230	-0.25913	0.40350	0.78994	0.17140	0.99988	-0.01379	-0.00704	0.01375	0.99990	-0.00452	0.00710	0.00443	0.99996	
92	0.46000	106.82079	-32.86005	0.51743	0.36905	-0.02919	-0.68606	1.18737	0.99993	0.01197	0.00051	-0.01198	0.99991	0.00644	-0.00043	-0.00645	0.99998		-83.19072	-116.38209	-0.79664	-0.25709	0.40571	0.78659	0.16904	0.99988	-0.01373	-0.00708	0.01370	0.99990	-0.00449	0.00714	0.00439	0.99996	
93	0.46500	106.81604	-32.85781	0.51023	0.36895	-0.03095	-0.68567	1.18715	0.99993	0.01197	0.00054	-0.01197	0.99991	0.00644	-0.00046	-0.00645	0.99998		-83.18933	-116.37513	-0.78862	-0.25430	0.40763	0.78133	0.18000	0.99988	-0.01364	-0.00711	0.01360	0.99990	-0.00444	0.00717	0.00434	0.99996	
94	0.47000	106.83071	-32.86760	0.51398	0.37079	-0.02984	-0.68510	1.17919	0.99993	0.01196	0.00052	-0.01196	0.99991	0.00647	-0.00044	-0.00648	0.99998		-83.17759	-116.40462	-0.79222	-0.26099	0.40483	0.78550	0.17803	0.99988	-0.01371	-0.00707	0.01368	0.99990	-0.00456	0.00713	0.00446	0.99996	
95	0.47500	106.80840	-32.86165	0.51618	0.36982	-0.03139	-0.68718	1.16980	0.99993	0.01199	0.00055	-0.01200	0.99991	0.00645	-0.00047	-0.00646	0.99998		-83.19390	-116.38739	-0.78818	-0.25832	0.40648	0.78669	0.16947	0.99988	-0.01373	-0.00709	0.01370	0.99990	-0.00451	0.00716	0.00441	0.99996	
96	0.48000	106.83851	-32.85252	0.51104	0.37202	-0.03415	-0.69007	1.16953	0.99993	0.01204	0.00060	-0.01205	0.99991	0.00649	-0.00052	-0.00650	0.99998		-83.18453	-116.38118	-0.78864	-0.25662	0.40905	0.78453	0.18147	0.99988	-0.01369	-0.00714	0.01366	0.99990	-0.00448	0.00720	0.00438	0.99996	
97	0.48500	106.82209	-32.84154	0.49783	0.37272	-0.03199	-0.68884	1.17025	0.99993	0.01202	0.00056	-0.01203	0.99991	0.00651	-0.00048	-0.00651	0.99998		-83.22274	-116.37061	-0.79245	-0.25573	0.41103	0.78694	0.17826	0.99988	-0.01373	-0.00717	0.01370	0.99990	-0.00446	0.00723	0.00436	0.99996	
98	0.49000	106.81735	-32.86378	0.49793	0.36926	-0.03050	-0.68389	1.18049	0.99993	0.01194	0.00053	-0.01194	0.99991	0.00644	-0.00046	-0.00645	0.99998		-83.20321	-116.38253	-0.80075	-0.25718	0.40867	0.78565	0.18558	0.99988	-0.01371	-0.00713	0.01368	0.99990	-0.00449	0.00719	0.00439	0.99996	
99	0.49500	106.80703	-32.85419	0.52458	0.37001	-0.02415	-0.68107	1.17817	0.99993	0.01189	0.00042	-0.01189	0.99991	0.00646	-0.00034	-0.00646	0.99998		-83.23169	-116.37661	-0.80054	-0.25822	0.41077	0.78444	0.17776	0.99988	-0.01369	-0.00717	0.01366	0.99990	-0.00451	0.00723	0.00441	0.99996	
100	0.50000	106.84246	-32.85217	0.48559	0.37060	-0.03137	-0.68262	1.18440	0.99993	0.01191	0.00055	-0.01192	0.99991	0.00647	-0.00047	-0.00647	0.99998		-83.19059	-116.38991	-0.79662	-0.26071	0.41075	0.78785	0.18839	0.99988	-0.01375	-0.00717	0.01372	0.99990	-0.00455	0.00723	0.00445	0.99996	
101	0.50500	106.81226	-32.84547	0.50035	0.37332	-0.02933	-0.68662	1.15977	0.99993	0.01198	0.00051	-0.01199	0.99991	0.00652	-0.00043	-0.00652	0.99998		-83.20507	-116.37870	-0.79660	-0.26052	0.40989	0.78696	0.17640	0.99988	-0.01373	-0.00715	0.01370	0.99990	-0.00455	0.00722	0.00445	0.99996	
102	0.51000	106.85951	-32.85078	0.47825	0.37235	-0.03922	-0.68756	1.16474	0.99993	0.01200	0.00068	-0.01200	0.99991	0.00650	-0.00061	-0.00651	0.99998		-83.22236	-116.39187	-0.79612	-0.26259	0.41117	0.78508	0.18948	0.99988	-0.01370	-0.00718	0.01367	0.99990	-0.00458	0.00724	0.00448	0.99996	
103	0.51500	106.81464	-32.84873	0.49319	0.37294	-0.03055	-0.68580	1.16397	0.99993	0.01197	0.00053	-0.01197	0.99991	0.00651	-0.00046	-0.00651	0.99998		-83.19008	-116.38614	-0.80097	-0.26198	0.41082	0.79054	0.17341	0.99988	-0.01380	-0.00717	0.01376	0.99989	-0.00457	0.00723	0.00447	0.99996	
104	0.52000	106.82164	-32.83194	0.48274	0.37317	-0.03405	-0.68493	1.18204	0.99993	0.01195	0.00059	-0.01196	0.99991	0.00651	-0.00052	-0.00652	0.99998		-83.20646	-116.38736	-0.80090	-0.26337	0.41253	0.78327	0.16960	0.99988	-0.01367	-0.00720	0.01364	0.99990	-0.00460	0.00726	0.00450	0.99996	
105	0.52500	106.83142	-32.84200	0.49082	0.37372	-0.03321	-0.68534	1.18062	0.99993	0.01196	0.00058	-0.01196	0.99991	0.00652	-0.00050	-0.00653	0.99998		-83.21206	-116.38654	-0.80055	-0.26435	0.41173	0.78449	0.18320	0.99988	-0.01369	-0.00719	0.01366	0.99990	-0.00461	0.00725	0.00452	0.99996	
106	0.53000	106.83980	-32.83725	0.45998	0.37424	-0.03374	-0.68743	1.17270	0.99993	0.01200	0.00059	-0.01200	0.99991	0.00653	-0.00051	-0.00654	0.99998		-83.19919	-116.39344	-0.79678	-0.26362	0.41303	0.78614	0.16924	0.99988	-0.01372	-0.00721	0.01369	0.99990	-0.00460	0.00727	0.00450	0.99996	
107	0.53500	106.82128	-32.83871	0.46653	0.37282	-0.03507	-0.68633	1.18939	0.99993	0.01198	0.00061	-0.01198	0.99991	0.00651	-0.00053	-0.00651	0.99998		-83.18920	-116.38801	-0.80939	-0.26532	0.41368	0.78238	0.18653	0.99988	-0.01365	-0.00722	0.01362	0.99990	-0.00463	0.00728	0.00453	0.99996	
108	0.54000	106.83487	-32.83683	0.47151	0.37386	-0.03731	-0.68050	1.19038	0.99993	0.01188	0.00065	-0.01188	0.99991	0.00653	-0.00057	-0.00653	0.99998		-83.22457	-116.40456	-0.80449	-0.26860	0.41428	0.78835	0.16833	0.99988	-0.01376	-0.00723	0.01372	0.99989	-0.00469	0.00729	0.00459	0.99996	
109	0.54500	106.82849	-32.83614	0.46552	0.37299	-0.03652	-0.68503	1.17856	0.99993	0.01196	0.00064	-0.01196	0.99991	0.00651	-0.00056	-0.00652	0.99998		-83.20476	-116.38387	-0.80940	-0.26648	0.41765	0.78346	0.19014	0.99988	-0.01367	-0.00729	0.01364	0.99990	-0.00465	0.00735	0.00455	0.99996	
110	0.55000	106.83676	-32.83059	0.46691	0.37387	-0.03787	-0.68494	1.18210	0.99993	0.01195	0.00066	-0.01196	0.99991	0.00653	-0.00058	-0.00653	0.99998		-83.23326	-116.38172	-0.80479	-0.26748	0.41719	0.78357	0.17826	0.99988	-0.01368	-0.00728	0.01364	0.99990	-0.00467	0.00734	0.00457	0.99996	
111	0.55500	106.83639	-32.82245	0.45036	0.37483	-0.03807	-0.69170	1.17428	0.99993	0.01207	0.00066	-0.01208	0.99991	0.00654	-0.00059	-0.00655	0.99998		-83.20817	-116.38103	-0.81341	-0.26812	0.41402	0.78467	0.17801	0.99988	-0.01369	-0.00723	0.01366	0.99990	-0.00468	0.00729	0.00458	0.99996	
112	0.56000	106.82163	-32.81180	0.46712	0.37500	-0.03408	-0.68416	1.18919	0.99993	0.01194	0.00059	-0.01194	0.99991	0.00654	-0.00052	-0.00655	0.99998		-83.22718	-116.39976	-0.80430	-0.27162	0.41571	0.78593	0.18118	0.99988	-0.01372	-0.00726	0.01368	0.99990	-0.00474	0.00732	0.00464	0.99996	
113	0.56500	106.82512	-32.80821	0.46720	0.37631	-0.03528	-0.68614	1.17759	0.99993	0.01198	0.00062	-0.01198	0.99991	0.00657	-0.00054	-0.00657	0.99998		-83.19410	-116.38952	-0.80892	-0.27014	0.41064	0.78986	0.16833	0.99988	-0.01378	-0.00717	0.01375	0.99989	-0.00471	0.00723	0.00462	0.99996	
114	0.57000	106.82218	-32.81734	0.45671	0.37659	-0.03731	-0.68798	1.17919	0.99993	0.01201	0.00065	-0.01201	0.99991	0.00657	-0.00057	-0.00658	0.99998		-83.22907	-116.37716	-0.80892	-0.26851	0.41671	0.78274	0.17769	0.99988	-0.01366	-0.00727	0.01363	0.99990	-0.00469	0.00734	0.00459	0.99996	
115	0.57500	106.81521	-32.79025	0.44605	0.37529	-0.03364	-0.68302	1.17463	0.99993	0.01192	0.00059	-0.01192	0.99991	0.00655	-0.00051	-0.00656	0.99998		-83.22726	-116.38634	-0.80867	-0.27264	0.41658	0.78049	0.18952	0.99988	-0.01362	-0.00727	0.01359	0.99990	-0.00476	0.00733	0.00466	0.99996	
116	0.58000	106.82097	-32.80239	0.43934	0.37499	-0.03671	-0.68801	1.18567	0.99993	0.01201	0.00064	-0.01201	0.99991	0.00654	-0.00056	-0.00655	0.99998		-83.20708	-116.38753	-0.81749	-0.27261	0.41652	0.78414	0.18004	0.99988	-0.01369	-0.00727	0.01365	0.99990	-0.00476	0.00733	0.00466	0.99996	
117	0.58500	106.81261	-32.77713	0.43685	0.37735	-0.03913	-0.68226	1.18134	0.99993	0.01191	0.00068	-0.01191	0.99991	0.00659	-0.00060	-0.00659	0.99998		-83.21522	-116.39071	-0.82157	-0.27546	0.41867	0.78338	0.17257	0.99988	-0.01367	-0.00731	0.01364	0.99990	-0.00481	0.00737	0.00471	0.99996	
118	0.59000	106.87309	-32.80721	0.41829	0.37480	-0.04268	-0.68585	1.19144	0.99993	0.01197	0.00074	-0.01197	0.99991	0.00654	-0.00067	-0.00655	0.99998		-83.20277	-116.38677	-0.82992	-0.27451	0.41582	0.78347	0.17558	0.99988	-0.01367	-0.00726	0.01364	0.99990	-0.00479	0.00732	0.00469	0.99996	
119	0.59500	106.84794	-32.78929	0.43953	0.37545	-0.03998	-0.68472	1.18028	0.99993	0.01195	0.00070	-0.01195	0.99991	0.00655	-0.00062	-0.00656	0.99998		-83.23294	-116.39609	-0.82935	-0.27703	0.41809	0.78755	0.17106	0.99988	-0.01374	-0.00730	0.01371	0.99989	-0.00483	0.00736	0.00473	0.99996	
120	0.60000	106.83971	-32.78028	0.41637	0.37773	-0.04162	-0.68713	1.17480	0.99993	0.01199	0.00073	-0.01200	0.99991	0.00659	-0.00065	-0.00660	0.99998		-83.20998	-116.40201	-0.81700	-0.27918	0.41526	0.78430	0.17176	0.99988	-0.01369	-0.00725	0.01365	0.99989	-0.00487	0.00731	0.00477	0.99996	
121	0.60500	106.86280	-32.76728	0.39867	0.37741	-0.04401	-0.68061	1.18337	0.99993	0.01188	0.00077	-0.01188	0.99991	0.00659	-0.00069	-0.00660	0.99998		-83.22364	-116.37828	-0.83014	-0.27677	0.42139	0.78238	0.17537	0.99988	-0.01365	-0.00735	0.01362	0.99990	-0.00483	0.00742	0.00473	0.99996	
122	0.61000	106.81878	-32.78725	0.42416	0.37548	-0.03664	-0.68482	1.18264	0.99993	0.01195	0.00064	-0.01196	0.99991	0.00655	-0.00056	-0.00656	0.99998		-83.22747	-116.40169	-0.83798	-0.27919	0.41925	0.78855	0.16213	0.99988	-0.01376	-0.00732	0.01373	0.99989	-0.00487	0.00738	0.00477	0.99996	
123	0.61500	106.82782	-32.77723	0.41808	0.37603	-0.03856	-0.68779	1.18459	0.99993	0.01200	0.00067	-0.01201	0.99991	0.00656	-0.00059	-0.00657	0.99998		-83.21983	-116.41534	-0.83336	-0.28326	0.41998	0.79021	0.17697	0.99988	-0.01379	-0.00733	0.01376	0.99989	-0.00494	0.00740	0.00484	0.99996	
124	0.62000	106.85115	-32.76479	0.41654	0.37716	-0.03520	-0.68604	1.18101	0.99993	0.01197	0.00061	-0.01198	0.99991	0.00658	-0.00054	-0.00659	0.99998		-83.22519	-116.40048	-0.82946	-0.28192	0.42169	0.78425	0.18086	0.99988	-0.01369	-0.00736	0.01365	0.99989	-0.00492	0.00743	0.00482	0.99996	
125	0.62500	106.82659	-32.74707	0.39262	0.37889	-0.04138	-0.68410	1.18452	0.99993	0.01194	0.00072	-0.01194	0.99991	0.00661	-0.00064	-0.00662	0.99998		-83.21990	-116.38957	-0.82971	-0.28049	0.41831	0.78329	0.17274	0.99988	-0.01367	-0.00730	0.01363	0.99990	-0.00490	0.00737	0.00480	0.99996	
126	0.63000	106.82965	-32.75423	0.38849	0.37717	-0.03897	-0.68119	1.18275	0.99993	0.01189	0.00068	-0.01189	0.99991	0.00658	-0.00060	-0.00659	0.99998		-83.20357	-116.40145	-0.84208	-0.28414	0.41699	0.78580	0.17043	0.99988	-0.01371	-0.00728	0.01368	0.99989	-0.00496	0.00735	0.00486	0.99996	
127	0.63500	106.84974	-32.75490	0.38517	0.37700	-0.04105	-0.68830	1.18118	0.99993	0.01201	0.00072	-0.01202	0.99991	0.00658	-0.00064	-0.00659	0.99998		-83.20784	-116.40701	-0.84618	-0.28537	0.41792	0.78591	0.16993	0.99988	-0.01372	-0.00729	0.01368	0.99989	-0.00498	0.00736	0.00488	0.99996	
128	0.64000	106.84345	-32.73802	0.41095	0.37782	-0.04073	-0.68335	1.18176	0.99993	0.01193	0.00071	-0.01193	0.99991	0.00659	-0.00063	-0.00660	0.99998		-83.20805	-116.40688	-0.84196	-0.28537	0.41802	0.78592	0.16915	0.99988	-0.01372	-0.00730	0.01368	0.99989	-0.00498	0.00736	0.00488	0.99996	
129	0.64500	106.82271	-32.73740	0.37771	0.37722	-0.04089	-0.68694	1.18483	0.99993	0.01199	0.00071	-0.01199	0.99991	0.00658	-0.00063	-0.00659	0.99998		-83.21618	-116.39297	-0.84627	-0.28433	0.42022	0.78730	0.16957	0.99988	-0.01374	-0.00733	0.01370	0.99989	-0.00496	0.00740	0.00486	0.99996	
130	0.65000	106.84033	-32.73284	0.37686	0.37930	-0.04423	-0.68219	1.19115	0.99993	0.01191	0.00077	-0.01191	0.99991	0.00662	-0.00069	-0.00663	0.99998		-83.22764	-116.40418	-0.85427	-0.28804	0.42059	0.78493	0.17133	0.99988	-0.01370	-0.00734	0.01366	0.99989	-0.00503	0.00741	0.00493	0.99996	
131	0.65500	106.82834	-32.73215	0.36488	0.37836	-0.04262	-0.68557	1.18008	0.99993	0.01197	0.00074	-0.01197	0.99991	0.00660	-0.00066	-0.00661	0.99998		-83.23243	-116.39351	-0.86244	-0.28888	0.41992	0.78804	0.17260	0.99988	-0.01375	-0.00733	0.01372	0.99989	-0.00504	0.00740	0.00494	0.99996	
132	0.66000	106.81691	-32.73350	0.37101	0.37688	-0.03712	-0.68970	1.18283	0.99993	0.01204	0.00065	-0.01204	0.99991	0.00658	-0.00057	-0.00659	0.99998		-83.24096	-116.40415	-0.87064	-0.29132	0.42176	0.78826	0.17154	0.99988	-0.01376	-0.00736	0.01372	0.99989	-0.00508	0.00743	0.00498	0.99996	
133	0.66500	106.81076	-32.71381	0.37899	0.37967	-0.03926	-0.68310	1.20076	0.99993	0.01192	0.00069	-0.01193	0.99991	0.00663	-0.00061	-0.00663	0.99998		-83.21260	-116.41631	-0.87498	-0.29169	0.41952	0.78742	0.16719	0.99988	-0.01374	-0.00732	0.01371	0.99989	-0.00509	0.00739	0.00499	0.99996	
134	0.67000	106.79998	-32.71717	0.35844	0.37817	-0.03694	-0.69057	1.17413	0.99993	0.01205	0.00064	-0.01206	0.99991	0.00660	-0.00057	-0.00661	0.99998		-83.22382	-116.41565	-0.87477	-0.29175	0.41747	0.78581	0.16878	0.99988	-0.01371	-0.00729	0.01368	0.99989	-0.00509	0.00736	0.00499	0.99996	
135	0.67500	106.82367	-32.69710	0.34969	0.38092	-0.04050	-0.68815	1.18516	0.99993	0.01201	0.00071	-0.01201	0.99991	0.00665	-0.00063	-0.00666	0.99998		-83.22305	-116.41298	-0.87497	-0.29212	0.41976	0.78754	0.16190	0.99988	-0.01374	-0.00733	0.01371	0.99989	-0.00510	0.00740	0.00500	0.99996	
136	0.68000	106.83212	-32.68515	0.34349	0.38005	-0.04070	-0.68773	1.18979	0.99993	0.01200	0.00071	-0.01201	0.99991	0.00663	-0.00063	-0.00664	0.99998		-83.21966	-116.39583	-0.87920	-0.29137	0.41713	0.78654	0.16661	0.99988	-0.01373	-0.00728	0.01369	0.99989	-0.00509	0.00735	0.00498	0.99996	
