NO_OF_FRAMES	12041
NO_OF_CAMERAS	8
NO_OF_BODIES	2
FREQUENCY	200
NO_OF_ANALOG	0
ANALOG_FREQUENCY	0
DESCRIPTION	--
TIME_STAMP	2013-07-02, 17:19:04	3301441.29905745
DATA_INCLUDED	6D
BODY_NAMES	Ice 1	Ice 2
Frame	Time	Ice 1 X	Y	Z	Roll	Pitch	Yaw	Residual	Rot[0]	Rot[1]	Rot[2]	Rot[3]	Rot[4]	Rot[5]	Rot[6]	Rot[7]	Rot[8]	Ice 2 X	Y	Z	Roll	Pitch	Yaw	Residual	Rot[0]	Rot[1]	Rot[2]	Rot[3]	Rot[4]	Rot[5]	Rot[6]	Rot[7]	Rot[8]	
1	0.00500	116.91683	-159.29760	-0.50224	0.52264	-0.04696	0.34425	0.94288	0.99998	-0.00601	0.00082	0.00600	0.99994	0.00912	-0.00087	-0.00912	0.99996		-104.18795	-168.24576	-0.74147	-0.20742	0.39245	-0.45664	0.24597	0.99994	0.00797	-0.00685	-0.00799	0.99996	-0.00362	0.00682	0.00367	0.99997	
2	0.01000	116.69844	-159.35526	-0.47118	0.52479	-0.02544	0.31655	0.86303	0.99998	-0.00552	0.00044	0.00552	0.99994	0.00916	-0.00049	-0.00916	0.99996		-104.17032	-168.27183	-0.71681	-0.20475	0.39150	-0.45309	0.22945	0.99995	0.00791	-0.00683	-0.00793	0.99996	-0.00357	0.00680	0.00363	0.99997	
3	0.01500	116.71521	-159.33877	-0.47014	0.53503	-0.02222	0.32757	0.88610	0.99998	-0.00572	0.00039	0.00571	0.99994	0.00934	-0.00044	-0.00934	0.99996		-104.18892	-168.27667	-0.71237	-0.20084	0.39251	-0.45246	0.23924	0.99995	0.00790	-0.00685	-0.00792	0.99996	-0.00351	0.00682	0.00356	0.99997	
4	0.02000	116.70219	-159.32291	-0.47342	0.54284	-0.02337	0.31715	0.87693	0.99998	-0.00554	0.00041	0.00553	0.99994	0.00947	-0.00046	-0.00947	0.99996		-104.17848	-168.25906	-0.69194	-0.19267	0.38941	-0.45708	0.24344	0.99995	0.00798	-0.00680	-0.00800	0.99996	-0.00336	0.00677	0.00342	0.99997	
5	0.02500	116.72854	-159.33177	-0.46586	0.55296	-0.02087	0.32059	0.87370	0.99998	-0.00560	0.00036	0.00559	0.99994	0.00965	-0.00042	-0.00965	0.99995		-104.18441	-168.26048	-0.66711	-0.18677	0.38974	-0.45619	0.23828	0.99995	0.00796	-0.00680	-0.00798	0.99996	-0.00326	0.00678	0.00331	0.99997	
6	0.03000	116.70712	-159.32855	-0.47052	0.55922	-0.01208	0.32284	0.87808	0.99998	-0.00563	0.00021	0.00563	0.99994	0.00976	-0.00027	-0.00976	0.99995		-104.15497	-168.25710	-0.65520	-0.17959	0.38631	-0.45412	0.23058	0.99995	0.00793	-0.00674	-0.00795	0.99996	-0.00313	0.00672	0.00319	0.99997	
7	0.03500	116.69748	-159.31653	-0.47687	0.57166	-0.01353	0.31846	0.87107	0.99998	-0.00556	0.00024	0.00556	0.99993	0.00998	-0.00029	-0.00998	0.99995		-104.18475	-168.26345	-0.64219	-0.17517	0.38737	-0.45197	0.23688	0.99995	0.00789	-0.00676	-0.00791	0.99996	-0.00306	0.00674	0.00311	0.99997	
8	0.04000	116.70486	-159.30800	-0.47119	0.57961	-0.01167	0.32067	0.87388	0.99998	-0.00560	0.00020	0.00559	0.99993	0.01012	-0.00026	-0.01011	0.99995		-104.18128	-168.27113	-0.62151	-0.17077	0.38528	-0.45442	0.22319	0.99995	0.00793	-0.00672	-0.00795	0.99996	-0.00298	0.00670	0.00303	0.99997	
9	0.04500	116.71719	-159.31970	-0.47527	0.58630	-0.00690	0.31786	0.86900	0.99998	-0.00555	0.00012	0.00555	0.99993	0.01023	-0.00018	-0.01023	0.99995		-104.21071	-168.26555	-0.61708	-0.16362	0.38620	-0.45266	0.23030	0.99995	0.00790	-0.00674	-0.00792	0.99996	-0.00286	0.00672	0.00291	0.99997	
10	0.05000	116.67140	-159.29838	-0.48304	0.59722	-0.00236	0.32408	0.87269	0.99998	-0.00566	0.00004	0.00566	0.99993	0.01042	-0.00010	-0.01042	0.99995		-104.21741	-168.26334	-0.60464	-0.15687	0.38675	-0.45522	0.24618	0.99995	0.00794	-0.00675	-0.00796	0.99996	-0.00274	0.00673	0.00279	0.99997	
11	0.05500	116.61544	-159.44750	-0.40022	0.59519	-0.01035	0.30454	0.88051	0.99999	-0.00532	0.00018	0.00531	0.99993	0.01039	-0.00024	-0.01039	0.99995		-104.19289	-168.27155	-0.57570	-0.15345	0.38251	-0.46010	0.23866	0.99995	0.00803	-0.00668	-0.00805	0.99996	-0.00268	0.00665	0.00273	0.99997	
12	0.06000	116.62130	-159.46128	-0.41781	0.60084	-0.00841	0.30803	0.88843	0.99999	-0.00538	0.00015	0.00537	0.99993	0.01049	-0.00020	-0.01049	0.99995		-104.20896	-168.27069	-0.57166	-0.14915	0.38535	-0.45543	0.23379	0.99995	0.00795	-0.00673	-0.00797	0.99996	-0.00260	0.00670	0.00266	0.99997	
13	0.06500	116.61957	-159.46622	-0.40423	0.61186	-0.01088	0.31325	0.90459	0.99999	-0.00547	0.00019	0.00546	0.99993	0.01068	-0.00025	-0.01068	0.99994		-104.22001	-168.29091	-0.57145	-0.14458	0.38373	-0.45769	0.23031	0.99995	0.00799	-0.00670	-0.00801	0.99996	-0.00252	0.00668	0.00258	0.99997	
14	0.07000	116.62365	-159.45962	-0.41096	0.62036	-0.00788	0.30968	0.89646	0.99999	-0.00540	0.00014	0.00540	0.99993	0.01083	-0.00020	-0.01083	0.99994		-104.19525	-168.28107	-0.54714	-0.13874	0.38459	-0.45905	0.23989	0.99995	0.00801	-0.00671	-0.00803	0.99996	-0.00242	0.00669	0.00248	0.99997	
15	0.07500	116.57506	-159.45538	-0.42537	0.62997	-0.00252	0.30349	0.88678	0.99999	-0.00530	0.00004	0.00530	0.99993	0.01099	-0.00010	-0.01099	0.99994		-104.21855	-168.27630	-0.53867	-0.13384	0.38439	-0.45906	0.23217	0.99995	0.00801	-0.00671	-0.00803	0.99997	-0.00234	0.00669	0.00239	0.99997	
16	0.08000	116.62897	-159.46297	-0.41890	0.63506	-0.00495	0.30855	0.90623	0.99999	-0.00539	0.00009	0.00538	0.99992	0.01108	-0.00015	-0.01108	0.99994		-104.23548	-168.29501	-0.51309	-0.13115	0.38469	-0.45371	0.24165	0.99995	0.00792	-0.00671	-0.00793	0.99997	-0.00229	0.00670	0.00234	0.99997	
17	0.08500	116.62924	-159.47266	-0.43123	0.64133	-0.00461	0.31090	0.90955	0.99999	-0.00543	0.00008	0.00543	0.99992	0.01119	-0.00014	-0.01119	0.99994		-104.21572	-168.28187	-0.50956	-0.12579	0.38435	-0.45559	0.23536	0.99995	0.00795	-0.00671	-0.00797	0.99997	-0.00220	0.00669	0.00225	0.99998	
18	0.09000	116.60486	-159.47375	-0.43366	0.64844	0.00018	0.30893	0.90379	0.99999	-0.00539	-0.00000	0.00539	0.99992	0.01132	-0.00006	-0.01132	0.99994		-104.23099	-168.29286	-0.50526	-0.12329	0.38453	-0.44942	0.22251	0.99995	0.00784	-0.00671	-0.00786	0.99997	-0.00215	0.00669	0.00220	0.99998	
19	0.09500	116.56876	-159.43226	-0.42182	0.66352	-0.00301	0.28713	0.87985	0.99999	-0.00501	0.00005	0.00501	0.99992	0.01158	-0.00011	-0.01158	0.99993		-104.20189	-168.31073	-0.49732	-0.12079	0.38137	-0.45588	0.21855	0.99995	0.00796	-0.00666	-0.00797	0.99997	-0.00211	0.00664	0.00216	0.99998	
20	0.10000	116.58882	-159.47511	-0.44554	0.66030	0.00272	0.30658	0.90216	0.99999	-0.00535	-0.00005	0.00535	0.99992	0.01152	-0.00001	-0.01152	0.99993		-104.20882	-168.32826	-0.47622	-0.11952	0.38434	-0.45316	0.24012	0.99995	0.00791	-0.00671	-0.00792	0.99997	-0.00209	0.00669	0.00214	0.99998	
21	0.10500	116.62009	-159.45992	-0.45180	0.66875	-0.00023	0.30203	0.90253	0.99999	-0.00527	0.00000	0.00527	0.99992	0.01167	-0.00007	-0.01167	0.99993		-104.23697	-168.31843	-0.47211	-0.11548	0.38574	-0.45581	0.22740	0.99995	0.00796	-0.00673	-0.00797	0.99997	-0.00202	0.00672	0.00207	0.99998	
22	0.11000	116.56173	-159.43778	-0.43749	0.68025	-0.00250	0.29061	0.89392	0.99999	-0.00507	0.00004	0.00507	0.99992	0.01187	-0.00010	-0.01187	0.99993		-104.20514	-168.33729	-0.45589	-0.11507	0.38699	-0.45428	0.22965	0.99995	0.00793	-0.00675	-0.00794	0.99997	-0.00201	0.00674	0.00206	0.99998	
23	0.11500	116.57083	-159.44786	-0.45261	0.68612	-0.00087	0.28367	0.87913	0.99999	-0.00495	0.00002	0.00495	0.99992	0.01197	-0.00007	-0.01197	0.99993		-104.22719	-168.34464	-0.45173	-0.11046	0.39104	-0.45681	0.24236	0.99994	0.00797	-0.00682	-0.00799	0.99997	-0.00193	0.00681	0.00198	0.99997	
24	0.12000	116.53484	-159.46547	-0.46914	0.68754	0.00364	0.29071	0.88671	0.99999	-0.00507	-0.00006	0.00507	0.99992	0.01200	0.00000	-0.01200	0.99993		-104.23033	-168.34252	-0.45159	-0.11118	0.38966	-0.45651	0.23608	0.99995	0.00797	-0.00680	-0.00798	0.99997	-0.00194	0.00679	0.00199	0.99997	
25	0.12500	116.55913	-159.45222	-0.47787	0.69257	-0.00022	0.28656	0.88042	0.99999	-0.00500	0.00000	0.00500	0.99991	0.01209	-0.00006	-0.01209	0.99993		-104.23995	-168.37200	-0.43916	-0.11140	0.39529	-0.45481	0.23987	0.99994	0.00794	-0.00690	-0.00795	0.99997	-0.00194	0.00688	0.00200	0.99997	
26	0.13000	116.55996	-159.45901	-0.47925	0.69612	-0.00149	0.28803	0.89303	0.99999	-0.00503	0.00003	0.00503	0.99991	0.01215	-0.00009	-0.01215	0.99993		-104.21653	-168.37272	-0.43922	-0.11161	0.38984	-0.45360	0.22598	0.99995	0.00792	-0.00680	-0.00793	0.99997	-0.00195	0.00679	0.00200	0.99997	
27	0.13500	116.53720	-159.45312	-0.49146	0.69977	0.00073	0.28385	0.88815	0.99999	-0.00495	-0.00001	0.00495	0.99991	0.01221	-0.00005	-0.01221	0.99993		-104.23560	-168.38580	-0.41803	-0.11248	0.39406	-0.45360	0.23888	0.99995	0.00792	-0.00688	-0.00793	0.99997	-0.00196	0.00686	0.00202	0.99997	
28	0.14000	116.54132	-159.45173	-0.50646	0.70454	-0.00305	0.28228	0.88685	0.99999	-0.00493	0.00005	0.00493	0.99991	0.01230	-0.00011	-0.01230	0.99992		-104.20989	-168.39244	-0.42694	-0.10840	0.39394	-0.45431	0.24162	0.99994	0.00793	-0.00688	-0.00794	0.99997	-0.00189	0.00686	0.00195	0.99997	
29	0.14500	116.52800	-159.45354	-0.52060	0.70705	-0.00085	0.28077	0.88256	0.99999	-0.00490	0.00001	0.00490	0.99991	0.01234	-0.00008	-0.01234	0.99992		-104.24881	-168.40573	-0.41414	-0.11249	0.40096	-0.45599	0.24599	0.99994	0.00796	-0.00700	-0.00797	0.99997	-0.00196	0.00698	0.00202	0.99997	
30	0.15000	116.53510	-159.45392	-0.52040	0.70862	0.00031	0.28650	0.88361	0.99999	-0.00500	-0.00001	0.00500	0.99991	0.01237	-0.00006	-0.01237	0.99992		-104.24137	-168.41439	-0.41436	-0.11132	0.40082	-0.45158	0.22892	0.99994	0.00788	-0.00700	-0.00790	0.99997	-0.00194	0.00698	0.00200	0.99997	
31	0.15500	116.55017	-159.45678	-0.52741	0.71012	-0.00483	0.28199	0.88152	0.99999	-0.00492	0.00008	0.00492	0.99991	0.01239	-0.00015	-0.01239	0.99992		-104.22226	-168.42809	-0.41069	-0.11287	0.40321	-0.45424	0.22293	0.99994	0.00793	-0.00704	-0.00794	0.99997	-0.00197	0.00702	0.00203	0.99997	
32	0.16000	116.51945	-159.47680	-0.54681	0.70788	-0.00151	0.28374	0.88181	0.99999	-0.00495	0.00003	0.00495	0.99991	0.01235	-0.00009	-0.01235	0.99992		-104.25842	-168.44829	-0.40576	-0.11777	0.40688	-0.45742	0.23296	0.99994	0.00798	-0.00710	-0.00800	0.99997	-0.00206	0.00708	0.00211	0.99997	
33	0.16500	116.55244	-159.48106	-0.55661	0.70940	-0.00338	0.27715	0.89110	0.99999	-0.00484	0.00006	0.00484	0.99991	0.01238	-0.00012	-0.01238	0.99992		-104.22394	-168.46102	-0.40661	-0.11886	0.41049	-0.45660	0.23287	0.99994	0.00797	-0.00716	-0.00798	0.99997	-0.00207	0.00715	0.00213	0.99997	
34	0.17000	116.55532	-159.48985	-0.55476	0.70904	-0.00681	0.27961	0.88892	0.99999	-0.00488	0.00012	0.00488	0.99991	0.01237	-0.00018	-0.01237	0.99992		-104.20139	-168.47367	-0.40230	-0.12385	0.40575	-0.45468	0.21739	0.99994	0.00794	-0.00708	-0.00795	0.99997	-0.00216	0.00706	0.00222	0.99997	
35	0.17500	116.54446	-159.49104	-0.59226	0.70703	-0.01027	0.28522	0.89384	0.99999	-0.00498	0.00018	0.00498	0.99991	0.01234	-0.00024	-0.01234	0.99992		-104.25086	-168.47761	-0.41410	-0.12617	0.41038	-0.45430	0.23396	0.99994	0.00793	-0.00716	-0.00794	0.99997	-0.00220	0.00714	0.00226	0.99997	
36	0.18000	116.60775	-159.48968	-0.61179	0.70768	-0.01671	0.28453	0.89924	0.99999	-0.00497	0.00029	0.00496	0.99991	0.01235	-0.00035	-0.01235	0.99992		-104.24671	-168.49378	-0.41414	-0.12950	0.41414	-0.45419	0.24291	0.99994	0.00793	-0.00723	-0.00794	0.99997	-0.00226	0.00721	0.00232	0.99997	
37	0.18500	116.59835	-159.53082	-0.61901	0.69812	-0.01238	0.29434	0.90799	0.99999	-0.00514	0.00022	0.00513	0.99991	0.01218	-0.00028	-0.01218	0.99993		-104.24750	-168.52772	-0.41813	-0.13689	0.41892	-0.45783	0.25365	0.99994	0.00799	-0.00731	-0.00801	0.99997	-0.00239	0.00729	0.00245	0.99997	
38	0.19000	116.63920	-159.51119	-0.63365	0.70043	-0.01765	0.29264	0.91339	0.99999	-0.00511	0.00031	0.00510	0.99991	0.01222	-0.00037	-0.01222	0.99993		-104.24773	-168.54104	-0.42248	-0.14083	0.42143	-0.45222	0.23278	0.99994	0.00789	-0.00736	-0.00791	0.99997	-0.00246	0.00734	0.00252	0.99997	
39	0.19500	116.55430	-159.51042	-0.62105	0.70295	-0.01920	0.28652	0.89382	0.99999	-0.00500	0.00034	0.00500	0.99991	0.01227	-0.00040	-0.01227	0.99992		-104.23878	-168.55623	-0.43465	-0.14642	0.41976	-0.44921	0.23242	0.99994	0.00784	-0.00733	-0.00786	0.99997	-0.00256	0.00731	0.00261	0.99997	
40	0.20000	116.64116	-159.52993	-0.65134	0.69286	-0.02161	0.30074	0.91656	0.99999	-0.00525	0.00038	0.00524	0.99991	0.01209	-0.00044	-0.01209	0.99993		-104.23852	-168.55975	-0.42653	-0.15102	0.42518	-0.45268	0.24074	0.99994	0.00790	-0.00742	-0.00792	0.99997	-0.00264	0.00740	0.00269	0.99997	
41	0.20500	116.64506	-159.53419	-0.66295	0.69015	-0.02569	0.29874	0.91686	0.99999	-0.00521	0.00045	0.00521	0.99991	0.01205	-0.00051	-0.01204	0.99993		-104.26576	-168.58097	-0.43424	-0.15699	0.42943	-0.45276	0.24898	0.99994	0.00790	-0.00749	-0.00792	0.99996	-0.00274	0.00747	0.00280	0.99997	
42	0.21000	116.61166	-159.55070	-0.65676	0.68397	-0.02232	0.30137	0.91603	0.99999	-0.00526	0.00039	0.00525	0.99991	0.01194	-0.00045	-0.01194	0.99993		-104.23530	-168.59708	-0.44262	-0.16451	0.42777	-0.45173	0.24697	0.99994	0.00788	-0.00747	-0.00791	0.99996	-0.00287	0.00744	0.00293	0.99997	
43	0.21500	116.59244	-159.55153	-0.68128	0.68106	-0.02766	0.30163	0.93896	0.99999	-0.00526	0.00048	0.00526	0.99992	0.01189	-0.00055	-0.01188	0.99993		-104.23559	-168.62362	-0.45926	-0.17351	0.43073	-0.45075	0.22680	0.99994	0.00787	-0.00752	-0.00789	0.99996	-0.00303	0.00749	0.00309	0.99997	
44	0.22000	116.65294	-159.55328	-0.69583	0.67799	-0.03556	0.29993	0.92586	0.99999	-0.00523	0.00062	0.00523	0.99992	0.01183	-0.00068	-0.01183	0.99993		-104.25835	-168.62731	-0.45864	-0.17875	0.43214	-0.45183	0.23679	0.99994	0.00789	-0.00754	-0.00791	0.99996	-0.00312	0.00752	0.00318	0.99997	
45	0.22500	116.65582	-159.55188	-0.70180	0.67463	-0.04020	0.29841	0.91951	0.99999	-0.00521	0.00070	0.00520	0.99992	0.01177	-0.00076	-0.01177	0.99993		-104.24486	-168.66564	-0.47066	-0.18723	0.43373	-0.45050	0.24717	0.99994	0.00786	-0.00757	-0.00789	0.99996	-0.00327	0.00754	0.00333	0.99997	
46	0.23000	116.63990	-159.56086	-0.70395	0.66768	-0.04046	0.29033	0.91480	0.99999	-0.00507	0.00071	0.00506	0.99992	0.01165	-0.00077	-0.01165	0.99993		-104.26080	-168.66628	-0.47877	-0.19676	0.43679	-0.44946	0.23755	0.99994	0.00784	-0.00762	-0.00787	0.99996	-0.00343	0.00760	0.00349	0.99996	
47	0.23500	116.62267	-159.55825	-0.71319	0.66116	-0.03898	0.29929	0.93487	0.99999	-0.00522	0.00068	0.00522	0.99992	0.01154	-0.00074	-0.01154	0.99993		-104.25454	-168.68398	-0.48664	-0.20497	0.43614	-0.44902	0.24066	0.99994	0.00784	-0.00761	-0.00786	0.99996	-0.00358	0.00758	0.00364	0.99996	
48	0.24000	116.64140	-159.57969	-0.73092	0.65514	-0.04894	0.29441	0.92866	0.99999	-0.00514	0.00085	0.00513	0.99992	0.01143	-0.00091	-0.01143	0.99993		-104.25491	-168.70220	-0.49892	-0.21320	0.43706	-0.45148	0.24291	0.99994	0.00788	-0.00763	-0.00791	0.99996	-0.00372	0.00760	0.00378	0.99996	
49	0.24500	116.64982	-159.58168	-0.73659	0.64570	-0.04929	0.30157	0.93247	0.99999	-0.00526	0.00086	0.00525	0.99992	0.01127	-0.00092	-0.01126	0.99994		-104.26603	-168.70694	-0.50681	-0.22058	0.44070	-0.44536	0.23582	0.99994	0.00777	-0.00769	-0.00780	0.99996	-0.00385	0.00766	0.00391	0.99996	
50	0.25000	116.62248	-159.58693	-0.74351	0.64006	-0.04893	0.29645	0.91724	0.99999	-0.00517	0.00085	0.00516	0.99992	0.01117	-0.00091	-0.01117	0.99994		-104.26599	-168.73467	-0.51076	-0.23063	0.44619	-0.44800	0.24457	0.99994	0.00782	-0.00779	-0.00785	0.99996	-0.00403	0.00776	0.00409	0.99996	
51	0.25500	116.62721	-159.59296	-0.75812	0.63178	-0.05376	0.29994	0.92540	0.99999	-0.00523	0.00094	0.00522	0.99993	0.01103	-0.00100	-0.01102	0.99994		-104.26672	-168.73766	-0.53565	-0.23750	0.44759	-0.44612	0.23943	0.99994	0.00779	-0.00781	-0.00782	0.99996	-0.00415	0.00778	0.00421	0.99996	
52	0.26000	116.65030	-159.58515	-0.76603	0.62818	-0.05945	0.29580	0.91612	0.99999	-0.00516	0.00104	0.00515	0.99993	0.01096	-0.00109	-0.01096	0.99994		-104.24629	-168.75496	-0.54375	-0.24858	0.44641	-0.44543	0.23232	0.99994	0.00777	-0.00779	-0.00781	0.99996	-0.00434	0.00776	0.00440	0.99996	
53	0.26500	116.63447	-159.59092	-0.77262	0.62058	-0.06358	0.29714	0.92264	0.99999	-0.00519	0.00111	0.00517	0.99993	0.01083	-0.00117	-0.01083	0.99994		-104.26498	-168.78068	-0.54280	-0.25891	0.44680	-0.44506	0.22364	0.99994	0.00777	-0.00780	-0.00780	0.99996	-0.00452	0.00776	0.00458	0.99996	
54	0.27000	116.64848	-159.61116	-0.78615	0.61131	-0.06933	0.29844	0.91470	0.99999	-0.00521	0.00121	0.00520	0.99993	0.01067	-0.00127	-0.01066	0.99994		-104.30095	-168.77496	-0.56328	-0.26572	0.45692	-0.44923	0.25279	0.99994	0.00784	-0.00797	-0.00788	0.99996	-0.00464	0.00794	0.00470	0.99996	
55	0.27500	116.62932	-159.60947	-0.78074	0.60329	-0.06988	0.29939	0.92204	0.99999	-0.00523	0.00122	0.00521	0.99993	0.01053	-0.00127	-0.01052	0.99994		-104.28772	-168.80009	-0.57155	-0.27643	0.45695	-0.45170	0.22525	0.99994	0.00788	-0.00798	-0.00792	0.99996	-0.00482	0.00794	0.00489	0.99996	
56	0.28000	116.64036	-159.60969	-0.79458	0.59700	-0.07561	0.29716	0.91273	0.99999	-0.00519	0.00132	0.00517	0.99993	0.01042	-0.00137	-0.01041	0.99994		-104.29364	-168.83128	-0.58240	-0.29345	0.45308	-0.44491	0.23253	0.99994	0.00776	-0.00791	-0.00781	0.99996	-0.00512	0.00787	0.00518	0.99996	
57	0.28500	116.66294	-159.62125	-0.79552	0.58512	-0.08290	0.29806	0.92670	0.99999	-0.00520	0.00145	0.00519	0.99993	0.01021	-0.00150	-0.01020	0.99995		-104.27475	-168.83878	-0.58710	-0.30064	0.45927	-0.44732	0.23130	0.99994	0.00781	-0.00802	-0.00785	0.99996	-0.00525	0.00797	0.00531	0.99995	
58	0.29000	116.63995	-159.63045	-0.80074	0.57654	-0.08510	0.29855	0.92538	0.99999	-0.00521	0.00149	0.00520	0.99994	0.01006	-0.00154	-0.01005	0.99995		-104.30973	-168.86506	-0.60665	-0.31229	0.46126	-0.44560	0.23301	0.99994	0.00778	-0.00805	-0.00782	0.99995	-0.00545	0.00801	0.00551	0.99995	
59	0.29500	116.63465	-159.64676	-0.79487	0.56767	-0.08786	0.29453	0.91756	0.99999	-0.00514	0.00153	0.00512	0.99994	0.00991	-0.00158	-0.00990	0.99995		-104.30208	-168.87664	-0.60606	-0.32317	0.46111	-0.44419	0.23554	0.99994	0.00775	-0.00805	-0.00780	0.99995	-0.00564	0.00800	0.00570	0.99995	
60	0.30000	116.61194	-159.64590	-0.82512	0.55904	-0.09058	0.29654	0.90209	0.99999	-0.00518	0.00158	0.00516	0.99994	0.00976	-0.00163	-0.00975	0.99995		-104.29317	-168.89464	-0.61817	-0.33529	0.46531	-0.44271	0.24351	0.99994	0.00773	-0.00812	-0.00777	0.99995	-0.00585	0.00808	0.00591	0.99995	
61	0.30500	116.64230	-159.66611	-0.82774	0.54881	-0.09728	0.29445	0.90668	0.99999	-0.00514	0.00170	0.00512	0.99994	0.00958	-0.00175	-0.00957	0.99995		-104.32681	-168.91324	-0.63793	-0.34635	0.46476	-0.44304	0.22723	0.99994	0.00773	-0.00811	-0.00778	0.99995	-0.00604	0.00806	0.00611	0.99995	
62	0.31000	116.57774	-159.66615	-0.81437	0.54206	-0.09402	0.29437	0.90539	0.99999	-0.00514	0.00164	0.00512	0.99994	0.00946	-0.00169	-0.00945	0.99995		-104.34899	-168.92294	-0.64511	-0.35926	0.46708	-0.44032	0.23794	0.99994	0.00768	-0.00815	-0.00774	0.99995	-0.00627	0.00810	0.00633	0.99995	
63	0.31500	116.66827	-159.68064	-0.85610	0.53156	-0.11105	0.29300	0.91372	0.99999	-0.00511	0.00194	0.00510	0.99994	0.00928	-0.00199	-0.00927	0.99996		-104.32794	-168.93665	-0.67404	-0.36945	0.46588	-0.43995	0.22733	0.99994	0.00768	-0.00813	-0.00773	0.99995	-0.00645	0.00808	0.00651	0.99995	
64	0.32000	116.63212	-159.67750	-0.82893	0.52609	-0.10906	0.28538	0.90122	0.99999	-0.00498	0.00190	0.00496	0.99995	0.00918	-0.00195	-0.00917	0.99996		-104.30621	-168.95552	-0.66946	-0.37965	0.46686	-0.44211	0.23959	0.99994	0.00772	-0.00815	-0.00777	0.99995	-0.00663	0.00810	0.00669	0.99994	
65	0.32500	116.63205	-159.65672	-0.82826	0.52032	-0.10868	0.28972	0.90318	0.99999	-0.00506	0.00190	0.00504	0.99995	0.00908	-0.00194	-0.00907	0.99996		-104.30544	-168.96508	-0.67737	-0.39100	0.47081	-0.44066	0.23959	0.99994	0.00769	-0.00822	-0.00775	0.99995	-0.00682	0.00816	0.00689	0.99994	
66	0.33000	116.60018	-159.67924	-0.82790	0.50696	-0.10945	0.29140	0.90460	0.99999	-0.00509	0.00191	0.00507	0.99995	0.00885	-0.00196	-0.00884	0.99996		-104.33429	-168.97581	-0.69329	-0.39994	0.47376	-0.44165	0.23339	0.99994	0.00771	-0.00827	-0.00777	0.99995	-0.00698	0.00821	0.00704	0.99994	
67	0.33500	116.66435	-159.69154	-0.82413	0.49961	-0.11618	0.29389	0.90983	0.99998	-0.00513	0.00203	0.00511	0.99995	0.00872	-0.00207	-0.00871	0.99996		-104.34502	-168.99576	-0.68374	-0.41225	0.47061	-0.43695	0.22095	0.99994	0.00763	-0.00821	-0.00769	0.99994	-0.00719	0.00816	0.00726	0.99994	
68	0.34000	116.58189	-159.69976	-0.81981	0.49208	-0.11393	0.29410	0.89194	0.99998	-0.00513	0.00199	0.00512	0.99995	0.00859	-0.00203	-0.00858	0.99996		-104.35393	-168.99082	-0.70810	-0.42053	0.47209	-0.43962	0.23965	0.99994	0.00767	-0.00824	-0.00773	0.99994	-0.00734	0.00818	0.00740	0.99994	
69	0.34500	116.63986	-159.69994	-0.83259	0.48621	-0.12861	0.28756	0.89426	0.99998	-0.00502	0.00224	0.00500	0.99995	0.00849	-0.00229	-0.00847	0.99996		-104.36702	-169.01323	-0.71532	-0.43221	0.47156	-0.43696	0.23063	0.99994	0.00763	-0.00823	-0.00769	0.99994	-0.00754	0.00817	0.00761	0.99994	
70	0.35000	116.64109	-159.70966	-0.83228	0.47916	-0.12964	0.29293	0.89934	0.99998	-0.00511	0.00226	0.00509	0.99995	0.00836	-0.00231	-0.00835	0.99996		-104.35080	-169.03255	-0.72723	-0.44461	0.47406	-0.43531	0.24098	0.99994	0.00760	-0.00827	-0.00766	0.99994	-0.00776	0.00821	0.00782	0.99994	
71	0.35500	116.65287	-159.71121	-0.82116	0.47104	-0.13367	0.29232	0.90471	0.99998	-0.00510	0.00233	0.00508	0.99995	0.00822	-0.00237	-0.00821	0.99996		-104.34784	-169.04263	-0.73491	-0.45350	0.46978	-0.43206	0.21632	0.99994	0.00754	-0.00820	-0.00761	0.99994	-0.00791	0.00814	0.00798	0.99994	
72	0.36000	116.63134	-159.71028	-0.83132	0.46438	-0.13542	0.29153	0.90873	0.99998	-0.00509	0.00236	0.00507	0.99995	0.00810	-0.00240	-0.00809	0.99996		-104.36881	-169.02993	-0.75535	-0.45999	0.47407	-0.43521	0.23123	0.99994	0.00760	-0.00827	-0.00766	0.99994	-0.00803	0.00821	0.00809	0.99993	
73	0.36500	116.59899	-159.71909	-0.81611	0.45618	-0.13163	0.28772	0.90877	0.99998	-0.00502	0.00230	0.00500	0.99996	0.00796	-0.00234	-0.00795	0.99997		-104.33039	-169.05023	-0.73778	-0.47297	0.46689	-0.43387	0.21976	0.99994	0.00757	-0.00815	-0.00764	0.99994	-0.00825	0.00809	0.00832	0.99993	
74	0.37000	116.64688	-159.73317	-0.81702	0.44892	-0.13977	0.29290	0.90840	0.99998	-0.00511	0.00244	0.00509	0.99996	0.00784	-0.00248	-0.00782	0.99997		-104.33279	-169.05488	-0.75422	-0.47816	0.46816	-0.43403	0.22090	0.99994	0.00758	-0.00817	-0.00764	0.99994	-0.00835	0.00811	0.00841	0.99993	
75	0.37500	116.65563	-159.73242	-0.80718	0.44326	-0.14250	0.29124	0.90839	0.99998	-0.00508	0.00249	0.00506	0.99996	0.00774	-0.00253	-0.00772	0.99997		-104.33291	-169.07323	-0.76571	-0.48685	0.46422	-0.43165	0.21783	0.99994	0.00753	-0.00810	-0.00760	0.99993	-0.00850	0.00804	0.00856	0.99993	
76	0.38000	116.64089	-159.74116	-0.79828	0.43769	-0.13920	0.28648	0.89428	0.99998	-0.00500	0.00243	0.00498	0.99996	0.00764	-0.00247	-0.00763	0.99997		-104.37064	-169.09891	-0.76435	-0.49798	0.47162	-0.43113	0.24704	0.99994	0.00752	-0.00823	-0.00760	0.99993	-0.00869	0.00817	0.00875	0.99993	
77	0.38500	116.63464	-159.74781	-0.80218	0.43144	-0.14094	0.28805	0.90349	0.99998	-0.00503	0.00246	0.00501	0.99996	0.00753	-0.00250	-0.00752	0.99997		-104.35770	-169.08987	-0.78072	-0.50425	0.47020	-0.42574	0.24519	0.99994	0.00743	-0.00821	-0.00750	0.99993	-0.00880	0.00814	0.00886	0.99993	
78	0.39000	116.65254	-159.74941	-0.79068	0.42681	-0.14603	0.29165	0.91232	0.99998	-0.00509	0.00255	0.00507	0.99996	0.00745	-0.00259	-0.00744	0.99997		-104.36293	-169.09955	-0.77546	-0.51124	0.46293	-0.42972	0.23574	0.99994	0.00750	-0.00808	-0.00757	0.99993	-0.00892	0.00801	0.00898	0.99993	
79	0.39500	116.61809	-159.76421	-0.79462	0.42257	-0.14086	0.29283	0.90773	0.99998	-0.00511	0.00246	0.00509	0.99996	0.00738	-0.00250	-0.00736	0.99997		-104.33033	-169.08700	-0.78406	-0.51637	0.46158	-0.43006	0.23093	0.99994	0.00751	-0.00806	-0.00758	0.99993	-0.00901	0.00799	0.00907	0.99993	
80	0.40000	116.64695	-159.78490	-0.76887	0.41471	-0.14839	0.29348	0.91182	0.99998	-0.00512	0.00259	0.00510	0.99996	0.00724	-0.00263	-0.00722	0.99997		-104.34378	-169.10074	-0.79154	-0.52393	0.46077	-0.43261	0.22853	0.99994	0.00755	-0.00804	-0.00762	0.99993	-0.00914	0.00797	0.00920	0.99993	
81	0.40500	116.64529	-159.77070	-0.78685	0.41550	-0.15309	0.28740	0.90541	0.99998	-0.00502	0.00267	0.00500	0.99996	0.00725	-0.00271	-0.00724	0.99997		-104.35709	-169.10253	-0.80327	-0.52878	0.45995	-0.42905	0.23647	0.99994	0.00749	-0.00803	-0.00756	0.99993	-0.00923	0.00796	0.00929	0.99993	
82	0.41000	116.61006	-159.78097	-0.75713	0.40925	-0.14677	0.28822	0.89737	0.99998	-0.00503	0.00256	0.00501	0.99996	0.00714	-0.00260	-0.00713	0.99997		-104.34595	-169.11110	-0.79863	-0.53578	0.46079	-0.43010	0.24589	0.99994	0.00751	-0.00804	-0.00758	0.99993	-0.00935	0.00797	0.00941	0.99992	
83	0.41500	116.62985	-159.77549	-0.76964	0.40655	-0.14889	0.29060	0.91538	0.99998	-0.00507	0.00260	0.00505	0.99996	0.00710	-0.00263	-0.00708	0.99997		-104.31069	-169.10237	-0.80297	-0.53884	0.45585	-0.42939	0.24167	0.99994	0.00749	-0.00796	-0.00757	0.99993	-0.00940	0.00788	0.00946	0.99992	
84	0.42000	116.59308	-159.79418	-0.73441	0.40261	-0.14766	0.28922	0.89906	0.99998	-0.00505	0.00258	0.00503	0.99996	0.00703	-0.00261	-0.00701	0.99997		-104.31469	-169.13906	-0.80625	-0.54637	0.45432	-0.42522	0.22834	0.99994	0.00742	-0.00793	-0.00750	0.99993	-0.00954	0.00786	0.00959	0.99992	
85	0.42500	116.60859	-159.78122	-0.74798	0.40345	-0.14908	0.29282	0.91297	0.99998	-0.00511	0.00260	0.00509	0.99996	0.00704	-0.00264	-0.00703	0.99997		-104.31727	-169.09984	-0.80604	-0.54595	0.45188	-0.43183	0.25294	0.99994	0.00754	-0.00789	-0.00761	0.99993	-0.00953	0.00781	0.00959	0.99992	
86	0.43000	116.61330	-159.78298	-0.74047	0.40111	-0.15041	0.29196	0.91185	0.99998	-0.00510	0.00263	0.00508	0.99996	0.00700	-0.00266	-0.00699	0.99997		-104.34079	-169.11939	-0.80933	-0.54987	0.45012	-0.43306	0.23738	0.99994	0.00756	-0.00786	-0.00763	0.99992	-0.00960	0.00778	0.00966	0.99992	
87	0.43500	116.61454	-159.78873	-0.72769	0.39953	-0.14891	0.28832	0.90639	0.99998	-0.00503	0.00260	0.00501	0.99996	0.00697	-0.00263	-0.00696	0.99997		-104.30211	-169.11495	-0.80538	-0.55355	0.44939	-0.43151	0.25265	0.99994	0.00753	-0.00784	-0.00761	0.99992	-0.00966	0.00777	0.00972	0.99992	
88	0.44000	116.61773	-159.79930	-0.71249	0.39745	-0.14711	0.29114	0.90865	0.99998	-0.00508	0.00257	0.00506	0.99996	0.00694	-0.00260	-0.00692	0.99997		-104.29964	-169.13425	-0.79613	-0.55837	0.44403	-0.42755	0.24785	0.99994	0.00746	-0.00775	-0.00754	0.99992	-0.00974	0.00768	0.00980	0.99992	
89	0.44500	116.59637	-159.79702	-0.72246	0.39683	-0.14454	0.29187	0.89605	0.99998	-0.00509	0.00252	0.00508	0.99996	0.00693	-0.00256	-0.00691	0.99997		-104.31311	-169.11419	-0.80859	-0.55536	0.44026	-0.42599	0.23160	0.99994	0.00743	-0.00768	-0.00751	0.99992	-0.00969	0.00761	0.00975	0.99992	
90	0.45000	116.62267	-159.79596	-0.69744	0.39739	-0.14714	0.29173	0.90260	0.99998	-0.00509	0.00257	0.00507	0.99996	0.00694	-0.00260	-0.00692	0.99997		-104.29093	-169.10279	-0.80441	-0.55683	0.43609	-0.42931	0.23835	0.99994	0.00749	-0.00761	-0.00757	0.99992	-0.00972	0.00754	0.00978	0.99992	
91	0.45500	116.60345	-159.79289	-0.69844	0.39859	-0.14388	0.29117	0.90147	0.99998	-0.00508	0.00251	0.00506	0.99996	0.00696	-0.00255	-0.00694	0.99997		-104.30705	-169.10328	-0.80422	-0.55691	0.43987	-0.43031	0.25455	0.99994	0.00751	-0.00768	-0.00758	0.99992	-0.00972	0.00760	0.00978	0.99992	
92	0.46000	116.58349	-159.80037	-0.67850	0.39732	-0.14115	0.29421	0.90871	0.99998	-0.00513	0.00246	0.00512	0.99996	0.00693	-0.00250	-0.00692	0.99997		-104.30948	-169.10943	-0.79124	-0.55667	0.43526	-0.42725	0.25060	0.99994	0.00746	-0.00760	-0.00753	0.99992	-0.00972	0.00752	0.00977	0.99992	
93	0.46500	116.56463	-159.81401	-0.68301	0.39992	-0.13964	0.28644	0.89467	0.99998	-0.00500	0.00244	0.00498	0.99996	0.00698	-0.00247	-0.00697	0.99997		-104.29654	-169.09241	-0.79194	-0.55241	0.43709	-0.43084	0.25957	0.99994	0.00752	-0.00763	-0.00759	0.99992	-0.00964	0.00756	0.00970	0.99992	
94	0.47000	116.58832	-159.79958	-0.66762	0.40307	-0.13931	0.29037	0.90777	0.99998	-0.00507	0.00243	0.00505	0.99996	0.00703	-0.00247	-0.00702	0.99997		-104.31496	-169.08140	-0.79598	-0.54936	0.43402	-0.43012	0.24582	0.99994	0.00751	-0.00757	-0.00758	0.99993	-0.00959	0.00750	0.00964	0.99993	
95	0.47500	116.55157	-159.80276	-0.67051	0.40544	-0.13926	0.28853	0.90030	0.99998	-0.00504	0.00243	0.00502	0.99996	0.00708	-0.00247	-0.00706	0.99997		-104.28346	-169.07884	-0.80051	-0.54760	0.42886	-0.42936	0.24020	0.99994	0.00749	-0.00748	-0.00756	0.99993	-0.00956	0.00741	0.00961	0.99993	
96	0.48000	116.55662	-159.81211	-0.63729	0.40918	-0.13518	0.28908	0.89824	0.99998	-0.00505	0.00236	0.00503	0.99996	0.00714	-0.00240	-0.00713	0.99997		-104.30473	-169.06873	-0.79256	-0.54111	0.43307	-0.43206	0.24829	0.99994	0.00754	-0.00756	-0.00761	0.99993	-0.00944	0.00749	0.00950	0.99993	
97	0.48500	116.54951	-159.80180	-0.64378	0.41181	-0.12843	0.29053	0.89512	0.99998	-0.00507	0.00224	0.00505	0.99996	0.00719	-0.00228	-0.00718	0.99997		-104.32241	-169.04950	-0.78020	-0.53711	0.43248	-0.43099	0.23673	0.99994	0.00752	-0.00755	-0.00759	0.99993	-0.00937	0.00748	0.00943	0.99993	
98	0.49000	116.53022	-159.81295	-0.61647	0.41236	-0.11963	0.29396	0.90363	0.99998	-0.00513	0.00209	0.00512	0.99996	0.00720	-0.00212	-0.00719	0.99997		-104.30880	-169.03458	-0.78493	-0.53046	0.43093	-0.43083	0.24914	0.99994	0.00752	-0.00752	-0.00759	0.99993	-0.00926	0.00745	0.00931	0.99993	
99	0.49500	116.53224	-159.80468	-0.61343	0.41602	-0.12256	0.29238	0.90457	0.99998	-0.00510	0.00214	0.00509	0.99996	0.00726	-0.00218	-0.00725	0.99997		-104.32136	-169.04427	-0.78010	-0.53014	0.42619	-0.42516	0.23634	0.99994	0.00742	-0.00744	-0.00749	0.99993	-0.00925	0.00737	0.00931	0.99993	
100	0.50000	116.53062	-159.81597	-0.62003	0.42002	-0.11686	0.28749	0.89947	0.99999	-0.00502	0.00204	0.00500	0.99996	0.00733	-0.00208	-0.00732	0.99997		-104.32497	-169.01670	-0.76417	-0.51961	0.42647	-0.43387	0.25288	0.99994	0.00757	-0.00744	-0.00764	0.99993	-0.00907	0.00737	0.00912	0.99993	
101	0.50500	116.50930	-159.80545	-0.61683	0.42401	-0.11663	0.29271	0.90809	0.99998	-0.00511	0.00204	0.00509	0.99996	0.00740	-0.00207	-0.00739	0.99997		-104.34005	-168.99402	-0.76918	-0.51026	0.42904	-0.43638	0.25464	0.99994	0.00762	-0.00749	-0.00768	0.99993	-0.00891	0.00742	0.00896	0.99993	
102	0.51000	116.53713	-159.80062	-0.59631	0.42925	-0.11097	0.28885	0.90910	0.99999	-0.00504	0.00194	0.00503	0.99996	0.00749	-0.00197	-0.00748	0.99997		-104.27681	-168.99800	-0.76119	-0.50802	0.41621	-0.43316	0.22854	0.99995	0.00756	-0.00726	-0.00762	0.99993	-0.00887	0.00720	0.00892	0.99993	
103	0.51500	116.53153	-159.80145	-0.58711	0.43536	-0.10873	0.28734	0.90419	0.99999	-0.00501	0.00190	0.00500	0.99996	0.00760	-0.00194	-0.00759	0.99997		-104.27925	-168.98791	-0.74929	-0.50041	0.41810	-0.43246	0.23173	0.99994	0.00755	-0.00730	-0.00761	0.99993	-0.00873	0.00723	0.00879	0.99994	
104	0.52000	116.53292	-159.80032	-0.58044	0.44096	-0.10902	0.29396	0.91261	0.99999	-0.00513	0.00190	0.00512	0.99996	0.00770	-0.00194	-0.00769	0.99997		-104.30422	-168.95971	-0.74979	-0.49009	0.41843	-0.43215	0.23413	0.99994	0.00754	-0.00730	-0.00760	0.99993	-0.00855	0.00724	0.00861	0.99994	
105	0.52500	116.50375	-159.79945	-0.56175	0.44586	-0.10205	0.28919	0.89775	0.99999	-0.00505	0.00178	0.00503	0.99996	0.00778	-0.00182	-0.00777	0.99997		-104.30285	-168.95141	-0.74628	-0.48082	0.41903	-0.43337	0.23920	0.99994	0.00756	-0.00731	-0.00762	0.99994	-0.00839	0.00725	0.00845	0.99994	
106	0.53000	116.47488	-159.79895	-0.56260	0.45135	-0.09413	0.28942	0.89739	0.99999	-0.00505	0.00164	0.00504	0.99996	0.00788	-0.00168	-0.00787	0.99997		-104.31816	-168.93893	-0.72996	-0.47290	0.41941	-0.43435	0.24740	0.99994	0.00758	-0.00732	-0.00764	0.99994	-0.00825	0.00726	0.00831	0.99994	
107	0.53500	116.50317	-159.80283	-0.55317	0.45536	-0.09086	0.29082	0.89621	0.99999	-0.00508	0.00159	0.00506	0.99996	0.00795	-0.00163	-0.00794	0.99997		-104.27487	-168.91699	-0.73129	-0.46144	0.41289	-0.43674	0.22385	0.99994	0.00762	-0.00721	-0.00768	0.99994	-0.00805	0.00714	0.00811	0.99994	
108	0.54000	116.50790	-159.79561	-0.53468	0.46252	-0.08887	0.28625	0.89008	0.99999	-0.00500	0.00155	0.00498	0.99996	0.00807	-0.00159	-0.00806	0.99997		-104.29658	-168.89414	-0.71092	-0.44909	0.41416	-0.43770	0.23710	0.99994	0.00764	-0.00723	-0.00770	0.99994	-0.00784	0.00717	0.00789	0.99994	
109	0.54500	116.48167	-159.77930	-0.54135	0.47075	-0.08478	0.28844	0.89581	0.99999	-0.00503	0.00148	0.00502	0.99995	0.00822	-0.00152	-0.00821	0.99997		-104.29557	-168.89584	-0.70286	-0.44123	0.41240	-0.43854	0.23831	0.99994	0.00765	-0.00720	-0.00771	0.99994	-0.00770	0.00714	0.00776	0.99994	
110	0.55000	116.50346	-159.79024	-0.53057	0.47584	-0.08610	0.28675	0.90119	0.99999	-0.00500	0.00150	0.00499	0.99995	0.00830	-0.00154	-0.00830	0.99996		-104.31092	-168.86300	-0.69966	-0.42871	0.41264	-0.43956	0.22743	0.99994	0.00767	-0.00720	-0.00773	0.99994	-0.00748	0.00714	0.00754	0.99995	
111	0.55500	116.45596	-159.76928	-0.53340	0.48640	-0.07948	0.28794	0.89638	0.99999	-0.00503	0.00139	0.00501	0.99995	0.00849	-0.00143	-0.00848	0.99996		-104.29776	-168.85243	-0.69217	-0.41974	0.41315	-0.44178	0.23674	0.99994	0.00771	-0.00721	-0.00776	0.99994	-0.00733	0.00715	0.00738	0.99995	
112	0.56000	116.50698	-159.77788	-0.52396	0.49154	-0.08151	0.29226	0.90801	0.99999	-0.00510	0.00142	0.00509	0.99995	0.00858	-0.00147	-0.00857	0.99996		-104.32315	-168.84237	-0.67991	-0.40948	0.41263	-0.44049	0.22773	0.99994	0.00769	-0.00720	-0.00774	0.99994	-0.00715	0.00715	0.00720	0.99995	
113	0.56500	116.49054	-159.77734	-0.50720	0.49382	-0.07055	0.29034	0.90448	0.99999	-0.00507	0.00123	0.00506	0.99995	0.00862	-0.00127	-0.00861	0.99996		-104.29529	-168.83479	-0.65983	-0.39837	0.40670	-0.44084	0.22170	0.99995	0.00769	-0.00710	-0.00774	0.99995	-0.00695	0.00704	0.00701	0.99995	
114	0.57000	116.46021	-159.76250	-0.50583	0.50328	-0.06702	0.28900	0.90742	0.99999	-0.00504	0.00117	0.00503	0.99995	0.00878	-0.00121	-0.00878	0.99996		-104.29170	-168.79260	-0.65675	-0.38343	0.40737	-0.43547	0.23168	0.99995	0.00760	-0.00711	-0.00765	0.99995	-0.00669	0.00706	0.00675	0.99995	
115	0.57500	116.45846	-159.75292	-0.48594	0.51298	-0.06484	0.28921	0.90512	0.99999	-0.00505	0.00113	0.00504	0.99995	0.00895	-0.00118	-0.00895	0.99996		-104.29830	-168.77845	-0.65344	-0.36971	0.40707	-0.44657	0.23425	0.99994	0.00779	-0.00710	-0.00784	0.99995	-0.00645	0.00705	0.00651	0.99995	
116	0.58000	116.44029	-159.76091	-0.49005	0.51654	-0.05873	0.28857	0.90521	0.99999	-0.00504	0.00103	0.00503	0.99995	0.00902	-0.00107	-0.00901	0.99996		-104.28811	-168.74678	-0.62969	-0.35598	0.40827	-0.44663	0.23575	0.99994	0.00779	-0.00713	-0.00784	0.99995	-0.00621	0.00708	0.00627	0.99996	
117	0.58500	116.44667	-159.75642	-0.49159	0.52496	-0.05101	0.28793	0.88609	0.99999	-0.00503	0.00089	0.00502	0.99995	0.00916	-0.00094	-0.00916	0.99996		-104.29746	-168.72330	-0.62169	-0.34482	0.40450	-0.44436	0.22727	0.99995	0.00776	-0.00706	-0.00780	0.99995	-0.00602	0.00701	0.00607	0.99996	
118	0.59000	116.44400	-159.74339	-0.46442	0.53368	-0.04746	0.28110	0.88877	0.99999	-0.00491	0.00083	0.00490	0.99994	0.00931	-0.00087	-0.00931	0.99996		-104.28595	-168.71086	-0.61034	-0.33006	0.40682	-0.44852	0.23727	0.99994	0.00783	-0.00710	-0.00787	0.99995	-0.00576	0.00705	0.00582	0.99996	
119	0.59500	116.40683	-159.74279	-0.47065	0.54115	-0.04262	0.28791	0.89761	0.99999	-0.00502	0.00074	0.00502	0.99994	0.00944	-0.00079	-0.00944	0.99996		-104.30521	-168.68489	-0.59427	-0.31615	0.40503	-0.45041	0.22666	0.99994	0.00786	-0.00707	-0.00790	0.99995	-0.00552	0.00703	0.00557	0.99996	
120	0.60000	116.45052	-159.74129	-0.47502	0.54657	-0.04199	0.29679	0.91058	0.99999	-0.00518	0.00073	0.00517	0.99994	0.00954	-0.00078	-0.00954	0.99995		-104.28785	-168.65461	-0.58712	-0.30270	0.40464	-0.45030	0.23082	0.99994	0.00786	-0.00706	-0.00790	0.99995	-0.00528	0.00702	0.00534	0.99996	
121	0.60500	116.44403	-159.74415	-0.46052	0.55277	-0.04143	0.28778	0.90868	0.99999	-0.00502	0.00072	0.00502	0.99994	0.00965	-0.00077	-0.00964	0.99995		-104.26752	-168.65646	-0.57506	-0.29168	0.39989	-0.44807	0.22482	0.99995	0.00782	-0.00698	-0.00786	0.99996	-0.00509	0.00694	0.00515	0.99996	
122	0.61000	116.44031	-159.72855	-0.46379	0.56092	-0.03751	0.28678	0.89690	0.99999	-0.00501	0.00065	0.00500	0.99994	0.00979	-0.00070	-0.00979	0.99995		-104.26121	-168.63259	-0.56353	-0.27880	0.39955	-0.44978	0.22336	0.99994	0.00785	-0.00697	-0.00788	0.99996	-0.00487	0.00693	0.00492	0.99996	
123	0.61500	116.40360	-159.73292	-0.45180	0.56779	-0.02932	0.29042	0.89373	0.99999	-0.00507	0.00051	0.00506	0.99994	0.00991	-0.00056	-0.00991	0.99995		-104.28681	-168.61984	-0.55140	-0.26761	0.40384	-0.45068	0.23827	0.99994	0.00787	-0.00705	-0.00790	0.99996	-0.00467	0.00701	0.00473	0.99996	
124	0.62000	116.44258	-159.71593	-0.44913	0.57484	-0.02953	0.29095	0.91147	0.99999	-0.00508	0.00052	0.00507	0.99994	0.01003	-0.00057	-0.01003	0.99995		-104.27362	-168.58926	-0.54818	-0.25234	0.39926	-0.45473	0.22324	0.99994	0.00794	-0.00697	-0.00797	0.99996	-0.00440	0.00693	0.00446	0.99997	
125	0.62500	116.40122	-159.69595	-0.43974	0.58294	-0.02279	0.28841	0.89737	0.99999	-0.00503	0.00040	0.00503	0.99994	0.01017	-0.00045	-0.01017	0.99995		-104.24609	-168.56644	-0.53662	-0.24065	0.39637	-0.44940	0.23130	0.99995	0.00784	-0.00692	-0.00787	0.99996	-0.00420	0.00688	0.00425	0.99997	
126	0.63000	116.42086	-159.70210	-0.45171	0.58783	-0.02395	0.29245	0.90347	0.99999	-0.00510	0.00042	0.00510	0.99993	0.01026	-0.00047	-0.01026	0.99995		-104.27497	-168.55891	-0.52848	-0.22976	0.39893	-0.44907	0.23704	0.99995	0.00784	-0.00696	-0.00787	0.99996	-0.00401	0.00693	0.00406	0.99997	
127	0.63500	116.41669	-159.69692	-0.45345	0.59433	-0.02006	0.28863	0.89512	0.99999	-0.00504	0.00035	0.00503	0.99993	0.01037	-0.00040	-0.01037	0.99995		-104.23771	-168.53722	-0.52145	-0.21506	0.39563	-0.45001	0.23402	0.99995	0.00785	-0.00691	-0.00788	0.99996	-0.00375	0.00688	0.00381	0.99997	
128	0.64000	116.43321	-159.69501	-0.44914	0.59767	-0.01891	0.29298	0.91547	0.99999	-0.00511	0.00033	0.00511	0.99993	0.01043	-0.00038	-0.01043	0.99995		-104.26582	-168.50883	-0.51728	-0.20380	0.39422	-0.45627	0.23822	0.99994	0.00796	-0.00688	-0.00799	0.99996	-0.00356	0.00685	0.00361	0.99997	
129	0.64500	116.39216	-159.68099	-0.44297	0.60534	-0.01020	0.28942	0.90101	0.99999	-0.00505	0.00018	0.00505	0.99993	0.01057	-0.00023	-0.01056	0.99994		-104.23824	-168.50381	-0.49750	-0.19174	0.39520	-0.45449	0.23614	0.99994	0.00793	-0.00690	-0.00796	0.99996	-0.00335	0.00687	0.00340	0.99997	
130	0.65000	116.40114	-159.67952	-0.44978	0.60942	-0.00966	0.28537	0.89683	0.99999	-0.00498	0.00017	0.00498	0.99993	0.01064	-0.00022	-0.01064	0.99994		-104.24145	-168.47980	-0.48558	-0.18008	0.39469	-0.45425	0.23444	0.99994	0.00793	-0.00689	-0.00795	0.99996	-0.00314	0.00686	0.00320	0.99997	
131	0.65500	116.40882	-159.66215	-0.44820	0.61565	-0.00976	0.29015	0.91558	0.99999	-0.00506	0.00017	0.00506	0.99993	0.01074	-0.00022	-0.01074	0.99994		-104.24726	-168.45544	-0.49464	-0.16821	0.39487	-0.45873	0.23208	0.99994	0.00801	-0.00689	-0.00803	0.99996	-0.00294	0.00687	0.00299	0.99997	
132	0.66000	116.41787	-159.65769	-0.44217	0.62059	-0.00751	0.28955	0.90471	0.99999	-0.00505	0.00013	0.00505	0.99993	0.01083	-0.00019	-0.01083	0.99994		-104.21570	-168.45941	-0.47852	-0.15854	0.39028	-0.45607	0.22484	0.99995	0.00796	-0.00681	-0.00798	0.99996	-0.00277	0.00679	0.00282	0.99997	
133	0.66500	116.40608	-159.64677	-0.44774	0.62531	-0.00643	0.29248	0.91107	0.99999	-0.00510	0.00011	0.00510	0.99993	0.01091	-0.00017	-0.01091	0.99994		-104.22484	-168.43801	-0.47100	-0.14824	0.39373	-0.45869	0.22453	0.99994	0.00801	-0.00687	-0.00802	0.99996	-0.00259	0.00685	0.00264	0.99997	
134	0.67000	116.38567	-159.65906	-0.44444	0.62699	-0.00162	0.29187	0.90423	0.99999	-0.00509	0.00003	0.00509	0.99993	0.01094	-0.00008	-0.01094	0.99994		-104.22327	-168.41665	-0.46748	-0.13609	0.39409	-0.45400	0.22889	0.99994	0.00792	-0.00688	-0.00794	0.99997	-0.00238	0.00686	0.00243	0.99997	
135	0.67500	116.37381	-159.64641	-0.45281	0.63255	0.00150	0.28649	0.89623	0.99999	-0.00500	-0.00003	0.00500	0.99993	0.01104	-0.00003	-0.01104	0.99994		-104.24772	-168.38613	-0.46811	-0.12073	0.39825	-0.46016	0.24169	0.99994	0.00803	-0.00695	-0.00805	0.99997	-0.00211	0.00693	0.00216	0.99997	
