NO_OF_FRAMES	8645
NO_OF_CAMERAS	8
NO_OF_BODIES	2
FREQUENCY	200
NO_OF_ANALOG	0
ANALOG_FREQUENCY	0
DESCRIPTION	--
TIME_STAMP	2013-07-04, 10:37:56	93491.99528357
DATA_INCLUDED	6D
BODY_NAMES	Ice 1	Ice 2
Frame	Time	Ice 1 X	Y	Z	Roll	Pitch	Yaw	Residual	Rot[0]	Rot[1]	Rot[2]	Rot[3]	Rot[4]	Rot[5]	Rot[6]	Rot[7]	Rot[8]	Ice 2 X	Y	Z	Roll	Pitch	Yaw	Residual	Rot[0]	Rot[1]	Rot[2]	Rot[3]	Rot[4]	Rot[5]	Rot[6]	Rot[7]	Rot[8]	
1	0.00500	76.93930	-0.25879	0.67962	0.50827	0.05549	9.52877	0.94964	0.98620	-0.16554	-0.00097	0.16554	0.98616	0.00887	-0.00051	-0.00891	0.99996		-88.75584	-211.01106	-0.20296	-0.12049	0.27750	0.25857	0.39647	0.99998	-0.00451	-0.00484	0.00450	0.99999	-0.00210	0.00485	0.00208	0.99999	
2	0.01000	76.92478	-0.27180	0.68983	0.50546	0.06147	9.53581	0.94774	0.98618	-0.16566	-0.00107	0.16567	0.98614	0.00882	-0.00040	-0.00888	0.99996		-88.77200	-210.99644	-0.17419	-0.12006	0.28444	0.25457	0.38605	0.99998	-0.00444	-0.00496	0.00443	0.99999	-0.00210	0.00497	0.00207	0.99999	
3	0.01500	76.92317	-0.33437	0.63202	0.49379	0.06796	9.54471	0.93918	0.98616	-0.16582	-0.00119	0.16582	0.98612	0.00862	-0.00026	-0.00870	0.99996		-88.77461	-211.00074	-0.15676	-0.12551	0.28111	0.25454	0.40112	0.99998	-0.00444	-0.00491	0.00443	0.99999	-0.00219	0.00492	0.00217	0.99999	
4	0.02000	76.94538	-0.32914	0.63948	0.49545	0.07434	9.54578	0.94210	0.98615	-0.16584	-0.00130	0.16584	0.98611	0.00865	-0.00015	-0.00874	0.99996		-88.78663	-211.01369	-0.13904	-0.13331	0.27526	0.25703	0.36826	0.99998	-0.00449	-0.00480	0.00447	0.99999	-0.00233	0.00481	0.00231	0.99999	
5	0.02500	76.92113	-0.26650	0.67112	0.51498	0.06838	9.52781	0.94360	0.98620	-0.16553	-0.00119	0.16553	0.98616	0.00899	-0.00031	-0.00906	0.99996		-88.81985	-211.01478	-0.13798	-0.13624	0.27402	0.25505	0.36335	0.99998	-0.00445	-0.00478	0.00444	0.99999	-0.00238	0.00479	0.00236	0.99999	
6	0.03000	76.92003	-0.29641	0.63389	0.50474	0.07929	9.54761	0.95081	0.98615	-0.16587	-0.00138	0.16587	0.98611	0.00881	-0.00010	-0.00892	0.99996		-88.77789	-211.01617	-0.10889	-0.14245	0.27033	0.25339	0.36047	0.99998	-0.00442	-0.00472	0.00441	0.99999	-0.00249	0.00473	0.00247	0.99999	
7	0.03500	76.93251	-0.31061	0.62064	0.50613	0.08245	9.55032	0.94901	0.98614	-0.16591	-0.00144	0.16592	0.98610	0.00883	-0.00005	-0.00895	0.99996		-88.78821	-211.03726	-0.10783	-0.14882	0.26569	0.25924	0.36088	0.99998	-0.00452	-0.00464	0.00451	0.99999	-0.00260	0.00465	0.00258	0.99999	
8	0.04000	76.86688	-0.24259	0.66945	0.52438	0.08163	9.52845	0.92628	0.98620	-0.16554	-0.00142	0.16554	0.98616	0.00915	-0.00011	-0.00926	0.99996		-88.78594	-211.05074	-0.07387	-0.15518	0.26344	0.25756	0.37099	0.99998	-0.00450	-0.00460	0.00448	0.99999	-0.00271	0.00461	0.00269	0.99999	
9	0.04500	76.87349	-0.28916	0.62200	0.51396	0.09162	9.55331	0.95161	0.98613	-0.16596	-0.00160	0.16597	0.98609	0.00897	0.00009	-0.00911	0.99996		-88.79262	-211.03626	-0.08149	-0.15957	0.25944	0.25469	0.36520	0.99998	-0.00445	-0.00453	0.00443	0.99999	-0.00279	0.00454	0.00276	0.99999	
10	0.05000	76.85754	-0.24159	0.66901	0.52931	0.08826	9.53249	0.94452	0.98619	-0.16561	-0.00154	0.16561	0.98615	0.00924	-0.00001	-0.00937	0.99996		-88.79179	-211.06169	-0.05133	-0.16787	0.25470	0.25696	0.38560	0.99998	-0.00448	-0.00445	0.00447	0.99999	-0.00293	0.00446	0.00291	0.99999	
11	0.05500	76.69533	-0.31044	0.75846	0.53405	0.09366	9.53702	0.96686	0.98618	-0.16568	-0.00163	0.16569	0.98613	0.00932	0.00007	-0.00946	0.99996		-88.77280	-211.06564	-0.05105	-0.17374	0.25387	0.25815	0.37434	0.99998	-0.00451	-0.00443	0.00449	0.99999	-0.00303	0.00444	0.00301	0.99999	
12	0.06000	76.77053	-0.36970	0.71503	0.52499	0.09723	9.55388	0.97784	0.98613	-0.16597	-0.00170	0.16598	0.98609	0.00916	0.00015	-0.00932	0.99996		-88.80931	-211.10020	-0.03301	-0.18227	0.25293	0.25594	0.35725	0.99998	-0.00447	-0.00441	0.00445	0.99999	-0.00318	0.00443	0.00316	0.99999	
13	0.06500	76.72509	-0.29505	0.76666	0.54272	0.09608	9.54096	0.97957	0.98617	-0.16575	-0.00168	0.16576	0.98612	0.00947	0.00008	-0.00962	0.99995		-88.80741	-211.09396	-0.01986	-0.18951	0.24928	0.25995	0.35302	0.99998	-0.00454	-0.00435	0.00452	0.99998	-0.00331	0.00437	0.00329	0.99999	
14	0.07000	76.66260	-0.29268	0.78359	0.54695	0.10120	9.53567	0.97315	0.98618	-0.16566	-0.00177	0.16567	0.98613	0.00955	0.00016	-0.00971	0.99995		-88.80971	-211.11035	-0.00228	-0.19769	0.24591	0.26031	0.36901	0.99998	-0.00454	-0.00429	0.00453	0.99998	-0.00345	0.00431	0.00343	0.99998	
15	0.07500	76.65707	-0.29875	0.77085	0.55001	0.10217	9.53875	0.98456	0.98617	-0.16571	-0.00178	0.16572	0.98613	0.00960	0.00017	-0.00976	0.99995		-88.81964	-211.14241	0.00687	-0.20628	0.24599	0.25894	0.35297	0.99998	-0.00452	-0.00429	0.00450	0.99998	-0.00360	0.00431	0.00358	0.99998	
16	0.08000	76.61222	-0.29202	0.77880	0.55500	0.10677	9.53611	0.98042	0.98618	-0.16567	-0.00186	0.16568	0.98613	0.00969	0.00023	-0.00986	0.99995		-88.82383	-211.13510	0.01970	-0.20995	0.24549	0.26006	0.38164	0.99998	-0.00454	-0.00428	0.00452	0.99998	-0.00366	0.00430	0.00364	0.99998	
17	0.08500	76.64482	-0.28948	0.79322	0.56039	0.10446	9.53582	0.98420	0.98618	-0.16566	-0.00182	0.16567	0.98613	0.00978	0.00018	-0.00995	0.99995		-88.83959	-211.17334	0.01285	-0.22230	0.24267	0.26514	0.35477	0.99998	-0.00463	-0.00424	0.00461	0.99998	-0.00388	0.00425	0.00386	0.99998	
18	0.09000	76.61634	-0.26364	0.81010	0.56609	0.10980	9.53453	0.98527	0.98618	-0.16564	-0.00192	0.16565	0.98613	0.00988	0.00025	-0.01006	0.99995		-88.86369	-211.19150	0.02604	-0.22890	0.24372	0.26600	0.36909	0.99998	-0.00464	-0.00425	0.00463	0.99998	-0.00399	0.00427	0.00398	0.99998	
19	0.09500	76.62725	-0.27600	0.80187	0.56939	0.11006	9.53242	0.97265	0.98619	-0.16561	-0.00192	0.16562	0.98614	0.00994	0.00025	-0.01012	0.99995		-88.84543	-211.18575	0.03888	-0.23585	0.24127	0.25965	0.37123	0.99998	-0.00453	-0.00421	0.00451	0.99998	-0.00412	0.00423	0.00410	0.99998	
20	0.10000	76.60476	-0.28024	0.79045	0.57214	0.11448	9.53698	0.98283	0.98618	-0.16568	-0.00200	0.16570	0.98613	0.00999	0.00032	-0.01018	0.99995		-88.85036	-211.22812	0.05259	-0.24585	0.23761	0.26425	0.36811	0.99998	-0.00461	-0.00415	0.00459	0.99998	-0.00429	0.00417	0.00427	0.99998	
21	0.10500	76.57423	-0.24824	0.82232	0.57959	0.11760	9.53283	0.99085	0.98619	-0.16561	-0.00205	0.16562	0.98614	0.01012	0.00035	-0.01032	0.99995		-88.86153	-211.24065	0.05321	-0.25410	0.23865	0.26617	0.37244	0.99998	-0.00465	-0.00417	0.00463	0.99998	-0.00443	0.00419	0.00442	0.99998	
22	0.11000	76.56039	-0.24498	0.81554	0.58266	0.12030	9.53413	0.98515	0.98618	-0.16563	-0.00210	0.16565	0.98613	0.01017	0.00039	-0.01038	0.99995		-88.86889	-211.24577	0.05804	-0.25979	0.23636	0.26798	0.36400	0.99998	-0.00468	-0.00413	0.00466	0.99998	-0.00453	0.00415	0.00451	0.99998	
23	0.11500	76.52958	-0.24020	0.81838	0.58921	0.12042	9.53050	0.98403	0.98620	-0.16557	-0.00210	0.16559	0.98614	0.01028	0.00037	-0.01049	0.99994		-88.89153	-211.26637	0.07586	-0.26599	0.23479	0.26548	0.35964	0.99998	-0.00463	-0.00410	0.00461	0.99998	-0.00464	0.00412	0.00462	0.99998	
24	0.12000	76.51451	-0.22952	0.86871	0.59200	0.12698	9.53645	1.00531	0.98618	-0.16567	-0.00222	0.16569	0.98612	0.01033	0.00047	-0.01056	0.99994		-88.90567	-211.28203	0.07645	-0.27492	0.23656	0.26288	0.36562	0.99998	-0.00459	-0.00413	0.00457	0.99998	-0.00480	0.00415	0.00478	0.99998	
25	0.12500	76.49435	-0.24586	0.85424	0.59435	0.13023	9.53157	0.99965	0.98619	-0.16559	-0.00227	0.16561	0.98614	0.01037	0.00052	-0.01061	0.99994		-88.90985	-211.30016	0.07684	-0.28316	0.23838	0.26294	0.36939	0.99998	-0.00459	-0.00416	0.00457	0.99998	-0.00494	0.00418	0.00492	0.99998	
26	0.13000	76.47310	-0.21651	0.83637	0.60467	0.12733	9.53254	0.98963	0.98619	-0.16561	-0.00222	0.16562	0.98613	0.01055	0.00044	-0.01078	0.99994		-88.91045	-211.32687	0.08199	-0.29052	0.23637	0.26547	0.34736	0.99998	-0.00463	-0.00413	0.00461	0.99998	-0.00507	0.00415	0.00505	0.99998	
27	0.13500	76.51662	-0.19777	0.85017	0.60805	0.12836	9.53693	1.01000	0.98618	-0.16568	-0.00224	0.16570	0.98612	0.01061	0.00045	-0.01084	0.99994		-88.90941	-211.32892	0.09486	-0.29834	0.23519	0.26069	0.36665	0.99998	-0.00455	-0.00410	0.00453	0.99998	-0.00521	0.00413	0.00519	0.99998	
28	0.14000	76.44577	-0.21937	0.88024	0.61220	0.13429	9.53228	1.00727	0.98619	-0.16560	-0.00234	0.16562	0.98613	0.01068	0.00054	-0.01093	0.99994		-88.93111	-211.36446	0.10405	-0.30657	0.23997	0.26544	0.37397	0.99998	-0.00463	-0.00419	0.00461	0.99998	-0.00535	0.00421	0.00533	0.99998	
29	0.14500	76.42253	-0.21421	0.88359	0.61524	0.13881	9.53331	1.00435	0.98619	-0.16562	-0.00242	0.16564	0.98613	0.01074	0.00061	-0.01099	0.99994		-88.95853	-211.36311	0.09206	-0.30982	0.23979	0.26483	0.37500	0.99998	-0.00462	-0.00419	0.00460	0.99997	-0.00541	0.00421	0.00539	0.99998	
30	0.15000	76.40375	-0.20105	0.89535	0.62008	0.14255	9.53456	1.01363	0.98618	-0.16564	-0.00249	0.16566	0.98612	0.01082	0.00066	-0.01108	0.99994		-88.94434	-211.38392	0.10464	-0.31634	0.24166	0.26479	0.36058	0.99998	-0.00462	-0.00422	0.00460	0.99997	-0.00552	0.00424	0.00550	0.99998	
31	0.15500	76.39275	-0.17691	0.89401	0.62725	0.13965	9.53700	1.00279	0.98618	-0.16568	-0.00244	0.16570	0.98612	0.01095	0.00059	-0.01120	0.99994		-88.96548	-211.40548	0.09682	-0.32454	0.24468	0.26297	0.37113	0.99998	-0.00459	-0.00427	0.00457	0.99997	-0.00566	0.00430	0.00564	0.99997	
32	0.16000	76.37066	-0.18055	0.90884	0.63078	0.14479	9.53395	1.00426	0.98618	-0.16563	-0.00253	0.16565	0.98612	0.01101	0.00067	-0.01128	0.99994		-88.98943	-211.42367	0.09773	-0.33111	0.24586	0.26222	0.35482	0.99998	-0.00458	-0.00429	0.00455	0.99997	-0.00578	0.00432	0.00576	0.99997	
33	0.16500	76.36251	-0.16925	0.91121	0.63469	0.14690	9.53764	1.00930	0.98617	-0.16569	-0.00256	0.16571	0.98611	0.01108	0.00069	-0.01135	0.99994		-89.00439	-211.44894	0.10684	-0.34018	0.24748	0.26517	0.36337	0.99998	-0.00463	-0.00432	0.00460	0.99997	-0.00594	0.00435	0.00592	0.99997	
34	0.17000	76.34267	-0.17834	0.91564	0.63985	0.14553	9.53587	1.01259	0.98618	-0.16566	-0.00254	0.16568	0.98612	0.01117	0.00065	-0.01143	0.99993		-89.01215	-211.47181	0.09464	-0.34536	0.24920	0.26582	0.36486	0.99998	-0.00464	-0.00435	0.00461	0.99997	-0.00603	0.00438	0.00601	0.99997	
35	0.17500	76.35019	-0.15359	0.92801	0.64609	0.14663	9.53571	1.00708	0.98618	-0.16566	-0.00256	0.16568	0.98612	0.01128	0.00066	-0.01154	0.99993		-89.07093	-211.47719	0.08298	-0.35026	0.25612	0.26812	0.36600	0.99998	-0.00468	-0.00447	0.00465	0.99997	-0.00611	0.00450	0.00609	0.99997	
36	0.18000	76.33356	-0.15864	0.93863	0.64892	0.15071	9.53517	1.01495	0.98618	-0.16565	-0.00263	0.16567	0.98612	0.01133	0.00072	-0.01160	0.99993		-89.05294	-211.49895	0.08284	-0.35785	0.25955	0.26719	0.35303	0.99998	-0.00466	-0.00453	0.00463	0.99997	-0.00625	0.00456	0.00622	0.99997	
37	0.18500	76.28360	-0.14753	0.94812	0.65298	0.15234	9.53362	1.00487	0.98619	-0.16563	-0.00266	0.16565	0.98612	0.01140	0.00073	-0.01168	0.99993		-89.07231	-211.51107	0.09584	-0.36091	0.25931	0.26287	0.37159	0.99998	-0.00459	-0.00453	0.00456	0.99997	-0.00630	0.00455	0.00628	0.99997	
38	0.19000	76.31084	-0.13572	0.96057	0.65746	0.15303	9.53949	1.01256	0.98617	-0.16573	-0.00267	0.16575	0.98610	0.01147	0.00073	-0.01176	0.99993		-89.08264	-211.52560	0.08339	-0.36719	0.26462	0.26416	0.36179	0.99998	-0.00461	-0.00462	0.00458	0.99997	-0.00641	0.00465	0.00639	0.99997	
39	0.19500	76.26130	-0.14674	0.95364	0.66120	0.15283	9.53619	1.02514	0.98618	-0.16567	-0.00267	0.16569	0.98611	0.01154	0.00072	-0.01182	0.99993		-89.11730	-211.55100	0.07203	-0.37456	0.26555	0.26634	0.35038	0.99998	-0.00465	-0.00463	0.00462	0.99997	-0.00654	0.00467	0.00652	0.99997	
40	0.20000	76.25125	-0.13273	0.98056	0.66403	0.15990	9.53792	1.01058	0.98617	-0.16570	-0.00279	0.16572	0.98610	0.01159	0.00083	-0.01189	0.99993		-89.10624	-211.56276	0.07167	-0.37778	0.27038	0.26654	0.35188	0.99998	-0.00465	-0.00472	0.00462	0.99997	-0.00659	0.00475	0.00657	0.99997	
41	0.20500	76.26989	-0.13859	0.97299	0.66965	0.15269	9.53476	1.00825	0.98618	-0.16565	-0.00266	0.16567	0.98611	0.01169	0.00069	-0.01197	0.99993		-89.13129	-211.58402	0.06387	-0.38389	0.27370	0.26895	0.35483	0.99998	-0.00469	-0.00478	0.00466	0.99997	-0.00670	0.00481	0.00668	0.99997	
42	0.21000	76.26288	-0.13527	0.97196	0.67351	0.15253	9.53892	1.01063	0.98617	-0.16572	-0.00266	0.16574	0.98610	0.01175	0.00068	-0.01203	0.99993		-89.16695	-211.57634	0.04710	-0.38545	0.28001	0.27043	0.35995	0.99998	-0.00472	-0.00489	0.00469	0.99997	-0.00673	0.00492	0.00670	0.99997	
43	0.21500	76.25497	-0.13922	0.99274	0.67487	0.15712	9.53807	1.01312	0.98617	-0.16570	-0.00274	0.16572	0.98610	0.01178	0.00075	-0.01207	0.99993		-89.17353	-211.60604	0.04328	-0.39095	0.28381	0.26576	0.34866	0.99998	-0.00464	-0.00495	0.00460	0.99997	-0.00682	0.00498	0.00680	0.99996	
44	0.22000	76.22215	-0.14803	1.00410	0.67802	0.16013	9.53670	1.01406	0.98618	-0.16568	-0.00279	0.16570	0.98611	0.01183	0.00080	-0.01213	0.99993		-89.18518	-211.63358	0.04357	-0.39828	0.28873	0.27179	0.36239	0.99998	-0.00474	-0.00504	0.00471	0.99996	-0.00695	0.00507	0.00693	0.99996	
45	0.22500	76.20675	-0.14834	1.00688	0.68192	0.15837	9.53768	1.01017	0.98617	-0.16570	-0.00276	0.16572	0.98610	0.01190	0.00075	-0.01219	0.99993		-89.21474	-211.62416	0.02297	-0.39845	0.29119	0.26976	0.36903	0.99998	-0.00471	-0.00508	0.00467	0.99996	-0.00695	0.00511	0.00693	0.99996	
46	0.23000	76.20583	-0.14474	1.01056	0.68504	0.15686	9.53448	1.01448	0.98618	-0.16564	-0.00274	0.16566	0.98611	0.01196	0.00072	-0.01224	0.99992		-89.21669	-211.66061	0.03151	-0.40445	0.29590	0.26875	0.35196	0.99998	-0.00469	-0.00516	0.00465	0.99996	-0.00706	0.00520	0.00703	0.99996	
47	0.23500	76.19561	-0.12673	1.01931	0.68957	0.15522	9.53631	1.00762	0.98618	-0.16567	-0.00271	0.16569	0.98610	0.01203	0.00068	-0.01232	0.99992		-89.23578	-211.66444	0.00219	-0.40735	0.30066	0.26771	0.35190	0.99998	-0.00467	-0.00525	0.00463	0.99996	-0.00711	0.00528	0.00708	0.99996	
48	0.24000	76.13938	-0.13211	1.03712	0.69141	0.16655	9.53725	1.00910	0.98617	-0.16569	-0.00291	0.16571	0.98610	0.01207	0.00087	-0.01238	0.99992		-89.25648	-211.67052	-0.01007	-0.40995	0.30306	0.27074	0.35846	0.99997	-0.00473	-0.00529	0.00469	0.99996	-0.00715	0.00532	0.00713	0.99996	
49	0.24500	76.14409	-0.13361	1.04103	0.69421	0.16221	9.53862	1.02076	0.98617	-0.16571	-0.00283	0.16573	0.98610	0.01212	0.00078	-0.01242	0.99992		-89.27437	-211.70324	-0.01844	-0.41504	0.31150	0.26622	0.36265	0.99997	-0.00465	-0.00544	0.00461	0.99996	-0.00724	0.00547	0.00722	0.99996	
50	0.25000	76.17843	-0.12625	1.04053	0.69795	0.16170	9.54249	1.01534	0.98616	-0.16578	-0.00282	0.16580	0.98608	0.01218	0.00076	-0.01248	0.99992		-89.31897	-211.68870	-0.03516	-0.41410	0.31745	0.26668	0.34972	0.99997	-0.00465	-0.00554	0.00461	0.99996	-0.00723	0.00557	0.00720	0.99996	
51	0.25500	76.16769	-0.12657	1.04398	0.70024	0.15915	9.53836	1.01870	0.98617	-0.16571	-0.00278	0.16573	0.98610	0.01222	0.00071	-0.01251	0.99992		-89.30527	-211.71057	-0.05254	-0.41639	0.32312	0.26571	0.34539	0.99997	-0.00464	-0.00564	0.00460	0.99996	-0.00727	0.00567	0.00724	0.99996	
52	0.26000	76.14405	-0.13376	1.06648	0.70300	0.16128	9.53764	1.01529	0.98617	-0.16569	-0.00281	0.16572	0.98610	0.01227	0.00074	-0.01257	0.99992		-89.35801	-211.73425	-0.06859	-0.41797	0.32960	0.26545	0.36976	0.99997	-0.00463	-0.00575	0.00459	0.99996	-0.00729	0.00579	0.00727	0.99996	
53	0.26500	76.08093	-0.14749	1.07086	0.70158	0.16737	9.53774	1.00678	0.98617	-0.16570	-0.00292	0.16572	0.98610	0.01224	0.00085	-0.01256	0.99992		-89.38575	-211.73547	-0.08515	-0.42157	0.33411	0.26929	0.35300	0.99997	-0.00470	-0.00583	0.00466	0.99996	-0.00736	0.00587	0.00733	0.99996	
54	0.27000	76.13717	-0.12333	1.06195	0.70800	0.16225	9.53819	1.02506	0.98617	-0.16570	-0.00283	0.16573	0.98609	0.01236	0.00074	-0.01265	0.99992		-89.40918	-211.74905	-0.08926	-0.42348	0.34165	0.26654	0.35765	0.99997	-0.00465	-0.00596	0.00461	0.99996	-0.00739	0.00600	0.00736	0.99995	
55	0.27500	76.08682	-0.13898	1.08795	0.70759	0.17026	9.53713	1.01469	0.98617	-0.16569	-0.00297	0.16571	0.98610	0.01235	0.00088	-0.01267	0.99992		-89.42668	-211.74885	-0.11024	-0.42349	0.34561	0.27077	0.35538	0.99997	-0.00473	-0.00603	0.00468	0.99996	-0.00739	0.00607	0.00736	0.99995	
56	0.28000	76.06288	-0.13486	1.09678	0.70779	0.17457	9.53970	1.02397	0.98617	-0.16573	-0.00305	0.16576	0.98609	0.01235	0.00096	-0.01269	0.99992		-89.43042	-211.74409	-0.12792	-0.42376	0.35621	0.26450	0.36497	0.99997	-0.00462	-0.00622	0.00457	0.99996	-0.00740	0.00625	0.00737	0.99995	
57	0.28500	76.08683	-0.14930	1.09802	0.70707	0.17240	9.54322	1.02531	0.98616	-0.16579	-0.00301	0.16582	0.98608	0.01234	0.00092	-0.01267	0.99992		-89.44878	-211.77109	-0.14461	-0.42587	0.35938	0.26916	0.34993	0.99997	-0.00470	-0.00627	0.00465	0.99996	-0.00743	0.00631	0.00740	0.99995	
58	0.29000	76.04436	-0.14064	1.08927	0.71014	0.17400	9.53889	1.01605	0.98617	-0.16572	-0.00304	0.16574	0.98609	0.01239	0.00094	-0.01273	0.99992		-89.51311	-211.78872	-0.15662	-0.42905	0.37170	0.26718	0.35794	0.99997	-0.00466	-0.00649	0.00461	0.99996	-0.00749	0.00652	0.00746	0.99995	
59	0.29500	76.08600	-0.13242	1.08854	0.71148	0.17219	9.54279	1.02288	0.98616	-0.16578	-0.00301	0.16581	0.98608	0.01242	0.00090	-0.01274	0.99992		-89.49789	-211.77811	-0.16605	-0.42710	0.37544	0.26290	0.34708	0.99997	-0.00459	-0.00655	0.00454	0.99996	-0.00745	0.00659	0.00742	0.99995	
60	0.30000	76.05035	-0.14821	1.09754	0.71087	0.17499	9.54200	1.02753	0.98616	-0.16577	-0.00305	0.16580	0.98608	0.01241	0.00096	-0.01274	0.99992		-89.52517	-211.79522	-0.18702	-0.42780	0.38320	0.26790	0.35635	0.99997	-0.00468	-0.00669	0.00463	0.99996	-0.00747	0.00672	0.00744	0.99995	
61	0.30500	76.03156	-0.17341	1.10553	0.70838	0.17272	9.53790	1.02699	0.98617	-0.16570	-0.00301	0.16572	0.98609	0.01236	0.00092	-0.01269	0.99992		-89.58360	-211.77268	-0.20823	-0.42678	0.39754	0.26318	0.35639	0.99997	-0.00459	-0.00694	0.00454	0.99996	-0.00745	0.00697	0.00742	0.99995	
62	0.31000	76.03296	-0.16261	1.11036	0.71088	0.17737	9.54119	1.03542	0.98616	-0.16576	-0.00310	0.16578	0.98608	0.01241	0.00100	-0.01275	0.99992		-89.60589	-211.78897	-0.21649	-0.42850	0.40211	0.26868	0.35417	0.99996	-0.00469	-0.00702	0.00464	0.99996	-0.00748	0.00705	0.00745	0.99995	
63	0.31500	76.01589	-0.16864	1.11731	0.71199	0.17791	9.53981	1.02814	0.98617	-0.16573	-0.00311	0.16576	0.98609	0.01243	0.00100	-0.01277	0.99992		-89.64643	-211.79951	-0.22901	-0.42802	0.40841	0.26637	0.33714	0.99996	-0.00465	-0.00713	0.00460	0.99996	-0.00747	0.00716	0.00744	0.99995	
64	0.32000	76.00182	-0.16565	1.11077	0.71092	0.18200	9.53997	1.01605	0.98617	-0.16573	-0.00318	0.16576	0.98609	0.01241	0.00108	-0.01276	0.99992		-89.63760	-211.81329	-0.25858	-0.42954	0.41315	0.26443	0.35712	0.99996	-0.00462	-0.00721	0.00456	0.99996	-0.00750	0.00725	0.00746	0.99995	
65	0.32500	76.01693	-0.18423	1.11655	0.70735	0.18140	9.53917	1.01782	0.98617	-0.16572	-0.00317	0.16575	0.98609	0.01235	0.00108	-0.01270	0.99992		-89.68571	-211.79112	-0.27170	-0.42652	0.42467	0.26134	0.34819	0.99996	-0.00456	-0.00741	0.00451	0.99996	-0.00744	0.00745	0.00741	0.99994	
66	0.33000	76.03237	-0.19497	1.12176	0.70744	0.17877	9.53893	1.02241	0.98617	-0.16572	-0.00312	0.16574	0.98609	0.01235	0.00103	-0.01269	0.99992		-89.67081	-211.81617	-0.28486	-0.42549	0.42925	0.26655	0.34502	0.99996	-0.00465	-0.00749	0.00460	0.99996	-0.00743	0.00753	0.00739	0.99994	
67	0.33500	75.98198	-0.19866	1.10804	0.70481	0.18328	9.54090	1.02260	0.98616	-0.16575	-0.00320	0.16578	0.98609	0.01230	0.00112	-0.01266	0.99992		-89.70683	-211.80913	-0.31432	-0.42381	0.43761	0.26215	0.33532	0.99996	-0.00458	-0.00764	0.00452	0.99996	-0.00740	0.00767	0.00736	0.99994	
68	0.34000	75.99178	-0.19427	1.11083	0.70703	0.18127	9.53662	1.02065	0.98617	-0.16568	-0.00316	0.16570	0.98610	0.01234	0.00108	-0.01269	0.99992		-89.70938	-211.80913	-0.32755	-0.42348	0.44274	0.26235	0.34878	0.99996	-0.00458	-0.00773	0.00452	0.99996	-0.00739	0.00776	0.00736	0.99994	
69	0.34500	75.96455	-0.20255	1.12214	0.70414	0.18538	9.54393	1.03275	0.98615	-0.16580	-0.00324	0.16583	0.98608	0.01229	0.00115	-0.01266	0.99992		-89.75816	-211.82981	-0.34395	-0.42416	0.45301	0.26644	0.35508	0.99996	-0.00465	-0.00791	0.00459	0.99996	-0.00740	0.00794	0.00737	0.99994	
70	0.35000	75.97443	-0.20909	1.11266	0.70023	0.18615	9.54437	1.03504	0.98615	-0.16581	-0.00325	0.16584	0.98608	0.01222	0.00118	-0.01259	0.99992		-89.77572	-211.81243	-0.37395	-0.42100	0.45963	0.26270	0.34801	0.99996	-0.00458	-0.00802	0.00453	0.99996	-0.00735	0.00806	0.00731	0.99994	
71	0.35500	75.97454	-0.22569	1.11018	0.69695	0.18832	9.54309	1.02377	0.98616	-0.16579	-0.00329	0.16582	0.98608	0.01216	0.00122	-0.01254	0.99992		-89.80034	-211.80889	-0.37462	-0.41788	0.46954	0.26421	0.35053	0.99996	-0.00461	-0.00819	0.00455	0.99996	-0.00729	0.00823	0.00726	0.99994	
72	0.36000	75.97268	-0.22260	1.10898	0.69579	0.18313	9.53990	1.02895	0.98617	-0.16573	-0.00320	0.16576	0.98609	0.01214	0.00114	-0.01251	0.99992		-89.81778	-211.81158	-0.38350	-0.41610	0.47783	0.25988	0.35423	0.99995	-0.00454	-0.00834	0.00448	0.99996	-0.00726	0.00837	0.00722	0.99994	
73	0.36500	75.97785	-0.23256	1.10069	0.69320	0.18475	9.54257	1.02340	0.98616	-0.16578	-0.00322	0.16581	0.98608	0.01210	0.00117	-0.01247	0.99992		-89.83758	-211.81794	-0.40457	-0.41436	0.48397	0.26468	0.36262	0.99995	-0.00462	-0.00845	0.00456	0.99996	-0.00723	0.00848	0.00719	0.99994	
74	0.37000	75.97663	-0.26687	1.10585	0.68747	0.18661	9.53564	1.01751	0.98618	-0.16566	-0.00326	0.16569	0.98611	0.01200	0.00122	-0.01237	0.99992		-89.84114	-211.81600	-0.42646	-0.41027	0.49129	0.26186	0.34090	0.99995	-0.00457	-0.00857	0.00451	0.99996	-0.00716	0.00861	0.00712	0.99994	
75	0.37500	75.94718	-0.25926	1.09571	0.68547	0.19103	9.54494	1.02966	0.98615	-0.16582	-0.00333	0.16585	0.98608	0.01196	0.00130	-0.01235	0.99992		-89.87662	-211.80424	-0.42688	-0.40762	0.49940	0.26079	0.33867	0.99995	-0.00455	-0.00872	0.00449	0.99996	-0.00711	0.00875	0.00707	0.99994	
76	0.38000	75.94583	-0.27620	1.09677	0.68107	0.19082	9.53543	1.01341	0.98618	-0.16566	-0.00333	0.16568	0.98611	0.01189	0.00132	-0.01227	0.99992		-89.86720	-211.79957	-0.44864	-0.40588	0.50668	0.26001	0.35004	0.99995	-0.00454	-0.00884	0.00448	0.99996	-0.00708	0.00887	0.00704	0.99994	
77	0.38500	75.97587	-0.27973	1.08240	0.67730	0.18810	9.53835	1.02917	0.98617	-0.16571	-0.00328	0.16573	0.98610	0.01182	0.00128	-0.01220	0.99992		-89.89301	-211.80495	-0.46111	-0.40417	0.50955	0.26059	0.33585	0.99995	-0.00455	-0.00889	0.00449	0.99997	-0.00705	0.00892	0.00701	0.99994	
78	0.39000	75.98529	-0.30608	1.07097	0.67366	0.18840	9.54292	1.03013	0.98616	-0.16579	-0.00329	0.16581	0.98609	0.01176	0.00129	-0.01214	0.99993		-89.91329	-211.80065	-0.46994	-0.40079	0.51871	0.25863	0.33108	0.99995	-0.00451	-0.00905	0.00445	0.99997	-0.00699	0.00908	0.00695	0.99993	
79	0.39500	75.94732	-0.29508	1.07670	0.66954	0.19193	9.53904	1.02057	0.98617	-0.16572	-0.00335	0.16575	0.98610	0.01169	0.00137	-0.01208	0.99993		-89.89514	-211.79770	-0.49603	-0.39737	0.52338	0.25501	0.34893	0.99995	-0.00445	-0.00913	0.00439	0.99997	-0.00694	0.00917	0.00689	0.99993	
80	0.40000	75.94590	-0.30510	1.06419	0.66637	0.18775	9.53781	1.03350	0.98617	-0.16570	-0.00328	0.16572	0.98610	0.01163	0.00130	-0.01201	0.99993		-89.91536	-211.80683	-0.50476	-0.39513	0.53168	0.26138	0.34600	0.99995	-0.00456	-0.00928	0.00450	0.99997	-0.00690	0.00931	0.00685	0.99993	
81	0.40500	75.95771	-0.32082	1.05356	0.65936	0.18834	9.54266	1.02664	0.98616	-0.16578	-0.00329	0.16581	0.98609	0.01151	0.00133	-0.01189	0.99993		-89.93668	-211.79309	-0.50945	-0.38993	0.53618	0.26121	0.34612	0.99995	-0.00456	-0.00936	0.00450	0.99997	-0.00681	0.00939	0.00676	0.99993	
82	0.41000	75.95975	-0.32157	1.03262	0.65441	0.18788	9.54100	1.02987	0.98616	-0.16575	-0.00328	0.16578	0.98610	0.01142	0.00134	-0.01181	0.99993		-89.94036	-211.79666	-0.53492	-0.38831	0.54131	0.25880	0.35196	0.99995	-0.00452	-0.00945	0.00445	0.99997	-0.00678	0.00948	0.00673	0.99993	
83	0.41500	75.96376	-0.33856	1.04681	0.65031	0.19327	9.53779	1.03218	0.98617	-0.16570	-0.00337	0.16573	0.98611	0.01135	0.00145	-0.01175	0.99993		-89.95257	-211.79199	-0.54412	-0.38364	0.55055	0.25848	0.34856	0.99994	-0.00451	-0.00961	0.00445	0.99997	-0.00670	0.00964	0.00665	0.99993	
84	0.42000	75.91269	-0.33809	1.02615	0.64323	0.19492	9.54335	1.01753	0.98615	-0.16579	-0.00340	0.16582	0.98609	0.01123	0.00149	-0.01163	0.99993		-89.92861	-211.78274	-0.55795	-0.37876	0.55412	0.25488	0.32864	0.99994	-0.00445	-0.00967	0.00438	0.99997	-0.00661	0.00970	0.00657	0.99993	
85	0.42500	75.97023	-0.35909	1.01850	0.63711	0.18988	9.53922	1.02699	0.98617	-0.16572	-0.00331	0.16575	0.98611	0.01112	0.00143	-0.01151	0.99993		-89.95925	-211.78440	-0.57058	-0.37710	0.56070	0.25667	0.34767	0.99994	-0.00448	-0.00979	0.00442	0.99997	-0.00658	0.00982	0.00654	0.99993	
86	0.43000	75.96018	-0.37275	1.01004	0.63075	0.18646	9.54084	1.03496	0.98616	-0.16575	-0.00325	0.16578	0.98610	0.01101	0.00138	-0.01140	0.99993		-89.99529	-211.78501	-0.58726	-0.37221	0.56559	0.25578	0.34162	0.99994	-0.00446	-0.00987	0.00440	0.99997	-0.00650	0.00990	0.00645	0.99993	
87	0.43500	75.96076	-0.38395	1.00699	0.62379	0.19089	9.54035	1.03003	0.98616	-0.16574	-0.00333	0.16577	0.98610	0.01089	0.00148	-0.01129	0.99994		-89.96923	-211.76785	-0.59685	-0.36765	0.56900	0.25560	0.34230	0.99994	-0.00446	-0.00993	0.00440	0.99997	-0.00642	0.00996	0.00637	0.99993	
88	0.44000	75.93595	-0.39102	0.99750	0.61860	0.19394	9.53847	1.02966	0.98617	-0.16571	-0.00338	0.16574	0.98611	0.01080	0.00155	-0.01121	0.99994		-90.00834	-211.76850	-0.60130	-0.36254	0.57931	0.25714	0.34179	0.99994	-0.00449	-0.01011	0.00442	0.99997	-0.00633	0.01014	0.00628	0.99993	
89	0.44500	75.93107	-0.41898	0.97212	0.61046	0.19075	9.53872	1.02797	0.98617	-0.16571	-0.00333	0.16574	0.98611	0.01065	0.00152	-0.01106	0.99994		-90.03668	-211.74869	-0.61005	-0.35708	0.58331	0.25409	0.34947	0.99994	-0.00443	-0.01018	0.00437	0.99997	-0.00623	0.01021	0.00619	0.99993	
90	0.45000	75.90832	-0.41808	0.95493	0.60664	0.19199	9.53298	1.01335	0.98618	-0.16561	-0.00335	0.16564	0.98613	0.01059	0.00155	-0.01100	0.99994		-90.00297	-211.73122	-0.64101	-0.34997	0.58920	0.25157	0.35578	0.99994	-0.00439	-0.01028	0.00433	0.99997	-0.00611	0.01031	0.00606	0.99993	
91	0.45500	75.93441	-0.45536	0.95048	0.59492	0.18951	9.53847	1.02389	0.98617	-0.16571	-0.00331	0.16573	0.98612	0.01038	0.00154	-0.01079	0.99994		-90.03754	-211.73840	-0.64523	-0.34636	0.59848	0.25344	0.35661	0.99994	-0.00442	-0.01045	0.00436	0.99997	-0.00604	0.01047	0.00600	0.99993	
92	0.46000	75.92850	-0.45415	0.94358	0.58652	0.19182	9.53721	1.01437	0.98617	-0.16569	-0.00335	0.16571	0.98612	0.01024	0.00161	-0.01065	0.99994		-90.05043	-211.72861	-0.65797	-0.34322	0.59892	0.25292	0.34218	0.99994	-0.00441	-0.01045	0.00435	0.99997	-0.00599	0.01048	0.00594	0.99993	
93	0.46500	75.93719	-0.47017	0.91591	0.58089	0.18653	9.53873	1.01409	0.98617	-0.16571	-0.00326	0.16574	0.98612	0.01014	0.00153	-0.01054	0.99994		-90.02269	-211.75112	-0.65874	-0.34030	0.60286	0.25315	0.35612	0.99993	-0.00442	-0.01052	0.00436	0.99997	-0.00594	0.01055	0.00589	0.99993	
94	0.47000	75.95302	-0.48762	0.90168	0.57338	0.18722	9.53934	1.02002	0.98617	-0.16572	-0.00327	0.16575	0.98612	0.01001	0.00156	-0.01041	0.99994		-90.04659	-211.72347	-0.67614	-0.33399	0.60834	0.25175	0.35268	0.99993	-0.00439	-0.01062	0.00433	0.99997	-0.00583	0.01064	0.00578	0.99993	
95	0.47500	75.97924	-0.49302	0.88100	0.56591	0.18311	9.54455	1.03375	0.98615	-0.16581	-0.00320	0.16584	0.98610	0.00988	0.00151	-0.01027	0.99995		-90.04613	-211.71320	-0.66849	-0.32928	0.61268	0.25073	0.33847	0.99993	-0.00438	-0.01069	0.00431	0.99997	-0.00575	0.01072	0.00570	0.99993	
96	0.48000	75.96640	-0.56602	0.83740	0.54393	0.19291	9.55962	1.04098	0.98611	-0.16607	-0.00337	0.16610	0.98606	0.00949	0.00174	-0.00992	0.99995		-90.05297	-211.70873	-0.67730	-0.32290	0.61553	0.25149	0.35115	0.99993	-0.00439	-0.01074	0.00433	0.99997	-0.00564	0.01077	0.00559	0.99993	
97	0.48500	75.97365	-0.56361	0.82180	0.53681	0.19204	9.55791	1.03987	0.98611	-0.16604	-0.00335	0.16607	0.98607	0.00937	0.00175	-0.00980	0.99995		-90.07690	-211.72048	-0.68543	-0.32063	0.61757	0.25189	0.35062	0.99993	-0.00440	-0.01078	0.00434	0.99997	-0.00560	0.01080	0.00555	0.99993	
98	0.49000	75.99572	-0.58799	0.79319	0.52892	0.18777	9.55800	1.03584	0.98611	-0.16605	-0.00328	0.16607	0.98607	0.00923	0.00170	-0.00965	0.99995		-90.08035	-211.68505	-0.69491	-0.31315	0.62556	0.25470	0.36902	0.99993	-0.00445	-0.01092	0.00439	0.99998	-0.00547	0.01094	0.00542	0.99993	
99	0.49500	76.01526	-0.59265	0.79711	0.52195	0.18462	9.56110	1.03930	0.98610	-0.16610	-0.00322	0.16612	0.98606	0.00911	0.00166	-0.00952	0.99995		-90.03604	-211.70552	-0.70411	-0.30971	0.62575	0.25356	0.36527	0.99993	-0.00443	-0.01092	0.00437	0.99998	-0.00541	0.01094	0.00536	0.99993	
100	0.50000	76.01522	-0.59540	0.76541	0.51523	0.18327	9.55941	1.03597	0.98611	-0.16607	-0.00320	0.16609	0.98607	0.00899	0.00166	-0.00940	0.99995		-90.06237	-211.68365	-0.70873	-0.30084	0.62641	0.25017	0.35927	0.99993	-0.00437	-0.01093	0.00431	0.99998	-0.00525	0.01096	0.00520	0.99993	
101	0.50500	76.01026	-0.60834	0.76191	0.50761	0.18041	9.56140	1.04494	0.98610	-0.16610	-0.00315	0.16613	0.98606	0.00886	0.00163	-0.00926	0.99996		-90.08213	-211.68069	-0.71292	-0.29701	0.63259	0.25389	0.37834	0.99993	-0.00443	-0.01104	0.00437	0.99998	-0.00518	0.01106	0.00513	0.99993	
102	0.51000	75.99770	-0.62583	0.75958	0.50036	0.18123	9.55689	1.03678	0.98612	-0.16603	-0.00316	0.16605	0.98608	0.00873	0.00167	-0.00914	0.99996		-90.03715	-211.68810	-0.72235	-0.29391	0.63079	0.25441	0.36542	0.99993	-0.00444	-0.01101	0.00438	0.99998	-0.00513	0.01103	0.00508	0.99993	
103	0.51500	76.02249	-0.63151	0.73286	0.49409	0.17676	9.55777	1.03443	0.98611	-0.16604	-0.00309	0.16606	0.98608	0.00862	0.00161	-0.00902	0.99996		-90.05843	-211.66756	-0.73518	-0.28739	0.63062	0.25153	0.36120	0.99993	-0.00439	-0.01101	0.00433	0.99998	-0.00502	0.01103	0.00497	0.99993	
104	0.52000	76.01927	-0.63504	0.72313	0.48670	0.17586	9.55858	1.03056	0.98611	-0.16606	-0.00307	0.16608	0.98608	0.00849	0.00162	-0.00889	0.99996		-90.05622	-211.63678	-0.76159	-0.27560	0.63867	0.25014	0.36763	0.99993	-0.00437	-0.01115	0.00431	0.99998	-0.00481	0.01117	0.00476	0.99993	
105	0.52500	76.07996	-0.64908	0.67982	0.47865	0.17000	9.56061	1.02966	0.98611	-0.16609	-0.00297	0.16611	0.98607	0.00835	0.00154	-0.00873	0.99996		-90.03657	-211.63109	-0.75804	-0.27105	0.63596	0.25153	0.34639	0.99993	-0.00439	-0.01110	0.00434	0.99998	-0.00473	0.01112	0.00468	0.99993	
106	0.53000	76.02494	-0.66307	0.67341	0.47126	0.17152	9.55440	1.02533	0.98612	-0.16598	-0.00299	0.16600	0.98609	0.00822	0.00159	-0.00861	0.99996		-90.04964	-211.61883	-0.76628	-0.26437	0.63349	0.25082	0.35415	0.99993	-0.00438	-0.01106	0.00433	0.99998	-0.00461	0.01108	0.00457	0.99993	
107	0.53500	76.01886	-0.67772	0.66080	0.46331	0.17138	9.55694	1.02073	0.98612	-0.16603	-0.00299	0.16605	0.98608	0.00809	0.00161	-0.00847	0.99996		-90.02294	-211.60864	-0.77567	-0.25933	0.63638	0.24884	0.35235	0.99993	-0.00434	-0.01111	0.00429	0.99998	-0.00453	0.01113	0.00448	0.99993	
108	0.54000	76.07866	-0.67454	0.63194	0.45785	0.16270	9.55505	1.00849	0.98612	-0.16599	-0.00284	0.16601	0.98609	0.00799	0.00147	-0.00835	0.99996		-90.00655	-211.62256	-0.77588	-0.25514	0.63340	0.25216	0.37208	0.99993	-0.00440	-0.01105	0.00435	0.99998	-0.00445	0.01107	0.00440	0.99993	
109	0.54500	76.05137	-0.68045	0.61312	0.45232	0.15778	9.55693	1.02533	0.98612	-0.16603	-0.00275	0.16604	0.98609	0.00789	0.00140	-0.00824	0.99997		-90.00925	-211.61682	-0.78852	-0.25263	0.63622	0.25533	0.37639	0.99993	-0.00446	-0.01110	0.00441	0.99998	-0.00441	0.01112	0.00436	0.99993	
110	0.55000	76.09260	-0.69789	0.60717	0.44161	0.15700	9.56082	1.02168	0.98611	-0.16609	-0.00274	0.16611	0.98608	0.00771	0.00142	-0.00806	0.99997		-89.98208	-211.59768	-0.78525	-0.24485	0.63194	0.24717	0.36116	0.99993	-0.00431	-0.01103	0.00427	0.99998	-0.00427	0.01105	0.00423	0.99993	
111	0.55500	76.10204	-0.69537	0.59231	0.43990	0.15010	9.55862	1.02815	0.98611	-0.16606	-0.00262	0.16607	0.98608	0.00768	0.00131	-0.00801	0.99997		-89.97007	-211.59481	-0.78535	-0.24015	0.62830	0.25228	0.35817	0.99993	-0.00440	-0.01097	0.00436	0.99998	-0.00419	0.01098	0.00414	0.99993	
112	0.56000	76.09923	-0.70201	0.57468	0.43255	0.15119	9.55942	1.02004	0.98611	-0.16607	-0.00264	0.16609	0.98608	0.00755	0.00135	-0.00788	0.99997		-89.98089	-211.59104	-0.80231	-0.23506	0.62992	0.25046	0.37845	0.99993	-0.00437	-0.01099	0.00433	0.99998	-0.00410	0.01101	0.00405	0.99993	
113	0.56500	76.10526	-0.69995	0.56744	0.42865	0.14392	9.55885	1.02388	0.98611	-0.16606	-0.00251	0.16607	0.98608	0.00748	0.00123	-0.00779	0.99997		-89.97182	-211.59055	-0.79786	-0.23204	0.62502	0.25252	0.35653	0.99993	-0.00441	-0.01091	0.00436	0.99998	-0.00405	0.01093	0.00400	0.99993	
114	0.57000	76.14213	-0.68841	0.54243	0.42296	0.14123	9.55931	1.02908	0.98611	-0.16607	-0.00246	0.16608	0.98608	0.00738	0.00120	-0.00769	0.99997		-89.95952	-211.57240	-0.79032	-0.22452	0.62402	0.24854	0.36037	0.99993	-0.00434	-0.01089	0.00430	0.99998	-0.00392	0.01091	0.00387	0.99993	
115	0.57500	76.11759	-0.71066	0.54006	0.41685	0.14143	9.55658	1.01978	0.98612	-0.16602	-0.00247	0.16603	0.98609	0.00728	0.00123	-0.00758	0.99997		-89.93045	-211.56688	-0.79869	-0.22124	0.61688	0.25425	0.35934	0.99993	-0.00444	-0.01077	0.00440	0.99998	-0.00386	0.01078	0.00381	0.99993	
116	0.58000	76.12118	-0.70841	0.52055	0.41237	0.13819	9.55496	1.01039	0.98612	-0.16599	-0.00241	0.16601	0.98610	0.00720	0.00118	-0.00750	0.99997		-89.93268	-211.55086	-0.80311	-0.21459	0.61453	0.25144	0.36696	0.99993	-0.00439	-0.01073	0.00435	0.99998	-0.00375	0.01074	0.00370	0.99994	
117	0.58500	76.16238	-0.71472	0.49239	0.40443	0.13445	9.55982	1.01935	0.98611	-0.16608	-0.00235	0.16609	0.98609	0.00706	0.00114	-0.00735	0.99997		-89.90343	-211.54006	-0.79929	-0.21088	0.61003	0.24960	0.36209	0.99993	-0.00436	-0.01065	0.00432	0.99998	-0.00368	0.01066	0.00363	0.99994	
118	0.59000	76.16559	-0.71906	0.46868	0.40333	0.12651	9.55659	1.01951	0.98612	-0.16602	-0.00221	0.16603	0.98610	0.00704	0.00101	-0.00731	0.99997		-89.91421	-211.52828	-0.79478	-0.20548	0.60512	0.24651	0.35652	0.99994	-0.00430	-0.01056	0.00426	0.99998	-0.00359	0.01058	0.00354	0.99994	
119	0.59500	76.15005	-0.72596	0.46929	0.39669	0.12806	9.56096	1.02632	0.98611	-0.16610	-0.00224	0.16611	0.98608	0.00692	0.00105	-0.00720	0.99997		-89.84847	-211.55274	-0.80378	-0.20426	0.59797	0.25338	0.34380	0.99994	-0.00442	-0.01044	0.00439	0.99998	-0.00356	0.01045	0.00352	0.99994	
120	0.60000	76.18898	-0.70212	0.44826	0.39379	0.12256	9.55978	1.02922	0.98611	-0.16608	-0.00214	0.16609	0.98609	0.00687	0.00097	-0.00713	0.99997		-89.84528	-211.52322	-0.79553	-0.19783	0.59270	0.25262	0.35897	0.99994	-0.00441	-0.01034	0.00437	0.99998	-0.00345	0.01036	0.00341	0.99994	
121	0.60500	76.16916	-0.73505	0.43326	0.38959	0.11787	9.55431	1.01077	0.98613	-0.16598	-0.00206	0.16599	0.98610	0.00680	0.00090	-0.00705	0.99997		-89.83154	-211.53745	-0.79090	-0.19719	0.58408	0.25239	0.35747	0.99994	-0.00440	-0.01019	0.00437	0.99998	-0.00344	0.01021	0.00340	0.99994	
122	0.61000	76.18881	-0.73701	0.43597	0.38462	0.11911	9.55602	1.02176	0.98612	-0.16601	-0.00208	0.16602	0.98610	0.00671	0.00094	-0.00696	0.99998		-89.80490	-211.51941	-0.79122	-0.19186	0.58015	0.25182	0.36933	0.99994	-0.00439	-0.01013	0.00436	0.99998	-0.00335	0.01014	0.00330	0.99994	
123	0.61500	76.16306	-0.72990	0.41857	0.38187	0.11506	9.55369	1.02726	0.98613	-0.16597	-0.00201	0.16598	0.98611	0.00666	0.00087	-0.00691	0.99998		-89.79801	-211.50180	-0.78693	-0.18721	0.57146	0.25002	0.35404	0.99994	-0.00436	-0.00997	0.00433	0.99999	-0.00327	0.00999	0.00322	0.99994	
124	0.62000	76.16794	-0.74349	0.40250	0.37845	0.11142	9.55450	1.02043	0.98613	-0.16599	-0.00194	0.16599	0.98610	0.00661	0.00082	-0.00684	0.99998		-89.76753	-211.51137	-0.77396	-0.18945	0.56451	0.25251	0.37427	0.99994	-0.00441	-0.00985	0.00437	0.99998	-0.00331	0.00987	0.00326	0.99995	
125	0.62500	76.18652	-0.71443	0.40106	0.37671	0.10983	9.55206	1.03255	0.98613	-0.16594	-0.00192	0.16595	0.98611	0.00657	0.00080	-0.00680	0.99998		-89.73651	-211.51050	-0.77415	-0.18415	0.55400	0.25073	0.37161	0.99994	-0.00438	-0.00967	0.00434	0.99999	-0.00321	0.00968	0.00317	0.99995	
126	0.63000	76.21774	-0.72150	0.37428	0.37436	0.10524	9.55227	1.01896	0.98613	-0.16595	-0.00184	0.16596	0.98611	0.00653	0.00073	-0.00675	0.99998		-89.71247	-211.51552	-0.78190	-0.18354	0.54335	0.25425	0.36600	0.99995	-0.00444	-0.00948	0.00441	0.99999	-0.00320	0.00950	0.00316	0.99995	
127	0.63500	76.19656	-0.73771	0.37164	0.37109	0.10500	9.55473	1.02862	0.98613	-0.16599	-0.00183	0.16600	0.98610	0.00648	0.00073	-0.00669	0.99998		-89.69916	-211.51227	-0.77292	-0.18217	0.53323	0.25398	0.36502	0.99995	-0.00443	-0.00931	0.00440	0.99999	-0.00318	0.00932	0.00314	0.99995	
128	0.64000	76.20022	-0.73640	0.34572	0.36973	0.10113	9.55228	1.02386	0.98613	-0.16595	-0.00177	0.16596	0.98611	0.00645	0.00067	-0.00666	0.99998		-89.65536	-211.52439	-0.76896	-0.18256	0.52751	0.25636	0.35872	0.99995	-0.00447	-0.00921	0.00444	0.99999	-0.00319	0.00922	0.00315	0.99995	
129	0.64500	76.17335	-0.73704	0.34878	0.36520	0.10181	9.55472	1.01644	0.98613	-0.16599	-0.00178	0.16600	0.98611	0.00637	0.00069	-0.00658	0.99998		-89.63096	-211.50200	-0.75200	-0.17889	0.51521	0.25404	0.34144	0.99995	-0.00443	-0.00899	0.00441	0.99999	-0.00312	0.00901	0.00308	0.99995	
130	0.65000	76.20087	-0.72426	0.32437	0.36722	0.09342	9.55101	1.02402	0.98614	-0.16593	-0.00163	0.16593	0.98612	0.00641	0.00054	-0.00659	0.99998		-89.59619	-211.49981	-0.74350	-0.17749	0.50454	0.25628	0.36110	0.99995	-0.00447	-0.00881	0.00445	0.99999	-0.00310	0.00882	0.00306	0.99996	
131	0.65500	76.22535	-0.72009	0.32431	0.36674	0.09115	9.54981	1.01534	0.98614	-0.16590	-0.00159	0.16591	0.98612	0.00640	0.00051	-0.00658	0.99998		-89.60703	-211.50903	-0.73826	-0.17814	0.49741	0.25599	0.36380	0.99995	-0.00447	-0.00868	0.00444	0.99999	-0.00311	0.00870	0.00307	0.99996	
132	0.66000	76.25167	-0.71822	0.31552	0.36798	0.08787	9.55344	1.02565	0.98613	-0.16597	-0.00153	0.16597	0.98611	0.00642	0.00045	-0.00659	0.99998		-89.57835	-211.50844	-0.72524	-0.17630	0.48581	0.25945	0.35839	0.99995	-0.00453	-0.00848	0.00450	0.99999	-0.00308	0.00849	0.00304	0.99996	
133	0.66500	76.24830	-0.70877	0.30068	0.36680	0.08731	9.54997	1.01524	0.98614	-0.16591	-0.00152	0.16591	0.98612	0.00640	0.00044	-0.00657	0.99998		-89.53870	-211.49021	-0.71725	-0.17282	0.47942	0.25023	0.37840	0.99996	-0.00437	-0.00837	0.00434	0.99999	-0.00302	0.00838	0.00298	0.99996	
134	0.67000	76.27853	-0.69745	0.29867	0.36747	0.08067	9.55492	1.02757	0.98613	-0.16599	-0.00141	0.16600	0.98611	0.00641	0.00032	-0.00656	0.99998		-89.49752	-211.49851	-0.71224	-0.17628	0.46302	0.25735	0.36901	0.99996	-0.00449	-0.00808	0.00447	0.99999	-0.00308	0.00809	0.00304	0.99996	
135	0.67500	76.22549	-0.68303	0.29969	0.36913	0.08342	9.55469	1.02511	0.98613	-0.16599	-0.00146	0.16599	0.98611	0.00644	0.00037	-0.00659	0.99998		-89.47865	-211.50082	-0.69920	-0.17707	0.45403	0.25534	0.36438	0.99996	-0.00446	-0.00792	0.00443	0.99999	-0.00309	0.00794	0.00306	0.99996	
136	0.68000	76.26231	-0.67136	0.29391	0.37074	0.07913	9.55076	1.02951	0.98614	-0.16592	-0.00138	0.16593	0.98612	0.00647	0.00029	-0.00661	0.99998		-89.46014	-211.50622	-0.69445	-0.17658	0.44470	0.25983	0.36356	0.99996	-0.00453	-0.00776	0.00451	0.99999	-0.00308	0.00778	0.00305	0.99997	
137	0.68500	76.22507	-0.68394	0.28522	0.36998	0.08076	9.54928	1.02009	0.98614	-0.16590	-0.00141	0.16590	0.98612	0.00646	0.00032	-0.00660	0.99998		-89.43896	-211.48501	-0.68131	-0.17643	0.43147	0.25416	0.35340	0.99996	-0.00444	-0.00753	0.00441	0.99999	-0.00308	0.00754	0.00305	0.99997	
138	0.69000	76.22967	-0.67864	0.29704	0.37302	0.07792	9.55044	1.01503	0.98614	-0.16592	-0.00136	0.16592	0.98612	0.00651	0.00026	-0.00665	0.99998		-89.39532	-211.50061	-0.65970	-0.17899	0.41904	0.25361	0.36721	0.99996	-0.00443	-0.00731	0.00440	0.99999	-0.00312	0.00733	0.00309	0.99997	
