NO_OF_FRAMES	12044
NO_OF_CAMERAS	8
NO_OF_BODIES	2
FREQUENCY	200
NO_OF_ANALOG	0
ANALOG_FREQUENCY	0
DESCRIPTION	--
TIME_STAMP	2013-07-02, 18:01:31	3303988.65323494
DATA_INCLUDED	6D
BODY_NAMES	Ice 1	Ice 2
Frame	Time	Ice 1 X	Y	Z	Roll	Pitch	Yaw	Residual	Rot[0]	Rot[1]	Rot[2]	Rot[3]	Rot[4]	Rot[5]	Rot[6]	Rot[7]	Rot[8]	Ice 2 X	Y	Z	Roll	Pitch	Yaw	Residual	Rot[0]	Rot[1]	Rot[2]	Rot[3]	Rot[4]	Rot[5]	Rot[6]	Rot[7]	Rot[8]	
1	0.00500	122.32313	-129.55469	-0.56951	0.51467	-0.14458	-0.09200	1.02792	1.00000	0.00161	0.00252	-0.00163	0.99996	0.00898	-0.00251	-0.00899	0.99996		-73.34449	-160.12745	-0.48152	-0.38898	0.30647	0.22285	0.30792	0.99998	-0.00389	-0.00535	0.00385	0.99997	-0.00679	0.00538	0.00677	0.99996	
2	0.01000	122.20368	-129.61381	-0.58424	0.50181	-0.12808	-0.10663	1.00598	1.00000	0.00186	0.00224	-0.00188	0.99996	0.00876	-0.00222	-0.00876	0.99996		-73.33112	-160.14281	-0.49000	-0.39033	0.30294	0.22529	0.27479	0.99998	-0.00393	-0.00529	0.00390	0.99997	-0.00681	0.00531	0.00679	0.99996	
3	0.01500	122.16936	-129.62601	-0.59243	0.50031	-0.12514	-0.10900	1.00321	1.00000	0.00190	0.00218	-0.00192	0.99996	0.00873	-0.00217	-0.00874	0.99996		-73.34450	-160.14211	-0.48557	-0.39339	0.30424	0.22285	0.27776	0.99998	-0.00389	-0.00531	0.00385	0.99997	-0.00687	0.00534	0.00685	0.99996	
4	0.02000	122.23826	-129.60475	-0.62330	0.50296	-0.13182	-0.10318	1.01261	1.00000	0.00180	0.00230	-0.00182	0.99996	0.00878	-0.00228	-0.00878	0.99996		-73.35330	-160.13567	-0.49821	-0.39408	0.30655	0.22637	0.26570	0.99998	-0.00395	-0.00535	0.00391	0.99997	-0.00688	0.00538	0.00686	0.99996	
5	0.02500	122.18986	-129.59452	-0.63700	0.50435	-0.12669	-0.10578	1.00701	1.00000	0.00185	0.00221	-0.00187	0.99996	0.00880	-0.00219	-0.00881	0.99996		-73.34528	-160.14697	-0.48170	-0.39426	0.30904	0.22439	0.27802	0.99998	-0.00392	-0.00539	0.00388	0.99997	-0.00688	0.00542	0.00686	0.99996	
6	0.03000	122.23016	-129.59354	-0.64449	0.50526	-0.13269	-0.10610	1.01115	1.00000	0.00185	0.00232	-0.00187	0.99996	0.00882	-0.00230	-0.00882	0.99996		-73.35771	-160.15306	-0.49788	-0.39805	0.30752	0.22687	0.26571	0.99998	-0.00396	-0.00537	0.00392	0.99997	-0.00695	0.00539	0.00693	0.99996	
7	0.03500	122.21853	-129.58061	-0.65683	0.50788	-0.13352	-0.10605	1.01710	1.00000	0.00185	0.00233	-0.00187	0.99996	0.00886	-0.00231	-0.00887	0.99996		-73.38247	-160.15965	-0.49791	-0.39838	0.31537	0.22546	0.28881	0.99998	-0.00394	-0.00550	0.00390	0.99997	-0.00695	0.00553	0.00693	0.99996	
8	0.04000	122.23080	-129.55684	-0.66545	0.50989	-0.12835	-0.10620	0.98892	1.00000	0.00185	0.00224	-0.00187	0.99996	0.00890	-0.00222	-0.00890	0.99996		-73.36494	-160.14685	-0.49857	-0.39725	0.31632	0.22786	0.27313	0.99998	-0.00398	-0.00552	0.00394	0.99997	-0.00693	0.00555	0.00691	0.99996	
9	0.04500	122.21373	-129.55743	-0.67147	0.51205	-0.13087	-0.10881	0.99883	1.00000	0.00190	0.00228	-0.00192	0.99996	0.00894	-0.00227	-0.00894	0.99996		-73.34660	-160.16068	-0.49880	-0.39709	0.31391	0.22342	0.27223	0.99998	-0.00390	-0.00548	0.00386	0.99997	-0.00693	0.00551	0.00691	0.99996	
10	0.05000	122.24969	-129.55233	-0.68944	0.50991	-0.13039	-0.10778	1.01315	1.00000	0.00188	0.00228	-0.00190	0.99996	0.00890	-0.00226	-0.00890	0.99996		-73.34868	-160.13878	-0.49512	-0.39595	0.32000	0.22295	0.28935	0.99998	-0.00389	-0.00558	0.00385	0.99997	-0.00691	0.00561	0.00689	0.99996	
11	0.05500	121.97333	-129.68284	-0.63628	0.51402	-0.12898	-0.08399	1.09794	1.00000	0.00147	0.00225	-0.00149	0.99996	0.00897	-0.00224	-0.00897	0.99996		-73.32826	-160.14009	-0.50401	-0.39593	0.31990	0.22660	0.27748	0.99998	-0.00395	-0.00558	0.00392	0.99997	-0.00691	0.00561	0.00689	0.99996	
12	0.06000	122.02059	-129.68267	-0.67501	0.51370	-0.13271	-0.07985	1.09666	1.00000	0.00139	0.00232	-0.00141	0.99996	0.00897	-0.00230	-0.00897	0.99996		-73.38170	-160.12402	-0.49954	-0.39587	0.32567	0.22591	0.28211	0.99998	-0.00394	-0.00568	0.00390	0.99997	-0.00691	0.00571	0.00689	0.99996	
13	0.06500	121.93741	-129.68136	-0.67692	0.51619	-0.12539	-0.08025	1.09970	1.00000	0.00140	0.00219	-0.00142	0.99996	0.00901	-0.00218	-0.00901	0.99996		-73.35965	-160.13497	-0.50024	-0.39481	0.32703	0.22584	0.27085	0.99998	-0.00394	-0.00571	0.00390	0.99997	-0.00689	0.00573	0.00687	0.99996	
14	0.07000	121.93274	-129.69962	-0.68802	0.51493	-0.12241	-0.07738	1.10198	1.00000	0.00135	0.00214	-0.00137	0.99996	0.00899	-0.00212	-0.00899	0.99996		-73.35888	-160.13242	-0.50037	-0.39516	0.32935	0.22761	0.26532	0.99998	-0.00397	-0.00575	0.00393	0.99997	-0.00690	0.00578	0.00687	0.99996	
15	0.07500	121.97498	-129.67885	-0.69844	0.51976	-0.13116	-0.08019	1.10165	1.00000	0.00140	0.00229	-0.00142	0.99996	0.00907	-0.00228	-0.00907	0.99996		-73.37453	-160.11717	-0.50060	-0.39382	0.33331	0.22879	0.26634	0.99998	-0.00399	-0.00582	0.00395	0.99997	-0.00687	0.00584	0.00685	0.99996	
16	0.08000	121.95815	-129.68359	-0.72206	0.51932	-0.12970	-0.07593	1.11406	1.00000	0.00133	0.00226	-0.00135	0.99996	0.00906	-0.00225	-0.00907	0.99996		-73.36551	-160.12035	-0.49755	-0.39064	0.34252	0.22585	0.28281	0.99997	-0.00394	-0.00598	0.00390	0.99997	-0.00682	0.00600	0.00679	0.99996	
17	0.08500	121.97891	-129.67265	-0.74143	0.52452	-0.12800	-0.07687	1.11890	1.00000	0.00134	0.00223	-0.00136	0.99996	0.00915	-0.00222	-0.00916	0.99996		-73.38061	-160.11319	-0.50593	-0.39138	0.34145	0.22675	0.26415	0.99997	-0.00396	-0.00596	0.00392	0.99997	-0.00683	0.00599	0.00681	0.99996	
18	0.09000	121.92893	-129.66510	-0.75057	0.52568	-0.12369	-0.07697	1.12350	1.00000	0.00134	0.00216	-0.00136	0.99996	0.00917	-0.00215	-0.00918	0.99996		-73.33672	-160.11690	-0.50694	-0.39137	0.34546	0.22738	0.26621	0.99997	-0.00397	-0.00603	0.00393	0.99997	-0.00683	0.00606	0.00681	0.99996	
19	0.09500	121.95682	-129.64563	-0.76682	0.52848	-0.12498	-0.07453	1.12012	1.00000	0.00130	0.00218	-0.00132	0.99996	0.00922	-0.00217	-0.00923	0.99996		-73.36935	-160.09626	-0.50326	-0.38666	0.35301	0.22540	0.27436	0.99997	-0.00393	-0.00616	0.00389	0.99997	-0.00675	0.00619	0.00672	0.99996	
20	0.10000	121.94842	-129.64329	-0.77964	0.53220	-0.12457	-0.07462	1.12744	1.00000	0.00130	0.00217	-0.00132	0.99996	0.00929	-0.00216	-0.00929	0.99995		-73.36798	-160.07534	-0.52470	-0.38480	0.35566	0.22385	0.28026	0.99997	-0.00391	-0.00621	0.00387	0.99997	-0.00672	0.00623	0.00669	0.99996	
21	0.10500	121.97471	-129.64559	-0.78559	0.53325	-0.12539	-0.07582	1.12409	1.00000	0.00132	0.00219	-0.00134	0.99996	0.00931	-0.00218	-0.00931	0.99995		-73.39455	-160.09299	-0.51656	-0.38355	0.36304	0.22694	0.27083	0.99997	-0.00396	-0.00634	0.00392	0.99997	-0.00669	0.00636	0.00667	0.99996	
22	0.11000	121.97072	-129.65303	-0.80334	0.53298	-0.12337	-0.07503	1.11977	1.00000	0.00131	0.00215	-0.00133	0.99996	0.00930	-0.00214	-0.00930	0.99995		-73.37881	-160.08043	-0.52582	-0.38127	0.36675	0.22379	0.27349	0.99997	-0.00391	-0.00640	0.00386	0.99997	-0.00665	0.00643	0.00663	0.99996	
23	0.11500	121.93505	-129.63390	-0.80867	0.53589	-0.12130	-0.07399	1.12783	1.00000	0.00129	0.00212	-0.00131	0.99996	0.00935	-0.00210	-0.00936	0.99995		-73.40016	-160.07120	-0.52568	-0.37945	0.36703	0.22327	0.26995	0.99997	-0.00390	-0.00641	0.00385	0.99997	-0.00662	0.00643	0.00660	0.99996	
24	0.12000	121.92365	-129.62994	-0.83094	0.53920	-0.11946	-0.07400	1.12773	1.00000	0.00129	0.00208	-0.00131	0.99995	0.00941	-0.00207	-0.00941	0.99995		-73.36646	-160.06600	-0.53542	-0.37735	0.37320	0.22625	0.27264	0.99997	-0.00395	-0.00651	0.00391	0.99997	-0.00659	0.00654	0.00656	0.99996	
25	0.12500	121.92291	-129.63434	-0.83707	0.54106	-0.11779	-0.07008	1.12753	1.00000	0.00122	0.00206	-0.00124	0.99995	0.00944	-0.00204	-0.00945	0.99995		-73.37402	-160.04892	-0.53596	-0.37437	0.37755	0.22429	0.27588	0.99997	-0.00391	-0.00659	0.00387	0.99997	-0.00653	0.00661	0.00651	0.99996	
26	0.13000	121.96819	-129.60567	-0.85470	0.54361	-0.12212	-0.07039	1.13580	1.00000	0.00123	0.00213	-0.00125	0.99995	0.00949	-0.00212	-0.00949	0.99995		-73.38142	-160.05526	-0.53222	-0.37344	0.38358	0.22487	0.27252	0.99997	-0.00392	-0.00669	0.00388	0.99997	-0.00652	0.00672	0.00649	0.99996	
27	0.13500	121.96395	-129.61778	-0.87004	0.54494	-0.12333	-0.07158	1.13863	1.00000	0.00125	0.00215	-0.00127	0.99995	0.00951	-0.00214	-0.00951	0.99995		-73.41356	-160.04274	-0.54482	-0.36971	0.38832	0.22762	0.28592	0.99997	-0.00397	-0.00678	0.00393	0.99997	-0.00645	0.00680	0.00643	0.99996	
28	0.14000	121.95960	-129.61367	-0.87802	0.54444	-0.11731	-0.07064	1.13725	1.00000	0.00123	0.00205	-0.00125	0.99995	0.00950	-0.00204	-0.00950	0.99995		-73.40160	-160.01721	-0.56294	-0.36539	0.39534	0.22456	0.27372	0.99997	-0.00392	-0.00690	0.00388	0.99997	-0.00638	0.00692	0.00635	0.99996	
29	0.14500	121.94670	-129.59928	-0.89999	0.54881	-0.11916	-0.07396	1.12807	1.00000	0.00129	0.00208	-0.00131	0.99995	0.00958	-0.00207	-0.00958	0.99995		-73.38972	-160.01341	-0.58074	-0.36091	0.39896	0.22547	0.26141	0.99997	-0.00394	-0.00696	0.00389	0.99997	-0.00630	0.00699	0.00627	0.99996	
30	0.15000	121.96636	-129.58161	-0.90938	0.55249	-0.11898	-0.06530	1.13987	1.00000	0.00114	0.00208	-0.00116	0.99995	0.00964	-0.00207	-0.00964	0.99995		-73.40717	-160.01927	-0.58474	-0.36017	0.40266	0.22423	0.27778	0.99997	-0.00391	-0.00703	0.00387	0.99997	-0.00629	0.00705	0.00626	0.99996	
31	0.15500	121.99626	-129.60219	-0.91603	0.55371	-0.12233	-0.06895	1.13635	1.00000	0.00120	0.00214	-0.00122	0.99995	0.00966	-0.00212	-0.00967	0.99995		-73.36603	-159.99862	-0.57792	-0.35574	0.40516	0.22326	0.26302	0.99997	-0.00390	-0.00707	0.00385	0.99997	-0.00621	0.00710	0.00618	0.99996	
32	0.16000	122.01105	-129.58992	-0.92088	0.55479	-0.11988	-0.06919	1.13514	1.00000	0.00121	0.00209	-0.00123	0.99995	0.00968	-0.00208	-0.00969	0.99995		-73.39997	-159.98756	-0.59893	-0.35112	0.41256	0.22783	0.28888	0.99997	-0.00398	-0.00720	0.00393	0.99997	-0.00613	0.00722	0.00610	0.99996	
33	0.16500	122.01630	-129.58632	-0.94838	0.55801	-0.12485	-0.06844	1.14362	1.00000	0.00119	0.00218	-0.00122	0.99995	0.00974	-0.00217	-0.00974	0.99995		-73.39544	-159.97325	-0.60828	-0.34754	0.41628	0.22324	0.27548	0.99997	-0.00390	-0.00727	0.00385	0.99997	-0.00607	0.00729	0.00604	0.99996	
34	0.17000	122.01711	-129.56873	-0.93905	0.55994	-0.12294	-0.06615	1.15072	1.00000	0.00115	0.00215	-0.00118	0.99995	0.00977	-0.00213	-0.00978	0.99995		-73.39852	-159.94625	-0.61743	-0.34221	0.41963	0.21943	0.27298	0.99997	-0.00383	-0.00732	0.00379	0.99997	-0.00597	0.00735	0.00594	0.99996	
35	0.17500	121.98402	-129.59551	-0.95081	0.56062	-0.11860	-0.06677	1.14489	1.00000	0.00117	0.00207	-0.00119	0.99995	0.00978	-0.00206	-0.00979	0.99995		-73.44750	-159.92075	-0.62243	-0.33527	0.43304	0.22113	0.27994	0.99996	-0.00386	-0.00756	0.00382	0.99998	-0.00585	0.00758	0.00582	0.99995	
36	0.18000	121.99294	-129.57322	-0.96537	0.56164	-0.11622	-0.06349	1.14634	1.00000	0.00111	0.00203	-0.00113	0.99995	0.00980	-0.00202	-0.00980	0.99995		-73.41483	-159.92319	-0.62341	-0.33104	0.43418	0.22053	0.27645	0.99996	-0.00385	-0.00758	0.00381	0.99998	-0.00578	0.00760	0.00575	0.99995	
37	0.18500	121.99860	-129.58271	-0.98641	0.56223	-0.11982	-0.06816	1.14503	1.00000	0.00119	0.00209	-0.00121	0.99995	0.00981	-0.00208	-0.00982	0.99995		-73.43364	-159.91478	-0.64038	-0.32795	0.44065	0.22333	0.29059	0.99996	-0.00390	-0.00769	0.00385	0.99998	-0.00572	0.00771	0.00569	0.99995	
38	0.19000	122.01010	-129.57783	-0.99063	0.56655	-0.12094	-0.06692	1.15425	1.00000	0.00117	0.00211	-0.00119	0.99995	0.00989	-0.00210	-0.00989	0.99995		-73.39305	-159.88748	-0.65433	-0.32223	0.43860	0.21965	0.27100	0.99996	-0.00383	-0.00765	0.00379	0.99998	-0.00562	0.00768	0.00559	0.99995	
39	0.19500	121.99538	-129.56204	-0.99679	0.56816	-0.11885	-0.06587	1.14824	1.00000	0.00115	0.00207	-0.00117	0.99995	0.00992	-0.00206	-0.00992	0.99995		-73.41021	-159.87900	-0.67986	-0.31708	0.44402	0.22103	0.27922	0.99996	-0.00386	-0.00775	0.00381	0.99998	-0.00553	0.00777	0.00550	0.99995	
40	0.20000	122.01200	-129.56709	-0.99228	0.56762	-0.11991	-0.06541	1.15559	1.00000	0.00114	0.00209	-0.00116	0.99995	0.00991	-0.00208	-0.00991	0.99995		-73.39138	-159.87866	-0.67622	-0.31455	0.44428	0.21907	0.27501	0.99996	-0.00382	-0.00775	0.00378	0.99998	-0.00549	0.00777	0.00546	0.99995	
41	0.20500	122.01141	-129.57400	-1.00776	0.57266	-0.12500	-0.06890	1.13750	1.00000	0.00120	0.00218	-0.00122	0.99995	0.00999	-0.00217	-0.01000	0.99995		-73.40845	-159.85378	-0.68995	-0.30536	0.45452	0.22073	0.28133	0.99996	-0.00385	-0.00793	0.00381	0.99998	-0.00533	0.00795	0.00530	0.99995	
42	0.21000	122.02305	-129.56238	-1.01249	0.57443	-0.12150	-0.06344	1.14460	1.00000	0.00111	0.00212	-0.00113	0.99995	0.01003	-0.00211	-0.01003	0.99995		-73.48016	-159.84431	-0.69790	-0.30169	0.46134	0.21798	0.28998	0.99996	-0.00380	-0.00805	0.00376	0.99998	-0.00527	0.00807	0.00523	0.99995	
43	0.21500	121.97493	-129.57346	-0.99702	0.57272	-0.11457	-0.06689	1.16166	1.00000	0.00117	0.00200	-0.00119	0.99995	0.01000	-0.00199	-0.01000	0.99995		-73.45482	-159.82640	-0.70755	-0.29488	0.46450	0.21858	0.28807	0.99996	-0.00381	-0.00811	0.00377	0.99998	-0.00515	0.00813	0.00512	0.99995	
44	0.22000	122.02389	-129.55030	-1.00265	0.57837	-0.12371	-0.06362	1.15979	1.00000	0.00111	0.00216	-0.00113	0.99995	0.01009	-0.00215	-0.01010	0.99995		-73.45232	-159.81404	-0.72476	-0.29088	0.46604	0.22072	0.28261	0.99996	-0.00385	-0.00813	0.00381	0.99998	-0.00508	0.00815	0.00505	0.99995	
45	0.22500	122.03688	-129.55026	-1.02149	0.57991	-0.12152	-0.06526	1.14956	1.00000	0.00114	0.00212	-0.00116	0.99995	0.01012	-0.00211	-0.01012	0.99995		-73.44834	-159.80837	-0.72536	-0.28633	0.46689	0.21888	0.26546	0.99996	-0.00382	-0.00815	0.00378	0.99998	-0.00500	0.00817	0.00497	0.99995	
46	0.23000	122.01950	-129.57402	-1.01757	0.57599	-0.12007	-0.06307	1.15592	1.00000	0.00110	0.00210	-0.00112	0.99995	0.01005	-0.00208	-0.01006	0.99995		-73.46070	-159.77661	-0.74287	-0.27783	0.47211	0.21635	0.28768	0.99996	-0.00378	-0.00824	0.00374	0.99998	-0.00485	0.00826	0.00482	0.99995	
47	0.23500	122.02742	-129.57089	-1.02493	0.57747	-0.12204	-0.06565	1.16050	1.00000	0.00115	0.00213	-0.00117	0.99995	0.01008	-0.00212	-0.01008	0.99995		-73.47267	-159.77231	-0.75158	-0.27365	0.47649	0.22091	0.28409	0.99996	-0.00386	-0.00832	0.00382	0.99998	-0.00478	0.00833	0.00474	0.99995	
48	0.24000	122.05179	-129.55936	-1.03104	0.58186	-0.12745	-0.06368	1.16222	1.00000	0.00111	0.00222	-0.00113	0.99995	0.01016	-0.00221	-0.01016	0.99995		-73.44878	-159.79366	-0.74774	-0.27294	0.47691	0.22362	0.28065	0.99996	-0.00390	-0.00832	0.00386	0.99998	-0.00476	0.00834	0.00473	0.99995	
49	0.24500	122.03288	-129.56711	-1.03881	0.58222	-0.12641	-0.06335	1.15701	1.00000	0.00111	0.00221	-0.00113	0.99995	0.01016	-0.00219	-0.01016	0.99995		-73.46433	-159.74016	-0.77798	-0.26179	0.47845	0.21619	0.26862	0.99996	-0.00377	-0.00835	0.00374	0.99998	-0.00457	0.00837	0.00454	0.99995	
50	0.25000	122.06463	-129.56202	-1.02853	0.58585	-0.12983	-0.06493	1.17075	1.00000	0.00113	0.00227	-0.00116	0.99995	0.01022	-0.00225	-0.01023	0.99995		-73.45002	-159.75386	-0.79509	-0.25828	0.47878	0.21477	0.28478	0.99996	-0.00375	-0.00836	0.00371	0.99998	-0.00451	0.00837	0.00448	0.99995	
51	0.25500	122.04089	-129.55144	-1.03724	0.58589	-0.12617	-0.06119	1.15170	1.00000	0.00107	0.00220	-0.00109	0.99995	0.01023	-0.00219	-0.01023	0.99995		-73.46517	-159.73776	-0.79532	-0.25171	0.47930	0.21748	0.27902	0.99996	-0.00380	-0.00837	0.00376	0.99998	-0.00439	0.00838	0.00436	0.99996	
52	0.26000	122.03783	-129.57408	-1.01632	0.58354	-0.12593	-0.05999	1.16046	1.00000	0.00105	0.00220	-0.00107	0.99995	0.01018	-0.00219	-0.01019	0.99995		-73.47628	-159.70420	-0.81272	-0.24391	0.48206	0.21265	0.28767	0.99996	-0.00371	-0.00841	0.00368	0.99998	-0.00426	0.00843	0.00423	0.99996	
53	0.26500	122.01864	-129.56688	-1.01216	0.58638	-0.12405	-0.05981	1.16683	1.00000	0.00104	0.00217	-0.00107	0.99995	0.01023	-0.00215	-0.01024	0.99995		-73.46351	-159.72045	-0.83414	-0.23899	0.48213	0.21278	0.28416	0.99996	-0.00371	-0.00841	0.00368	0.99998	-0.00417	0.00843	0.00414	0.99996	
54	0.27000	122.03702	-129.57239	-1.01936	0.58686	-0.12883	-0.06497	1.16641	1.00000	0.00113	0.00225	-0.00116	0.99995	0.01024	-0.00224	-0.01025	0.99995		-73.47757	-159.71401	-0.83429	-0.23552	0.48489	0.21764	0.27354	0.99996	-0.00380	-0.00846	0.00376	0.99998	-0.00411	0.00848	0.00408	0.99996	
55	0.27500	122.03263	-129.58185	-1.02889	0.58714	-0.13128	-0.06488	1.16069	1.00000	0.00113	0.00229	-0.00116	0.99995	0.01025	-0.00228	-0.01025	0.99994		-73.47102	-159.69158	-0.85150	-0.22910	0.48575	0.21579	0.29994	0.99996	-0.00377	-0.00848	0.00373	0.99999	-0.00400	0.00849	0.00397	0.99996	
56	0.28000	122.00312	-129.57860	-1.02367	0.58774	-0.12921	-0.06212	1.16614	1.00000	0.00108	0.00226	-0.00111	0.99995	0.01026	-0.00224	-0.01026	0.99994		-73.45104	-159.68509	-0.86901	-0.22226	0.48246	0.21102	0.27634	0.99996	-0.00368	-0.00842	0.00365	0.99999	-0.00388	0.00843	0.00385	0.99996	
57	0.28500	122.02442	-129.57505	-1.00896	0.58723	-0.12952	-0.05788	1.17272	1.00000	0.00101	0.00226	-0.00103	0.99995	0.01025	-0.00225	-0.01025	0.99994		-73.48568	-159.68092	-0.87290	-0.21640	0.48717	0.21845	0.28482	0.99996	-0.00381	-0.00850	0.00378	0.99999	-0.00378	0.00852	0.00374	0.99996	
58	0.29000	122.06305	-129.56956	-1.02845	0.58994	-0.13887	-0.06202	1.14743	1.00000	0.00108	0.00242	-0.00111	0.99995	0.01030	-0.00241	-0.01030	0.99994		-73.47098	-159.66813	-0.89015	-0.21133	0.48325	0.21982	0.26685	0.99996	-0.00384	-0.00843	0.00381	0.99999	-0.00369	0.00845	0.00366	0.99996	
59	0.29500	122.05165	-129.58676	-1.00679	0.58610	-0.13673	-0.05920	1.14790	1.00000	0.00103	0.00239	-0.00106	0.99995	0.01023	-0.00238	-0.01023	0.99994		-73.47504	-159.66452	-0.88658	-0.20395	0.48783	0.21282	0.28500	0.99996	-0.00371	-0.00851	0.00368	0.99999	-0.00356	0.00853	0.00353	0.99996	
60	0.30000	122.07691	-129.58268	-1.02692	0.58812	-0.14357	-0.06005	1.16028	1.00000	0.00105	0.00251	-0.00107	0.99995	0.01026	-0.00249	-0.01027	0.99994		-73.45716	-159.65166	-0.90355	-0.20009	0.48109	0.21622	0.26641	0.99996	-0.00377	-0.00840	0.00374	0.99999	-0.00349	0.00841	0.00346	0.99996	
61	0.30500	122.01175	-129.57622	-1.00173	0.58847	-0.13611	-0.05695	1.16527	1.00000	0.00099	0.00238	-0.00102	0.99995	0.01027	-0.00237	-0.01027	0.99994		-73.45901	-159.63132	-0.92948	-0.19004	0.48302	0.21375	0.26760	0.99996	-0.00373	-0.00843	0.00370	0.99999	-0.00332	0.00844	0.00329	0.99996	
62	0.31000	122.07122	-129.58211	-1.00562	0.58872	-0.14340	-0.05902	1.16886	1.00000	0.00103	0.00250	-0.00106	0.99995	0.01027	-0.00249	-0.01028	0.99994		-73.48297	-159.64721	-0.93333	-0.18654	0.48485	0.21430	0.27763	0.99996	-0.00374	-0.00846	0.00371	0.99999	-0.00326	0.00847	0.00322	0.99996	
63	0.31500	122.05925	-129.57356	-0.98283	0.58897	-0.14230	-0.05778	1.16551	1.00000	0.00101	0.00248	-0.00103	0.99995	0.01028	-0.00247	-0.01028	0.99994		-73.49426	-159.62852	-0.94593	-0.18053	0.48227	0.21635	0.26263	0.99996	-0.00378	-0.00842	0.00375	0.99999	-0.00315	0.00843	0.00312	0.99996	
64	0.32000	122.09558	-129.58110	-0.98970	0.58925	-0.14899	-0.05876	1.16739	1.00000	0.00103	0.00260	-0.00105	0.99995	0.01028	-0.00259	-0.01029	0.99994		-73.45561	-159.62130	-0.95071	-0.17320	0.47962	0.21756	0.27801	0.99996	-0.00380	-0.00837	0.00377	0.99999	-0.00302	0.00838	0.00299	0.99996	
65	0.32500	122.07563	-129.59332	-0.97449	0.58831	-0.14776	-0.05707	1.17164	1.00000	0.00100	0.00258	-0.00102	0.99995	0.01027	-0.00257	-0.01027	0.99994		-73.46727	-159.62205	-0.97155	-0.17043	0.47923	0.21987	0.27241	0.99996	-0.00384	-0.00836	0.00381	0.99999	-0.00297	0.00838	0.00294	0.99996	
66	0.33000	122.06552	-129.60156	-0.96955	0.58564	-0.14382	-0.05877	1.15879	1.00000	0.00103	0.00251	-0.00105	0.99995	0.01022	-0.00250	-0.01022	0.99994		-73.46583	-159.61747	-0.98433	-0.16522	0.47816	0.22007	0.27358	0.99996	-0.00384	-0.00835	0.00382	0.99999	-0.00288	0.00836	0.00285	0.99996	
67	0.33500	122.07647	-129.60555	-0.96468	0.58508	-0.14997	-0.05793	1.18110	1.00000	0.00101	0.00262	-0.00104	0.99995	0.01021	-0.00261	-0.01021	0.99994		-73.46288	-159.61823	-0.98033	-0.16030	0.47412	0.21780	0.25612	0.99996	-0.00380	-0.00827	0.00378	0.99999	-0.00280	0.00829	0.00277	0.99996	
68	0.34000	122.04981	-129.62532	-0.94934	0.58131	-0.14585	-0.05407	1.16506	1.00000	0.00094	0.00255	-0.00097	0.99995	0.01015	-0.00254	-0.01015	0.99995		-73.47091	-159.60730	-0.99702	-0.15363	0.47533	0.21809	0.28099	0.99996	-0.00381	-0.00830	0.00378	0.99999	-0.00268	0.00831	0.00265	0.99996	
69	0.34500	122.06789	-129.62083	-0.93518	0.58185	-0.14615	-0.05257	1.17023	1.00000	0.00092	0.00255	-0.00094	0.99995	0.01015	-0.00254	-0.01016	0.99995		-73.49412	-159.58332	-1.01394	-0.14424	0.47518	0.21556	0.28875	0.99996	-0.00376	-0.00829	0.00374	0.99999	-0.00252	0.00830	0.00249	0.99996	
70	0.35000	122.06379	-129.61293	-0.91964	0.58283	-0.14694	-0.05498	1.17611	1.00000	0.00096	0.00256	-0.00099	0.99995	0.01017	-0.00255	-0.01017	0.99994		-73.45986	-159.58753	-1.02695	-0.14077	0.47121	0.21716	0.27458	0.99996	-0.00379	-0.00822	0.00377	0.99999	-0.00246	0.00823	0.00243	0.99996	
71	0.35500	122.00862	-129.62963	-0.90250	0.57853	-0.14488	-0.05302	1.17974	1.00000	0.00093	0.00253	-0.00095	0.99995	0.01010	-0.00252	-0.01010	0.99995		-73.48641	-159.57898	-1.03556	-0.13375	0.47389	0.21497	0.27449	0.99996	-0.00375	-0.00827	0.00373	0.99999	-0.00233	0.00828	0.00230	0.99996	
72	0.36000	122.07228	-129.62188	-0.90533	0.57851	-0.15573	-0.05323	1.17591	1.00000	0.00093	0.00272	-0.00096	0.99995	0.01010	-0.00271	-0.01010	0.99995		-73.49443	-159.57424	-1.03960	-0.12885	0.47020	0.21822	0.26328	0.99996	-0.00381	-0.00821	0.00379	0.99999	-0.00225	0.00821	0.00222	0.99996	
73	0.36500	122.05177	-129.63768	-0.88862	0.57598	-0.14998	-0.05011	1.18139	1.00000	0.00087	0.00262	-0.00090	0.99995	0.01005	-0.00261	-0.01005	0.99995		-73.49996	-159.57604	-1.05597	-0.12624	0.46872	0.21820	0.27667	0.99996	-0.00381	-0.00818	0.00379	0.99999	-0.00220	0.00819	0.00217	0.99996	
74	0.37000	122.01910	-129.65430	-0.87913	0.57110	-0.14748	-0.05103	1.17316	1.00000	0.00089	0.00257	-0.00092	0.99995	0.00997	-0.00256	-0.00997	0.99995		-73.48589	-159.58004	-1.06040	-0.12088	0.46423	0.21583	0.27007	0.99996	-0.00377	-0.00810	0.00375	0.99999	-0.00211	0.00811	0.00208	0.99996	
75	0.37500	122.05021	-129.64660	-0.85986	0.57371	-0.15497	-0.05299	1.17860	1.00000	0.00092	0.00270	-0.00095	0.99995	0.01001	-0.00270	-0.01002	0.99995		-73.48878	-159.58457	-1.07703	-0.11561	0.46392	0.21354	0.28483	0.99996	-0.00373	-0.00810	0.00371	0.99999	-0.00202	0.00810	0.00199	0.99997	
76	0.38000	122.06316	-129.66601	-0.85776	0.56840	-0.15562	-0.05299	1.17064	1.00000	0.00092	0.00272	-0.00095	0.99995	0.00992	-0.00271	-0.00992	0.99995		-73.52341	-159.58015	-1.08024	-0.11446	0.45977	0.22189	0.27951	0.99996	-0.00387	-0.00802	0.00386	0.99999	-0.00200	0.00803	0.00197	0.99997	
77	0.38500	122.03029	-129.67886	-0.84550	0.56522	-0.15191	-0.05114	1.17748	1.00000	0.00089	0.00265	-0.00092	0.99995	0.00986	-0.00264	-0.00987	0.99995		-73.50351	-159.56523	-1.09332	-0.10763	0.45715	0.21762	0.27880	0.99996	-0.00380	-0.00798	0.00378	0.99999	-0.00188	0.00799	0.00185	0.99997	
78	0.39000	122.00767	-129.68684	-0.82575	0.56165	-0.14745	-0.05146	1.17487	1.00000	0.00090	0.00257	-0.00092	0.99995	0.00980	-0.00256	-0.00980	0.99995		-73.49321	-159.57371	-1.10174	-0.10542	0.45384	0.21733	0.27760	0.99996	-0.00379	-0.00792	0.00378	0.99999	-0.00184	0.00793	0.00181	0.99997	
79	0.39500	122.04168	-129.67781	-0.82259	0.56136	-0.15286	-0.04613	1.18609	1.00000	0.00081	0.00267	-0.00083	0.99995	0.00980	-0.00266	-0.00980	0.99995		-73.47929	-159.56725	-1.11445	-0.10187	0.45037	0.21997	0.26604	0.99996	-0.00384	-0.00786	0.00383	0.99999	-0.00178	0.00787	0.00175	0.99997	
80	0.40000	122.03024	-129.69458	-0.79085	0.56124	-0.14723	-0.05151	1.17449	1.00000	0.00090	0.00257	-0.00092	0.99995	0.00980	-0.00256	-0.00980	0.99995		-73.47243	-159.57714	-1.12271	-0.09901	0.44531	0.21513	0.26391	0.99996	-0.00375	-0.00777	0.00374	0.99999	-0.00173	0.00778	0.00170	0.99997	
81	0.40500	122.05658	-129.69420	-0.77450	0.55947	-0.15657	-0.05224	1.17163	1.00000	0.00091	0.00273	-0.00094	0.99995	0.00976	-0.00272	-0.00977	0.99995		-73.46083	-159.59105	-1.14321	-0.09926	0.43960	0.22128	0.25226	0.99996	-0.00386	-0.00767	0.00385	0.99999	-0.00173	0.00768	0.00170	0.99997	
82	0.41000	122.04704	-129.71382	-0.76230	0.55596	-0.15102	-0.05566	1.16966	1.00000	0.00097	0.00264	-0.00100	0.99995	0.00970	-0.00263	-0.00971	0.99995		-73.48329	-159.57885	-1.13464	-0.09259	0.43951	0.21754	0.26317	0.99996	-0.00380	-0.00767	0.00378	0.99999	-0.00162	0.00768	0.00159	0.99997	
83	0.41500	122.00923	-129.72628	-0.73473	0.54867	-0.14416	-0.05068	1.16154	1.00000	0.00088	0.00252	-0.00091	0.99995	0.00958	-0.00251	-0.00958	0.99995		-73.44997	-159.58122	-1.14717	-0.09395	0.43439	0.21656	0.27388	0.99996	-0.00378	-0.00758	0.00377	0.99999	-0.00164	0.00759	0.00161	0.99997	
84	0.42000	122.01756	-129.72729	-0.72142	0.54830	-0.14655	-0.04793	1.17810	1.00000	0.00084	0.00256	-0.00086	0.99995	0.00957	-0.00255	-0.00957	0.99995		-73.46174	-159.59657	-1.15503	-0.09357	0.43152	0.21753	0.27656	0.99996	-0.00380	-0.00753	0.00378	0.99999	-0.00163	0.00754	0.00160	0.99997	
85	0.42500	122.02543	-129.72015	-0.68212	0.54811	-0.14778	-0.05234	1.16901	1.00000	0.00091	0.00258	-0.00094	0.99995	0.00957	-0.00257	-0.00957	0.99995		-73.46425	-159.57546	-1.17222	-0.08671	0.43170	0.21938	0.25974	0.99996	-0.00383	-0.00753	0.00382	0.99999	-0.00151	0.00754	0.00148	0.99997	
86	0.43000	122.01896	-129.75176	-0.68262	0.54175	-0.14499	-0.04666	1.18034	1.00000	0.00081	0.00253	-0.00084	0.99995	0.00946	-0.00252	-0.00946	0.99995		-73.48810	-159.56634	-1.18006	-0.08197	0.42962	0.21894	0.26943	0.99996	-0.00382	-0.00750	0.00381	0.99999	-0.00143	0.00750	0.00140	0.99997	
87	0.43500	122.04650	-129.74594	-0.66715	0.54129	-0.14482	-0.04653	1.17461	1.00000	0.00081	0.00253	-0.00084	0.99996	0.00945	-0.00252	-0.00945	0.99995		-73.47832	-159.59085	-1.16303	-0.08540	0.42718	0.21490	0.28265	0.99997	-0.00375	-0.00746	0.00374	0.99999	-0.00149	0.00746	0.00146	0.99997	
88	0.44000	122.01979	-129.75468	-0.65706	0.53891	-0.14159	-0.04751	1.17905	1.00000	0.00083	0.00247	-0.00085	0.99996	0.00941	-0.00246	-0.00941	0.99995		-73.45508	-159.60402	-1.16275	-0.08842	0.42186	0.21877	0.27697	0.99997	-0.00382	-0.00736	0.00381	0.99999	-0.00154	0.00737	0.00152	0.99997	
89	0.44500	121.98731	-129.76614	-0.62972	0.53501	-0.13237	-0.04814	1.17822	1.00000	0.00084	0.00231	-0.00086	0.99996	0.00934	-0.00230	-0.00934	0.99995		-73.44531	-159.60392	-1.16258	-0.08635	0.41917	0.22133	0.28454	0.99997	-0.00386	-0.00732	0.00385	0.99999	-0.00151	0.00732	0.00148	0.99997	
90	0.45000	122.02919	-129.78280	-0.61656	0.53464	-0.13874	-0.04924	1.17599	1.00000	0.00086	0.00242	-0.00088	0.99996	0.00933	-0.00241	-0.00933	0.99995		-73.46206	-159.62591	-1.17038	-0.09079	0.41554	0.22124	0.25348	0.99997	-0.00386	-0.00725	0.00385	0.99999	-0.00158	0.00726	0.00156	0.99997	
91	0.45500	122.02322	-129.79647	-0.58797	0.52896	-0.13378	-0.04651	1.17275	1.00000	0.00081	0.00233	-0.00083	0.99996	0.00923	-0.00233	-0.00923	0.99995		-73.45705	-159.63416	-1.17021	-0.09144	0.41678	0.21872	0.27983	0.99997	-0.00382	-0.00727	0.00381	0.99999	-0.00160	0.00728	0.00157	0.99997	
92	0.46000	122.03058	-129.80297	-0.56199	0.52851	-0.13002	-0.04540	1.18176	1.00000	0.00079	0.00227	-0.00081	0.99996	0.00922	-0.00226	-0.00923	0.99995		-73.44664	-159.63799	-1.17389	-0.09377	0.40731	0.21759	0.26928	0.99997	-0.00380	-0.00711	0.00379	0.99999	-0.00164	0.00711	0.00161	0.99997	
93	0.46500	122.02346	-129.81299	-0.54119	0.52564	-0.12411	-0.04534	1.17837	1.00000	0.00079	0.00217	-0.00081	0.99996	0.00917	-0.00216	-0.00918	0.99996		-73.43963	-159.64080	-1.17802	-0.09316	0.40799	0.21966	0.28433	0.99997	-0.00383	-0.00712	0.00382	0.99999	-0.00163	0.00713	0.00160	0.99997	
94	0.47000	122.05628	-129.81904	-0.53964	0.52287	-0.12844	-0.04625	1.19611	1.00000	0.00081	0.00224	-0.00083	0.99996	0.00913	-0.00223	-0.00913	0.99996		-73.44958	-159.64412	-1.19454	-0.09432	0.40531	0.22358	0.25403	0.99997	-0.00390	-0.00707	0.00389	0.99999	-0.00165	0.00708	0.00162	0.99997	
95	0.47500	122.00762	-129.82986	-0.50964	0.51990	-0.11716	-0.04664	1.18577	1.00000	0.00081	0.00204	-0.00083	0.99996	0.00907	-0.00204	-0.00908	0.99996		-73.42867	-159.67976	-1.16866	-0.10240	0.40053	0.22221	0.27628	0.99997	-0.00388	-0.00699	0.00387	0.99999	-0.00179	0.00700	0.00176	0.99997	
96	0.48000	121.99067	-129.84803	-0.49617	0.51860	-0.11665	-0.04930	1.17390	1.00000	0.00086	0.00204	-0.00088	0.99996	0.00905	-0.00203	-0.00905	0.99996		-73.40813	-159.68585	-1.18479	-0.10491	0.39387	0.21969	0.28595	0.99997	-0.00383	-0.00687	0.00382	0.99999	-0.00183	0.00688	0.00180	0.99997	
97	0.48500	122.04447	-129.82991	-0.47594	0.51699	-0.11860	-0.04121	1.18745	1.00000	0.00072	0.00207	-0.00074	0.99996	0.00902	-0.00206	-0.00902	0.99996		-73.39889	-159.68819	-1.18468	-0.10871	0.38994	0.22314	0.26658	0.99997	-0.00389	-0.00681	0.00388	0.99999	-0.00190	0.00681	0.00187	0.99997	
98	0.49000	122.05286	-129.85086	-0.47800	0.51737	-0.11668	-0.04314	1.20055	1.00000	0.00075	0.00204	-0.00077	0.99996	0.00903	-0.00203	-0.00903	0.99996		-73.39609	-159.71787	-1.17582	-0.11344	0.38877	0.22499	0.27084	0.99997	-0.00393	-0.00679	0.00391	0.99999	-0.00198	0.00679	0.00195	0.99997	
99	0.49500	122.02490	-129.86464	-0.45226	0.51141	-0.11002	-0.04168	1.18630	1.00000	0.00073	0.00192	-0.00074	0.99996	0.00893	-0.00191	-0.00893	0.99996		-73.42490	-159.73416	-1.17487	-0.11869	0.38858	0.22683	0.26835	0.99997	-0.00396	-0.00678	0.00394	0.99999	-0.00207	0.00679	0.00204	0.99997	
100	0.50000	122.03013	-129.87233	-0.43014	0.51120	-0.10625	-0.04206	1.18822	1.00000	0.00073	0.00185	-0.00075	0.99996	0.00892	-0.00185	-0.00892	0.99996		-73.40472	-159.73802	-1.17893	-0.12253	0.38676	0.22657	0.27876	0.99997	-0.00395	-0.00675	0.00394	0.99999	-0.00214	0.00676	0.00211	0.99997	
101	0.50500	122.04679	-129.89296	-0.41582	0.50991	-0.10439	-0.04108	1.18615	1.00000	0.00072	0.00182	-0.00073	0.99996	0.00890	-0.00182	-0.00890	0.99996		-73.37408	-159.74447	-1.18288	-0.12600	0.38026	0.22496	0.28130	0.99997	-0.00393	-0.00664	0.00391	0.99999	-0.00220	0.00665	0.00217	0.99998	
102	0.51000	122.04791	-129.90103	-0.40708	0.50682	-0.10203	-0.04257	1.18019	1.00000	0.00074	0.00178	-0.00076	0.99996	0.00885	-0.00177	-0.00885	0.99996		-73.37869	-159.76366	-1.17387	-0.13371	0.37942	0.22688	0.27748	0.99997	-0.00396	-0.00662	0.00394	0.99999	-0.00233	0.00663	0.00231	0.99998	
103	0.51500	122.06063	-129.91651	-0.38798	0.50669	-0.10044	-0.03897	1.18485	1.00000	0.00068	0.00175	-0.00070	0.99996	0.00884	-0.00175	-0.00884	0.99996		-73.37298	-159.77582	-1.16918	-0.14095	0.37414	0.23097	0.25024	0.99997	-0.00403	-0.00653	0.00402	0.99999	-0.00246	0.00654	0.00243	0.99998	
104	0.52000	122.06919	-129.92721	-0.36471	0.50439	-0.09560	-0.03795	1.18536	1.00000	0.00066	0.00167	-0.00068	0.99996	0.00880	-0.00166	-0.00880	0.99996		-73.40290	-159.78526	-1.16855	-0.14547	0.37671	0.22791	0.26350	0.99997	-0.00398	-0.00657	0.00396	0.99999	-0.00254	0.00658	0.00251	0.99998	
105	0.52500	122.04645	-129.93736	-0.35188	0.50304	-0.09096	-0.04117	1.17518	1.00000	0.00072	0.00159	-0.00073	0.99996	0.00878	-0.00158	-0.00878	0.99996		-73.39892	-159.79898	-1.16390	-0.14977	0.37364	0.22593	0.26934	0.99997	-0.00394	-0.00652	0.00393	0.99999	-0.00261	0.00653	0.00259	0.99998	
106	0.53000	122.10527	-129.94555	-0.34431	0.50501	-0.09584	-0.03917	1.17414	1.00000	0.00068	0.00167	-0.00070	0.99996	0.00881	-0.00167	-0.00882	0.99996		-73.37410	-159.81683	-1.17186	-0.15469	0.37045	0.22691	0.28552	0.99997	-0.00396	-0.00647	0.00394	0.99999	-0.00270	0.00648	0.00267	0.99998	
107	0.53500	122.05970	-129.96304	-0.33925	0.50292	-0.08915	-0.03717	1.18531	1.00000	0.00065	0.00156	-0.00066	0.99996	0.00878	-0.00155	-0.00878	0.99996		-73.37721	-159.83810	-1.15438	-0.16499	0.36967	0.23120	0.26890	0.99997	-0.00404	-0.00645	0.00402	0.99999	-0.00288	0.00646	0.00285	0.99997	
108	0.54000	122.05219	-129.97475	-0.32438	0.50231	-0.08211	-0.04265	1.16753	1.00000	0.00074	0.00143	-0.00076	0.99996	0.00877	-0.00143	-0.00877	0.99996		-73.36877	-159.84251	-1.15828	-0.17124	0.36644	0.22693	0.27110	0.99997	-0.00396	-0.00640	0.00394	0.99999	-0.00299	0.00641	0.00296	0.99998	
109	0.54500	122.04035	-129.98779	-0.30757	0.50127	-0.07699	-0.03680	1.17947	1.00000	0.00064	0.00134	-0.00065	0.99996	0.00875	-0.00134	-0.00875	0.99996		-73.34982	-159.86768	-1.15353	-0.18021	0.36015	0.22673	0.26567	0.99997	-0.00396	-0.00629	0.00394	0.99999	-0.00315	0.00630	0.00312	0.99998	
110	0.55000	122.07493	-129.98546	-0.30322	0.50453	-0.08054	-0.04108	1.16373	1.00000	0.00072	0.00141	-0.00073	0.99996	0.00881	-0.00140	-0.00881	0.99996		-73.37128	-159.87294	-1.14053	-0.18567	0.36581	0.23168	0.27452	0.99997	-0.00404	-0.00638	0.00402	0.99999	-0.00324	0.00640	0.00321	0.99997	
111	0.55500	122.05367	-130.00544	-0.28964	0.50101	-0.07378	-0.04041	1.16808	1.00000	0.00071	0.00129	-0.00072	0.99996	0.00874	-0.00128	-0.00875	0.99996		-73.37535	-159.87998	-1.14835	-0.19256	0.36554	0.22840	0.28138	0.99997	-0.00399	-0.00638	0.00396	0.99999	-0.00336	0.00639	0.00334	0.99997	
112	0.56000	122.04403	-130.03763	-0.28021	0.49910	-0.06857	-0.04105	1.16426	1.00000	0.00072	0.00120	-0.00073	0.99996	0.00871	-0.00119	-0.00871	0.99996		-73.35814	-159.90708	-1.14358	-0.20083	0.36180	0.22774	0.28035	0.99997	-0.00397	-0.00631	0.00395	0.99999	-0.00350	0.00633	0.00348	0.99997	
113	0.56500	122.10176	-130.01949	-0.27188	0.50332	-0.07166	-0.03976	1.18460	1.00000	0.00069	0.00125	-0.00070	0.99996	0.00878	-0.00124	-0.00879	0.99996		-73.34366	-159.92047	-1.13926	-0.20685	0.36147	0.22789	0.27374	0.99997	-0.00398	-0.00631	0.00395	0.99999	-0.00361	0.00632	0.00359	0.99997	
114	0.57000	122.10030	-130.03887	-0.27248	0.50324	-0.06599	-0.04349	1.15261	1.00000	0.00076	0.00115	-0.00077	0.99996	0.00878	-0.00114	-0.00878	0.99996		-73.35737	-159.90696	-1.13871	-0.21357	0.35918	0.22882	0.26646	0.99997	-0.00399	-0.00627	0.00397	0.99999	-0.00373	0.00628	0.00370	0.99997	
115	0.57500	122.08878	-130.05852	-0.25205	0.50179	-0.06312	-0.03512	1.17920	1.00000	0.00061	0.00110	-0.00062	0.99996	0.00876	-0.00110	-0.00876	0.99996		-73.34951	-159.94086	-1.12970	-0.22435	0.36015	0.23395	0.27063	0.99997	-0.00408	-0.00629	0.00406	0.99998	-0.00392	0.00630	0.00389	0.99997	
116	0.58000	122.05961	-130.06687	-0.24648	0.50391	-0.05932	-0.03568	1.16219	1.00000	0.00062	0.00104	-0.00063	0.99996	0.00879	-0.00103	-0.00880	0.99996		-73.34589	-159.95645	-1.13743	-0.23202	0.36020	0.23069	0.28804	0.99997	-0.00403	-0.00629	0.00400	0.99998	-0.00405	0.00630	0.00402	0.99997	
117	0.58500	122.12465	-130.07230	-0.23937	0.50490	-0.06285	-0.03508	1.18414	1.00000	0.00061	0.00110	-0.00062	0.99996	0.00881	-0.00109	-0.00881	0.99996		-73.36264	-159.97701	-1.11624	-0.23793	0.36184	0.22762	0.26657	0.99997	-0.00397	-0.00632	0.00395	0.99998	-0.00415	0.00633	0.00413	0.99997	
118	0.59000	122.08344	-130.09887	-0.23203	0.50413	-0.05693	-0.03863	1.16356	1.00000	0.00067	0.00099	-0.00068	0.99996	0.00880	-0.00099	-0.00880	0.99996		-73.34180	-159.98163	-1.12811	-0.24836	0.35647	0.22760	0.28318	0.99997	-0.00397	-0.00622	0.00395	0.99998	-0.00433	0.00624	0.00431	0.99997	
119	0.59500	122.07494	-130.11503	-0.21829	0.50300	-0.05364	-0.03249	1.17930	1.00000	0.00057	0.00094	-0.00058	0.99996	0.00878	-0.00093	-0.00878	0.99996		-73.37497	-159.99809	-1.12304	-0.25878	0.36037	0.23252	0.27494	0.99997	-0.00406	-0.00629	0.00403	0.99998	-0.00452	0.00631	0.00449	0.99997	
120	0.60000	122.08236	-130.13171	-0.20586	0.50298	-0.04925	-0.03564	1.17368	1.00000	0.00062	0.00086	-0.00063	0.99996	0.00878	-0.00085	-0.00878	0.99996		-73.37001	-160.01133	-1.11858	-0.26477	0.36202	0.23231	0.28279	0.99997	-0.00405	-0.00632	0.00403	0.99998	-0.00462	0.00634	0.00460	0.99997	
121	0.60500	122.11555	-130.14461	-0.22169	0.50441	-0.05347	-0.03147	1.17276	1.00000	0.00055	0.00093	-0.00056	0.99996	0.00880	-0.00093	-0.00880	0.99996		-73.37957	-160.01897	-1.10933	-0.27216	0.35812	0.23271	0.27684	0.99997	-0.00406	-0.00625	0.00403	0.99998	-0.00475	0.00627	0.00472	0.99997	
122	0.61000	122.11005	-130.17145	-0.21484	0.50199	-0.04743	-0.03020	1.16856	1.00000	0.00053	0.00083	-0.00053	0.99996	0.00876	-0.00082	-0.00876	0.99996		-73.37935	-160.03886	-1.10488	-0.28173	0.36140	0.23022	0.28042	0.99997	-0.00402	-0.00631	0.00399	0.99998	-0.00492	0.00633	0.00489	0.99997	
123	0.61500	122.10000	-130.15699	-0.20311	0.50893	-0.04918	-0.03722	1.15720	1.00000	0.00065	0.00086	-0.00066	0.99996	0.00888	-0.00085	-0.00888	0.99996		-73.37491	-160.06629	-1.10843	-0.29102	0.36312	0.23504	0.28390	0.99997	-0.00410	-0.00634	0.00407	0.99998	-0.00508	0.00636	0.00505	0.99997	
124	0.62000	122.09909	-130.18750	-0.19951	0.50626	-0.04912	-0.03239	1.17406	1.00000	0.00057	0.00086	-0.00057	0.99996	0.00884	-0.00085	-0.00884	0.99996		-73.37624	-160.08525	-1.08664	-0.29983	0.35949	0.23582	0.27013	0.99997	-0.00412	-0.00627	0.00408	0.99998	-0.00523	0.00630	0.00521	0.99997	
125	0.62500	122.13773	-130.21727	-0.18845	0.50302	-0.04702	-0.03605	1.16292	1.00000	0.00063	0.00082	-0.00064	0.99996	0.00878	-0.00082	-0.00878	0.99996		-73.37344	-160.08971	-1.09476	-0.30795	0.36246	0.23189	0.28794	0.99997	-0.00405	-0.00633	0.00401	0.99998	-0.00537	0.00635	0.00535	0.99997	
126	0.63000	122.10692	-130.21727	-0.18258	0.50632	-0.04040	-0.03108	1.16627	1.00000	0.00054	0.00071	-0.00055	0.99996	0.00884	-0.00070	-0.00884	0.99996		-73.38400	-160.11030	-1.09425	-0.31384	0.36270	0.23282	0.28151	0.99997	-0.00406	-0.00633	0.00403	0.99998	-0.00548	0.00635	0.00545	0.99996	
127	0.63500	122.12677	-130.25277	-0.16817	0.50453	-0.04519	-0.03392	1.16702	1.00000	0.00059	0.00079	-0.00060	0.99996	0.00881	-0.00078	-0.00881	0.99996		-73.38434	-160.14223	-1.07682	-0.32536	0.36341	0.23426	0.26545	0.99997	-0.00409	-0.00634	0.00405	0.99998	-0.00568	0.00637	0.00565	0.99996	
128	0.64000	122.14527	-130.26605	-0.16217	0.50436	-0.04060	-0.02974	1.17153	1.00000	0.00052	0.00071	-0.00053	0.99996	0.00880	-0.00070	-0.00880	0.99996		-73.36545	-160.16014	-1.09358	-0.33327	0.36430	0.23809	0.25491	0.99997	-0.00416	-0.00636	0.00412	0.99997	-0.00582	0.00638	0.00579	0.99996	
129	0.64500	122.15356	-130.26508	-0.17399	0.50727	-0.04278	-0.03119	1.18118	1.00000	0.00054	0.00075	-0.00055	0.99996	0.00885	-0.00074	-0.00885	0.99996		-73.37921	-160.16847	-1.08881	-0.34045	0.36615	0.23446	0.27616	0.99997	-0.00409	-0.00639	0.00405	0.99997	-0.00594	0.00641	0.00592	0.99996	
130	0.65000	122.12545	-130.28013	-0.16198	0.50646	-0.03606	-0.03444	1.17758	1.00000	0.00060	0.00063	-0.00061	0.99996	0.00884	-0.00062	-0.00884	0.99996		-73.40825	-160.17604	-1.07147	-0.34759	0.37159	0.23237	0.28037	0.99997	-0.00406	-0.00649	0.00402	0.99997	-0.00607	0.00651	0.00604	0.99996	
131	0.65500	122.15403	-130.30917	-0.15374	0.50473	-0.04258	-0.03127	1.16487	1.00000	0.00055	0.00074	-0.00055	0.99996	0.00881	-0.00074	-0.00881	0.99996		-73.40685	-160.19475	-1.07533	-0.35481	0.37407	0.23227	0.28904	0.99997	-0.00405	-0.00653	0.00401	0.99997	-0.00619	0.00655	0.00617	0.99996	
132	0.66000	122.15378	-130.30403	-0.15682	0.50662	-0.04197	-0.02623	1.18215	1.00000	0.00046	0.00073	-0.00046	0.99996	0.00884	-0.00073	-0.00884	0.99996		-73.37229	-160.20429	-1.07118	-0.36291	0.37196	0.23370	0.27740	0.99997	-0.00408	-0.00649	0.00404	0.99997	-0.00633	0.00652	0.00631	0.99996	
133	0.66500	122.15422	-130.34191	-0.15589	0.50634	-0.04498	-0.03179	1.16680	1.00000	0.00055	0.00079	-0.00056	0.99996	0.00884	-0.00078	-0.00884	0.99996		-73.40948	-160.24012	-1.07408	-0.37059	0.37286	0.23898	0.27879	0.99997	-0.00417	-0.00651	0.00413	0.99997	-0.00647	0.00653	0.00644	0.99996	
134	0.67000	122.16203	-130.34695	-0.14626	0.50546	-0.04414	-0.02928	1.16269	1.00000	0.00051	0.00077	-0.00052	0.99996	0.00882	-0.00077	-0.00882	0.99996		-73.40882	-160.23339	-1.06592	-0.37288	0.37849	0.23460	0.28643	0.99997	-0.00409	-0.00661	0.00405	0.99997	-0.00651	0.00663	0.00648	0.99996	
135	0.67500	122.16161	-130.38176	-0.15428	0.50192	-0.04662	-0.02760	1.18376	1.00000	0.00048	0.00081	-0.00049	0.99996	0.00876	-0.00081	-0.00876	0.99996		-73.38203	-160.25236	-1.06998	-0.38108	0.37761	0.23866	0.27742	0.99997	-0.00417	-0.00659	0.00412	0.99997	-0.00665	0.00662	0.00662	0.99996	
