NO_OF_FRAMES	12031
NO_OF_CAMERAS	8
NO_OF_BODIES	2
FREQUENCY	200
NO_OF_ANALOG	0
ANALOG_FREQUENCY	0
DESCRIPTION	--
TIME_STAMP	2013-07-02, 18:20:48	3305145.49436625
DATA_INCLUDED	6D
BODY_NAMES	Ice 1	Ice 2
Frame	Time	Ice 1 X	Y	Z	Roll	Pitch	Yaw	Residual	Rot[0]	Rot[1]	Rot[2]	Rot[3]	Rot[4]	Rot[5]	Rot[6]	Rot[7]	Rot[8]	Ice 2 X	Y	Z	Roll	Pitch	Yaw	Residual	Rot[0]	Rot[1]	Rot[2]	Rot[3]	Rot[4]	Rot[5]	Rot[6]	Rot[7]	Rot[8]	
1	0.00500	130.15141	-128.98410	-0.29825	0.47541	-0.13807	0.24894	1.01974	0.99999	-0.00434	0.00241	0.00432	0.99996	0.00830	-0.00245	-0.00829	0.99996		-62.88688	-178.85449	-0.79823	-0.37037	0.47852	0.50461	0.11109	0.99993	-0.00881	-0.00835	0.00875	0.99994	-0.00646	0.00841	0.00639	0.99994	
2	0.01000	130.06634	-129.01672	-0.32521	0.46667	-0.11949	0.25590	1.00874	0.99999	-0.00447	0.00209	0.00445	0.99996	0.00814	-0.00212	-0.00814	0.99996		-62.94205	-178.84250	-0.81900	-0.36233	0.47547	0.51002	0.08792	0.99993	-0.00890	-0.00830	0.00885	0.99994	-0.00632	0.00835	0.00625	0.99995	
3	0.01500	130.03881	-129.01328	-0.33494	0.46793	-0.11390	0.25305	1.00111	0.99999	-0.00442	0.00199	0.00440	0.99996	0.00817	-0.00202	-0.00816	0.99996		-62.92771	-178.85849	-0.82743	-0.35968	0.47086	0.50805	0.09473	0.99993	-0.00887	-0.00822	0.00882	0.99994	-0.00628	0.00827	0.00620	0.99995	
4	0.02000	130.05884	-128.98908	-0.32884	0.47289	-0.11480	0.25358	0.99383	0.99999	-0.00443	0.00200	0.00441	0.99996	0.00825	-0.00204	-0.00824	0.99996		-62.93439	-178.83165	-0.82776	-0.35064	0.46970	0.50892	0.08544	0.99993	-0.00888	-0.00820	0.00883	0.99994	-0.00612	0.00825	0.00605	0.99995	
5	0.02500	130.09247	-128.98240	-0.32453	0.47315	-0.10994	0.25331	1.00277	0.99999	-0.00442	0.00192	0.00441	0.99996	0.00826	-0.00196	-0.00825	0.99996		-62.92190	-178.85095	-0.84831	-0.34992	0.46344	0.51137	0.08463	0.99993	-0.00892	-0.00809	0.00888	0.99994	-0.00611	0.00814	0.00603	0.99995	
6	0.03000	130.07529	-128.97212	-0.30729	0.47681	-0.10648	0.25780	1.00694	0.99999	-0.00450	0.00186	0.00448	0.99996	0.00832	-0.00190	-0.00831	0.99996		-62.94744	-178.82822	-0.84824	-0.34204	0.46170	0.51210	0.09393	0.99993	-0.00894	-0.00806	0.00889	0.99994	-0.00597	0.00811	0.00590	0.99995	
7	0.03500	130.08846	-128.94669	-0.32054	0.47868	-0.10314	0.25351	1.00251	0.99999	-0.00442	0.00180	0.00441	0.99996	0.00835	-0.00184	-0.00835	0.99996		-62.91551	-178.80909	-0.86143	-0.33345	0.45369	0.51144	0.07914	0.99993	-0.00893	-0.00792	0.00888	0.99994	-0.00582	0.00797	0.00575	0.99995	
8	0.04000	130.07053	-128.93607	-0.30501	0.48039	-0.09682	0.25900	1.00367	0.99999	-0.00452	0.00169	0.00451	0.99995	0.00838	-0.00173	-0.00838	0.99996		-62.94262	-178.83351	-0.87750	-0.33105	0.45363	0.51506	0.08775	0.99993	-0.00899	-0.00792	0.00894	0.99994	-0.00578	0.00797	0.00571	0.99995	
9	0.04500	130.14462	-128.91621	-0.32337	0.48574	-0.10163	0.25025	0.99215	0.99999	-0.00437	0.00177	0.00435	0.99995	0.00848	-0.00181	-0.00847	0.99996		-62.95122	-178.82129	-0.87698	-0.32679	0.44573	0.51760	0.08521	0.99993	-0.00903	-0.00778	0.00899	0.99994	-0.00570	0.00783	0.00563	0.99995	
10	0.05000	130.13903	-128.91726	-0.31728	0.48659	-0.09968	0.25428	0.99728	0.99999	-0.00444	0.00174	0.00442	0.99995	0.00849	-0.00178	-0.00848	0.99996		-62.90222	-178.81201	-0.87337	-0.32007	0.43877	0.51362	0.08245	0.99993	-0.00896	-0.00766	0.00892	0.99994	-0.00559	0.00771	0.00552	0.99996	
11	0.05500	129.89999	-129.02627	-0.27411	0.49015	-0.09203	0.27840	1.08390	0.99999	-0.00486	0.00161	0.00485	0.99995	0.00855	-0.00165	-0.00855	0.99996		-62.92758	-178.79863	-0.89414	-0.31436	0.43674	0.51657	0.08720	0.99993	-0.00902	-0.00762	0.00897	0.99994	-0.00549	0.00767	0.00542	0.99996	
12	0.06000	129.87042	-129.02266	-0.24876	0.49443	-0.08764	0.27788	1.07063	0.99999	-0.00485	0.00153	0.00484	0.99995	0.00863	-0.00157	-0.00862	0.99996		-62.91390	-178.81264	-0.89836	-0.31037	0.42980	0.51456	0.09126	0.99993	-0.00898	-0.00750	0.00894	0.99995	-0.00542	0.00755	0.00535	0.99996	
13	0.06500	129.84163	-129.01829	-0.26270	0.49516	-0.07914	0.28080	1.06914	0.99999	-0.00490	0.00138	0.00489	0.99995	0.00864	-0.00142	-0.00864	0.99996		-62.90004	-178.79991	-0.89826	-0.30657	0.42409	0.51722	0.10008	0.99993	-0.00903	-0.00740	0.00899	0.99995	-0.00535	0.00745	0.00528	0.99996	
14	0.07000	129.84658	-128.99977	-0.27174	0.50140	-0.08093	0.28275	1.08150	0.99999	-0.00493	0.00141	0.00492	0.99995	0.00875	-0.00146	-0.00874	0.99996		-62.90875	-178.78834	-0.91050	-0.29910	0.41826	0.51383	0.09880	0.99993	-0.00897	-0.00730	0.00893	0.99995	-0.00522	0.00735	0.00515	0.99996	
15	0.07500	129.85721	-128.98779	-0.26377	0.50377	-0.08009	0.28441	1.09098	0.99999	-0.00496	0.00140	0.00495	0.99995	0.00879	-0.00144	-0.00879	0.99996		-62.90809	-178.77287	-0.91860	-0.29278	0.41072	0.51361	0.08804	0.99993	-0.00896	-0.00717	0.00893	0.99995	-0.00511	0.00721	0.00505	0.99996	
16	0.08000	129.84731	-128.97569	-0.26592	0.50745	-0.07721	0.28672	1.08819	0.99999	-0.00500	0.00135	0.00499	0.99995	0.00886	-0.00139	-0.00885	0.99996		-62.89736	-178.75510	-0.92307	-0.28779	0.40561	0.51487	0.09208	0.99993	-0.00899	-0.00708	0.00895	0.99995	-0.00502	0.00712	0.00496	0.99996	
17	0.08500	129.80741	-128.97465	-0.26531	0.51035	-0.06897	0.28452	1.09172	0.99999	-0.00497	0.00120	0.00495	0.99995	0.00891	-0.00125	-0.00890	0.99996		-62.91927	-178.76079	-0.93460	-0.28459	0.39796	0.51510	0.08892	0.99994	-0.00899	-0.00695	0.00896	0.99995	-0.00497	0.00699	0.00490	0.99996	
18	0.09000	129.81611	-128.95415	-0.24723	0.51365	-0.06448	0.29088	1.09055	0.99999	-0.00508	0.00113	0.00507	0.99995	0.00896	-0.00117	-0.00896	0.99996		-62.90508	-178.75686	-0.93876	-0.28065	0.39194	0.51600	0.07727	0.99994	-0.00901	-0.00684	0.00897	0.99995	-0.00490	0.00688	0.00484	0.99996	
19	0.09500	129.85481	-128.94038	-0.26087	0.51685	-0.06865	0.28746	1.10695	0.99999	-0.00502	0.00120	0.00501	0.99995	0.00902	-0.00124	-0.00901	0.99996		-62.92635	-178.74032	-0.94254	-0.27426	0.38915	0.51431	0.09591	0.99994	-0.00898	-0.00679	0.00894	0.99995	-0.00479	0.00683	0.00473	0.99997	
20	0.10000	129.79891	-128.95218	-0.25152	0.51564	-0.05721	0.29273	1.11102	0.99999	-0.00511	0.00100	0.00510	0.99995	0.00900	-0.00104	-0.00899	0.99996		-62.88628	-178.73192	-0.95534	-0.27011	0.37964	0.51430	0.08663	0.99994	-0.00898	-0.00663	0.00894	0.99995	-0.00471	0.00667	0.00465	0.99997	
21	0.10500	129.84971	-128.92198	-0.25400	0.52250	-0.06119	0.29065	1.09954	0.99999	-0.00507	0.00107	0.00506	0.99995	0.00912	-0.00111	-0.00911	0.99996		-62.90613	-178.73687	-0.95462	-0.26861	0.37657	0.51632	0.08978	0.99994	-0.00901	-0.00657	0.00898	0.99995	-0.00469	0.00661	0.00463	0.99997	
22	0.11000	129.83431	-128.91195	-0.26355	0.52238	-0.05884	0.29269	1.10501	0.99999	-0.00511	0.00103	0.00510	0.99995	0.00912	-0.00107	-0.00911	0.99996		-62.84478	-178.73254	-0.95530	-0.26301	0.36643	0.51238	0.09322	0.99994	-0.00894	-0.00640	0.00891	0.99995	-0.00459	0.00644	0.00453	0.99997	
23	0.11500	129.85718	-128.89511	-0.26945	0.52620	-0.05723	0.29240	1.10678	0.99999	-0.00510	0.00100	0.00509	0.99994	0.00918	-0.00105	-0.00918	0.99996		-62.88679	-178.72221	-0.97550	-0.25920	0.36627	0.51484	0.09774	0.99994	-0.00899	-0.00639	0.00896	0.99995	-0.00452	0.00643	0.00447	0.99997	
24	0.12000	129.83678	-128.87454	-0.24324	0.53235	-0.05041	0.29687	1.11457	0.99999	-0.00518	0.00088	0.00517	0.99994	0.00929	-0.00093	-0.00929	0.99996		-62.86251	-178.70906	-0.98788	-0.25541	0.35354	0.51234	0.08646	0.99994	-0.00894	-0.00617	0.00891	0.99995	-0.00446	0.00621	0.00440	0.99997	
25	0.12500	129.85026	-128.87993	-0.24966	0.53194	-0.05321	0.29307	1.10627	0.99999	-0.00512	0.00093	0.00511	0.99994	0.00928	-0.00098	-0.00928	0.99996		-62.87906	-178.70127	-0.99571	-0.25095	0.34981	0.51210	0.08922	0.99994	-0.00894	-0.00611	0.00891	0.99995	-0.00438	0.00614	0.00433	0.99997	
26	0.13000	129.83165	-128.86978	-0.24499	0.53392	-0.04700	0.29758	1.11384	0.99999	-0.00519	0.00082	0.00519	0.99994	0.00932	-0.00087	-0.00931	0.99996		-62.85331	-178.70789	-0.99931	-0.25060	0.33887	0.51293	0.08369	0.99994	-0.00895	-0.00591	0.00893	0.99995	-0.00437	0.00595	0.00432	0.99997	
27	0.13500	129.84971	-128.84042	-0.23844	0.53903	-0.04985	0.29941	1.12344	0.99999	-0.00523	0.00087	0.00522	0.99994	0.00941	-0.00092	-0.00940	0.99996		-62.84264	-178.69002	-1.01202	-0.24558	0.33394	0.51259	0.08411	0.99994	-0.00895	-0.00583	0.00892	0.99995	-0.00429	0.00587	0.00423	0.99997	
28	0.14000	129.79785	-128.83471	-0.24179	0.54215	-0.04128	0.29634	1.11863	0.99999	-0.00517	0.00072	0.00517	0.99994	0.00946	-0.00077	-0.00946	0.99995		-62.85974	-178.68443	-1.02362	-0.24489	0.32842	0.51651	0.08622	0.99994	-0.00901	-0.00573	0.00899	0.99995	-0.00427	0.00577	0.00422	0.99997	
29	0.14500	129.82810	-128.83356	-0.24021	0.54191	-0.04454	0.30027	1.12926	0.99999	-0.00524	0.00078	0.00523	0.99994	0.00946	-0.00083	-0.00945	0.99995		-62.85732	-178.67974	-1.03592	-0.24195	0.32280	0.51462	0.08174	0.99994	-0.00898	-0.00563	0.00896	0.99995	-0.00422	0.00567	0.00417	0.99998	
30	0.15000	129.81270	-128.80968	-0.23509	0.54723	-0.04023	0.30637	1.12849	0.99999	-0.00535	0.00070	0.00534	0.99994	0.00955	-0.00075	-0.00955	0.99995		-62.82532	-178.65754	-1.04461	-0.23891	0.31580	0.51720	0.08411	0.99994	-0.00903	-0.00551	0.00900	0.99995	-0.00417	0.00555	0.00412	0.99998	
31	0.15500	129.84954	-128.81756	-0.24111	0.54869	-0.04440	0.30213	1.13746	0.99999	-0.00527	0.00077	0.00527	0.99994	0.00958	-0.00083	-0.00957	0.99995		-62.81361	-178.66607	-1.06079	-0.24101	0.30837	0.51360	0.08541	0.99995	-0.00896	-0.00538	0.00894	0.99995	-0.00421	0.00542	0.00416	0.99998	
32	0.16000	129.86073	-128.78726	-0.24610	0.55284	-0.04017	0.30162	1.13700	0.99999	-0.00526	0.00070	0.00526	0.99994	0.00965	-0.00075	-0.00964	0.99995		-62.82904	-178.65569	-1.05618	-0.23690	0.30712	0.51624	0.08514	0.99995	-0.00901	-0.00536	0.00899	0.99995	-0.00413	0.00540	0.00409	0.99998	
33	0.16500	129.85350	-128.77926	-0.25540	0.55407	-0.03667	0.30805	1.14117	0.99999	-0.00538	0.00064	0.00537	0.99994	0.00967	-0.00069	-0.00967	0.99995		-62.81645	-178.64211	-1.06425	-0.23607	0.29969	0.51255	0.09795	0.99995	-0.00895	-0.00523	0.00892	0.99995	-0.00412	0.00527	0.00407	0.99998	
34	0.17000	129.80232	-128.76894	-0.22669	0.55640	-0.03171	0.30326	1.13106	0.99999	-0.00529	0.00055	0.00529	0.99994	0.00971	-0.00060	-0.00971	0.99995		-62.80559	-178.62766	-1.07671	-0.23294	0.29268	0.50971	0.08591	0.99995	-0.00890	-0.00511	0.00888	0.99995	-0.00407	0.00514	0.00402	0.99998	
35	0.17500	129.83468	-128.75602	-0.23339	0.56278	-0.04019	0.30276	1.13340	0.99999	-0.00528	0.00070	0.00528	0.99994	0.00982	-0.00075	-0.00982	0.99995		-62.79899	-178.62763	-1.07628	-0.23418	0.28886	0.51493	0.08699	0.99995	-0.00899	-0.00504	0.00897	0.99995	-0.00409	0.00508	0.00404	0.99998	
36	0.18000	129.88140	-128.75688	-0.22659	0.56230	-0.03833	0.29917	1.13185	0.99999	-0.00522	0.00067	0.00521	0.99994	0.00981	-0.00072	-0.00981	0.99995		-62.80620	-178.62745	-1.09233	-0.23345	0.28339	0.51438	0.08627	0.99995	-0.00898	-0.00495	0.00896	0.99995	-0.00407	0.00498	0.00403	0.99998	
37	0.18500	129.84732	-128.74485	-0.23714	0.56432	-0.03416	0.29999	1.13757	0.99999	-0.00524	0.00060	0.00523	0.99994	0.00985	-0.00065	-0.00985	0.99995		-62.79238	-178.61328	-1.10054	-0.23339	0.27845	0.51199	0.08859	0.99995	-0.00894	-0.00486	0.00892	0.99995	-0.00407	0.00490	0.00403	0.99998	
38	0.19000	129.83715	-128.68390	-0.23363	0.57705	-0.03975	0.28978	1.11157	0.99999	-0.00506	0.00069	0.00505	0.99994	0.01007	-0.00074	-0.01007	0.99995		-62.82113	-178.60542	-1.10846	-0.23404	0.28066	0.51620	0.09501	0.99995	-0.00901	-0.00490	0.00899	0.99995	-0.00408	0.00494	0.00404	0.99998	
39	0.19500	129.85810	-128.70191	-0.23333	0.57551	-0.04050	0.30178	1.11863	0.99999	-0.00527	0.00071	0.00526	0.99994	0.01004	-0.00076	-0.01004	0.99995		-62.81802	-178.60282	-1.12070	-0.23370	0.27534	0.51667	0.08341	0.99995	-0.00902	-0.00481	0.00900	0.99995	-0.00408	0.00484	0.00404	0.99998	
40	0.20000	129.81593	-128.66150	-0.21376	0.58512	-0.04197	0.29575	1.12227	0.99999	-0.00516	0.00073	0.00515	0.99993	0.01021	-0.00079	-0.01021	0.99995		-62.79583	-178.58681	-1.12495	-0.23324	0.26833	0.51514	0.08624	0.99995	-0.00899	-0.00468	0.00897	0.99995	-0.00407	0.00472	0.00403	0.99998	
41	0.20500	129.84103	-128.65397	-0.23991	0.58794	-0.04833	0.29267	1.11377	0.99999	-0.00511	0.00084	0.00510	0.99993	0.01026	-0.00090	-0.01026	0.99995		-62.81372	-178.58475	-1.13677	-0.23718	0.26847	0.51552	0.09620	0.99995	-0.00900	-0.00469	0.00898	0.99995	-0.00414	0.00472	0.00410	0.99998	
42	0.21000	129.83050	-128.64427	-0.23279	0.59008	-0.04697	0.29547	1.11554	0.99999	-0.00516	0.00082	0.00515	0.99993	0.01030	-0.00087	-0.01029	0.99995		-62.81620	-178.58266	-1.14500	-0.23788	0.26689	0.51584	0.08884	0.99995	-0.00900	-0.00466	0.00898	0.99995	-0.00415	0.00470	0.00411	0.99998	
43	0.21500	129.84963	-128.62650	-0.22264	0.59426	-0.04786	0.29321	1.11027	0.99999	-0.00512	0.00084	0.00511	0.99993	0.01037	-0.00089	-0.01037	0.99995		-62.80087	-178.57805	-1.16149	-0.23794	0.26122	0.51639	0.08113	0.99995	-0.00901	-0.00456	0.00899	0.99995	-0.00415	0.00460	0.00411	0.99998	
44	0.22000	129.85365	-128.62315	-0.23782	0.59436	-0.05126	0.29451	1.11954	0.99999	-0.00514	0.00089	0.00513	0.99993	0.01037	-0.00095	-0.01037	0.99995		-62.76837	-178.57367	-1.16622	-0.24163	0.26171	0.51392	0.08944	0.99995	-0.00897	-0.00457	0.00895	0.99995	-0.00422	0.00461	0.00418	0.99998	
45	0.22500	129.84618	-128.62075	-0.23147	0.59953	-0.05361	0.29467	1.12236	0.99999	-0.00514	0.00094	0.00513	0.99993	0.01046	-0.00099	-0.01046	0.99994		-62.77819	-178.55646	-1.17401	-0.24122	0.25759	0.51699	0.08226	0.99995	-0.00902	-0.00450	0.00900	0.99995	-0.00421	0.00453	0.00417	0.99998	
46	0.23000	129.87291	-128.60260	-0.24071	0.60346	-0.05882	0.29251	1.12788	0.99999	-0.00511	0.00103	0.00509	0.99993	0.01053	-0.00108	-0.01053	0.99994		-62.78738	-178.56500	-1.17800	-0.24231	0.25711	0.51717	0.08203	0.99995	-0.00903	-0.00449	0.00901	0.99995	-0.00423	0.00453	0.00419	0.99998	
47	0.23500	129.83222	-128.59155	-0.22406	0.60634	-0.05864	0.29521	1.12274	0.99999	-0.00515	0.00102	0.00514	0.99993	0.01058	-0.00108	-0.01058	0.99994		-62.79492	-178.55420	-1.19476	-0.24490	0.26206	0.51718	0.09798	0.99995	-0.00903	-0.00457	0.00901	0.99995	-0.00427	0.00461	0.00423	0.99998	
48	0.24000	129.85446	-128.59169	-0.21712	0.60731	-0.05965	0.28912	1.10987	0.99999	-0.00505	0.00104	0.00503	0.99993	0.01060	-0.00109	-0.01059	0.99994		-62.80653	-178.54488	-1.19854	-0.24627	0.25835	0.51382	0.08774	0.99995	-0.00897	-0.00451	0.00895	0.99995	-0.00430	0.00455	0.00426	0.99998	
49	0.24500	129.87248	-128.57588	-0.21547	0.61387	-0.06153	0.28901	1.12123	0.99999	-0.00504	0.00107	0.00503	0.99993	0.01071	-0.00113	-0.01071	0.99994		-62.76128	-178.53265	-1.21169	-0.24612	0.25547	0.51669	0.09294	0.99995	-0.00902	-0.00446	0.00900	0.99995	-0.00430	0.00450	0.00426	0.99998	
50	0.25000	129.88243	-128.56893	-0.23225	0.61653	-0.07113	0.29744	1.13563	0.99999	-0.00519	0.00124	0.00518	0.99993	0.01076	-0.00130	-0.01075	0.99994		-62.79437	-178.53525	-1.22356	-0.25031	0.25657	0.52001	0.08628	0.99995	-0.00908	-0.00448	0.00906	0.99995	-0.00437	0.00452	0.00433	0.99998	
51	0.25500	129.87897	-128.55917	-0.21688	0.62065	-0.07023	0.28548	1.12103	0.99999	-0.00498	0.00123	0.00497	0.99993	0.01083	-0.00128	-0.01083	0.99994		-62.80030	-178.53324	-1.23610	-0.25400	0.25856	0.51949	0.09047	0.99995	-0.00907	-0.00451	0.00905	0.99995	-0.00443	0.00455	0.00439	0.99998	
52	0.26000	129.91225	-128.56457	-0.21813	0.61922	-0.07615	0.29552	1.13106	0.99999	-0.00516	0.00133	0.00514	0.99993	0.01081	-0.00138	-0.01080	0.99994		-62.78200	-178.52927	-1.24474	-0.25482	0.25952	0.51679	0.08827	0.99995	-0.00902	-0.00453	0.00900	0.99995	-0.00445	0.00457	0.00441	0.99998	
53	0.26500	129.90093	-128.55312	-0.22584	0.62041	-0.07537	0.29528	1.11530	0.99999	-0.00515	0.00132	0.00514	0.99993	0.01083	-0.00137	-0.01082	0.99994		-62.79537	-178.51873	-1.25699	-0.25685	0.25856	0.51772	0.09697	0.99995	-0.00904	-0.00451	0.00902	0.99995	-0.00448	0.00455	0.00444	0.99998	
54	0.27000	129.91563	-128.54923	-0.22023	0.62472	-0.07936	0.29259	1.12739	0.99999	-0.00511	0.00139	0.00509	0.99993	0.01090	-0.00144	-0.01090	0.99994		-62.79593	-178.50506	-1.26155	-0.25881	0.26205	0.51865	0.08455	0.99995	-0.00905	-0.00457	0.00903	0.99995	-0.00452	0.00461	0.00448	0.99998	
55	0.27500	129.87466	-128.54168	-0.21447	0.62767	-0.07731	0.29539	1.11544	0.99999	-0.00516	0.00135	0.00514	0.99993	0.01095	-0.00141	-0.01095	0.99994		-62.76757	-178.51224	-1.27432	-0.26219	0.26041	0.52194	0.08882	0.99995	-0.00911	-0.00454	0.00909	0.99995	-0.00458	0.00459	0.00453	0.99998	
56	0.28000	129.90704	-128.54284	-0.23688	0.62953	-0.08767	0.29819	1.13479	0.99999	-0.00520	0.00153	0.00519	0.99993	0.01099	-0.00159	-0.01098	0.99994		-62.81062	-178.49454	-1.28685	-0.26264	0.26638	0.51973	0.09233	0.99995	-0.00907	-0.00465	0.00905	0.99995	-0.00458	0.00469	0.00454	0.99998	
57	0.28500	129.92848	-128.54249	-0.21565	0.63052	-0.09088	0.30075	1.13790	0.99999	-0.00525	0.00159	0.00523	0.99993	0.01100	-0.00164	-0.01100	0.99994		-62.80455	-178.48955	-1.29973	-0.26538	0.27042	0.52062	0.08891	0.99995	-0.00909	-0.00472	0.00906	0.99995	-0.00463	0.00476	0.00459	0.99998	
58	0.29000	129.92555	-128.53765	-0.21325	0.63396	-0.09734	0.30149	1.13601	0.99998	-0.00526	0.00170	0.00524	0.99993	0.01106	-0.00176	-0.01106	0.99994		-62.81294	-178.49358	-1.30374	-0.26930	0.27528	0.52372	0.10038	0.99995	-0.00914	-0.00480	0.00912	0.99995	-0.00470	0.00485	0.00466	0.99998	
59	0.29500	129.92957	-128.54408	-0.22738	0.63377	-0.09627	0.30010	1.12209	0.99998	-0.00524	0.00168	0.00522	0.99993	0.01106	-0.00174	-0.01105	0.99994		-62.80469	-178.47591	-1.31277	-0.27028	0.27667	0.52085	0.09426	0.99995	-0.00909	-0.00483	0.00907	0.99995	-0.00472	0.00487	0.00467	0.99998	
60	0.30000	129.94255	-128.53473	-0.23078	0.63641	-0.09943	0.29776	1.11500	0.99999	-0.00520	0.00174	0.00518	0.99992	0.01111	-0.00179	-0.01110	0.99994		-62.81541	-178.48409	-1.32493	-0.27540	0.27725	0.52334	0.08569	0.99995	-0.00913	-0.00484	0.00911	0.99995	-0.00481	0.00488	0.00476	0.99998	
61	0.30500	129.96892	-128.54365	-0.23359	0.63628	-0.10612	0.29353	1.11827	0.99999	-0.00512	0.00185	0.00510	0.99993	0.01110	-0.00191	-0.01110	0.99994		-62.81811	-178.46636	-1.32991	-0.27318	0.28297	0.52166	0.08376	0.99995	-0.00910	-0.00494	0.00908	0.99995	-0.00477	0.00498	0.00472	0.99998	
62	0.31000	129.94776	-128.54608	-0.22980	0.63708	-0.10828	0.29805	1.12316	0.99998	-0.00520	0.00189	0.00518	0.99992	0.01112	-0.00195	-0.01111	0.99994		-62.83551	-178.48091	-1.34169	-0.27978	0.28516	0.52518	0.08822	0.99995	-0.00917	-0.00498	0.00914	0.99995	-0.00488	0.00502	0.00484	0.99998	
63	0.31500	129.96960	-128.55271	-0.22437	0.63853	-0.11248	0.29415	1.12775	0.99998	-0.00513	0.00196	0.00511	0.99992	0.01114	-0.00202	-0.01113	0.99994		-62.81565	-178.47268	-1.34694	-0.27939	0.29024	0.52566	0.09297	0.99995	-0.00917	-0.00507	0.00915	0.99995	-0.00488	0.00511	0.00483	0.99998	
64	0.32000	129.93935	-128.54436	-0.22096	0.63781	-0.11038	0.29822	1.12325	0.99998	-0.00520	0.00193	0.00518	0.99992	0.01113	-0.00198	-0.01112	0.99994		-62.83747	-178.46947	-1.36344	-0.28306	0.29136	0.52224	0.08383	0.99995	-0.00911	-0.00509	0.00909	0.99995	-0.00494	0.00513	0.00489	0.99997	
65	0.32500	129.95228	-128.53446	-0.21385	0.63898	-0.10955	0.30197	1.12306	0.99998	-0.00527	0.00191	0.00525	0.99992	0.01115	-0.00197	-0.01114	0.99994		-62.81457	-178.46801	-1.37272	-0.28419	0.29569	0.52302	0.09173	0.99995	-0.00913	-0.00516	0.00910	0.99995	-0.00496	0.00521	0.00491	0.99997	
66	0.33000	129.93384	-128.55681	-0.20926	0.63875	-0.11454	0.29870	1.12287	0.99998	-0.00521	0.00200	0.00519	0.99992	0.01115	-0.00206	-0.01114	0.99994		-62.85196	-178.46577	-1.38103	-0.28592	0.30459	0.52540	0.09226	0.99994	-0.00917	-0.00532	0.00914	0.99995	-0.00499	0.00536	0.00494	0.99997	
67	0.33500	129.94334	-128.55146	-0.20622	0.63910	-0.11793	0.29617	1.12555	0.99998	-0.00517	0.00206	0.00515	0.99992	0.01115	-0.00212	-0.01114	0.99994		-62.87599	-178.45394	-1.38527	-0.28745	0.31100	0.52694	0.09242	0.99994	-0.00920	-0.00543	0.00917	0.99995	-0.00502	0.00547	0.00497	0.99997	
68	0.34000	129.94495	-128.56438	-0.19775	0.63697	-0.11415	0.30185	1.12754	0.99998	-0.00527	0.00199	0.00525	0.99992	0.01112	-0.00205	-0.01111	0.99994		-62.86071	-178.45373	-1.39864	-0.28791	0.31460	0.52579	0.09348	0.99994	-0.00918	-0.00549	0.00915	0.99995	-0.00502	0.00554	0.00497	0.99997	
69	0.34500	129.99621	-128.57184	-0.21412	0.63701	-0.12375	0.30237	1.14067	0.99998	-0.00528	0.00216	0.00525	0.99992	0.01112	-0.00222	-0.01111	0.99994		-62.88887	-178.45710	-1.40243	-0.29113	0.31668	0.52786	0.08268	0.99994	-0.00921	-0.00553	0.00918	0.99994	-0.00508	0.00557	0.00503	0.99997	
70	0.35000	129.97802	-128.56549	-0.20282	0.63818	-0.12335	0.30240	1.12989	0.99998	-0.00528	0.00215	0.00525	0.99992	0.01114	-0.00221	-0.01113	0.99994		-62.90170	-178.44072	-1.41996	-0.29124	0.32513	0.52344	0.08794	0.99994	-0.00914	-0.00567	0.00911	0.99995	-0.00508	0.00572	0.00503	0.99997	
71	0.35500	129.96003	-128.56779	-0.19451	0.63691	-0.12169	0.30260	1.12302	0.99998	-0.00528	0.00212	0.00526	0.99992	0.01112	-0.00218	-0.01110	0.99994		-62.90226	-178.44536	-1.42018	-0.29210	0.32985	0.52501	0.09811	0.99994	-0.00916	-0.00576	0.00913	0.99995	-0.00510	0.00580	0.00505	0.99997	
72	0.36000	129.98346	-128.56723	-0.19208	0.63669	-0.12906	0.30092	1.12321	0.99998	-0.00525	0.00225	0.00523	0.99992	0.01111	-0.00231	-0.01110	0.99994		-62.92455	-178.44080	-1.43717	-0.29398	0.33791	0.52289	0.09831	0.99994	-0.00913	-0.00590	0.00910	0.99995	-0.00513	0.00594	0.00508	0.99997	
73	0.36500	130.01562	-128.57436	-0.20042	0.63618	-0.13323	0.29953	1.13496	0.99998	-0.00523	0.00233	0.00520	0.99992	0.01110	-0.00238	-0.01109	0.99994		-62.88847	-178.45821	-1.44247	-0.29710	0.34351	0.52574	0.09376	0.99994	-0.00918	-0.00600	0.00914	0.99994	-0.00519	0.00604	0.00513	0.99997	
74	0.37000	129.99860	-128.57621	-0.19845	0.63476	-0.13320	0.30559	1.14107	0.99998	-0.00533	0.00232	0.00531	0.99992	0.01108	-0.00238	-0.01107	0.99994		-62.92136	-178.43502	-1.44686	-0.29624	0.34725	0.52141	0.08457	0.99994	-0.00910	-0.00606	0.00907	0.99995	-0.00517	0.00611	0.00512	0.99997	
75	0.37500	129.98563	-128.59659	-0.17040	0.63168	-0.12909	0.30669	1.13874	0.99998	-0.00535	0.00225	0.00533	0.99992	0.01102	-0.00231	-0.01101	0.99994		-62.92947	-178.45525	-1.47609	-0.29853	0.35319	0.52806	0.09901	0.99994	-0.00922	-0.00616	0.00918	0.99994	-0.00521	0.00621	0.00515	0.99997	
76	0.38000	130.02462	-128.58881	-0.18023	0.63017	-0.13120	0.30182	1.13495	0.99998	-0.00527	0.00229	0.00524	0.99993	0.01100	-0.00235	-0.01099	0.99994		-62.92665	-178.44857	-1.47241	-0.29878	0.35775	0.52500	0.09604	0.99994	-0.00916	-0.00624	0.00913	0.99994	-0.00521	0.00629	0.00516	0.99997	
77	0.38500	130.02548	-128.59134	-0.17945	0.62858	-0.13418	0.30515	1.14452	0.99998	-0.00533	0.00234	0.00530	0.99993	0.01097	-0.00240	-0.01096	0.99994		-62.95939	-178.44093	-1.48926	-0.29828	0.36304	0.52617	0.09010	0.99994	-0.00918	-0.00634	0.00915	0.99994	-0.00521	0.00638	0.00515	0.99997	
78	0.39000	130.03694	-128.59594	-0.17195	0.62667	-0.13160	0.30439	1.11790	0.99998	-0.00531	0.00230	0.00529	0.99993	0.01094	-0.00235	-0.01092	0.99994		-62.93220	-178.45086	-1.49012	-0.30086	0.36860	0.52995	0.09102	0.99994	-0.00925	-0.00643	0.00922	0.99994	-0.00525	0.00648	0.00519	0.99997	
79	0.39500	130.01718	-128.61627	-0.16911	0.62315	-0.13243	0.30612	1.11364	0.99998	-0.00534	0.00231	0.00532	0.99993	0.01088	-0.00237	-0.01086	0.99994		-62.95085	-178.45244	-1.49906	-0.30093	0.37764	0.52640	0.09303	0.99994	-0.00919	-0.00659	0.00915	0.99994	-0.00525	0.00664	0.00519	0.99996	
80	0.40000	130.07219	-128.62104	-0.17447	0.62067	-0.13835	0.30708	1.13836	0.99998	-0.00536	0.00241	0.00533	0.99993	0.01083	-0.00247	-0.01082	0.99994		-62.95057	-178.44733	-1.50384	-0.30042	0.38471	0.52756	0.10328	0.99994	-0.00921	-0.00671	0.00917	0.99994	-0.00524	0.00676	0.00518	0.99996	
81	0.40500	130.06055	-128.63348	-0.15321	0.61558	-0.13854	0.30552	1.12899	0.99998	-0.00533	0.00242	0.00531	0.99993	0.01074	-0.00248	-0.01073	0.99994		-62.94892	-178.46544	-1.50807	-0.30338	0.38640	0.52686	0.09978	0.99994	-0.00920	-0.00674	0.00916	0.99994	-0.00529	0.00679	0.00523	0.99996	
82	0.41000	130.02164	-128.64201	-0.15888	0.61378	-0.13338	0.30431	1.13443	0.99998	-0.00531	0.00233	0.00529	0.99993	0.01071	-0.00238	-0.01070	0.99994		-62.98590	-178.44954	-1.52089	-0.30187	0.39522	0.52693	0.10498	0.99993	-0.00920	-0.00690	0.00916	0.99994	-0.00527	0.00695	0.00520	0.99996	
83	0.41500	130.08049	-128.64033	-0.16823	0.61027	-0.13527	0.31233	1.14860	0.99998	-0.00545	0.00236	0.00543	0.99993	0.01065	-0.00242	-0.01064	0.99994		-62.97588	-178.44398	-1.53057	-0.30088	0.40510	0.52356	0.09416	0.99993	-0.00914	-0.00707	0.00910	0.99994	-0.00525	0.00712	0.00519	0.99996	
84	0.42000	130.02989	-128.64088	-0.15593	0.60863	-0.13172	0.30876	1.12112	0.99998	-0.00539	0.00230	0.00536	0.99993	0.01062	-0.00236	-0.01061	0.99994		-62.98096	-178.43624	-1.53946	-0.30086	0.41145	0.52029	0.09228	0.99993	-0.00908	-0.00718	0.00904	0.99995	-0.00525	0.00723	0.00519	0.99996	
85	0.42500	130.07023	-128.67027	-0.15335	0.60303	-0.13473	0.31145	1.13750	0.99998	-0.00544	0.00235	0.00541	0.99993	0.01052	-0.00241	-0.01051	0.99994		-62.99538	-178.43445	-1.54411	-0.29825	0.41887	0.52674	0.09425	0.99993	-0.00919	-0.00731	0.00916	0.99994	-0.00521	0.00736	0.00514	0.99996	
86	0.43000	130.08275	-128.66143	-0.15657	0.60053	-0.13696	0.30951	1.14284	0.99998	-0.00540	0.00239	0.00538	0.99993	0.01048	-0.00245	-0.01047	0.99994		-62.98898	-178.44737	-1.54480	-0.29850	0.42657	0.52454	0.09879	0.99993	-0.00915	-0.00744	0.00912	0.99994	-0.00521	0.00749	0.00514	0.99996	
87	0.43500	130.04342	-128.67762	-0.13171	0.59571	-0.12502	0.30376	1.11137	0.99998	-0.00530	0.00218	0.00528	0.99993	0.01040	-0.00224	-0.01039	0.99994		-62.97526	-178.41107	-1.54611	-0.29277	0.43148	0.51500	0.10340	0.99993	-0.00899	-0.00753	0.00895	0.99995	-0.00511	0.00758	0.00504	0.99996	
88	0.44000	130.07666	-128.68173	-0.14449	0.59208	-0.13112	0.31542	1.12974	0.99998	-0.00551	0.00229	0.00548	0.99993	0.01033	-0.00235	-0.01032	0.99994		-62.99385	-178.43940	-1.55839	-0.29641	0.43216	0.52350	0.08922	0.99993	-0.00914	-0.00754	0.00910	0.99995	-0.00517	0.00759	0.00510	0.99996	
89	0.44500	130.09075	-128.69502	-0.13392	0.58669	-0.12602	0.31285	1.12651	0.99998	-0.00546	0.00220	0.00544	0.99993	0.01024	-0.00226	-0.01023	0.99995		-62.97658	-178.42248	-1.56798	-0.29369	0.44316	0.51790	0.09163	0.99993	-0.00904	-0.00773	0.00900	0.99995	-0.00513	0.00778	0.00506	0.99996	
90	0.45000	130.11280	-128.69068	-0.14222	0.58420	-0.13190	0.31190	1.13707	0.99998	-0.00544	0.00230	0.00542	0.99993	0.01020	-0.00236	-0.01018	0.99995		-62.98820	-178.42709	-1.57672	-0.29141	0.44758	0.51352	0.09961	0.99993	-0.00896	-0.00781	0.00892	0.99995	-0.00509	0.00786	0.00502	0.99996	
91	0.45500	130.09933	-128.69545	-0.13202	0.58187	-0.12673	0.31039	1.14239	0.99998	-0.00542	0.00221	0.00539	0.99993	0.01016	-0.00227	-0.01014	0.99995		-63.01204	-178.42318	-1.57276	-0.29057	0.45306	0.51296	0.09670	0.99993	-0.00895	-0.00791	0.00891	0.99995	-0.00507	0.00795	0.00500	0.99996	
92	0.46000	130.09849	-128.70333	-0.12907	0.57550	-0.12325	0.31160	1.12034	0.99998	-0.00544	0.00215	0.00542	0.99993	0.01004	-0.00221	-0.01003	0.99995		-62.96945	-178.41127	-1.58247	-0.28596	0.45491	0.51123	0.10510	0.99993	-0.00892	-0.00794	0.00888	0.99995	-0.00499	0.00798	0.00492	0.99996	
93	0.46500	130.12586	-128.71775	-0.12380	0.56811	-0.12230	0.31182	1.11771	0.99998	-0.00544	0.00213	0.00542	0.99994	0.00992	-0.00219	-0.00990	0.99995		-63.02781	-178.42373	-1.59034	-0.28714	0.46314	0.51272	0.10141	0.99993	-0.00895	-0.00808	0.00891	0.99995	-0.00501	0.00813	0.00494	0.99995	
94	0.47000	130.11395	-128.73475	-0.09798	0.56125	-0.11873	0.31411	1.12275	0.99998	-0.00548	0.00207	0.00546	0.99994	0.00980	-0.00213	-0.00978	0.99995		-63.01465	-178.41328	-1.58266	-0.28542	0.46747	0.51415	0.10349	0.99993	-0.00897	-0.00816	0.00893	0.99995	-0.00498	0.00820	0.00491	0.99995	
95	0.47500	130.15067	-128.74449	-0.12342	0.55784	-0.12035	0.31240	1.13821	0.99998	-0.00545	0.00210	0.00543	0.99994	0.00974	-0.00215	-0.00972	0.99995		-63.00936	-178.43460	-1.58300	-0.28677	0.47247	0.51395	0.09826	0.99993	-0.00897	-0.00825	0.00893	0.99995	-0.00500	0.00829	0.00493	0.99995	
96	0.48000	130.16605	-128.76283	-0.13528	0.55149	-0.11724	0.31553	1.12751	0.99998	-0.00551	0.00205	0.00549	0.99994	0.00963	-0.00210	-0.00961	0.99995		-63.04229	-178.39289	-1.59629	-0.27940	0.48064	0.51499	0.09344	0.99992	-0.00899	-0.00839	0.00895	0.99995	-0.00488	0.00843	0.00480	0.99995	
97	0.48500	130.17611	-128.76453	-0.11251	0.54658	-0.11566	0.31452	1.13677	0.99998	-0.00549	0.00202	0.00547	0.99994	0.00954	-0.00207	-0.00953	0.99995		-63.00417	-178.42325	-1.59675	-0.28248	0.48296	0.51727	0.09838	0.99992	-0.00903	-0.00843	0.00899	0.99995	-0.00493	0.00847	0.00485	0.99995	
98	0.49000	130.17409	-128.79237	-0.11390	0.53930	-0.11066	0.31811	1.13428	0.99998	-0.00555	0.00193	0.00553	0.99994	0.00941	-0.00198	-0.00940	0.99995		-63.03252	-178.41509	-1.58434	-0.27978	0.48695	0.51465	0.09152	0.99992	-0.00898	-0.00850	0.00894	0.99995	-0.00488	0.00854	0.00481	0.99995	
99	0.49500	130.13613	-128.79590	-0.11063	0.53580	-0.10633	0.32190	1.14754	0.99998	-0.00562	0.00186	0.00560	0.99994	0.00935	-0.00191	-0.00934	0.99995		-63.05339	-178.39980	-1.59692	-0.27746	0.48965	0.51508	0.09982	0.99992	-0.00899	-0.00855	0.00895	0.99995	-0.00484	0.00859	0.00477	0.99995	
100	0.50000	130.20914	-128.80493	-0.08840	0.53006	-0.10860	0.32068	1.14437	0.99998	-0.00560	0.00190	0.00558	0.99994	0.00925	-0.00195	-0.00924	0.99996		-63.03846	-178.39892	-1.59399	-0.27460	0.49508	0.51222	0.09742	0.99992	-0.00894	-0.00864	0.00890	0.99995	-0.00479	0.00868	0.00472	0.99995	
101	0.50500	130.19456	-128.85419	-0.10837	0.51710	-0.09921	0.33658	1.16272	0.99998	-0.00587	0.00173	0.00586	0.99994	0.00903	-0.00178	-0.00901	0.99996		-63.06870	-178.41324	-1.59340	-0.27299	0.49854	0.51924	0.09323	0.99992	-0.00906	-0.00870	0.00902	0.99995	-0.00476	0.00874	0.00469	0.99995	
102	0.51000	130.20548	-128.86625	-0.12697	0.51133	-0.09873	0.33228	1.16132	0.99998	-0.00580	0.00172	0.00578	0.99994	0.00892	-0.00177	-0.00891	0.99996		-63.04773	-178.40097	-1.59012	-0.27168	0.50380	0.51789	0.09749	0.99992	-0.00904	-0.00879	0.00900	0.99995	-0.00474	0.00884	0.00466	0.99995	
103	0.51500	130.23449	-128.86997	-0.11699	0.50782	-0.09489	0.33545	1.16028	0.99998	-0.00585	0.00166	0.00584	0.99994	0.00886	-0.00171	-0.00885	0.99996		-63.06467	-178.41131	-1.58123	-0.27442	0.50282	0.52122	0.09234	0.99992	-0.00910	-0.00878	0.00905	0.99995	-0.00479	0.00882	0.00471	0.99995	
104	0.52000	130.23310	-128.90607	-0.10189	0.50058	-0.09520	0.33674	1.16159	0.99998	-0.00588	0.00166	0.00586	0.99994	0.00874	-0.00171	-0.00873	0.99996		-63.03726	-178.41108	-1.57388	-0.27159	0.50571	0.51502	0.09541	0.99992	-0.00899	-0.00883	0.00895	0.99995	-0.00474	0.00887	0.00466	0.99995	
105	0.52500	130.21816	-128.89570	-0.10192	0.49807	-0.08927	0.33920	1.14273	0.99998	-0.00592	0.00156	0.00591	0.99994	0.00869	-0.00161	-0.00868	0.99996		-63.04632	-178.41241	-1.57417	-0.26867	0.50958	0.51518	0.08981	0.99992	-0.00899	-0.00889	0.00895	0.99995	-0.00469	0.00894	0.00461	0.99995	
106	0.53000	130.17952	-128.91404	-0.12035	0.49265	-0.08122	0.33539	1.16496	0.99998	-0.00585	0.00142	0.00584	0.99995	0.00860	-0.00147	-0.00859	0.99996		-63.06395	-178.41836	-1.56974	-0.26920	0.51095	0.51789	0.08565	0.99992	-0.00904	-0.00892	0.00900	0.99995	-0.00470	0.00896	0.00462	0.99995	
107	0.53500	130.20851	-128.93237	-0.10014	0.48582	-0.07921	0.33448	1.14182	0.99998	-0.00584	0.00138	0.00583	0.99995	0.00848	-0.00143	-0.00847	0.99996		-63.06226	-178.41536	-1.57818	-0.26748	0.51241	0.52950	0.09281	0.99992	-0.00924	-0.00894	0.00920	0.99995	-0.00467	0.00899	0.00459	0.99995	
108	0.54000	130.25848	-128.93340	-0.12074	0.48338	-0.08635	0.33556	1.15177	0.99998	-0.00586	0.00151	0.00584	0.99995	0.00844	-0.00156	-0.00843	0.99996		-63.03856	-178.40396	-1.56620	-0.26654	0.51253	0.51941	0.09081	0.99992	-0.00906	-0.00895	0.00902	0.99995	-0.00465	0.00899	0.00457	0.99995	
109	0.54500	130.23965	-128.94794	-0.11732	0.47873	-0.08031	0.33664	1.15925	0.99998	-0.00588	0.00140	0.00586	0.99995	0.00836	-0.00145	-0.00835	0.99996		-63.02171	-178.40834	-1.55796	-0.26743	0.50862	0.51871	0.08462	0.99992	-0.00905	-0.00888	0.00901	0.99995	-0.00467	0.00892	0.00459	0.99995	
110	0.55000	130.24250	-128.95179	-0.10324	0.47648	-0.07979	0.34014	1.14532	0.99998	-0.00594	0.00139	0.00592	0.99995	0.00832	-0.00144	-0.00831	0.99996		-63.03071	-178.40601	-1.55808	-0.26364	0.51256	0.51529	0.09665	0.99992	-0.00899	-0.00895	0.00895	0.99995	-0.00460	0.00899	0.00452	0.99995	
111	0.55500	130.23028	-128.95540	-0.13380	0.47456	-0.07511	0.33847	1.14661	0.99998	-0.00591	0.00131	0.00590	0.99995	0.00828	-0.00136	-0.00827	0.99996		-63.02750	-178.41260	-1.54118	-0.26516	0.51185	0.51557	0.09993	0.99992	-0.00900	-0.00893	0.00896	0.99995	-0.00463	0.00897	0.00455	0.99995	
112	0.56000	130.26067	-128.97162	-0.12957	0.46865	-0.07750	0.33841	1.14661	0.99998	-0.00591	0.00135	0.00590	0.99995	0.00818	-0.00140	-0.00817	0.99997		-63.06816	-178.42612	-1.53208	-0.26580	0.51319	0.52385	0.08915	0.99992	-0.00914	-0.00896	0.00910	0.99995	-0.00464	0.00900	0.00456	0.99995	
113	0.56500	130.23916	-128.98209	-0.11210	0.46443	-0.06525	0.33375	1.15212	0.99998	-0.00583	0.00114	0.00582	0.99995	0.00811	-0.00119	-0.00810	0.99997		-63.01671	-178.41432	-1.53265	-0.26567	0.50922	0.52052	0.09954	0.99992	-0.00908	-0.00889	0.00904	0.99995	-0.00464	0.00893	0.00456	0.99995	
114	0.57000	130.22846	-129.02607	-0.12531	0.46026	-0.07000	0.33228	1.14025	0.99998	-0.00580	0.00122	0.00579	0.99995	0.00803	-0.00127	-0.00803	0.99997		-62.99754	-178.39795	-1.51655	-0.26272	0.50758	0.51633	0.09550	0.99992	-0.00901	-0.00886	0.00897	0.99995	-0.00459	0.00890	0.00451	0.99995	
115	0.57500	130.30577	-129.00267	-0.13566	0.46068	-0.07452	0.33842	1.16780	0.99998	-0.00591	0.00130	0.00590	0.99995	0.00804	-0.00135	-0.00803	0.99997		-63.05578	-178.43000	-1.50226	-0.26711	0.50538	0.53261	0.09128	0.99992	-0.00930	-0.00882	0.00925	0.99995	-0.00466	0.00886	0.00458	0.99995	
116	0.58000	130.24844	-129.00998	-0.13336	0.45613	-0.06662	0.34467	1.16237	0.99998	-0.00602	0.00116	0.00601	0.99995	0.00796	-0.00121	-0.00795	0.99997		-62.98712	-178.41914	-1.48679	-0.26557	0.50471	0.52262	0.09025	0.99992	-0.00912	-0.00881	0.00908	0.99995	-0.00463	0.00885	0.00455	0.99995	
117	0.58500	130.25102	-129.03210	-0.13288	0.45213	-0.06401	0.34190	1.15473	0.99998	-0.00597	0.00112	0.00596	0.99995	0.00789	-0.00116	-0.00788	0.99997		-63.04065	-178.43013	-1.47278	-0.26792	0.50494	0.52583	0.10335	0.99992	-0.00918	-0.00881	0.00914	0.99995	-0.00468	0.00886	0.00460	0.99995	
118	0.59000	130.31840	-129.04007	-0.13109	0.45041	-0.06763	0.34152	1.15768	0.99998	-0.00596	0.00118	0.00595	0.99995	0.00786	-0.00123	-0.00785	0.99997		-63.01306	-178.41589	-1.46938	-0.26429	0.50360	0.52156	0.08408	0.99992	-0.00910	-0.00879	0.00906	0.99995	-0.00461	0.00883	0.00453	0.99995	
119	0.59500	130.27316	-129.04371	-0.15067	0.44845	-0.06284	0.34024	1.14534	0.99998	-0.00594	0.00110	0.00593	0.99995	0.00783	-0.00114	-0.00782	0.99997		-62.99775	-178.42974	-1.45243	-0.26752	0.49970	0.52595	0.09184	0.99992	-0.00918	-0.00872	0.00914	0.99995	-0.00467	0.00876	0.00459	0.99995	
120	0.60000	130.28816	-129.07406	-0.16175	0.44320	-0.06496	0.34279	1.15762	0.99998	-0.00598	0.00113	0.00597	0.99995	0.00774	-0.00118	-0.00773	0.99997		-62.97839	-178.43619	-1.43096	-0.27021	0.49316	0.52856	0.09018	0.99992	-0.00922	-0.00861	0.00918	0.99995	-0.00472	0.00865	0.00464	0.99995	
121	0.60500	130.29354	-129.08466	-0.14105	0.44075	-0.05863	0.34187	1.14917	0.99998	-0.00597	0.00102	0.00596	0.99995	0.00769	-0.00107	-0.00769	0.99997		-62.98400	-178.41419	-1.41016	-0.26837	0.49309	0.52389	0.09927	0.99992	-0.00914	-0.00861	0.00910	0.99995	-0.00468	0.00865	0.00460	0.99995	
122	0.61000	130.26722	-129.10049	-0.14857	0.43866	-0.05881	0.34340	1.16331	0.99998	-0.00599	0.00103	0.00599	0.99995	0.00766	-0.00107	-0.00765	0.99997		-63.01407	-178.42152	-1.40075	-0.26776	0.48734	0.52773	0.09405	0.99992	-0.00921	-0.00851	0.00917	0.99995	-0.00467	0.00855	0.00459	0.99995	
123	0.61500	130.25864	-129.10470	-0.15148	0.43852	-0.05386	0.34013	1.14263	0.99998	-0.00594	0.00094	0.00593	0.99995	0.00765	-0.00099	-0.00765	0.99997		-62.94565	-178.41005	-1.38540	-0.26713	0.48901	0.52301	0.08768	0.99992	-0.00913	-0.00853	0.00909	0.99995	-0.00466	0.00858	0.00458	0.99995	
124	0.62000	130.27676	-129.11388	-0.18013	0.43683	-0.05728	0.33800	1.14270	0.99998	-0.00590	0.00100	0.00589	0.99995	0.00762	-0.00104	-0.00762	0.99997		-62.94869	-178.41238	-1.36376	-0.26925	0.48266	0.53121	0.08628	0.99992	-0.00927	-0.00842	0.00923	0.99995	-0.00470	0.00847	0.00462	0.99995	
125	0.62500	130.30337	-129.12282	-0.17788	0.43576	-0.05795	0.34048	1.15132	0.99998	-0.00594	0.00101	0.00593	0.99995	0.00761	-0.00106	-0.00760	0.99997		-62.98782	-178.43439	-1.32920	-0.27079	0.48149	0.53162	0.08604	0.99992	-0.00928	-0.00840	0.00924	0.99995	-0.00473	0.00845	0.00465	0.99995	
126	0.63000	130.30530	-129.13186	-0.18238	0.43547	-0.06118	0.34233	1.16126	0.99998	-0.00597	0.00107	0.00597	0.99995	0.00760	-0.00111	-0.00759	0.99997		-62.96381	-178.43824	-1.31223	-0.27164	0.47605	0.53219	0.08891	0.99992	-0.00929	-0.00831	0.00925	0.99995	-0.00474	0.00835	0.00466	0.99995	
127	0.63500	130.28476	-129.15571	-0.18964	0.43220	-0.06017	0.34492	1.15435	0.99998	-0.00602	0.00105	0.00601	0.99995	0.00754	-0.00110	-0.00754	0.99997		-62.97586	-178.42249	-1.29112	-0.27050	0.47454	0.53096	0.08665	0.99992	-0.00927	-0.00828	0.00923	0.99995	-0.00472	0.00833	0.00464	0.99995	
128	0.64000	130.33154	-129.15177	-0.20906	0.43452	-0.06552	0.34523	1.14591	0.99998	-0.00603	0.00114	0.00602	0.99995	0.00758	-0.00119	-0.00758	0.99997		-62.97642	-178.43079	-1.25307	-0.27160	0.47209	0.53408	0.08990	0.99992	-0.00932	-0.00824	0.00928	0.99995	-0.00474	0.00828	0.00466	0.99995	
129	0.64500	130.33105	-129.17587	-0.20915	0.43087	-0.06301	0.34203	1.16043	0.99998	-0.00597	0.00110	0.00596	0.99995	0.00752	-0.00114	-0.00751	0.99997		-62.92578	-178.41722	-1.23684	-0.27015	0.46569	0.53236	0.08710	0.99992	-0.00929	-0.00813	0.00925	0.99995	-0.00471	0.00817	0.00464	0.99996	
130	0.65000	130.31540	-129.19511	-0.21124	0.42952	-0.05741	0.34254	1.14264	0.99998	-0.00598	0.00100	0.00597	0.99995	0.00750	-0.00105	-0.00749	0.99997		-62.97413	-178.43143	-1.21036	-0.27239	0.46217	0.53494	0.09258	0.99992	-0.00934	-0.00807	0.00930	0.99995	-0.00475	0.00811	0.00468	0.99996	
131	0.65500	130.31308	-129.20734	-0.20936	0.42850	-0.05707	0.34774	1.15694	0.99998	-0.00607	0.00100	0.00606	0.99995	0.00748	-0.00104	-0.00747	0.99997		-62.91917	-178.44353	-1.18488	-0.27301	0.44915	0.54059	0.08935	0.99992	-0.00943	-0.00784	0.00940	0.99994	-0.00476	0.00788	0.00469	0.99996	
132	0.66000	130.29025	-129.21368	-0.24173	0.42948	-0.05720	0.34108	1.14711	0.99998	-0.00595	0.00100	0.00595	0.99995	0.00750	-0.00104	-0.00749	0.99997		-62.96393	-178.42473	-1.16749	-0.27143	0.45056	0.53770	0.09594	0.99993	-0.00938	-0.00786	0.00935	0.99995	-0.00474	0.00791	0.00466	0.99996	
133	0.66500	130.31195	-129.22167	-0.25480	0.43098	-0.06250	0.33927	1.14752	0.99998	-0.00592	0.00109	0.00591	0.99995	0.00752	-0.00114	-0.00752	0.99997		-62.89189	-178.42765	-1.13045	-0.27464	0.44189	0.53318	0.08201	0.99993	-0.00931	-0.00771	0.00927	0.99995	-0.00479	0.00776	0.00472	0.99996	
134	0.67000	130.35507	-129.24280	-0.26205	0.42774	-0.06576	0.34861	1.15193	0.99998	-0.00608	0.00115	0.00608	0.99995	0.00747	-0.00119	-0.00746	0.99997		-62.91076	-178.41592	-1.10018	-0.27271	0.43672	0.54153	0.08644	0.99993	-0.00945	-0.00762	0.00941	0.99994	-0.00476	0.00767	0.00469	0.99996	
135	0.67500	130.35220	-129.22839	-0.28529	0.43016	-0.06713	0.34594	1.14703	0.99998	-0.00604	0.00117	0.00603	0.99995	0.00751	-0.00122	-0.00750	0.99997		-62.90672	-178.41556	-1.08307	-0.27291	0.43114	0.53913	0.09268	0.99993	-0.00941	-0.00752	0.00937	0.99994	-0.00476	0.00757	0.00469	0.99996	
136	0.68000	130.33714	-129.26896	-0.29074	0.42901	-0.06389	0.34321	1.13565	0.99998	-0.00599	0.00112	0.00598	0.99995	0.00749	-0.00116	-0.00748	0.99997		-62.89374	-178.41468	-1.04930	-0.27384	0.42628	0.53672	0.08275	0.99993	-0.00937	-0.00744	0.00933	0.99995	-0.00478	0.00748	0.00471	0.99996	
