NO_OF_FRAMES	12044
NO_OF_CAMERAS	8
NO_OF_BODIES	2
FREQUENCY	200
NO_OF_ANALOG	0
ANALOG_FREQUENCY	0
DESCRIPTION	--
TIME_STAMP	2013-07-02, 18:40:07	3306304.11707569
DATA_INCLUDED	6D
BODY_NAMES	Ice 1	Ice 2
Frame	Time	Ice 1 X	Y	Z	Roll	Pitch	Yaw	Residual	Rot[0]	Rot[1]	Rot[2]	Rot[3]	Rot[4]	Rot[5]	Rot[6]	Rot[7]	Rot[8]	Ice 2 X	Y	Z	Roll	Pitch	Yaw	Residual	Rot[0]	Rot[1]	Rot[2]	Rot[3]	Rot[4]	Rot[5]	Rot[6]	Rot[7]	Rot[8]	
1	0.00500	124.61732	7.37993	0.64938	1.20434	0.03573	-0.89881	1.11864	0.99988	0.01569	-0.00062	-0.01567	0.99966	0.02102	0.00095	-0.02101	0.99978		-31.15357	-229.00110	-1.61898	-0.58449	0.63835	-0.10125	0.29217	0.99994	0.00177	-0.01114	-0.00188	0.99995	-0.01020	0.01112	0.01022	0.99989	
2	0.01000	124.46672	7.26431	0.64256	1.16365	0.06180	-0.90517	1.06939	0.99987	0.01580	-0.00108	-0.01577	0.99967	0.02031	0.00140	-0.02029	0.99979		-31.19018	-229.01637	-1.68054	-0.59601	0.63596	-0.09842	0.26546	0.99994	0.00172	-0.01110	-0.00183	0.99994	-0.01040	0.01108	0.01042	0.99988	
3	0.01500	124.48953	7.23337	0.65395	1.13924	0.06323	-0.90224	1.08143	0.99988	0.01575	-0.00110	-0.01572	0.99968	0.01988	0.00142	-0.01986	0.99980		-31.16925	-229.04761	-1.69172	-0.61055	0.63027	-0.09767	0.26299	0.99994	0.00170	-0.01100	-0.00182	0.99994	-0.01066	0.01098	0.01067	0.99988	
4	0.02000	124.49459	7.20028	0.67177	1.11482	0.06833	-0.90134	1.07990	0.99988	0.01573	-0.00119	-0.01570	0.99969	0.01946	0.00150	-0.01943	0.99981		-31.14112	-229.08042	-1.74550	-0.62098	0.62647	-0.09610	0.26436	0.99994	0.00168	-0.01093	-0.00180	0.99994	-0.01084	0.01091	0.01086	0.99988	
5	0.02500	124.45728	7.16929	0.67414	1.08844	0.07161	-0.90892	1.06155	0.99987	0.01586	-0.00125	-0.01584	0.99969	0.01900	0.00155	-0.01897	0.99982		-31.12620	-229.11127	-1.77751	-0.63451	0.61948	-0.09719	0.26678	0.99994	0.00170	-0.01081	-0.00182	0.99994	-0.01107	0.01079	0.01109	0.99988	
6	0.03000	124.48801	7.14612	0.68035	1.05992	0.07217	-0.90186	1.07052	0.99988	0.01574	-0.00126	-0.01571	0.99971	0.01850	0.00155	-0.01848	0.99983		-31.10622	-229.14123	-1.81805	-0.64668	0.61355	-0.09295	0.27358	0.99994	0.00162	-0.01071	-0.00174	0.99993	-0.01129	0.01069	0.01130	0.99988	
7	0.03500	124.42977	7.08798	0.71365	1.02994	0.07794	-0.90172	1.05707	0.99988	0.01574	-0.00136	-0.01571	0.99971	0.01797	0.00164	-0.01795	0.99984		-31.07952	-229.16482	-1.85476	-0.65643	0.60335	-0.09733	0.26859	0.99994	0.00170	-0.01053	-0.00182	0.99993	-0.01146	0.01051	0.01147	0.99988	
8	0.04000	124.46070	7.06089	0.72112	1.00266	0.07811	-0.90441	1.04859	0.99987	0.01578	-0.00136	-0.01576	0.99972	0.01750	0.00164	-0.01748	0.99985		-31.05891	-229.19450	-1.87851	-0.66857	0.59716	-0.09422	0.27459	0.99994	0.00164	-0.01042	-0.00177	0.99993	-0.01167	0.01040	0.01169	0.99988	
9	0.04500	124.44076	7.00506	0.73271	0.97212	0.07963	-0.91113	1.03992	0.99987	0.01590	-0.00139	-0.01588	0.99973	0.01697	0.00166	-0.01694	0.99986		-31.04208	-229.21364	-1.90716	-0.67412	0.59111	-0.09284	0.27084	0.99995	0.00162	-0.01032	-0.00174	0.99993	-0.01176	0.01030	0.01178	0.99988	
10	0.05000	124.44798	6.94317	0.76141	0.94106	0.08539	-0.91007	1.05199	0.99987	0.01588	-0.00149	-0.01586	0.99974	0.01642	0.00175	-0.01640	0.99986		-31.03171	-229.24751	-1.95194	-0.68424	0.58430	-0.08903	0.26661	0.99995	0.00155	-0.01020	-0.00168	0.99993	-0.01194	0.01018	0.01196	0.99988	
11	0.05500	124.19969	6.76277	0.87238	0.90509	0.08990	-0.89674	1.12168	0.99988	0.01565	-0.00157	-0.01562	0.99975	0.01580	0.00182	-0.01577	0.99987		-31.00348	-229.26093	-1.96848	-0.68927	0.57830	-0.09443	0.25605	0.99995	0.00165	-0.01009	-0.00177	0.99993	-0.01203	0.01007	0.01205	0.99988	
12	0.06000	124.18602	6.67966	0.87949	0.87013	0.09677	-0.89708	1.12056	0.99988	0.01566	-0.00169	-0.01563	0.99976	0.01519	0.00193	-0.01516	0.99988		-30.98921	-229.28359	-2.00497	-0.69594	0.56795	-0.09269	0.25671	0.99995	0.00162	-0.00991	-0.00174	0.99992	-0.01215	0.00989	0.01216	0.99988	
13	0.06500	124.18966	6.62100	0.90863	0.84024	0.09651	-0.89847	1.13305	0.99988	0.01568	-0.00168	-0.01565	0.99977	0.01466	0.00191	-0.01464	0.99989		-30.95408	-229.30483	-2.02960	-0.70167	0.56234	-0.08944	0.26088	0.99995	0.00156	-0.00981	-0.00168	0.99992	-0.01225	0.00979	0.01226	0.99988	
14	0.07000	124.19236	6.55753	0.91760	0.80332	0.10208	-0.88592	1.14704	0.99988	0.01546	-0.00178	-0.01544	0.99978	0.01402	0.00200	-0.01399	0.99990		-30.95913	-229.30761	-2.04536	-0.70410	0.55195	-0.09138	0.25090	0.99995	0.00159	-0.00963	-0.00171	0.99992	-0.01229	0.00961	0.01230	0.99988	
15	0.07500	124.14468	6.48410	0.93887	0.76920	0.10679	-0.88453	1.15012	0.99988	0.01544	-0.00186	-0.01541	0.99979	0.01342	0.00207	-0.01339	0.99991		-30.93599	-229.33159	-2.06959	-0.70861	0.54419	-0.09241	0.26605	0.99995	0.00161	-0.00950	-0.00173	0.99992	-0.01237	0.00948	0.01238	0.99988	
16	0.08000	124.22840	6.43330	0.94348	0.73763	0.09675	-0.88123	1.17883	0.99988	0.01538	-0.00169	-0.01536	0.99980	0.01287	0.00189	-0.01285	0.99992		-30.89484	-229.36302	-2.08551	-0.71490	0.53216	-0.09345	0.26077	0.99996	0.00163	-0.00929	-0.00175	0.99992	-0.01248	0.00927	0.01249	0.99988	
17	0.08500	124.20728	6.37668	0.95422	0.70488	0.09678	-0.88368	1.15703	0.99988	0.01542	-0.00169	-0.01540	0.99981	0.01230	0.00188	-0.01227	0.99992		-30.92829	-229.35706	-2.09710	-0.71542	0.52808	-0.09050	0.25965	0.99996	0.00158	-0.00922	-0.00169	0.99992	-0.01249	0.00920	0.01250	0.99988	
18	0.09000	124.17186	6.31246	0.97104	0.67241	0.09178	-0.87932	1.18338	0.99988	0.01535	-0.00160	-0.01533	0.99981	0.01174	0.00178	-0.01171	0.99993		-30.87983	-229.37079	-2.11795	-0.71736	0.51907	-0.09055	0.25610	0.99996	0.00158	-0.00906	-0.00169	0.99992	-0.01252	0.00904	0.01253	0.99988	
19	0.09500	124.23554	6.26108	0.98477	0.64014	0.09218	-0.88297	1.18229	0.99988	0.01541	-0.00161	-0.01539	0.99982	0.01117	0.00178	-0.01115	0.99994		-30.87882	-229.39089	-2.13792	-0.71923	0.51126	-0.09232	0.26800	0.99996	0.00161	-0.00892	-0.00172	0.99992	-0.01255	0.00890	0.01257	0.99988	
20	0.10000	124.19995	6.20544	0.99463	0.60977	0.08773	-0.88261	1.17922	0.99988	0.01540	-0.00153	-0.01539	0.99982	0.01064	0.00169	-0.01062	0.99994		-30.86510	-229.38125	-2.15015	-0.71859	0.50107	-0.08835	0.25210	0.99996	0.00154	-0.00875	-0.00165	0.99992	-0.01254	0.00873	0.01255	0.99988	
21	0.10500	124.19414	6.13586	1.01295	0.57410	0.08940	-0.88859	1.18137	0.99988	0.01551	-0.00156	-0.01549	0.99983	0.01002	0.00172	-0.00999	0.99995		-30.81760	-229.39897	-2.16225	-0.71969	0.48706	-0.08993	0.24469	0.99996	0.00157	-0.00850	-0.00168	0.99992	-0.01256	0.00848	0.01257	0.99988	
22	0.11000	124.18422	6.08468	1.02728	0.54431	0.08728	-0.88916	1.17261	0.99988	0.01552	-0.00152	-0.01550	0.99983	0.00950	0.00167	-0.00948	0.99995		-30.82872	-229.39909	-2.17858	-0.71701	0.48211	-0.09265	0.25135	0.99996	0.00162	-0.00841	-0.00172	0.99992	-0.01251	0.00839	0.01253	0.99989	
23	0.11500	124.08741	6.01205	1.03100	0.51083	0.09134	-0.88610	1.18477	0.99988	0.01546	-0.00159	-0.01545	0.99984	0.00892	0.00173	-0.00889	0.99996		-30.80715	-229.41186	-2.17420	-0.71574	0.47630	-0.09329	0.27286	0.99996	0.00163	-0.00831	-0.00173	0.99992	-0.01249	0.00829	0.01251	0.99989	
24	0.12000	124.17871	5.94674	1.03298	0.47772	0.08288	-0.89067	1.17280	0.99988	0.01554	-0.00145	-0.01553	0.99984	0.00834	0.00158	-0.00831	0.99996		-30.81603	-229.41382	-2.18151	-0.71514	0.46370	-0.08988	0.24735	0.99997	0.00157	-0.00809	-0.00167	0.99992	-0.01248	0.00807	0.01249	0.99989	
25	0.12500	124.13872	5.88161	1.03899	0.44505	0.08264	-0.88698	1.18940	0.99988	0.01548	-0.00144	-0.01547	0.99985	0.00777	0.00156	-0.00774	0.99997		-30.77205	-229.40767	-2.19005	-0.71159	0.45330	-0.09322	0.26497	0.99997	0.00163	-0.00791	-0.00173	0.99992	-0.01242	0.00789	0.01243	0.99989	
26	0.13000	124.12261	5.82200	1.06186	0.41597	0.07944	-0.89303	1.16803	0.99988	0.01559	-0.00139	-0.01558	0.99985	0.00726	0.00150	-0.00724	0.99997		-30.75717	-229.42353	-2.19324	-0.71172	0.43960	-0.09133	0.25687	0.99997	0.00159	-0.00767	-0.00169	0.99992	-0.01242	0.00765	0.01243	0.99989	
27	0.13500	124.14277	5.75646	1.07256	0.38240	0.07696	-0.88727	1.18598	0.99988	0.01549	-0.00134	-0.01548	0.99986	0.00667	0.00145	-0.00665	0.99998		-30.74902	-229.39402	-2.20603	-0.70325	0.43275	-0.09279	0.25930	0.99997	0.00162	-0.00755	-0.00171	0.99992	-0.01227	0.00753	0.01229	0.99990	
28	0.14000	124.22156	5.67874	1.03941	0.34945	0.06859	-0.87199	1.21463	0.99988	0.01522	-0.00120	-0.01521	0.99987	0.00610	0.00129	-0.00608	0.99998		-30.74740	-229.38865	-2.19708	-0.70057	0.42267	-0.09463	0.25944	0.99997	0.00165	-0.00738	-0.00174	0.99992	-0.01223	0.00736	0.01224	0.99990	
29	0.14500	124.23380	5.60002	1.06326	0.31799	0.06733	-0.86615	1.24581	0.99989	0.01512	-0.00118	-0.01511	0.99987	0.00555	0.00126	-0.00553	0.99998		-30.69387	-229.40336	-2.19307	-0.69655	0.41130	-0.09342	0.25829	0.99997	0.00163	-0.00718	-0.00172	0.99992	-0.01216	0.00716	0.01217	0.99990	
30	0.15000	124.21024	5.54844	1.06858	0.28995	0.06468	-0.86497	1.22591	0.99989	0.01510	-0.00113	-0.01509	0.99987	0.00506	0.00121	-0.00504	0.99999		-30.65657	-229.39340	-2.18882	-0.69256	0.39747	-0.09140	0.24962	0.99997	0.00160	-0.00694	-0.00168	0.99993	-0.01209	0.00692	0.01210	0.99990	
31	0.15500	124.22445	5.47536	1.06256	0.26226	0.06182	-0.86885	1.22859	0.99988	0.01516	-0.00108	-0.01516	0.99987	0.00458	0.00115	-0.00456	0.99999		-30.65324	-229.37434	-2.20538	-0.68550	0.38919	-0.09743	0.27092	0.99998	0.00170	-0.00679	-0.00178	0.99993	-0.01196	0.00677	0.01198	0.99991	
32	0.16000	124.21938	5.44906	1.08522	0.23848	0.05646	-0.86747	1.22832	0.99988	0.01514	-0.00099	-0.01514	0.99988	0.00416	0.00105	-0.00415	0.99999		-30.60379	-229.37199	-2.19333	-0.67961	0.37932	-0.09929	0.25972	0.99998	0.00173	-0.00662	-0.00181	0.99993	-0.01186	0.00660	0.01187	0.99991	
33	0.16500	124.17982	5.37571	1.08063	0.20996	0.06248	-0.86984	1.22994	0.99988	0.01518	-0.00109	-0.01518	0.99988	0.00366	0.00115	-0.00365	0.99999		-30.62034	-229.34252	-2.18071	-0.67148	0.37335	-0.09820	0.26433	0.99998	0.00171	-0.00652	-0.00179	0.99993	-0.01172	0.00650	0.01173	0.99991	
34	0.17000	124.20061	5.30726	1.09265	0.18483	0.05644	-0.86409	1.23461	0.99989	0.01508	-0.00099	-0.01508	0.99988	0.00323	0.00103	-0.00321	0.99999		-30.60416	-229.32432	-2.17638	-0.66473	0.36196	-0.09748	0.26194	0.99998	0.00170	-0.00632	-0.00177	0.99993	-0.01160	0.00630	0.01161	0.99991	
35	0.17500	124.22985	5.26085	1.08852	0.16209	0.04733	-0.86669	1.23297	0.99989	0.01513	-0.00083	-0.01512	0.99988	0.00283	0.00087	-0.00282	1.00000		-30.58227	-229.33245	-2.17207	-0.65950	0.35314	-0.09564	0.26037	0.99998	0.00167	-0.00616	-0.00174	0.99993	-0.01151	0.00614	0.01152	0.99991	
36	0.18000	124.23184	5.19770	1.07790	0.13659	0.04084	-0.87348	1.22009	0.99988	0.01524	-0.00071	-0.01524	0.99988	0.00238	0.00075	-0.00237	1.00000		-30.57281	-229.31276	-2.15517	-0.65246	0.34328	-0.09508	0.25585	0.99998	0.00166	-0.00599	-0.00173	0.99993	-0.01139	0.00597	0.01140	0.99992	
37	0.18500	124.25205	5.15570	1.07781	0.11744	0.03753	-0.86802	1.22578	0.99989	0.01515	-0.00065	-0.01515	0.99988	0.00205	0.00069	-0.00204	1.00000		-30.54408	-229.28584	-2.15567	-0.64330	0.33403	-0.09786	0.26604	0.99998	0.00171	-0.00583	-0.00177	0.99994	-0.01123	0.00581	0.01124	0.99992	
38	0.19000	124.21312	5.08861	1.09382	0.09488	0.03851	-0.86667	1.21975	0.99989	0.01513	-0.00067	-0.01512	0.99988	0.00166	0.00070	-0.00165	1.00000		-30.52797	-229.27810	-2.13934	-0.63540	0.32908	-0.09476	0.25445	0.99998	0.00165	-0.00574	-0.00172	0.99994	-0.01109	0.00572	0.01110	0.99992	
39	0.19500	124.19978	5.04730	1.10313	0.07466	0.03330	-0.87111	1.20507	0.99988	0.01520	-0.00058	-0.01520	0.99988	0.00130	0.00060	-0.00129	1.00000		-30.52854	-229.25985	-2.12236	-0.62773	0.31899	-0.09621	0.25480	0.99998	0.00168	-0.00557	-0.00174	0.99994	-0.01096	0.00555	0.01097	0.99992	
40	0.20000	124.20785	4.95615	1.08503	0.04990	0.03085	-0.87094	1.19892	0.99988	0.01520	-0.00054	-0.01520	0.99988	0.00087	0.00055	-0.00086	1.00000		-30.48959	-229.23698	-2.11877	-0.62042	0.30966	-0.09787	0.25530	0.99998	0.00171	-0.00540	-0.00177	0.99994	-0.01083	0.00539	0.01084	0.99993	
41	0.20500	124.22849	4.92492	1.08592	0.03406	0.02683	-0.86962	1.21400	0.99988	0.01518	-0.00047	-0.01518	0.99988	0.00059	0.00048	-0.00059	1.00000		-30.49082	-229.20452	-2.08986	-0.60919	0.30474	-0.10349	0.26207	0.99998	0.00181	-0.00532	-0.00186	0.99994	-0.01063	0.00530	0.01064	0.99993	
42	0.21000	124.19483	4.86093	1.07645	0.01399	0.02559	-0.87415	1.19899	0.99988	0.01526	-0.00045	-0.01526	0.99988	0.00024	0.00045	-0.00024	1.00000		-30.48000	-229.17303	-2.07789	-0.59910	0.29920	-0.09912	0.26425	0.99998	0.00173	-0.00522	-0.00178	0.99994	-0.01046	0.00520	0.01047	0.99993	
43	0.21500	124.24399	4.83196	1.06349	0.00014	0.01462	-0.86617	1.21279	0.99989	0.01512	-0.00026	-0.01512	0.99989	0.00000	0.00026	0.00000	1.00000		-30.44546	-229.14175	-2.06147	-0.58903	0.28854	-0.09885	0.26073	0.99999	0.00173	-0.00504	-0.00178	0.99995	-0.01028	0.00502	0.01029	0.99993	
44	0.22000	124.21510	4.77448	1.06975	-0.01496	0.01335	-0.87003	1.20302	0.99988	0.01518	-0.00023	-0.01518	0.99988	-0.00026	0.00023	0.00026	1.00000		-30.44240	-229.12563	-2.04519	-0.58131	0.28692	-0.09427	0.25263	0.99999	0.00165	-0.00501	-0.00170	0.99995	-0.01015	0.00499	0.01015	0.99994	
45	0.22500	124.26203	4.73172	1.05328	-0.02935	0.00322	-0.87464	1.19384	0.99988	0.01526	-0.00006	-0.01526	0.99988	-0.00051	0.00005	0.00051	1.00000		-30.44054	-229.07531	-2.02911	-0.56928	0.27932	-0.09563	0.24033	0.99999	0.00167	-0.00487	-0.00172	0.99995	-0.00994	0.00486	0.00994	0.99994	
46	0.23000	124.25122	4.69486	1.03498	-0.04056	-0.00217	-0.87567	1.19854	0.99988	0.01528	0.00004	-0.01528	0.99988	-0.00071	-0.00005	0.00071	1.00000		-30.41325	-229.04305	-2.00519	-0.55743	0.27717	-0.09799	0.25471	0.99999	0.00171	-0.00484	-0.00176	0.99995	-0.00973	0.00482	0.00974	0.99994	
47	0.23500	124.29932	4.63384	1.01664	-0.05777	-0.00518	-0.86369	1.22037	0.99989	0.01507	0.00009	-0.01507	0.99989	-0.00101	-0.00011	0.00101	1.00000		-30.40457	-229.01636	-1.97604	-0.54761	0.26968	-0.09514	0.24467	0.99999	0.00166	-0.00471	-0.00171	0.99995	-0.00956	0.00469	0.00957	0.99994	
48	0.24000	124.27532	4.59163	1.00420	-0.06899	-0.00425	-0.86985	1.21387	0.99988	0.01518	0.00007	-0.01518	0.99988	-0.00120	-0.00009	0.00120	1.00000		-30.39181	-228.98599	-1.96421	-0.53654	0.26604	-0.09858	0.25699	0.99999	0.00172	-0.00464	-0.00176	0.99995	-0.00936	0.00463	0.00937	0.99995	
49	0.24500	124.29453	4.55496	1.00249	-0.07918	-0.00693	-0.86058	1.23369	0.99989	0.01502	0.00012	-0.01502	0.99989	-0.00138	-0.00014	0.00138	1.00000		-30.42708	-228.92228	-1.94446	-0.52026	0.26916	-0.10223	0.26339	0.99999	0.00178	-0.00470	-0.00183	0.99996	-0.00908	0.00468	0.00909	0.99995	
50	0.25000	124.31630	4.52145	0.98518	-0.08822	-0.00805	-0.86110	1.22229	0.99989	0.01503	0.00014	-0.01503	0.99989	-0.00154	-0.00016	0.00154	1.00000		-30.39018	-228.90503	-1.91173	-0.51303	0.26254	-0.10276	0.25366	0.99999	0.00179	-0.00458	-0.00183	0.99996	-0.00895	0.00457	0.00896	0.99995	
51	0.25500	124.35099	4.49402	0.96018	-0.09523	-0.01788	-0.85733	1.25297	0.99989	0.01496	0.00031	-0.01496	0.99989	-0.00166	-0.00034	0.00166	1.00000		-30.39135	-228.86806	-1.88338	-0.49846	0.26162	-0.10129	0.25578	0.99999	0.00177	-0.00457	-0.00181	0.99996	-0.00870	0.00455	0.00871	0.99995	
52	0.26000	124.37186	4.44459	0.93972	-0.10205	-0.02389	-0.85643	1.25307	0.99989	0.01495	0.00042	-0.01495	0.99989	-0.00178	-0.00044	0.00177	1.00000		-30.37822	-228.83534	-1.85941	-0.48865	0.26305	-0.10163	0.25290	0.99999	0.00177	-0.00459	-0.00181	0.99996	-0.00853	0.00458	0.00854	0.99995	
53	0.26500	124.34370	4.42602	0.94512	-0.10665	-0.02403	-0.85499	1.23683	0.99989	0.01492	0.00042	-0.01492	0.99989	-0.00186	-0.00045	0.00185	1.00000		-30.39492	-228.75264	-1.84420	-0.46803	0.26166	-0.10203	0.24818	0.99999	0.00178	-0.00457	-0.00182	0.99996	-0.00817	0.00455	0.00818	0.99996	
54	0.27000	124.40586	4.38646	0.93163	-0.11079	-0.03259	-0.85646	1.23403	0.99989	0.01495	0.00057	-0.01495	0.99989	-0.00193	-0.00060	0.00192	1.00000		-30.36995	-228.72017	-1.80397	-0.45586	0.26484	-0.10579	0.25578	0.99999	0.00185	-0.00462	-0.00188	0.99997	-0.00796	0.00461	0.00796	0.99996	
55	0.27500	124.37924	4.35324	0.90636	-0.11557	-0.03224	-0.86021	1.23149	0.99989	0.01501	0.00056	-0.01501	0.99989	-0.00202	-0.00059	0.00201	1.00000		-30.39421	-228.68087	-1.76629	-0.44842	0.26374	-0.10766	0.26141	0.99999	0.00188	-0.00460	-0.00191	0.99997	-0.00783	0.00459	0.00783	0.99996	
56	0.28000	124.41573	4.32914	0.86984	-0.11889	-0.03660	-0.85708	1.24379	0.99989	0.01496	0.00064	-0.01496	0.99989	-0.00208	-0.00067	0.00207	1.00000		-30.40989	-228.61462	-1.77607	-0.43039	0.26426	-0.10333	0.25915	0.99999	0.00180	-0.00461	-0.00184	0.99997	-0.00751	0.00460	0.00752	0.99996	
57	0.28500	124.40602	4.31325	0.86882	-0.11651	-0.04004	-0.85652	1.23691	0.99989	0.01495	0.00070	-0.01495	0.99989	-0.00203	-0.00073	0.00202	1.00000		-30.39286	-228.59568	-1.72737	-0.41928	0.26864	-0.10531	0.24920	0.99999	0.00184	-0.00469	-0.00187	0.99997	-0.00732	0.00468	0.00733	0.99996	
58	0.29000	124.42938	4.29779	0.82989	-0.11666	-0.04288	-0.85564	1.24633	0.99989	0.01493	0.00075	-0.01493	0.99989	-0.00204	-0.00078	0.00202	1.00000		-30.39029	-228.54404	-1.71582	-0.40666	0.26546	-0.10358	0.22307	0.99999	0.00181	-0.00463	-0.00184	0.99997	-0.00710	0.00462	0.00711	0.99996	
59	0.29500	124.38485	4.29875	0.82407	-0.11322	-0.04133	-0.85712	1.23187	0.99989	0.01496	0.00072	-0.01496	0.99989	-0.00198	-0.00075	0.00196	1.00000		-30.39743	-228.48814	-1.67546	-0.39266	0.26939	-0.10791	0.23730	0.99999	0.00188	-0.00470	-0.00192	0.99997	-0.00685	0.00469	0.00686	0.99997	
60	0.30000	124.46917	4.27574	0.80596	-0.11272	-0.05287	-0.85936	1.24340	0.99989	0.01500	0.00092	-0.01500	0.99989	-0.00197	-0.00095	0.00195	1.00000		-30.39188	-228.43449	-1.63154	-0.37567	0.27704	-0.11277	0.23704	0.99999	0.00197	-0.00484	-0.00200	0.99998	-0.00656	0.00482	0.00657	0.99997	
61	0.30500	124.47087	4.25735	0.78810	-0.11412	-0.05251	-0.85087	1.24929	0.99989	0.01485	0.00092	-0.01485	0.99989	-0.00199	-0.00095	0.00198	1.00000		-30.43015	-228.39635	-1.60272	-0.36320	0.28031	-0.11017	0.23970	0.99999	0.00192	-0.00489	-0.00195	0.99998	-0.00634	0.00488	0.00635	0.99997	
62	0.31000	124.52331	4.25112	0.76020	-0.10695	-0.06229	-0.85254	1.25406	0.99989	0.01488	0.00109	-0.01488	0.99989	-0.00187	-0.00111	0.00185	1.00000		-30.40312	-228.34409	-1.58746	-0.34895	0.27841	-0.10857	0.22233	0.99999	0.00189	-0.00486	-0.00192	0.99998	-0.00609	0.00485	0.00610	0.99997	
63	0.31500	124.52158	4.23825	0.73040	-0.10218	-0.06216	-0.85566	1.23806	0.99989	0.01493	0.00108	-0.01493	0.99989	-0.00178	-0.00111	0.00177	1.00000		-30.40998	-228.29024	-1.53892	-0.33305	0.28681	-0.11126	0.23952	0.99999	0.00194	-0.00501	-0.00197	0.99998	-0.00581	0.00499	0.00582	0.99997	
64	0.32000	124.49230	4.24273	0.71407	-0.09522	-0.06212	-0.85476	1.24495	0.99989	0.01492	0.00108	-0.01492	0.99989	-0.00166	-0.00111	0.00165	1.00000		-30.44173	-228.23343	-1.52296	-0.31831	0.28919	-0.11463	0.24768	0.99999	0.00200	-0.00505	-0.00203	0.99998	-0.00556	0.00504	0.00557	0.99997	
65	0.32500	124.54179	4.23281	0.66460	-0.09018	-0.06823	-0.84790	1.25653	0.99989	0.01480	0.00119	-0.01480	0.99989	-0.00157	-0.00121	0.00156	1.00000		-30.38305	-228.20293	-1.47902	-0.30511	0.29122	-0.11310	0.23826	0.99999	0.00197	-0.00508	-0.00200	0.99998	-0.00533	0.00507	0.00534	0.99997	
66	0.33000	124.55119	4.22597	0.66116	-0.08410	-0.06674	-0.85292	1.25103	0.99989	0.01489	0.00116	-0.01488	0.99989	-0.00147	-0.00119	0.00145	1.00000		-30.39215	-228.17996	-1.43831	-0.29138	0.29637	-0.10882	0.22343	0.99998	0.00190	-0.00517	-0.00193	0.99999	-0.00509	0.00516	0.00510	0.99997	
67	0.33500	124.55079	4.23490	0.63576	-0.07280	-0.07359	-0.85454	1.25585	0.99989	0.01491	0.00128	-0.01491	0.99989	-0.00127	-0.00130	0.00125	1.00000		-30.40856	-228.11263	-1.41848	-0.27721	0.29807	-0.11126	0.22334	0.99998	0.00194	-0.00520	-0.00197	0.99999	-0.00484	0.00519	0.00485	0.99997	
68	0.34000	124.55452	4.22552	0.59897	-0.06786	-0.07186	-0.85346	1.25759	0.99989	0.01490	0.00125	-0.01489	0.99989	-0.00118	-0.00127	0.00117	1.00000		-30.40311	-228.06581	-1.37416	-0.26173	0.30573	-0.11325	0.23358	0.99998	0.00198	-0.00534	-0.00200	0.99999	-0.00457	0.00533	0.00458	0.99998	
69	0.34500	124.56237	4.24508	0.58244	-0.05511	-0.07308	-0.85395	1.23293	0.99989	0.01490	0.00128	-0.01490	0.99989	-0.00096	-0.00129	0.00094	1.00000		-30.38286	-228.04132	-1.32953	-0.24938	0.30939	-0.11536	0.22408	0.99998	0.00201	-0.00540	-0.00204	0.99999	-0.00435	0.00539	0.00436	0.99998	
70	0.35000	124.58850	4.25142	0.56079	-0.04704	-0.07547	-0.85262	1.26108	0.99989	0.01488	0.00132	-0.01488	0.99989	-0.00082	-0.00133	0.00080	1.00000		-30.45592	-227.97217	-1.31359	-0.23297	0.31904	-0.11853	0.23744	0.99998	0.00207	-0.00557	-0.00209	0.99999	-0.00407	0.00556	0.00408	0.99998	
71	0.35500	124.57251	4.25414	0.54204	-0.03279	-0.07792	-0.85846	1.23199	0.99989	0.01498	0.00136	-0.01498	0.99989	-0.00057	-0.00137	0.00055	1.00000		-30.39709	-227.95420	-1.25692	-0.22055	0.32070	-0.11856	0.22313	0.99998	0.00207	-0.00560	-0.00209	0.99999	-0.00385	0.00559	0.00386	0.99998	
72	0.36000	124.58259	4.29267	0.52026	-0.02022	-0.07721	-0.85800	1.23981	0.99989	0.01497	0.00135	-0.01497	0.99989	-0.00035	-0.00135	0.00033	1.00000		-30.40066	-227.89511	-1.23351	-0.20343	0.32832	-0.12136	0.24333	0.99998	0.00212	-0.00573	-0.00214	0.99999	-0.00355	0.00572	0.00356	0.99998	
73	0.36500	124.55729	4.30136	0.48797	-0.00705	-0.08212	-0.85906	1.24491	0.99989	0.01499	0.00143	-0.01499	0.99989	-0.00012	-0.00143	0.00010	1.00000		-30.42116	-227.84211	-1.20939	-0.18724	0.33218	-0.11877	0.24162	0.99998	0.00207	-0.00580	-0.00209	0.99999	-0.00327	0.00579	0.00328	0.99998	
74	0.37000	124.62160	4.31649	0.46132	0.00791	-0.08670	-0.85901	1.24501	0.99989	0.01499	0.00151	-0.01499	0.99989	0.00014	-0.00151	-0.00016	1.00000		-30.41672	-227.83457	-1.15622	-0.17665	0.33905	-0.11993	0.23238	0.99998	0.00209	-0.00592	-0.00211	0.99999	-0.00308	0.00591	0.00310	0.99998	
75	0.37500	124.65322	4.35005	0.43118	0.02171	-0.08951	-0.86170	1.25021	0.99989	0.01504	0.00156	-0.01504	0.99989	0.00038	-0.00156	-0.00040	1.00000		-30.44572	-227.78082	-1.12789	-0.16117	0.34749	-0.11641	0.24567	0.99998	0.00203	-0.00606	-0.00205	0.99999	-0.00281	0.00606	0.00283	0.99998	
76	0.38000	124.62106	4.36348	0.40624	0.03559	-0.08760	-0.86751	1.24312	0.99988	0.01514	0.00153	-0.01514	0.99989	0.00062	-0.00152	-0.00064	1.00000		-30.45934	-227.74778	-1.09138	-0.14708	0.35426	-0.11993	0.24967	0.99998	0.00209	-0.00618	-0.00211	0.99999	-0.00257	0.00618	0.00258	0.99998	
77	0.38500	124.61190	4.39509	0.39732	0.05168	-0.08553	-0.86082	1.24792	0.99989	0.01502	0.00149	-0.01502	0.99989	0.00090	-0.00148	-0.00092	1.00000		-30.44112	-227.71203	-1.04707	-0.13083	0.36073	-0.12532	0.26100	0.99998	0.00219	-0.00630	-0.00220	0.99999	-0.00228	0.00629	0.00230	0.99998	
78	0.39000	124.65999	4.42707	0.36042	0.06927	-0.09020	-0.86712	1.23825	0.99988	0.01513	0.00157	-0.01514	0.99988	0.00121	-0.00156	-0.00123	1.00000		-30.45623	-227.67388	-1.02302	-0.11771	0.36818	-0.12517	0.25550	0.99998	0.00218	-0.00643	-0.00220	1.00000	-0.00205	0.00642	0.00207	0.99998	
79	0.39500	124.65215	4.43401	0.31901	0.08148	-0.09212	-0.86478	1.24836	0.99988	0.01509	0.00161	-0.01509	0.99989	0.00142	-0.00159	-0.00145	1.00000		-30.45110	-227.62308	-0.99525	-0.10164	0.37100	-0.12789	0.24243	0.99998	0.00223	-0.00648	-0.00224	1.00000	-0.00177	0.00647	0.00179	0.99998	
80	0.40000	124.66962	4.47031	0.32237	0.10043	-0.09005	-0.86252	1.26466	0.99989	0.01505	0.00157	-0.01506	0.99989	0.00175	-0.00155	-0.00178	1.00000		-30.46299	-227.62800	-0.94582	-0.09058	0.38342	-0.12540	0.27180	0.99998	0.00219	-0.00669	-0.00220	1.00000	-0.00158	0.00669	0.00160	0.99998	
81	0.40500	124.66912	4.49643	0.28297	0.11264	-0.09406	-0.86122	1.25422	0.99989	0.01503	0.00164	-0.01503	0.99989	0.00197	-0.00161	-0.00199	1.00000		-30.48746	-227.57897	-0.92185	-0.07611	0.39088	-0.12729	0.27111	0.99997	0.00222	-0.00682	-0.00223	1.00000	-0.00133	0.00682	0.00134	0.99998	
82	0.41000	124.70764	4.52427	0.24420	0.13246	-0.09668	-0.86080	1.25879	0.99989	0.01502	0.00169	-0.01503	0.99988	0.00231	-0.00165	-0.00234	1.00000		-30.52585	-227.55387	-0.88463	-0.06215	0.39816	-0.12420	0.27149	0.99997	0.00217	-0.00695	-0.00218	1.00000	-0.00108	0.00695	0.00110	0.99998	
83	0.41500	124.68891	4.56093	0.25128	0.15032	-0.09149	-0.86113	1.23868	0.99989	0.01503	0.00160	-0.01503	0.99988	0.00262	-0.00156	-0.00265	1.00000		-30.48545	-227.51846	-0.84538	-0.04529	0.40881	-0.13042	0.27587	0.99997	0.00228	-0.00714	-0.00228	1.00000	-0.00079	0.00713	0.00081	0.99997	
84	0.42000	124.67459	4.57454	0.22466	0.16203	-0.08642	-0.85645	1.25477	0.99989	0.01495	0.00151	-0.01495	0.99988	0.00283	-0.00147	-0.00285	0.99999		-30.52871	-227.46623	-0.82511	-0.03044	0.41590	-0.12942	0.26354	0.99997	0.00226	-0.00726	-0.00226	1.00000	-0.00053	0.00726	0.00055	0.99997	
85	0.42500	124.74355	4.63290	0.20359	0.18331	-0.09728	-0.86053	1.24436	0.99989	0.01502	0.00170	-0.01502	0.99988	0.00320	-0.00165	-0.00322	0.99999		-30.54500	-227.45339	-0.77966	-0.01694	0.42241	-0.12894	0.25919	0.99997	0.00225	-0.00737	-0.00225	1.00000	-0.00030	0.00737	0.00031	0.99997	
86	0.43000	124.73145	4.66543	0.18111	0.20105	-0.09630	-0.85437	1.25168	0.99989	0.01491	0.00168	-0.01492	0.99988	0.00351	-0.00163	-0.00353	0.99999		-30.50996	-227.42503	-0.75622	-0.00331	0.42730	-0.12682	0.25964	0.99997	0.00221	-0.00746	-0.00221	1.00000	-0.00006	0.00746	0.00007	0.99997	
87	0.43500	124.75973	4.69219	0.15392	0.21654	-0.10097	-0.85301	1.25709	0.99989	0.01489	0.00176	-0.01489	0.99988	0.00378	-0.00171	-0.00381	0.99999		-30.53353	-227.39207	-0.71121	0.01077	0.43631	-0.13186	0.25790	0.99997	0.00230	-0.00761	-0.00230	1.00000	0.00019	0.00762	-0.00017	0.99997	
88	0.44000	124.78315	4.72740	0.14581	0.23664	-0.09956	-0.84893	1.25550	0.99989	0.01482	0.00174	-0.01482	0.99988	0.00413	-0.00168	-0.00416	0.99999		-30.53966	-227.36197	-0.67896	0.02652	0.44550	-0.12998	0.25414	0.99997	0.00227	-0.00778	-0.00226	1.00000	0.00046	0.00778	-0.00045	0.99997	
89	0.44500	124.77730	4.76251	0.11170	0.25465	-0.10029	-0.85210	1.24292	0.99989	0.01487	0.00175	-0.01488	0.99988	0.00444	-0.00168	-0.00447	0.99999		-30.57275	-227.33684	-0.65082	0.04002	0.45890	-0.13114	0.25042	0.99997	0.00229	-0.00801	-0.00228	1.00000	0.00070	0.00801	-0.00068	0.99997	
90	0.45000	124.77750	4.79405	0.06990	0.27171	-0.09898	-0.85438	1.24519	0.99989	0.01491	0.00173	-0.01492	0.99988	0.00474	-0.00166	-0.00477	0.99999		-30.61618	-227.30094	-0.62201	0.05441	0.46787	-0.13105	0.24671	0.99996	0.00229	-0.00817	-0.00228	1.00000	0.00095	0.00817	-0.00093	0.99997	
91	0.45500	124.81371	4.86170	0.05956	0.29249	-0.10299	-0.84463	1.26918	0.99989	0.01474	0.00180	-0.01475	0.99988	0.00510	-0.00172	-0.00513	0.99999		-30.60678	-227.29815	-0.58108	0.06729	0.47532	-0.13225	0.26543	0.99996	0.00231	-0.00830	-0.00230	1.00000	0.00117	0.00830	-0.00116	0.99996	
92	0.46000	124.82525	4.89049	0.04260	0.30978	-0.09979	-0.85368	1.25407	0.99989	0.01490	0.00174	-0.01491	0.99987	0.00541	-0.00166	-0.00543	0.99998		-30.63219	-227.27601	-0.53174	0.07998	0.48682	-0.12974	0.25271	0.99996	0.00226	-0.00850	-0.00225	1.00000	0.00140	0.00850	-0.00138	0.99996	
93	0.46500	124.77929	4.94882	0.03847	0.33083	-0.09882	-0.84805	1.26117	0.99989	0.01480	0.00172	-0.01481	0.99987	0.00577	-0.00164	-0.00580	0.99998		-30.66272	-227.23644	-0.51575	0.09228	0.49569	-0.13017	0.25455	0.99996	0.00227	-0.00865	-0.00226	1.00000	0.00161	0.00865	-0.00159	0.99996	
94	0.47000	124.82460	4.99703	0.00325	0.35020	-0.10079	-0.84248	1.27749	0.99989	0.01470	0.00176	-0.01471	0.99987	0.00611	-0.00167	-0.00614	0.99998		-30.64881	-227.25194	-0.48755	0.10206	0.50408	-0.12682	0.23570	0.99996	0.00221	-0.00880	-0.00220	1.00000	0.00178	0.00880	-0.00176	0.99996	
95	0.47500	124.86990	5.04381	0.00227	0.37013	-0.10055	-0.84788	1.26475	0.99989	0.01480	0.00175	-0.01481	0.99987	0.00646	-0.00166	-0.00649	0.99998		-30.69397	-227.21229	-0.43781	0.11530	0.51386	-0.12944	0.24003	0.99996	0.00226	-0.00897	-0.00224	1.00000	0.00201	0.00897	-0.00199	0.99996	
96	0.48000	124.83043	5.10010	-0.01487	0.39148	-0.10072	-0.84768	1.26394	0.99989	0.01479	0.00176	-0.01481	0.99987	0.00683	-0.00166	-0.00686	0.99998		-30.73474	-227.19425	-0.40879	0.12674	0.52417	-0.12893	0.24527	0.99996	0.00225	-0.00915	-0.00223	1.00000	0.00221	0.00915	-0.00219	0.99996	
97	0.48500	124.88855	5.11686	-0.03883	0.40629	-0.09818	-0.84046	1.26486	0.99989	0.01467	0.00171	-0.01468	0.99987	0.00709	-0.00161	-0.00712	0.99997		-30.69572	-227.19173	-0.38933	0.13575	0.53038	-0.13367	0.23918	0.99995	0.00233	-0.00926	-0.00231	0.99999	0.00237	0.00926	-0.00235	0.99995	
98	0.49000	124.83658	5.18731	-0.03564	0.42616	-0.09188	-0.84180	1.25713	0.99989	0.01469	0.00160	-0.01470	0.99986	0.00744	-0.00149	-0.00746	0.99997		-30.74257	-227.16051	-0.35182	0.14789	0.53787	-0.13316	0.24209	0.99995	0.00232	-0.00939	-0.00230	0.99999	0.00258	0.00939	-0.00256	0.99995	
99	0.49500	124.81813	5.20482	-0.05382	0.44300	-0.09122	-0.84075	1.25070	0.99989	0.01467	0.00159	-0.01469	0.99986	0.00773	-0.00148	-0.00775	0.99997		-30.78456	-227.17068	-0.33113	0.15417	0.55052	-0.13506	0.24893	0.99995	0.00236	-0.00961	-0.00233	0.99999	0.00269	0.00961	-0.00267	0.99995	
100	0.50000	124.87654	5.27850	-0.06835	0.46308	-0.09425	-0.84062	1.25646	0.99989	0.01467	0.00164	-0.01468	0.99986	0.00808	-0.00153	-0.00811	0.99997		-30.73032	-227.17187	-0.29451	0.15978	0.54889	-0.13203	0.22455	0.99995	0.00230	-0.00958	-0.00228	0.99999	0.00279	0.00959	-0.00277	0.99995	
101	0.50500	124.85594	5.33294	-0.06556	0.48332	-0.09517	-0.84754	1.24764	0.99989	0.01479	0.00166	-0.01481	0.99985	0.00844	-0.00154	-0.00846	0.99996		-30.77855	-227.14409	-0.26967	0.16953	0.56204	-0.13790	0.25376	0.99995	0.00241	-0.00981	-0.00238	0.99999	0.00296	0.00982	-0.00294	0.99995	
102	0.51000	124.83551	5.39838	-0.06259	0.50627	-0.09713	-0.85329	1.23595	0.99989	0.01489	0.00170	-0.01491	0.99985	0.00884	-0.00156	-0.00886	0.99996		-30.80901	-227.11694	-0.28330	0.18542	0.57387	-0.13285	0.22631	0.99995	0.00232	-0.01002	-0.00229	0.99999	0.00324	0.01002	-0.00321	0.99994	
103	0.51500	124.82576	5.45636	-0.07038	0.52393	-0.09412	-0.85236	1.21618	0.99989	0.01488	0.00164	-0.01489	0.99985	0.00914	-0.00151	-0.00917	0.99996		-30.78427	-227.10944	-0.22505	0.18956	0.57275	-0.13923	0.23002	0.99995	0.00243	-0.01000	-0.00240	0.99999	0.00331	0.01000	-0.00328	0.99994	
104	0.52000	124.82190	5.49002	-0.09180	0.54142	-0.09260	-0.85149	1.22599	0.99989	0.01486	0.00162	-0.01488	0.99984	0.00945	-0.00148	-0.00947	0.99995		-30.79563	-227.10813	-0.21300	0.19539	0.58138	-0.13210	0.21262	0.99995	0.00231	-0.01015	-0.00227	0.99999	0.00341	0.01015	-0.00339	0.99994	
105	0.52500	124.83831	5.53807	-0.09838	0.56076	-0.09401	-0.84986	1.23110	0.99989	0.01483	0.00164	-0.01485	0.99984	0.00979	-0.00150	-0.00981	0.99995		-30.84730	-227.11097	-0.19622	0.20219	0.59414	-0.13309	0.23222	0.99994	0.00232	-0.01037	-0.00229	0.99999	0.00353	0.01038	-0.00350	0.99994	
106	0.53000	124.85226	5.59684	-0.11967	0.57978	-0.09086	-0.84914	1.24056	0.99989	0.01482	0.00159	-0.01484	0.99984	0.01012	-0.00144	-0.01014	0.99995		-30.80594	-227.14709	-0.14645	0.19783	0.59603	-0.13526	0.23514	0.99994	0.00236	-0.01040	-0.00232	0.99999	0.00345	0.01041	-0.00343	0.99994	
107	0.53500	124.84255	5.62908	-0.11596	0.59447	-0.09052	-0.85095	1.23574	0.99989	0.01485	0.00158	-0.01487	0.99984	0.01038	-0.00143	-0.01040	0.99994		-30.87477	-227.11042	-0.15071	0.20918	0.60871	-0.13804	0.25451	0.99994	0.00241	-0.01062	-0.00237	0.99999	0.00365	0.01063	-0.00363	0.99994	
108	0.54000	124.85679	5.70995	-0.11057	0.61652	-0.08912	-0.84823	1.21825	0.99989	0.01480	0.00156	-0.01482	0.99983	0.01076	-0.00140	-0.01078	0.99994		-30.85305	-227.12665	-0.12184	0.21110	0.60988	-0.13832	0.23970	0.99994	0.00241	-0.01064	-0.00237	0.99999	0.00368	0.01065	-0.00366	0.99994	
109	0.54500	124.84952	5.74259	-0.11198	0.63175	-0.08910	-0.85261	1.23467	0.99989	0.01488	0.00156	-0.01490	0.99983	0.01103	-0.00139	-0.01105	0.99994		-30.86459	-227.13463	-0.11373	0.21074	0.61954	-0.13203	0.24135	0.99994	0.00230	-0.01081	-0.00226	0.99999	0.00368	0.01082	-0.00365	0.99993	
110	0.55000	124.85527	5.78890	-0.12122	0.64822	-0.08891	-0.84749	1.22140	0.99989	0.01479	0.00155	-0.01481	0.99983	0.01131	-0.00138	-0.01133	0.99993		-30.86399	-227.13387	-0.10129	0.21305	0.61889	-0.13827	0.24285	0.99994	0.00241	-0.01080	-0.00237	0.99999	0.00372	0.01081	-0.00369	0.99993	
111	0.55500	124.88061	5.85810	-0.11509	0.66555	-0.08595	-0.84687	1.23116	0.99989	0.01478	0.00150	-0.01480	0.99982	0.01162	-0.00133	-0.01164	0.99993		-30.90156	-227.14713	-0.07177	0.21323	0.62934	-0.13712	0.25196	0.99994	0.00239	-0.01098	-0.00235	0.99999	0.00372	0.01099	-0.00370	0.99993	
112	0.56000	124.90525	5.90288	-0.11911	0.68006	-0.08913	-0.84623	1.23621	0.99989	0.01477	0.00156	-0.01479	0.99982	0.01187	-0.00138	-0.01189	0.99993		-30.87807	-227.17147	-0.05108	0.20702	0.63127	-0.13245	0.23664	0.99994	0.00231	-0.01102	-0.00227	0.99999	0.00361	0.01103	-0.00359	0.99993	
113	0.56500	124.88576	5.96477	-0.12836	0.69904	-0.08716	-0.84876	1.23523	0.99989	0.01481	0.00152	-0.01483	0.99982	0.01220	-0.00134	-0.01222	0.99992		-30.91762	-227.17768	-0.03841	0.20651	0.63775	-0.13592	0.22846	0.99994	0.00237	-0.01113	-0.00233	0.99999	0.00360	0.01114	-0.00358	0.99993	
114	0.57000	124.88664	5.99992	-0.11167	0.71126	-0.08224	-0.84608	1.24218	0.99989	0.01477	0.00144	-0.01478	0.99981	0.01241	-0.00125	-0.01243	0.99992		-30.90619	-227.20818	-0.01742	0.20428	0.64390	-0.13280	0.25882	0.99993	0.00232	-0.01124	-0.00228	0.99999	0.00357	0.01125	-0.00354	0.99993	
115	0.57500	124.83543	6.04544	-0.10289	0.72535	-0.07908	-0.84443	1.22656	0.99989	0.01474	0.00138	-0.01475	0.99981	0.01266	-0.00119	-0.01268	0.99992		-30.92601	-227.21737	-0.00490	0.19809	0.64933	-0.13597	0.24660	0.99993	0.00237	-0.01133	-0.00233	0.99999	0.00346	0.01134	-0.00343	0.99993	
116	0.58000	124.84732	6.09597	-0.11240	0.73965	-0.08016	-0.84672	1.23301	0.99989	0.01478	0.00140	-0.01479	0.99981	0.01291	-0.00121	-0.01293	0.99992		-30.91044	-227.23183	0.01546	0.19755	0.65474	-0.13912	0.25373	0.99993	0.00243	-0.01143	-0.00239	0.99999	0.00345	0.01144	-0.00342	0.99993	
117	0.58500	124.87474	6.14789	-0.10075	0.75518	-0.08177	-0.84033	1.23251	0.99989	0.01467	0.00143	-0.01468	0.99981	0.01318	-0.00123	-0.01320	0.99991		-30.93606	-227.27241	0.03288	0.18908	0.65798	-0.13532	0.25067	0.99993	0.00236	-0.01148	-0.00232	0.99999	0.00330	0.01149	-0.00327	0.99993	
118	0.59000	124.87012	6.19119	-0.10386	0.76497	-0.07769	-0.84355	1.21913	0.99989	0.01472	0.00136	-0.01474	0.99980	0.01335	-0.00116	-0.01337	0.99991		-30.93044	-227.27164	0.03246	0.18217	0.66041	-0.13571	0.23754	0.99993	0.00237	-0.01153	-0.00233	0.99999	0.00318	0.01153	-0.00315	0.99993	
119	0.59500	124.90832	6.22885	-0.11064	0.77880	-0.07877	-0.84213	1.24358	0.99989	0.01470	0.00137	-0.01471	0.99980	0.01359	-0.00117	-0.01361	0.99991		-30.90155	-227.30491	0.07408	0.17635	0.66558	-0.13662	0.24665	0.99993	0.00238	-0.01162	-0.00235	0.99999	0.00308	0.01162	-0.00305	0.99993	
120	0.60000	124.90832	6.28588	-0.08241	0.79136	-0.07991	-0.84253	1.23416	0.99989	0.01470	0.00139	-0.01472	0.99980	0.01381	-0.00119	-0.01383	0.99990		-30.96242	-227.34026	0.07082	0.16677	0.67274	-0.13477	0.23952	0.99993	0.00235	-0.01174	-0.00232	0.99999	0.00291	0.01175	-0.00288	0.99993	
121	0.60500	124.85430	6.30951	-0.07492	0.79844	-0.07340	-0.83729	1.23408	0.99989	0.01461	0.00128	-0.01463	0.99980	0.01393	-0.00108	-0.01395	0.99990		-30.92490	-227.39178	0.09638	0.14995	0.66747	-0.13189	0.23820	0.99993	0.00230	-0.01165	-0.00227	0.99999	0.00262	0.01166	-0.00259	0.99993	
122	0.61000	124.89647	6.35971	-0.05862	0.81488	-0.07855	-0.83626	1.24723	0.99989	0.01459	0.00137	-0.01461	0.99979	0.01422	-0.00116	-0.01424	0.99990		-30.92841	-227.38861	0.07906	0.15090	0.67276	-0.13156	0.21562	0.99993	0.00230	-0.01174	-0.00227	0.99999	0.00263	0.01175	-0.00261	0.99993	
123	0.61500	124.90878	6.39618	-0.04495	0.82443	-0.08065	-0.83687	1.24444	0.99989	0.01461	0.00141	-0.01462	0.99979	0.01439	-0.00120	-0.01441	0.99990		-30.96570	-227.40317	0.08398	0.14021	0.68059	-0.13225	0.24569	0.99993	0.00231	-0.01188	-0.00228	0.99999	0.00245	0.01188	-0.00242	0.99993	
124	0.62000	124.88626	6.43049	-0.04400	0.83086	-0.07542	-0.83603	1.24013	0.99989	0.01459	0.00132	-0.01461	0.99979	0.01450	-0.00110	-0.01452	0.99989		-30.98714	-227.43482	0.08857	0.12883	0.68622	-0.13184	0.24308	0.99993	0.00230	-0.01198	-0.00227	0.99999	0.00225	0.01198	-0.00222	0.99993	
125	0.62500	124.89767	6.44585	-0.02283	0.83877	-0.07812	-0.83661	1.24784	0.99989	0.01460	0.00136	-0.01462	0.99979	0.01464	-0.00115	-0.01466	0.99989		-30.92677	-227.50395	0.13481	0.11162	0.68233	-0.13533	0.25775	0.99993	0.00236	-0.01191	-0.00234	1.00000	0.00195	0.01191	-0.00192	0.99993	
126	0.63000	124.87843	6.49769	-0.02481	0.84864	-0.07555	-0.83915	1.23165	0.99989	0.01465	0.00132	-0.01466	0.99978	0.01481	-0.00110	-0.01483	0.99989		-30.97001	-227.50450	0.10152	0.10496	0.68859	-0.13394	0.23813	0.99993	0.00234	-0.01202	-0.00232	1.00000	0.00183	0.01202	-0.00180	0.99993	
127	0.63500	124.87675	6.53376	0.02130	0.85533	-0.07240	-0.83350	1.23271	0.99989	0.01455	0.00126	-0.01456	0.99978	0.01493	-0.00105	-0.01494	0.99989		-30.95485	-227.55297	0.13560	0.08582	0.69154	-0.13131	0.24750	0.99992	0.00229	-0.01207	-0.00227	1.00000	0.00150	0.01207	-0.00147	0.99993	
128	0.64000	124.89439	6.56691	0.02250	0.86381	-0.07576	-0.83236	1.23951	0.99989	0.01453	0.00132	-0.01455	0.99978	0.01508	-0.00110	-0.01509	0.99989		-30.90830	-227.61710	0.15251	0.07074	0.68821	-0.13710	0.26510	0.99993	0.00239	-0.01201	-0.00238	1.00000	0.00123	0.01201	-0.00121	0.99993	
129	0.64500	124.87302	6.60245	0.03244	0.86763	-0.07569	-0.83403	1.23058	0.99989	0.01456	0.00132	-0.01457	0.99978	0.01514	-0.00110	-0.01516	0.99988		-30.94366	-227.63568	0.13271	0.05538	0.68888	-0.12919	0.24884	0.99993	0.00225	-0.01202	-0.00224	1.00000	0.00097	0.01203	-0.00094	0.99993	
130	0.65000	124.87649	6.63888	0.06098	0.87699	-0.07449	-0.83970	1.22247	0.99989	0.01465	0.00130	-0.01467	0.99978	0.01531	-0.00108	-0.01532	0.99988		-30.94603	-227.67535	0.12460	0.04048	0.69533	-0.13108	0.26220	0.99992	0.00229	-0.01214	-0.00228	1.00000	0.00071	0.01214	-0.00068	0.99993	
131	0.65500	124.88945	6.69153	0.07310	0.88369	-0.07450	-0.84003	1.23611	0.99989	0.01466	0.00130	-0.01468	0.99977	0.01542	-0.00107	-0.01544	0.99988		-30.93483	-227.71261	0.12914	0.02678	0.69590	-0.12731	0.24312	0.99992	0.00222	-0.01215	-0.00222	1.00000	0.00047	0.01215	-0.00044	0.99993	
132	0.66000	124.85137	6.70499	0.07658	0.88480	-0.07614	-0.84433	1.23116	0.99989	0.01474	0.00133	-0.01475	0.99977	0.01544	-0.00110	-0.01546	0.99988		-30.95109	-227.73786	0.09675	0.01011	0.69231	-0.12812	0.24674	0.99992	0.00224	-0.01208	-0.00223	1.00000	0.00018	0.01208	-0.00015	0.99993	
133	0.66500	124.89660	6.73655	0.12928	0.89122	-0.07576	-0.84358	1.24204	0.99989	0.01472	0.00132	-0.01474	0.99977	0.01555	-0.00109	-0.01557	0.99988		-30.92047	-227.80311	0.10964	-0.00620	0.69514	-0.13237	0.25730	0.99992	0.00231	-0.01213	-0.00231	1.00000	-0.00011	0.01213	0.00014	0.99993	
134	0.67000	124.89545	6.75923	0.12771	0.89258	-0.07751	-0.84340	1.22401	0.99989	0.01472	0.00135	-0.01474	0.99977	0.01558	-0.00112	-0.01560	0.99988		-30.93548	-227.83805	0.06872	-0.02396	0.69308	-0.12972	0.25457	0.99992	0.00226	-0.01210	-0.00227	1.00000	-0.00042	0.01210	0.00045	0.99993	
135	0.67500	124.88972	6.79423	0.15415	0.89378	-0.07559	-0.83694	1.24801	0.99989	0.01461	0.00132	-0.01463	0.99977	0.01560	-0.00109	-0.01562	0.99988		-30.93741	-227.86502	0.06076	-0.03933	0.69768	-0.12770	0.25059	0.99992	0.00223	-0.01218	-0.00224	1.00000	-0.00069	0.01217	0.00071	0.99993	
136	0.68000	124.85713	6.84220	0.19765	0.90137	-0.07456	-0.85348	1.21347	0.99989	0.01490	0.00130	-0.01491	0.99976	0.01573	-0.00107	-0.01575	0.99988		-30.92212	-227.89934	0.05317	-0.05373	0.69051	-0.12795	0.23485	0.99992	0.00223	-0.01205	-0.00224	1.00000	-0.00094	0.01205	0.00096	0.99993	
137	0.68500	124.85112	6.86983	0.18730	0.90313	-0.07513	-0.85012	1.21380	0.99989	0.01484	0.00131	-0.01486	0.99977	0.01576	-0.00108	-0.01578	0.99987		-30.94102	-227.95434	0.02107	-0.07284	0.69131	-0.12495	0.24761	0.99992	0.00218	-0.01207	-0.00220	1.00000	-0.00127	0.01206	0.00130	0.99993	
