NO_OF_FRAMES	12046
NO_OF_CAMERAS	8
NO_OF_BODIES	2
FREQUENCY	200
NO_OF_ANALOG	0
ANALOG_FREQUENCY	0
DESCRIPTION	--
TIME_STAMP	2013-07-02, 18:33:03	3305881.01047800
DATA_INCLUDED	6D
BODY_NAMES	Ice 1	Ice 2
Frame	Time	Ice 1 X	Y	Z	Roll	Pitch	Yaw	Residual	Rot[0]	Rot[1]	Rot[2]	Rot[3]	Rot[4]	Rot[5]	Rot[6]	Rot[7]	Rot[8]	Ice 2 X	Y	Z	Roll	Pitch	Yaw	Residual	Rot[0]	Rot[1]	Rot[2]	Rot[3]	Rot[4]	Rot[5]	Rot[6]	Rot[7]	Rot[8]	
1	0.00500	130.33507	62.81932	0.84845	0.66735	0.02713	-0.62408	1.10647	0.99994	0.01089	-0.00047	-0.01089	0.99987	0.01165	0.00060	-0.01164	0.99993		-65.91921	-199.58550	-0.39368	-0.34318	0.38579	-0.37199	0.16453	0.99996	0.00649	-0.00673	-0.00653	0.99996	-0.00599	0.00669	0.00603	0.99996	
2	0.01000	130.28165	62.80130	0.87760	0.66317	0.03141	-0.63261	1.07103	0.99994	0.01104	-0.00055	-0.01103	0.99987	0.01157	0.00068	-0.01157	0.99993		-65.94197	-199.61923	-0.39700	-0.35917	0.39249	-0.36892	0.15908	0.99996	0.00644	-0.00685	-0.00648	0.99996	-0.00627	0.00681	0.00631	0.99996	
3	0.01500	130.28400	62.82244	0.87724	0.66482	0.01860	-0.63472	1.07419	0.99994	0.01108	-0.00032	-0.01107	0.99987	0.01160	0.00045	-0.01160	0.99993		-65.96240	-199.65841	-0.37487	-0.37759	0.39676	-0.37130	0.15304	0.99996	0.00648	-0.00692	-0.00653	0.99996	-0.00659	0.00688	0.00663	0.99995	
4	0.02000	130.28182	62.83159	0.88242	0.66737	0.00906	-0.63835	1.07647	0.99994	0.01114	-0.00016	-0.01114	0.99987	0.01165	0.00029	-0.01165	0.99993		-65.99223	-199.71045	-0.37320	-0.39897	0.40306	-0.37154	0.14607	0.99995	0.00648	-0.00703	-0.00653	0.99995	-0.00696	0.00699	0.00701	0.99995	
5	0.02500	130.27565	62.85611	0.90074	0.66892	0.00131	-0.63606	1.07883	0.99994	0.01110	-0.00002	-0.01110	0.99987	0.01167	0.00015	-0.01167	0.99993		-65.99110	-199.79172	-0.35393	-0.42703	0.40237	-0.36802	0.16662	0.99995	0.00642	-0.00702	-0.00648	0.99995	-0.00745	0.00697	0.00750	0.99995	
6	0.03000	130.29307	62.87896	0.90481	0.67096	-0.00634	-0.63189	1.07545	0.99994	0.01103	0.00011	-0.01103	0.99987	0.01171	0.00002	-0.01171	0.99993		-66.00469	-199.84457	-0.33572	-0.44744	0.40720	-0.36530	0.16299	0.99995	0.00638	-0.00711	-0.00643	0.99995	-0.00781	0.00706	0.00785	0.99994	
7	0.03500	130.25978	62.90391	0.90850	0.67175	-0.01319	-0.63117	1.07767	0.99994	0.01102	0.00023	-0.01102	0.99987	0.01172	-0.00010	-0.01173	0.99993		-66.00462	-199.89447	-0.32556	-0.46832	0.40678	-0.36860	0.16583	0.99995	0.00643	-0.00710	-0.00649	0.99995	-0.00817	0.00705	0.00822	0.99994	
8	0.04000	130.27283	62.92522	0.92971	0.67811	-0.02977	-0.64142	1.06947	0.99994	0.01119	0.00052	-0.01120	0.99987	0.01184	-0.00039	-0.01184	0.99993		-65.99003	-199.93374	-0.32037	-0.48825	0.41260	-0.36243	0.17467	0.99995	0.00633	-0.00720	-0.00639	0.99994	-0.00852	0.00715	0.00857	0.99994	
9	0.04500	130.23688	62.97776	0.95626	0.68358	-0.03369	-0.64417	1.06178	0.99994	0.01124	0.00059	-0.01125	0.99987	0.01193	-0.00045	-0.01194	0.99993		-66.04902	-199.97680	-0.31843	-0.50697	0.41851	-0.36551	0.17350	0.99995	0.00638	-0.00730	-0.00644	0.99994	-0.00885	0.00725	0.00889	0.99993	
10	0.05000	130.24777	63.01836	0.96409	0.68819	-0.04668	-0.64699	1.06869	0.99994	0.01129	0.00081	-0.01130	0.99986	0.01201	-0.00068	-0.01202	0.99993		-66.05042	-200.03624	-0.32087	-0.52680	0.41997	-0.35994	0.17403	0.99995	0.00628	-0.00733	-0.00635	0.99994	-0.00919	0.00727	0.00924	0.99993	
11	0.05500	130.00580	62.90048	1.09796	0.68714	-0.05262	-0.63603	1.13210	0.99994	0.01110	0.00092	-0.01111	0.99987	0.01199	-0.00079	-0.01200	0.99993		-66.05901	-200.04195	-0.31578	-0.54054	0.42433	-0.36395	0.17452	0.99995	0.00635	-0.00741	-0.00642	0.99993	-0.00943	0.00735	0.00948	0.99993	
12	0.06000	130.00113	62.92084	1.08886	0.69063	-0.06409	-0.63613	1.14082	0.99994	0.01110	0.00112	-0.01112	0.99987	0.01205	-0.00098	-0.01207	0.99993		-66.05717	-200.09486	-0.32211	-0.56120	0.42094	-0.36535	0.17237	0.99995	0.00638	-0.00735	-0.00645	0.99993	-0.00979	0.00728	0.00984	0.99993	
13	0.06500	129.97676	62.93264	1.11684	0.69227	-0.07079	-0.63710	1.14289	0.99994	0.01112	0.00124	-0.01113	0.99987	0.01208	-0.00110	-0.01210	0.99993		-66.04984	-200.12927	-0.31718	-0.57708	0.42550	-0.36434	0.16109	0.99995	0.00636	-0.00743	-0.00643	0.99993	-0.01007	0.00736	0.01012	0.99992	
14	0.07000	129.97228	62.94305	1.13758	0.69207	-0.08013	-0.63583	1.15345	0.99994	0.01110	0.00140	-0.01111	0.99987	0.01208	-0.00126	-0.01209	0.99993		-66.08251	-200.19674	-0.30641	-0.59817	0.42681	-0.36219	0.14823	0.99995	0.00632	-0.00745	-0.00640	0.99992	-0.01044	0.00738	0.01049	0.99992	
15	0.07500	129.99399	62.96321	1.13774	0.69572	-0.09490	-0.63297	1.15537	0.99994	0.01105	0.00166	-0.01107	0.99987	0.01214	-0.00152	-0.01216	0.99992		-66.07720	-200.22981	-0.31392	-0.61249	0.43425	-0.36126	0.17778	0.99995	0.00630	-0.00758	-0.00639	0.99992	-0.01069	0.00751	0.01074	0.99991	
16	0.08000	129.93335	62.97221	1.16521	0.69663	-0.09747	-0.63297	1.17146	0.99994	0.01105	0.00170	-0.01107	0.99986	0.01216	-0.00157	-0.01218	0.99992		-66.10613	-200.25683	-0.30812	-0.62641	0.43517	-0.36127	0.16510	0.99995	0.00631	-0.00760	-0.00639	0.99992	-0.01093	0.00753	0.01098	0.99991	
17	0.08500	129.95099	62.99014	1.17780	0.69691	-0.10235	-0.63459	1.16948	0.99994	0.01108	0.00179	-0.01110	0.99986	0.01216	-0.00165	-0.01218	0.99992		-66.12632	-200.29720	-0.31449	-0.64336	0.43414	-0.36066	0.15384	0.99995	0.00629	-0.00758	-0.00638	0.99992	-0.01123	0.00751	0.01128	0.99991	
18	0.09000	129.94429	63.01730	1.15769	0.70076	-0.11502	-0.63611	1.16043	0.99994	0.01110	0.00201	-0.01113	0.99986	0.01223	-0.00187	-0.01225	0.99992		-66.13640	-200.33052	-0.32140	-0.65938	0.43783	-0.35416	0.15288	0.99995	0.00618	-0.00764	-0.00627	0.99991	-0.01151	0.00757	0.01156	0.99990	
19	0.09500	129.90738	63.01602	1.18367	0.70092	-0.12112	-0.63614	1.16051	0.99994	0.01110	0.00211	-0.01113	0.99986	0.01223	-0.00198	-0.01226	0.99992		-66.16251	-200.39823	-0.31476	-0.67632	0.43704	-0.35394	0.16097	0.99995	0.00618	-0.00763	-0.00627	0.99991	-0.01180	0.00755	0.01185	0.99990	
20	0.10000	129.90298	63.04457	1.19537	0.70355	-0.12443	-0.63980	1.15917	0.99994	0.01117	0.00217	-0.01119	0.99986	0.01228	-0.00203	-0.01230	0.99992		-66.16528	-200.43070	-0.32563	-0.69128	0.43656	-0.34728	0.16057	0.99995	0.00606	-0.00762	-0.00615	0.99991	-0.01206	0.00755	0.01211	0.99990	
21	0.10500	129.92834	63.07034	1.18812	0.70740	-0.13875	-0.63665	1.16243	0.99994	0.01111	0.00242	-0.01114	0.99986	0.01235	-0.00228	-0.01237	0.99992		-66.15315	-200.47977	-0.30337	-0.70655	0.43475	-0.35435	0.14554	0.99995	0.00618	-0.00759	-0.00628	0.99990	-0.01233	0.00751	0.01238	0.99990	
22	0.11000	129.91728	63.08559	1.20180	0.70710	-0.14178	-0.63499	1.16292	0.99994	0.01108	0.00247	-0.01111	0.99986	0.01234	-0.00234	-0.01237	0.99992		-66.14454	-200.50373	-0.31136	-0.71673	0.44085	-0.35213	0.15440	0.99995	0.00615	-0.00769	-0.00624	0.99990	-0.01251	0.00762	0.01256	0.99989	
23	0.11500	129.89872	63.09551	1.18541	0.70845	-0.14735	-0.63326	1.17002	0.99994	0.01105	0.00257	-0.01108	0.99986	0.01236	-0.00243	-0.01239	0.99992		-66.21485	-200.55612	-0.30393	-0.73503	0.44151	-0.34840	0.16271	0.99995	0.00608	-0.00771	-0.00618	0.99990	-0.01283	0.00763	0.01287	0.99989	
24	0.12000	129.89179	63.11584	1.20285	0.71258	-0.15257	-0.63396	1.17423	0.99994	0.01106	0.00266	-0.01110	0.99986	0.01244	-0.00252	-0.01247	0.99992		-66.18012	-200.58497	-0.30357	-0.74420	0.44131	-0.35074	0.15835	0.99995	0.00612	-0.00770	-0.00622	0.99990	-0.01299	0.00762	0.01304	0.99989	
25	0.12500	129.90834	63.14190	1.19498	0.71638	-0.15851	-0.62861	1.17418	0.99994	0.01097	0.00277	-0.01100	0.99986	0.01250	-0.00263	-0.01253	0.99992		-66.20917	-200.62292	-0.32288	-0.75529	0.44366	-0.34629	0.16773	0.99995	0.00604	-0.00774	-0.00615	0.99989	-0.01318	0.00766	0.01323	0.99988	
26	0.13000	129.89643	63.16449	1.19918	0.71925	-0.16509	-0.63495	1.17078	0.99993	0.01108	0.00288	-0.01112	0.99986	0.01255	-0.00274	-0.01258	0.99992		-66.22301	-200.64849	-0.32599	-0.76434	0.44509	-0.35080	0.16480	0.99995	0.00612	-0.00777	-0.00623	0.99989	-0.01334	0.00769	0.01339	0.99988	
27	0.13500	129.88499	63.17265	1.21056	0.72070	-0.16839	-0.63746	1.16285	0.99993	0.01113	0.00294	-0.01116	0.99986	0.01258	-0.00280	-0.01261	0.99992		-66.19190	-200.67896	-0.31687	-0.77227	0.44046	-0.34828	0.15649	0.99995	0.00608	-0.00769	-0.00618	0.99989	-0.01348	0.00760	0.01352	0.99988	
28	0.14000	129.87146	63.19371	1.21341	0.72433	-0.17121	-0.63721	1.16852	0.99993	0.01112	0.00299	-0.01116	0.99986	0.01264	-0.00285	-0.01267	0.99992		-66.22538	-200.71298	-0.34874	-0.78151	0.44128	-0.34598	0.16067	0.99995	0.00604	-0.00770	-0.00614	0.99989	-0.01364	0.00762	0.01369	0.99988	
29	0.14500	129.85961	63.23034	1.20127	0.73007	-0.17575	-0.63921	1.16992	0.99993	0.01116	0.00307	-0.01119	0.99986	0.01274	-0.00292	-0.01278	0.99991		-66.27468	-200.72617	-0.35215	-0.78566	0.45055	-0.34574	0.18434	0.99995	0.00603	-0.00786	-0.00614	0.99989	-0.01371	0.00778	0.01376	0.99988	
30	0.15000	129.87530	63.24843	1.20977	0.73451	-0.17892	-0.63129	1.18711	0.99993	0.01102	0.00312	-0.01106	0.99986	0.01282	-0.00298	-0.01285	0.99991		-66.24009	-200.74368	-0.36037	-0.79051	0.44500	-0.34778	0.15853	0.99995	0.00607	-0.00777	-0.00618	0.99989	-0.01380	0.00768	0.01384	0.99987	
31	0.15500	129.90447	63.26169	1.20197	0.73542	-0.18206	-0.63229	1.17845	0.99993	0.01104	0.00318	-0.01108	0.99986	0.01284	-0.00304	-0.01287	0.99991		-66.26458	-200.77679	-0.36765	-0.79717	0.44816	-0.34776	0.17034	0.99995	0.00607	-0.00782	-0.00618	0.99988	-0.01391	0.00774	0.01396	0.99987	
32	0.16000	129.89354	63.27566	1.18463	0.74001	-0.18475	-0.63594	1.18606	0.99993	0.01110	0.00322	-0.01114	0.99985	0.01292	-0.00308	-0.01295	0.99991		-66.28172	-200.77801	-0.37141	-0.79774	0.44725	-0.34774	0.16398	0.99995	0.00607	-0.00781	-0.00618	0.99988	-0.01392	0.00772	0.01397	0.99987	
33	0.16500	129.84978	63.30853	1.20599	0.74605	-0.18506	-0.63491	1.17877	0.99993	0.01108	0.00323	-0.01112	0.99985	0.01302	-0.00309	-0.01306	0.99991		-66.27787	-200.78911	-0.38820	-0.80101	0.44911	-0.35174	0.16549	0.99995	0.00614	-0.00784	-0.00625	0.99988	-0.01398	0.00775	0.01403	0.99987	
34	0.17000	129.82708	63.30842	1.19594	0.74615	-0.17762	-0.63231	1.17647	0.99993	0.01104	0.00310	-0.01108	0.99985	0.01302	-0.00296	-0.01306	0.99991		-66.31644	-200.81069	-0.40876	-0.79894	0.45404	-0.34933	0.17615	0.99995	0.00610	-0.00792	-0.00621	0.99988	-0.01394	0.00784	0.01399	0.99987	
35	0.17500	129.84979	63.32324	1.19875	0.74767	-0.17988	-0.63324	1.18057	0.99993	0.01105	0.00314	-0.01109	0.99985	0.01305	-0.00299	-0.01308	0.99991		-66.32971	-200.83052	-0.41195	-0.80287	0.44984	-0.34754	0.16450	0.99995	0.00607	-0.00785	-0.00618	0.99988	-0.01401	0.00777	0.01406	0.99987	
36	0.18000	129.88635	63.35443	1.19656	0.75553	-0.18257	-0.63470	1.18115	0.99993	0.01108	0.00319	-0.01112	0.99985	0.01319	-0.00304	-0.01322	0.99991		-66.29728	-200.86168	-0.42024	-0.80551	0.44620	-0.34964	0.16105	0.99995	0.00610	-0.00779	-0.00621	0.99988	-0.01406	0.00770	0.01411	0.99987	
37	0.18500	129.86101	63.35865	1.17506	0.75913	-0.18332	-0.63973	1.17357	0.99993	0.01117	0.00320	-0.01121	0.99985	0.01325	-0.00305	-0.01328	0.99991		-66.34467	-200.87066	-0.43631	-0.80404	0.44687	-0.34983	0.15832	0.99995	0.00611	-0.00780	-0.00621	0.99988	-0.01403	0.00771	0.01408	0.99987	
38	0.19000	129.84665	63.38221	1.16064	0.76399	-0.18192	-0.63381	1.18814	0.99993	0.01106	0.00318	-0.01110	0.99985	0.01333	-0.00303	-0.01337	0.99991		-66.35128	-200.86741	-0.44506	-0.80088	0.45272	-0.34863	0.18209	0.99995	0.00608	-0.00790	-0.00619	0.99988	-0.01398	0.00782	0.01403	0.99987	
39	0.19500	129.88268	63.42389	1.15925	0.77126	-0.18456	-0.63320	1.19097	0.99993	0.01105	0.00322	-0.01109	0.99985	0.01346	-0.00307	-0.01350	0.99990		-66.31447	-200.86859	-0.45029	-0.79755	0.45057	-0.35103	0.16186	0.99995	0.00613	-0.00786	-0.00624	0.99988	-0.01392	0.00778	0.01397	0.99987	
40	0.20000	129.81226	63.40522	1.15144	0.77223	-0.17029	-0.63242	1.17087	0.99993	0.01104	0.00297	-0.01108	0.99985	0.01348	-0.00282	-0.01351	0.99990		-66.36298	-200.87303	-0.46247	-0.79293	0.45114	-0.35071	0.15565	0.99995	0.00612	-0.00787	-0.00623	0.99988	-0.01384	0.00779	0.01389	0.99987	
41	0.20500	129.83088	63.42894	1.14301	0.77745	-0.17200	-0.62962	1.20342	0.99994	0.01099	0.00300	-0.01103	0.99985	0.01357	-0.00285	-0.01360	0.99990		-66.35578	-200.85874	-0.50590	-0.78104	0.45227	-0.35171	0.14505	0.99995	0.00614	-0.00789	-0.00625	0.99989	-0.01363	0.00781	0.01368	0.99988	
42	0.21000	129.90064	63.43857	1.10297	0.78119	-0.17476	-0.63412	1.18266	0.99993	0.01107	0.00305	-0.01111	0.99985	0.01363	-0.00290	-0.01367	0.99990		-66.36294	-200.88061	-0.50572	-0.77972	0.45294	-0.35347	0.16372	0.99995	0.00617	-0.00791	-0.00628	0.99989	-0.01361	0.00782	0.01366	0.99988	
43	0.21500	129.82868	63.46480	1.09579	0.78774	-0.16824	-0.63381	1.18559	0.99993	0.01106	0.00294	-0.01110	0.99984	0.01375	-0.00278	-0.01378	0.99990		-66.40374	-200.85236	-0.53118	-0.77067	0.45455	-0.35289	0.16672	0.99995	0.00616	-0.00793	-0.00627	0.99989	-0.01345	0.00785	0.01350	0.99988	
44	0.22000	129.81606	63.48685	1.10426	0.79517	-0.15790	-0.62814	1.19207	0.99994	0.01096	0.00276	-0.01100	0.99984	0.01388	-0.00260	-0.01391	0.99990		-66.41586	-200.83940	-0.54467	-0.76142	0.45596	-0.35244	0.16282	0.99995	0.00615	-0.00796	-0.00626	0.99989	-0.01329	0.00788	0.01334	0.99988	
45	0.22500	129.81841	63.47540	1.07600	0.79648	-0.15620	-0.63163	1.19977	0.99994	0.01102	0.00273	-0.01106	0.99984	0.01390	-0.00257	-0.01393	0.99990		-66.38477	-200.85932	-0.55792	-0.75819	0.45455	-0.35178	0.15804	0.99995	0.00614	-0.00793	-0.00624	0.99989	-0.01323	0.00785	0.01328	0.99988	
46	0.23000	129.83720	63.49655	1.04839	0.80366	-0.15750	-0.63235	1.19544	0.99994	0.01104	0.00275	-0.01107	0.99984	0.01403	-0.00259	-0.01406	0.99990		-66.41023	-200.84055	-0.57151	-0.74473	0.45612	-0.35403	0.14821	0.99995	0.00618	-0.00796	-0.00628	0.99990	-0.01300	0.00788	0.01305	0.99988	
47	0.23500	129.80464	63.50683	1.05821	0.80757	-0.14558	-0.63578	1.17693	0.99994	0.01110	0.00254	-0.01113	0.99984	0.01409	-0.00238	-0.01412	0.99990		-66.42609	-200.83023	-0.58881	-0.73811	0.45906	-0.35499	0.16154	0.99995	0.00620	-0.00801	-0.00630	0.99990	-0.01288	0.00793	0.01293	0.99988	
48	0.24000	129.81933	63.51812	1.00911	0.81415	-0.14158	-0.63631	1.18244	0.99994	0.01111	0.00247	-0.01114	0.99984	0.01421	-0.00231	-0.01424	0.99990		-66.42020	-200.82569	-0.59406	-0.72840	0.46088	-0.35922	0.16904	0.99995	0.00627	-0.00804	-0.00637	0.99990	-0.01271	0.00796	0.01276	0.99989	
49	0.24500	129.82950	63.55844	1.01688	0.82157	-0.13622	-0.63414	1.19054	0.99994	0.01107	0.00238	-0.01110	0.99984	0.01434	-0.00222	-0.01436	0.99989		-66.40075	-200.81728	-0.62036	-0.71697	0.45683	-0.35978	0.15771	0.99995	0.00628	-0.00797	-0.00638	0.99990	-0.01251	0.00789	0.01256	0.99989	
50	0.25000	129.81193	63.55921	0.98358	0.82665	-0.12669	-0.63308	1.18510	0.99994	0.01105	0.00221	-0.01108	0.99983	0.01443	-0.00205	-0.01445	0.99989		-66.40585	-200.80314	-0.61291	-0.70542	0.45637	-0.36153	0.15783	0.99995	0.00631	-0.00797	-0.00641	0.99990	-0.01231	0.00789	0.01236	0.99989	
51	0.25500	129.77300	63.58001	0.97912	0.83129	-0.11532	-0.63422	1.18150	0.99994	0.01107	0.00201	-0.01110	0.99983	0.01451	-0.00185	-0.01453	0.99989		-66.40862	-200.79755	-0.63494	-0.69453	0.45767	-0.36485	0.15791	0.99995	0.00637	-0.00799	-0.00646	0.99991	-0.01212	0.00791	0.01217	0.99989	
52	0.26000	129.81173	63.59796	0.96105	0.83896	-0.11832	-0.63758	1.21055	0.99994	0.01113	0.00207	-0.01116	0.99983	0.01464	-0.00190	-0.01466	0.99989		-66.37589	-200.76795	-0.65787	-0.67876	0.45800	-0.36686	0.17547	0.99995	0.00640	-0.00799	-0.00650	0.99991	-0.01185	0.00792	0.01190	0.99990	
53	0.26500	129.77036	63.59987	0.94566	0.84473	-0.10339	-0.64036	1.18846	0.99994	0.01118	0.00180	-0.01120	0.99983	0.01474	-0.00164	-0.01476	0.99989		-66.42565	-200.75846	-0.67038	-0.67098	0.45880	-0.36809	0.17168	0.99995	0.00642	-0.00801	-0.00652	0.99991	-0.01171	0.00793	0.01176	0.99990	
54	0.27000	129.80778	63.63498	0.90785	0.85254	-0.10292	-0.63783	1.18462	0.99994	0.01113	0.00180	-0.01116	0.99983	0.01488	-0.00163	-0.01490	0.99989		-66.38542	-200.74272	-0.67661	-0.65722	0.45936	-0.36347	0.17141	0.99995	0.00634	-0.00802	-0.00644	0.99991	-0.01147	0.00794	0.01152	0.99990	
55	0.27500	129.77612	63.64245	0.90405	0.85720	-0.09035	-0.63898	1.20621	0.99994	0.01115	0.00158	-0.01117	0.99983	0.01496	-0.00141	-0.01498	0.99989		-66.39844	-200.72632	-0.68614	-0.64310	0.46040	-0.36569	0.16717	0.99995	0.00638	-0.00804	-0.00647	0.99992	-0.01122	0.00796	0.01128	0.99990	
56	0.28000	129.78816	63.65231	0.86824	0.86240	-0.08829	-0.63648	1.20137	0.99994	0.01111	0.00154	-0.01113	0.99982	0.01505	-0.00137	-0.01507	0.99989		-66.41237	-200.70199	-0.70362	-0.63042	0.45983	-0.36629	0.18136	0.99995	0.00639	-0.00803	-0.00648	0.99992	-0.01100	0.00795	0.01105	0.99991	
57	0.28500	129.79615	63.64443	0.86321	0.86493	-0.07914	-0.63711	1.20347	0.99994	0.01112	0.00138	-0.01114	0.99982	0.01510	-0.00121	-0.01511	0.99989		-66.41018	-200.70166	-0.70443	-0.62086	0.45981	-0.36297	0.18307	0.99995	0.00633	-0.00803	-0.00642	0.99992	-0.01084	0.00796	0.01089	0.99991	
58	0.29000	129.79329	63.65778	0.85529	0.86955	-0.07142	-0.63637	1.20185	0.99994	0.01111	0.00125	-0.01112	0.99982	0.01518	-0.00108	-0.01519	0.99988		-66.40118	-200.68302	-0.71438	-0.60581	0.46032	-0.37097	0.17356	0.99995	0.00647	-0.00803	-0.00656	0.99992	-0.01057	0.00796	0.01062	0.99991	
59	0.29500	129.75157	63.66737	0.81974	0.87271	-0.06002	-0.64017	1.18725	0.99994	0.01117	0.00105	-0.01119	0.99982	0.01523	-0.00088	-0.01524	0.99988		-66.40774	-200.66157	-0.71928	-0.59298	0.45544	-0.36795	0.16289	0.99995	0.00642	-0.00795	-0.00650	0.99993	-0.01035	0.00788	0.01040	0.99991	
60	0.30000	129.73647	63.66695	0.80244	0.87735	-0.04787	-0.63670	1.21189	0.99994	0.01111	0.00084	-0.01112	0.99982	0.01531	-0.00067	-0.01532	0.99988		-66.39442	-200.65213	-0.72094	-0.57886	0.45721	-0.37007	0.15442	0.99995	0.00646	-0.00798	-0.00654	0.99993	-0.01010	0.00791	0.01015	0.99992	
61	0.30500	129.76302	63.69383	0.78305	0.88299	-0.04806	-0.63306	1.20142	0.99994	0.01105	0.00084	-0.01106	0.99982	0.01541	-0.00067	-0.01542	0.99988		-66.41732	-200.59250	-0.73479	-0.56319	0.46210	-0.36502	0.18230	0.99995	0.00637	-0.00807	-0.00645	0.99993	-0.00983	0.00800	0.00988	0.99992	
62	0.31000	129.74970	63.68335	0.74476	0.88458	-0.03995	-0.63562	1.20687	0.99994	0.01109	0.00070	-0.01110	0.99982	0.01544	-0.00053	-0.01544	0.99988		-66.44672	-200.57999	-0.73990	-0.54902	0.46423	-0.36912	0.17296	0.99995	0.00644	-0.00810	-0.00652	0.99993	-0.00958	0.00804	0.00963	0.99992	
63	0.31500	129.75314	63.70264	0.73792	0.88809	-0.03065	-0.63343	1.20149	0.99994	0.01106	0.00054	-0.01106	0.99982	0.01550	-0.00036	-0.01550	0.99988		-66.43361	-200.56555	-0.74554	-0.53495	0.46384	-0.37395	0.16431	0.99995	0.00653	-0.00810	-0.00660	0.99993	-0.00934	0.00803	0.00939	0.99992	
64	0.32000	129.75379	63.69083	0.71381	0.88818	-0.02410	-0.63416	1.20861	0.99994	0.01107	0.00042	-0.01107	0.99982	0.01550	-0.00025	-0.01550	0.99988		-66.39658	-200.52155	-0.74755	-0.52021	0.46380	-0.36984	0.15907	0.99995	0.00645	-0.00809	-0.00653	0.99994	-0.00908	0.00804	0.00913	0.99993	
65	0.32500	129.74759	63.70829	0.68429	0.89494	-0.01649	-0.63763	1.20693	0.99994	0.01113	0.00029	-0.01113	0.99982	0.01562	-0.00011	-0.01562	0.99988		-66.42707	-200.47052	-0.77834	-0.50051	0.46437	-0.37279	0.14428	0.99995	0.00651	-0.00810	-0.00658	0.99994	-0.00874	0.00805	0.00879	0.99993	
66	0.33000	129.72079	63.71245	0.66120	0.89655	-0.00874	-0.63731	1.20942	0.99994	0.01112	0.00015	-0.01112	0.99982	0.01565	0.00002	-0.01565	0.99988		-66.42801	-200.45365	-0.77533	-0.48805	0.46755	-0.37014	0.14709	0.99995	0.00646	-0.00816	-0.00653	0.99994	-0.00852	0.00810	0.00857	0.99993	
67	0.33500	129.73602	63.72141	0.64004	0.89906	-0.00351	-0.63497	1.21025	0.99994	0.01108	0.00006	-0.01108	0.99982	0.01569	0.00011	-0.01569	0.99988		-66.42536	-200.42912	-0.76401	-0.47301	0.46748	-0.36761	0.14707	0.99995	0.00642	-0.00816	-0.00648	0.99994	-0.00826	0.00811	0.00831	0.99993	
68	0.34000	129.75822	63.71390	0.61153	0.90196	-0.00086	-0.63662	1.20923	0.99994	0.01111	0.00001	-0.01111	0.99981	0.01574	0.00016	-0.01574	0.99988		-66.44063	-200.37501	-0.79066	-0.45632	0.47005	-0.37698	0.14752	0.99994	0.00658	-0.00820	-0.00664	0.99995	-0.00796	0.00815	0.00802	0.99993	
69	0.34500	129.73743	63.72037	0.57961	0.90158	0.00806	-0.63194	1.20429	0.99994	0.01103	-0.00014	-0.01103	0.99982	0.01573	0.00031	-0.01573	0.99988		-66.43168	-200.33594	-0.78377	-0.44090	0.47155	-0.37576	0.15169	0.99994	0.00656	-0.00823	-0.00662	0.99995	-0.00769	0.00818	0.00775	0.99994	
70	0.35000	129.69932	63.72452	0.58420	0.90152	0.01812	-0.63375	1.20476	0.99994	0.01106	-0.00032	-0.01105	0.99982	0.01573	0.00049	-0.01573	0.99988		-66.45403	-200.31119	-0.78464	-0.42603	0.47239	-0.37689	0.14666	0.99994	0.00658	-0.00824	-0.00664	0.99995	-0.00744	0.00820	0.00749	0.99994	
71	0.35500	129.70284	63.71469	0.54033	0.90128	0.01785	-0.63340	1.21542	0.99994	0.01105	-0.00031	-0.01105	0.99982	0.01573	0.00049	-0.01573	0.99988		-66.42703	-200.28292	-0.79001	-0.41508	0.47029	-0.37739	0.15191	0.99994	0.00659	-0.00821	-0.00665	0.99995	-0.00724	0.00816	0.00730	0.99994	
72	0.36000	129.74328	63.76154	0.52841	0.90735	0.02512	-0.63464	1.21991	0.99994	0.01108	-0.00044	-0.01107	0.99981	0.01584	0.00061	-0.01583	0.99987		-66.45248	-200.23263	-0.79966	-0.39954	0.47506	-0.37452	0.14339	0.99994	0.00654	-0.00829	-0.00659	0.99995	-0.00697	0.00825	0.00703	0.99994	
73	0.36500	129.70875	63.73532	0.49059	0.90474	0.02814	-0.63425	1.21595	0.99994	0.01107	-0.00049	-0.01106	0.99981	0.01579	0.00067	-0.01578	0.99988		-66.44668	-200.18512	-0.80521	-0.38531	0.47546	-0.37868	0.14718	0.99994	0.00661	-0.00830	-0.00666	0.99996	-0.00672	0.00825	0.00678	0.99994	
74	0.37000	129.73237	63.73238	0.48696	0.90385	0.02999	-0.63284	1.20988	0.99994	0.01104	-0.00052	-0.01104	0.99981	0.01577	0.00070	-0.01577	0.99988		-66.43671	-200.15706	-0.80239	-0.37238	0.47668	-0.37802	0.13123	0.99994	0.00660	-0.00832	-0.00665	0.99996	-0.00650	0.00828	0.00655	0.99994	
75	0.37500	129.70375	63.75852	0.45147	0.90398	0.04100	-0.63524	1.21617	0.99994	0.01109	-0.00072	-0.01107	0.99981	0.01578	0.00089	-0.01577	0.99988		-66.41787	-200.12121	-0.80374	-0.36063	0.47875	-0.37878	0.14362	0.99994	0.00661	-0.00836	-0.00666	0.99996	-0.00629	0.00831	0.00635	0.99995	
76	0.38000	129.66872	63.72678	0.43566	0.89950	0.04519	-0.63362	1.21764	0.99994	0.01106	-0.00079	-0.01104	0.99982	0.01570	0.00096	-0.01569	0.99988		-66.44248	-200.06811	-0.80437	-0.34673	0.47938	-0.37736	0.14920	0.99994	0.00659	-0.00837	-0.00664	0.99996	-0.00605	0.00833	0.00611	0.99995	
77	0.38500	129.69239	63.75770	0.41098	0.90329	0.04797	-0.63566	1.21180	0.99994	0.01109	-0.00084	-0.01108	0.99981	0.01576	0.00101	-0.01575	0.99988		-66.39865	-200.04107	-0.80999	-0.33479	0.47531	-0.38351	0.14884	0.99994	0.00669	-0.00830	-0.00674	0.99996	-0.00584	0.00826	0.00590	0.99995	
78	0.39000	129.64591	63.76344	0.40678	0.90085	0.04935	-0.63468	1.21385	0.99994	0.01108	-0.00086	-0.01106	0.99982	0.01572	0.00104	-0.01571	0.99988		-66.41009	-199.98926	-0.81133	-0.32090	0.47743	-0.38254	0.12407	0.99994	0.00668	-0.00833	-0.00672	0.99996	-0.00560	0.00829	0.00566	0.99995	
79	0.39500	129.66267	63.73350	0.36263	0.89440	0.04737	-0.63910	1.19867	0.99994	0.01115	-0.00083	-0.01114	0.99982	0.01561	0.00100	-0.01560	0.99988		-66.42108	-199.93783	-0.81622	-0.30907	0.48003	-0.38418	0.16022	0.99994	0.00670	-0.00838	-0.00675	0.99996	-0.00539	0.00834	0.00545	0.99995	
80	0.40000	129.67683	63.76224	0.37814	0.89603	0.05402	-0.63798	1.21675	0.99994	0.01113	-0.00094	-0.01112	0.99982	0.01564	0.00112	-0.01563	0.99988		-66.39907	-199.89247	-0.80517	-0.29843	0.47971	-0.38491	0.14268	0.99994	0.00672	-0.00837	-0.00676	0.99996	-0.00521	0.00834	0.00526	0.99995	
81	0.40500	129.67126	63.76263	0.34609	0.89346	0.05914	-0.63761	1.20406	0.99994	0.01113	-0.00103	-0.01111	0.99982	0.01559	0.00121	-0.01558	0.99988		-66.41508	-199.85523	-0.80149	-0.28695	0.48052	-0.38480	0.15351	0.99994	0.00672	-0.00839	-0.00676	0.99996	-0.00501	0.00835	0.00506	0.99995	
82	0.41000	129.69551	63.73774	0.33848	0.88655	0.05279	-0.63607	1.21587	0.99994	0.01110	-0.00092	-0.01109	0.99982	0.01547	0.00109	-0.01546	0.99988		-66.37490	-199.81080	-0.80719	-0.27528	0.47800	-0.38737	0.15211	0.99994	0.00676	-0.00834	-0.00680	0.99997	-0.00480	0.00831	0.00486	0.99995	
83	0.41500	129.64216	63.74415	0.32872	0.88501	0.05812	-0.63565	1.21576	0.99994	0.01109	-0.00101	-0.01108	0.99982	0.01545	0.00119	-0.01543	0.99988		-66.37199	-199.76650	-0.80008	-0.26487	0.48194	-0.38408	0.13542	0.99994	0.00670	-0.00841	-0.00674	0.99997	-0.00462	0.00838	0.00468	0.99995	
84	0.42000	129.64885	63.72899	0.30288	0.87864	0.05538	-0.63732	1.21045	0.99994	0.01112	-0.00097	-0.01111	0.99982	0.01533	0.00114	-0.01532	0.99988		-66.36413	-199.71680	-0.79657	-0.25561	0.48066	-0.38706	0.15500	0.99994	0.00676	-0.00839	-0.00679	0.99997	-0.00446	0.00836	0.00452	0.99995	
85	0.42500	129.72334	63.72713	0.26107	0.87330	0.05001	-0.62344	1.23531	0.99994	0.01088	-0.00087	-0.01087	0.99982	0.01524	0.00104	-0.01523	0.99988		-66.33946	-199.68105	-0.80175	-0.24711	0.47981	-0.38815	0.16460	0.99994	0.00677	-0.00837	-0.00681	0.99997	-0.00431	0.00834	0.00437	0.99996	
86	0.43000	129.68490	63.73816	0.25924	0.87101	0.05209	-0.62558	1.23022	0.99994	0.01092	-0.00091	-0.01090	0.99983	0.01520	0.00107	-0.01519	0.99988		-66.31431	-199.63817	-0.79030	-0.23729	0.47390	-0.39260	0.13058	0.99994	0.00685	-0.00827	-0.00689	0.99997	-0.00414	0.00824	0.00420	0.99996	
87	0.43500	129.68577	63.68221	0.26080	0.85663	0.05156	-0.62013	1.22430	0.99994	0.01082	-0.00090	-0.01081	0.99983	0.01495	0.00106	-0.01494	0.99989		-66.31800	-199.59281	-0.78674	-0.22896	0.47531	-0.39569	0.14792	0.99994	0.00691	-0.00830	-0.00694	0.99997	-0.00400	0.00827	0.00405	0.99996	
88	0.44000	129.71385	63.68894	0.23056	0.85299	0.04875	-0.61600	1.23696	0.99994	0.01075	-0.00085	-0.01074	0.99983	0.01489	0.00101	-0.01488	0.99989		-66.30643	-199.56254	-0.77063	-0.22296	0.47522	-0.39197	0.14955	0.99994	0.00684	-0.00829	-0.00687	0.99997	-0.00389	0.00827	0.00395	0.99996	
89	0.44500	129.66290	63.69217	0.19978	0.84911	0.04871	-0.61390	1.23594	0.99994	0.01071	-0.00085	-0.01070	0.99983	0.01482	0.00101	-0.01481	0.99989		-66.29823	-199.50624	-0.76695	-0.21557	0.47204	-0.39319	0.14852	0.99994	0.00686	-0.00824	-0.00689	0.99997	-0.00376	0.00821	0.00382	0.99996	
90	0.45000	129.64519	63.67892	0.22140	0.84133	0.04825	-0.61953	1.23442	0.99994	0.01081	-0.00084	-0.01080	0.99983	0.01468	0.00100	-0.01467	0.99989		-66.30417	-199.45833	-0.77632	-0.20540	0.47593	-0.39101	0.16493	0.99994	0.00682	-0.00831	-0.00685	0.99997	-0.00358	0.00828	0.00364	0.99996	
91	0.45500	129.66176	63.69009	0.21039	0.83829	0.04511	-0.61669	1.22133	0.99994	0.01076	-0.00079	-0.01075	0.99984	0.01463	0.00094	-0.01462	0.99989		-66.27847	-199.43446	-0.75145	-0.20119	0.46789	-0.39509	0.15032	0.99994	0.00690	-0.00817	-0.00692	0.99997	-0.00351	0.00814	0.00357	0.99996	
92	0.46000	129.67025	63.66296	0.19932	0.82894	0.03865	-0.61549	1.22759	0.99994	0.01074	-0.00067	-0.01073	0.99984	0.01447	0.00083	-0.01446	0.99990		-66.28350	-199.36491	-0.74814	-0.19155	0.47034	-0.39312	0.16416	0.99994	0.00686	-0.00821	-0.00689	0.99997	-0.00334	0.00819	0.00340	0.99996	
93	0.46500	129.63283	63.65837	0.20093	0.82378	0.03668	-0.61844	1.22836	0.99994	0.01079	-0.00064	-0.01078	0.99984	0.01438	0.00080	-0.01437	0.99990		-66.27649	-199.33220	-0.75671	-0.18740	0.46688	-0.39003	0.16051	0.99994	0.00681	-0.00815	-0.00683	0.99997	-0.00327	0.00813	0.00333	0.99996	
94	0.47000	129.66291	63.67261	0.19991	0.81980	0.02968	-0.61518	1.24189	0.99994	0.01074	-0.00052	-0.01073	0.99984	0.01431	0.00067	-0.01430	0.99990		-66.23903	-199.28267	-0.74550	-0.18076	0.46646	-0.39411	0.15747	0.99994	0.00688	-0.00814	-0.00690	0.99997	-0.00315	0.00812	0.00321	0.99996	
95	0.47500	129.61340	63.64614	0.20192	0.81335	0.02572	-0.61789	1.22863	0.99994	0.01078	-0.00045	-0.01078	0.99984	0.01420	0.00060	-0.01419	0.99990		-66.25506	-199.24726	-0.74078	-0.17762	0.46144	-0.38959	0.16172	0.99994	0.00680	-0.00805	-0.00682	0.99997	-0.00310	0.00803	0.00315	0.99996	
96	0.48000	129.59190	63.66045	0.20294	0.80548	0.02450	-0.61225	1.23428	0.99994	0.01069	-0.00043	-0.01068	0.99984	0.01406	0.00058	-0.01405	0.99990		-66.22412	-199.18850	-0.73784	-0.16915	0.45763	-0.39369	0.14974	0.99994	0.00687	-0.00799	-0.00689	0.99997	-0.00295	0.00797	0.00301	0.99996	
97	0.48500	129.59803	63.65514	0.20268	0.80268	0.01729	-0.61867	1.21395	0.99994	0.01080	-0.00030	-0.01079	0.99984	0.01401	0.00045	-0.01400	0.99990		-66.23259	-199.15757	-0.72535	-0.16538	0.45801	-0.39433	0.16388	0.99994	0.00688	-0.00799	-0.00691	0.99997	-0.00289	0.00797	0.00294	0.99996	
98	0.49000	129.58185	63.63757	0.18289	0.79398	0.01080	-0.61597	1.22061	0.99994	0.01075	-0.00019	-0.01075	0.99985	0.01386	0.00034	-0.01385	0.99990		-66.21546	-199.11502	-0.73855	-0.15988	0.45469	-0.39244	0.14711	0.99995	0.00685	-0.00794	-0.00687	0.99997	-0.00279	0.00792	0.00284	0.99996	
99	0.49500	129.62186	63.64342	0.19649	0.78787	0.00238	-0.61274	1.24611	0.99994	0.01069	-0.00004	-0.01069	0.99985	0.01375	0.00019	-0.01375	0.99991		-66.20468	-199.07046	-0.72650	-0.15586	0.45362	-0.39545	0.16626	0.99994	0.00690	-0.00792	-0.00692	0.99997	-0.00272	0.00790	0.00277	0.99996	
100	0.50000	129.62374	63.65479	0.19168	0.78483	-0.00373	-0.61223	1.23207	0.99994	0.01069	0.00007	-0.01069	0.99985	0.01370	0.00008	-0.01370	0.99991		-66.18913	-199.02905	-0.72272	-0.15061	0.45083	-0.39257	0.16874	0.99995	0.00685	-0.00787	-0.00687	0.99997	-0.00263	0.00785	0.00268	0.99997	
101	0.50500	129.51836	63.63057	0.20416	0.77679	-0.00349	-0.61290	1.23050	0.99994	0.01070	0.00006	-0.01070	0.99985	0.01356	0.00008	-0.01356	0.99991		-66.18018	-198.98317	-0.72714	-0.14670	0.44526	-0.39291	0.16246	0.99995	0.00686	-0.00777	-0.00688	0.99997	-0.00256	0.00775	0.00261	0.99997	
102	0.51000	129.57925	63.63487	0.20399	0.77076	-0.01623	-0.61180	1.24332	0.99994	0.01068	0.00028	-0.01068	0.99985	0.01345	-0.00014	-0.01345	0.99991		-66.19094	-198.93552	-0.72725	-0.14232	0.44436	-0.39635	0.17411	0.99995	0.00692	-0.00776	-0.00694	0.99997	-0.00248	0.00774	0.00254	0.99997	
103	0.51500	129.55934	63.60765	0.21417	0.76453	-0.02334	-0.61634	1.23122	0.99994	0.01076	0.00041	-0.01076	0.99985	0.01334	-0.00026	-0.01335	0.99991		-66.14341	-198.91471	-0.71567	-0.13825	0.44053	-0.39074	0.15103	0.99995	0.00682	-0.00769	-0.00684	0.99997	-0.00241	0.00767	0.00247	0.99997	
104	0.52000	129.57231	63.64566	0.22241	0.76159	-0.03203	-0.60981	1.23852	0.99994	0.01064	0.00056	-0.01065	0.99985	0.01329	-0.00042	-0.01330	0.99991		-66.15347	-198.85509	-0.71137	-0.13565	0.43557	-0.39270	0.15544	0.99995	0.00685	-0.00760	-0.00687	0.99997	-0.00237	0.00759	0.00242	0.99997	
105	0.52500	129.53586	63.59785	0.22383	0.74995	-0.03703	-0.61449	1.23905	0.99994	0.01072	0.00065	-0.01073	0.99986	0.01309	-0.00051	-0.01309	0.99991		-66.14486	-198.82816	-0.72409	-0.13275	0.43187	-0.39679	0.15636	0.99995	0.00693	-0.00754	-0.00694	0.99997	-0.00232	0.00752	0.00237	0.99997	
106	0.53000	129.56458	63.59049	0.22640	0.74609	-0.04628	-0.61513	1.23254	0.99994	0.01074	0.00081	-0.01075	0.99986	0.01302	-0.00067	-0.01303	0.99991		-66.11047	-198.78373	-0.72077	-0.12638	0.42956	-0.39859	0.16924	0.99995	0.00696	-0.00750	-0.00697	0.99997	-0.00221	0.00748	0.00226	0.99997	
107	0.53500	129.55902	63.59930	0.21711	0.74364	-0.05878	-0.61616	1.22730	0.99994	0.01075	0.00103	-0.01077	0.99986	0.01298	-0.00089	-0.01299	0.99992		-66.12789	-198.73346	-0.73305	-0.12386	0.42566	-0.39791	0.17280	0.99995	0.00694	-0.00743	-0.00696	0.99997	-0.00216	0.00741	0.00221	0.99997	
108	0.54000	129.57273	63.59790	0.24099	0.73711	-0.06652	-0.61324	1.24090	0.99994	0.01070	0.00116	-0.01072	0.99986	0.01286	-0.00102	-0.01288	0.99992		-66.09008	-198.70557	-0.72928	-0.12169	0.41774	-0.39502	0.15984	0.99995	0.00689	-0.00729	-0.00691	0.99997	-0.00212	0.00728	0.00217	0.99997	
109	0.54500	129.57594	63.57259	0.24970	0.73117	-0.07291	-0.61292	1.23333	0.99994	0.01070	0.00127	-0.01071	0.99986	0.01276	-0.00114	-0.01277	0.99992		-66.07839	-198.67971	-0.72072	-0.12035	0.41133	-0.39406	0.15599	0.99995	0.00688	-0.00718	-0.00689	0.99997	-0.00210	0.00716	0.00215	0.99997	
110	0.55000	129.55428	63.57511	0.25944	0.72679	-0.08020	-0.61641	1.23359	0.99994	0.01076	0.00140	-0.01078	0.99986	0.01268	-0.00126	-0.01270	0.99992		-66.11241	-198.62785	-0.73696	-0.11657	0.40875	-0.39440	0.17308	0.99995	0.00688	-0.00713	-0.00690	0.99997	-0.00203	0.00712	0.00208	0.99997	
111	0.55500	129.56626	63.56488	0.27264	0.72077	-0.08830	-0.61199	1.23444	0.99994	0.01068	0.00154	-0.01070	0.99986	0.01258	-0.00141	-0.01260	0.99992		-66.05817	-198.61338	-0.72932	-0.11387	0.40339	-0.39469	0.15498	0.99995	0.00689	-0.00704	-0.00690	0.99997	-0.00199	0.00703	0.00204	0.99997	
112	0.56000	129.54423	63.54504	0.29702	0.71351	-0.09399	-0.60640	1.24174	0.99994	0.01058	0.00164	-0.01060	0.99987	0.01245	-0.00151	-0.01247	0.99992		-66.04809	-198.58380	-0.74609	-0.11365	0.39766	-0.39637	0.15086	0.99995	0.00692	-0.00694	-0.00693	0.99997	-0.00198	0.00693	0.00203	0.99997	
113	0.56500	129.51735	63.54433	0.31266	0.71156	-0.09662	-0.61473	1.23156	0.99994	0.01073	0.00169	-0.01075	0.99987	0.01242	-0.00155	-0.01244	0.99992		-66.04249	-198.53578	-0.74634	-0.10920	0.39294	-0.39879	0.14590	0.99995	0.00696	-0.00686	-0.00697	0.99997	-0.00191	0.00684	0.00195	0.99997	
114	0.57000	129.50355	63.52558	0.34841	0.70484	-0.10190	-0.61846	1.23086	0.99994	0.01079	0.00178	-0.01082	0.99987	0.01230	-0.00165	-0.01232	0.99992		-66.00993	-198.49708	-0.74701	-0.10427	0.39081	-0.39565	0.15700	0.99995	0.00691	-0.00682	-0.00692	0.99997	-0.00182	0.00681	0.00187	0.99998	
115	0.57500	129.46031	63.51532	0.34998	0.69859	-0.10418	-0.61548	1.22925	0.99994	0.01074	0.00182	-0.01076	0.99987	0.01219	-0.00169	-0.01221	0.99992		-66.03076	-198.44906	-0.75535	-0.09886	0.38969	-0.40221	0.16675	0.99995	0.00702	-0.00680	-0.00703	0.99997	-0.00173	0.00679	0.00177	0.99998	
116	0.58000	129.50976	63.49459	0.35031	0.69524	-0.11829	-0.60811	1.23973	0.99994	0.01061	0.00206	-0.01064	0.99987	0.01213	-0.00194	-0.01216	0.99992		-66.01079	-198.43362	-0.75977	-0.09446	0.38250	-0.40349	0.14931	0.99995	0.00704	-0.00668	-0.00705	0.99997	-0.00165	0.00666	0.00170	0.99998	
117	0.58500	129.48547	63.47585	0.37707	0.69170	-0.12308	-0.61055	1.22921	0.99994	0.01066	0.00215	-0.01068	0.99987	0.01207	-0.00202	-0.01209	0.99992		-65.99261	-198.40159	-0.77624	-0.09262	0.37697	-0.39856	0.16807	0.99995	0.00696	-0.00658	-0.00697	0.99997	-0.00162	0.00657	0.00166	0.99998	
118	0.59000	129.42742	63.48210	0.39580	0.68604	-0.12459	-0.60801	1.24035	0.99994	0.01061	0.00217	-0.01064	0.99987	0.01197	-0.00205	-0.01200	0.99993		-66.03045	-198.36430	-0.78405	-0.09124	0.37279	-0.39672	0.15888	0.99995	0.00692	-0.00651	-0.00693	0.99997	-0.00159	0.00650	0.00164	0.99998	
119	0.59500	129.48176	63.45592	0.40875	0.68298	-0.13531	-0.61102	1.22761	0.99994	0.01066	0.00236	-0.01069	0.99987	0.01192	-0.00223	-0.01194	0.99993		-65.99861	-198.33503	-0.79720	-0.08544	0.36783	-0.39939	0.15193	0.99996	0.00697	-0.00642	-0.00698	0.99997	-0.00149	0.00641	0.00154	0.99998	
120	0.60000	129.43305	63.45107	0.44086	0.67827	-0.13353	-0.60989	1.23200	0.99994	0.01064	0.00233	-0.01067	0.99987	0.01184	-0.00220	-0.01186	0.99993		-66.00451	-198.30479	-0.79700	-0.08099	0.36498	-0.39415	0.15965	0.99996	0.00688	-0.00637	-0.00689	0.99998	-0.00141	0.00636	0.00146	0.99998	
121	0.60500	129.47417	63.41543	0.45464	0.66998	-0.13873	-0.60407	1.24726	0.99994	0.01054	0.00242	-0.01057	0.99988	0.01169	-0.00230	-0.01172	0.99993		-66.01327	-198.29409	-0.81381	-0.07761	0.36440	-0.39653	0.15541	0.99996	0.00692	-0.00636	-0.00693	0.99998	-0.00135	0.00635	0.00140	0.99998	
122	0.61000	129.43642	63.40705	0.47362	0.66724	-0.14300	-0.60292	1.25193	0.99994	0.01052	0.00250	-0.01055	0.99988	0.01165	-0.00237	-0.01167	0.99993		-65.96632	-198.25670	-0.81448	-0.07201	0.35662	-0.40167	0.15133	0.99996	0.00701	-0.00622	-0.00702	0.99997	-0.00126	0.00622	0.00130	0.99998	
123	0.61500	129.42915	63.42472	0.48366	0.67163	-0.14425	-0.60944	1.24034	0.99994	0.01064	0.00252	-0.01067	0.99987	0.01172	-0.00239	-0.01175	0.99993		-65.92681	-198.25294	-0.82732	-0.06999	0.34968	-0.39777	0.14143	0.99996	0.00694	-0.00610	-0.00695	0.99998	-0.00122	0.00609	0.00126	0.99998	
124	0.62000	129.41578	63.41267	0.50450	0.66536	-0.14647	-0.60761	1.21878	0.99994	0.01060	0.00256	-0.01063	0.99988	0.01161	-0.00243	-0.01164	0.99993		-65.96453	-198.23412	-0.84746	-0.06635	0.34881	-0.39806	0.16256	0.99996	0.00695	-0.00609	-0.00695	0.99998	-0.00116	0.00608	0.00120	0.99998	
125	0.62500	129.42323	63.38990	0.53350	0.66216	-0.15057	-0.60645	1.23514	0.99994	0.01058	0.00263	-0.01061	0.99988	0.01156	-0.00251	-0.01158	0.99993		-65.91766	-198.18356	-0.85250	-0.05893	0.33882	-0.40278	0.13692	0.99996	0.00703	-0.00591	-0.00704	0.99997	-0.00103	0.00591	0.00107	0.99998	
126	0.63000	129.42530	63.38643	0.56009	0.66093	-0.15352	-0.60644	1.23602	0.99994	0.01058	0.00268	-0.01061	0.99988	0.01154	-0.00256	-0.01156	0.99993		-65.92684	-198.17016	-0.86467	-0.05416	0.33582	-0.39658	0.14386	0.99996	0.00692	-0.00586	-0.00693	0.99998	-0.00095	0.00585	0.00099	0.99998	
127	0.63500	129.39863	63.37123	0.58785	0.65695	-0.14681	-0.60613	1.23416	0.99994	0.01058	0.00256	-0.01061	0.99988	0.01147	-0.00244	-0.01149	0.99993		-65.91618	-198.16683	-0.88155	-0.05130	0.33295	-0.39842	0.14837	0.99996	0.00695	-0.00581	-0.00696	0.99998	-0.00090	0.00580	0.00094	0.99998	
128	0.64000	129.38877	63.35279	0.60481	0.65254	-0.14982	-0.60888	1.23596	0.99994	0.01063	0.00261	-0.01066	0.99988	0.01139	-0.00249	-0.01142	0.99993		-65.90868	-198.14660	-0.89839	-0.04575	0.32868	-0.40084	0.14751	0.99996	0.00700	-0.00574	-0.00700	0.99998	-0.00080	0.00573	0.00084	0.99998	
129	0.64500	129.41011	63.35549	0.61933	0.65283	-0.15184	-0.60430	1.23189	0.99994	0.01055	0.00265	-0.01058	0.99988	0.01139	-0.00253	-0.01142	0.99993		-65.92242	-198.12269	-0.88975	-0.03778	0.32406	-0.39923	0.13650	0.99996	0.00697	-0.00566	-0.00697	0.99998	-0.00066	0.00565	0.00070	0.99998	
130	0.65000	129.36356	63.35234	0.63088	0.65265	-0.14787	-0.60943	1.23354	0.99994	0.01064	0.00258	-0.01067	0.99988	0.01139	-0.00246	-0.01142	0.99993		-65.91125	-198.11851	-0.90645	-0.03683	0.32144	-0.39913	0.13971	0.99996	0.00697	-0.00561	-0.00697	0.99998	-0.00064	0.00561	0.00068	0.99998	
131	0.65500	129.37585	63.33085	0.65068	0.64896	-0.14545	-0.60682	1.24671	0.99994	0.01059	0.00254	-0.01062	0.99988	0.01133	-0.00242	-0.01135	0.99993		-65.88140	-198.10315	-0.92773	-0.02792	0.31597	-0.40078	0.14913	0.99996	0.00699	-0.00551	-0.00700	0.99998	-0.00049	0.00551	0.00053	0.99998	
132	0.66000	129.38961	63.32416	0.65866	0.64790	-0.14898	-0.60692	1.24274	0.99994	0.01059	0.00260	-0.01062	0.99988	0.01131	-0.00248	-0.01133	0.99993		-65.88923	-198.08134	-0.94006	-0.02036	0.31003	-0.40060	0.13920	0.99996	0.00699	-0.00541	-0.00699	0.99998	-0.00036	0.00541	0.00039	0.99999	
133	0.66500	129.36261	63.32479	0.69499	0.64686	-0.14166	-0.60618	1.23583	0.99994	0.01058	0.00247	-0.01061	0.99988	0.01129	-0.00235	-0.01132	0.99993		-65.88547	-198.08449	-0.95229	-0.01818	0.30609	-0.39790	0.13994	0.99996	0.00694	-0.00534	-0.00695	0.99998	-0.00032	0.00534	0.00035	0.99999	
134	0.67000	129.38709	63.30879	0.71502	0.64299	-0.14258	-0.60611	1.22768	0.99994	0.01058	0.00249	-0.01061	0.99988	0.01122	-0.00237	-0.01125	0.99993		-65.87504	-198.06382	-0.96928	-0.01135	0.30329	-0.39773	0.14046	0.99996	0.00694	-0.00529	-0.00694	0.99998	-0.00020	0.00529	0.00023	0.99999	
135	0.67500	129.35164	63.30841	0.72588	0.64591	-0.13650	-0.60537	1.22069	0.99994	0.01057	0.00238	-0.01059	0.99988	0.01127	-0.00226	-0.01130	0.99993		-65.86535	-198.04642	-0.98217	-0.00317	0.30024	-0.40237	0.14496	0.99996	0.00702	-0.00524	-0.00702	0.99998	-0.00006	0.00524	0.00009	0.99999	
136	0.68000	129.34610	63.28677	0.74137	0.64170	-0.13491	-0.60790	1.20979	0.99994	0.01061	0.00235	-0.01064	0.99988	0.01120	-0.00224	-0.01122	0.99993		-65.86558	-198.05063	-1.00254	0.00058	0.29216	-0.40310	0.13824	0.99996	0.00704	-0.00510	-0.00704	0.99998	0.00001	0.00510	0.00003	0.99999	
137	0.68500	129.37713	63.28655	0.75369	0.64091	-0.13032	-0.60729	1.22981	0.99994	0.01060	0.00227	-0.01062	0.99988	0.01119	-0.00216	-0.01121	0.99993		-65.85377	-198.05233	-1.01929	0.00754	0.29033	-0.39922	0.14198	0.99996	0.00697	-0.00507	-0.00697	0.99998	0.00013	0.00507	-0.00010	0.99999	
