NO_OF_FRAMES	12036
NO_OF_CAMERAS	8
NO_OF_BODIES	2
FREQUENCY	200
NO_OF_ANALOG	0
ANALOG_FREQUENCY	0
DESCRIPTION	--
TIME_STAMP	2013-07-04, 10:21:34	92510.44658951
DATA_INCLUDED	6D
BODY_NAMES	Ice 1	Ice 2
Frame	Time	Ice 1 X	Y	Z	Roll	Pitch	Yaw	Residual	Rot[0]	Rot[1]	Rot[2]	Rot[3]	Rot[4]	Rot[5]	Rot[6]	Rot[7]	Rot[8]	Ice 2 X	Y	Z	Roll	Pitch	Yaw	Residual	Rot[0]	Rot[1]	Rot[2]	Rot[3]	Rot[4]	Rot[5]	Rot[6]	Rot[7]	Rot[8]	
1	0.00500	76.81417	-27.33400	1.06215	0.44499	0.01291	9.18357	0.98516	0.98718	-0.15960	-0.00023	0.15960	0.98715	0.00777	-0.00102	-0.00770	0.99997		-94.97775	-204.81431	0.18880	-0.29619	0.36959	0.76358	0.44964	0.99989	-0.01333	-0.00645	0.01329	0.99990	-0.00517	0.00652	0.00508	0.99997	
2	0.01000	76.83397	-27.36338	1.07385	0.44169	0.01674	9.18146	0.96578	0.98719	-0.15956	-0.00029	0.15956	0.98716	0.00771	-0.00094	-0.00766	0.99997		-95.09655	-204.75043	0.17539	-0.28031	0.38755	0.76222	0.38922	0.99989	-0.01330	-0.00676	0.01327	0.99990	-0.00489	0.00683	0.00480	0.99997	
3	0.01500	76.80669	-27.34591	1.06939	0.44376	0.02040	9.18362	0.96140	0.98718	-0.15960	-0.00036	0.15960	0.98715	0.00775	-0.00088	-0.00770	0.99997		-95.06747	-204.74612	0.17039	-0.27777	0.38765	0.76082	0.39713	0.99989	-0.01328	-0.00677	0.01325	0.99990	-0.00485	0.00683	0.00476	0.99997	
4	0.02000	76.79866	-27.36097	1.06745	0.44216	0.02570	9.18086	0.96179	0.98719	-0.15955	-0.00045	0.15955	0.98716	0.00772	-0.00079	-0.00769	0.99997		-95.09699	-204.74713	0.17435	-0.27097	0.39079	0.75984	0.38257	0.99989	-0.01326	-0.00682	0.01323	0.99990	-0.00473	0.00688	0.00464	0.99997	
5	0.02500	76.82396	-27.35270	1.04289	0.44342	0.02418	9.18415	0.95799	0.98718	-0.15961	-0.00042	0.15961	0.98715	0.00774	-0.00082	-0.00771	0.99997		-95.10826	-204.74515	0.16625	-0.26961	0.39086	0.76054	0.38156	0.99989	-0.01327	-0.00682	0.01324	0.99990	-0.00471	0.00688	0.00461	0.99997	
6	0.03000	76.81877	-27.34685	1.04267	0.44608	0.02696	9.18083	0.96634	0.98719	-0.15955	-0.00047	0.15955	0.98716	0.00779	-0.00078	-0.00776	0.99997		-95.11835	-204.76430	0.16230	-0.26995	0.39234	0.76436	0.37702	0.99989	-0.01334	-0.00685	0.01331	0.99990	-0.00471	0.00691	0.00462	0.99997	
7	0.03500	76.80749	-27.35516	1.02753	0.44451	0.03587	9.18484	0.96826	0.98718	-0.15962	-0.00063	0.15962	0.98715	0.00776	-0.00062	-0.00776	0.99997		-95.10643	-204.74608	0.15306	-0.26241	0.39139	0.76041	0.38076	0.99989	-0.01327	-0.00683	0.01324	0.99990	-0.00458	0.00689	0.00449	0.99997	
8	0.04000	76.81891	-27.34840	1.01532	0.44963	0.03559	9.18470	0.96773	0.98718	-0.15962	-0.00062	0.15962	0.98715	0.00785	-0.00064	-0.00785	0.99997		-95.07493	-204.73383	0.16003	-0.25664	0.39806	0.76024	0.38057	0.99989	-0.01327	-0.00695	0.01324	0.99990	-0.00448	0.00701	0.00439	0.99997	
9	0.04500	76.81135	-27.33815	0.99492	0.45113	0.03828	9.18279	0.96317	0.98718	-0.15958	-0.00067	0.15959	0.98715	0.00787	-0.00060	-0.00788	0.99997		-95.12462	-204.74005	0.15685	-0.25578	0.39720	0.76195	0.38501	0.99989	-0.01330	-0.00693	0.01327	0.99990	-0.00446	0.00699	0.00437	0.99997	
10	0.05000	76.86838	-27.33478	0.99541	0.45515	0.03575	9.18367	0.97066	0.98718	-0.15960	-0.00062	0.15960	0.98715	0.00794	-0.00065	-0.00794	0.99997		-95.08550	-204.74581	0.14355	-0.25338	0.39455	0.75793	0.40425	0.99989	-0.01323	-0.00689	0.01320	0.99990	-0.00442	0.00694	0.00433	0.99997	
11	0.05500	76.67524	-27.43504	1.08901	0.45685	0.04691	9.19008	1.01250	0.98716	-0.15971	-0.00082	0.15971	0.98713	0.00797	-0.00047	-0.00800	0.99997		-95.07562	-204.74989	0.13463	-0.24780	0.39589	0.75631	0.38578	0.99989	-0.01320	-0.00691	0.01317	0.99990	-0.00432	0.00697	0.00423	0.99997	
12	0.06000	76.58370	-27.45184	1.08099	0.45901	0.05646	9.18780	1.00705	0.98717	-0.15967	-0.00099	0.15967	0.98714	0.00801	-0.00031	-0.00807	0.99997		-95.14484	-204.72092	0.12674	-0.24404	0.40276	0.76164	0.39493	0.99989	-0.01329	-0.00703	0.01326	0.99990	-0.00426	0.00709	0.00417	0.99997	
13	0.06500	76.67717	-27.51024	1.04749	0.45149	0.05788	9.20661	1.02634	0.98712	-0.15999	-0.00101	0.16000	0.98709	0.00788	-0.00026	-0.00794	0.99997		-95.08435	-204.72743	0.12994	-0.24065	0.39760	0.75796	0.36337	0.99989	-0.01323	-0.00694	0.01320	0.99990	-0.00420	0.00699	0.00411	0.99997	
14	0.07000	76.61011	-27.46119	1.06755	0.46685	0.05730	9.18990	1.01097	0.98716	-0.15971	-0.00100	0.15971	0.98713	0.00815	-0.00031	-0.00820	0.99997		-95.10416	-204.74351	0.12569	-0.23908	0.40342	0.76085	0.39455	0.99989	-0.01328	-0.00704	0.01325	0.99990	-0.00417	0.00710	0.00408	0.99997	
15	0.07500	76.61705	-27.50456	1.01872	0.46056	0.06622	9.20210	1.02306	0.98713	-0.15992	-0.00116	0.15992	0.98710	0.00804	-0.00014	-0.00812	0.99997		-95.13311	-204.72956	0.11342	-0.23735	0.40331	0.76167	0.36976	0.99989	-0.01329	-0.00704	0.01326	0.99990	-0.00414	0.00709	0.00405	0.99997	
16	0.08000	76.59094	-27.44397	1.05035	0.47646	0.06895	9.18603	1.00726	0.98717	-0.15964	-0.00120	0.15964	0.98714	0.00832	-0.00014	-0.00840	0.99996		-95.09122	-204.75715	0.12092	-0.23362	0.40348	0.76386	0.38810	0.99989	-0.01333	-0.00704	0.01330	0.99990	-0.00408	0.00710	0.00398	0.99997	
17	0.08500	76.57902	-27.44997	1.05340	0.47962	0.07426	9.18672	1.01423	0.98717	-0.15965	-0.00130	0.15966	0.98714	0.00837	-0.00006	-0.00847	0.99996		-95.11425	-204.73744	0.10420	-0.23019	0.40692	0.75598	0.38221	0.99989	-0.01319	-0.00710	0.01317	0.99991	-0.00402	0.00715	0.00392	0.99997	
18	0.09000	76.57264	-27.45362	1.03787	0.48308	0.07536	9.19112	1.01618	0.98716	-0.15973	-0.00132	0.15973	0.98712	0.00843	-0.00005	-0.00853	0.99996		-95.13968	-204.72894	0.08338	-0.22859	0.40808	0.75734	0.37277	0.99989	-0.01322	-0.00712	0.01319	0.99991	-0.00399	0.00717	0.00390	0.99997	
19	0.09500	76.56098	-27.42608	1.03526	0.49452	0.08050	9.18900	1.02223	0.98717	-0.15969	-0.00140	0.15970	0.98713	0.00863	0.00001	-0.00874	0.99996		-95.08909	-204.74822	0.09494	-0.22594	0.40911	0.76327	0.38329	0.99989	-0.01332	-0.00714	0.01329	0.99990	-0.00394	0.00719	0.00385	0.99997	
20	0.10000	76.58612	-27.43941	1.02436	0.49799	0.08298	9.18851	1.02058	0.98717	-0.15968	-0.00145	0.15969	0.98713	0.00869	0.00004	-0.00881	0.99996		-95.12181	-204.73924	0.07857	-0.22326	0.40954	0.76027	0.37920	0.99989	-0.01327	-0.00715	0.01324	0.99990	-0.00390	0.00720	0.00380	0.99997	
21	0.10500	76.54445	-27.42186	1.00748	0.50268	0.09270	9.18613	1.01745	0.98717	-0.15964	-0.00162	0.15965	0.98713	0.00877	0.00020	-0.00892	0.99996		-95.14079	-204.72400	0.05762	-0.21889	0.41142	0.76037	0.37671	0.99989	-0.01327	-0.00718	0.01324	0.99991	-0.00382	0.00723	0.00372	0.99997	
22	0.11000	76.60668	-27.42430	0.99965	0.51135	0.08797	9.18942	1.01494	0.98716	-0.15970	-0.00154	0.15971	0.98712	0.00892	0.00009	-0.00906	0.99996		-95.08570	-204.74377	0.05242	-0.21832	0.41193	0.75937	0.38886	0.99989	-0.01325	-0.00719	0.01323	0.99991	-0.00381	0.00724	0.00371	0.99997	
23	0.11500	76.56703	-27.40839	0.98923	0.51423	0.09583	9.18816	1.01856	0.98717	-0.15968	-0.00167	0.15969	0.98713	0.00897	0.00022	-0.00913	0.99996		-95.12259	-204.74104	0.04416	-0.21585	0.41547	0.75610	0.38102	0.99989	-0.01320	-0.00725	0.01317	0.99991	-0.00377	0.00730	0.00367	0.99997	
24	0.12000	76.53444	-27.42099	0.97970	0.51946	0.10113	9.18640	1.02436	0.98717	-0.15965	-0.00177	0.15966	0.98713	0.00907	0.00030	-0.00923	0.99996		-95.10527	-204.73524	0.03106	-0.21428	0.41605	0.75673	0.36865	0.99989	-0.01321	-0.00726	0.01318	0.99991	-0.00374	0.00731	0.00364	0.99997	
25	0.12500	76.54641	-27.39611	0.96821	0.52667	0.10842	9.18704	1.01286	0.98717	-0.15966	-0.00189	0.15967	0.98713	0.00919	0.00040	-0.00938	0.99996		-95.09571	-204.74626	0.02650	-0.21118	0.41998	0.75964	0.38804	0.99989	-0.01326	-0.00733	0.01323	0.99991	-0.00369	0.00738	0.00359	0.99997	
26	0.13000	76.54587	-27.39951	0.95885	0.53161	0.11076	9.18651	1.02525	0.98717	-0.15965	-0.00193	0.15966	0.98713	0.00928	0.00043	-0.00947	0.99996		-95.11138	-204.74034	0.01013	-0.20919	0.41621	0.75953	0.38621	0.99989	-0.01326	-0.00726	0.01323	0.99991	-0.00365	0.00731	0.00355	0.99997	
27	0.13500	76.52209	-27.39827	0.95918	0.53862	0.11328	9.18504	1.02381	0.98718	-0.15962	-0.00198	0.15963	0.98713	0.00940	0.00045	-0.00960	0.99995		-95.08481	-204.75055	-0.00720	-0.20878	0.41920	0.75755	0.38168	0.99989	-0.01322	-0.00732	0.01319	0.99991	-0.00364	0.00736	0.00355	0.99997	
28	0.14000	76.50768	-27.40804	0.95983	0.54306	0.12427	9.18839	1.03166	0.98717	-0.15968	-0.00217	0.15969	0.98712	0.00948	0.00063	-0.00970	0.99995		-95.07505	-204.75070	-0.00752	-0.20757	0.41907	0.75448	0.40428	0.99989	-0.01317	-0.00731	0.01314	0.99991	-0.00362	0.00736	0.00353	0.99997	
29	0.14500	76.47924	-27.38123	0.93564	0.55036	0.12594	9.18530	1.02867	0.98717	-0.15963	-0.00220	0.15964	0.98713	0.00961	0.00064	-0.00983	0.99995		-95.08025	-204.75150	-0.01596	-0.20780	0.42022	0.75633	0.37975	0.99989	-0.01320	-0.00733	0.01317	0.99991	-0.00363	0.00738	0.00353	0.99997	
30	0.15000	76.50087	-27.38297	0.91877	0.55616	0.12628	9.18616	1.03492	0.98717	-0.15964	-0.00220	0.15966	0.98712	0.00971	0.00063	-0.00993	0.99995		-95.08944	-204.76888	-0.03262	-0.20760	0.42144	0.75823	0.38411	0.99989	-0.01323	-0.00736	0.01321	0.99991	-0.00362	0.00740	0.00353	0.99997	
31	0.15500	76.49323	-27.37213	0.92217	0.56574	0.13114	9.18573	1.03588	0.98717	-0.15963	-0.00229	0.15965	0.98712	0.00987	0.00068	-0.01011	0.99995		-95.08580	-204.74785	-0.04559	-0.20368	0.42326	0.75635	0.39410	0.99989	-0.01320	-0.00739	0.01317	0.99991	-0.00355	0.00743	0.00346	0.99997	
32	0.16000	76.53400	-27.37998	0.90273	0.56792	0.13308	9.18756	1.03786	0.98717	-0.15967	-0.00232	0.15968	0.98712	0.00991	0.00071	-0.01016	0.99995		-95.08318	-204.76585	-0.04977	-0.20463	0.42426	0.76225	0.36395	0.99988	-0.01330	-0.00740	0.01328	0.99991	-0.00357	0.00745	0.00347	0.99997	
33	0.16500	76.52471	-27.36039	0.90100	0.57590	0.13708	9.18449	1.03034	0.98718	-0.15961	-0.00239	0.15963	0.98713	0.01005	0.00076	-0.01030	0.99995		-95.06952	-204.76060	-0.06247	-0.20413	0.42378	0.75460	0.40164	0.99989	-0.01317	-0.00740	0.01314	0.99991	-0.00356	0.00744	0.00347	0.99997	
34	0.17000	76.53002	-27.35831	0.88289	0.58292	0.14009	9.18480	1.03423	0.98718	-0.15962	-0.00245	0.15964	0.98712	0.01017	0.00079	-0.01043	0.99995		-95.07693	-204.76392	-0.06649	-0.20607	0.42331	0.75502	0.39035	0.99989	-0.01318	-0.00739	0.01315	0.99991	-0.00360	0.00743	0.00350	0.99997	
35	0.17500	76.47778	-27.33984	0.86893	0.59156	0.14437	9.18507	1.03480	0.98717	-0.15962	-0.00252	0.15964	0.98712	0.01032	0.00084	-0.01059	0.99994		-95.07469	-204.77471	-0.07075	-0.20529	0.42443	0.75873	0.38290	0.99988	-0.01324	-0.00741	0.01322	0.99991	-0.00358	0.00745	0.00348	0.99997	
36	0.18000	76.49619	-27.33618	0.86068	0.59823	0.14664	9.18113	1.03099	0.98719	-0.15956	-0.00256	0.15957	0.98713	0.01044	0.00086	-0.01072	0.99994		-95.08081	-204.76492	-0.09209	-0.20391	0.42850	0.75545	0.37733	0.99989	-0.01318	-0.00748	0.01316	0.99991	-0.00356	0.00752	0.00346	0.99997	
37	0.18500	76.47625	-27.32834	0.85361	0.60399	0.15743	9.17751	1.02955	0.98720	-0.15949	-0.00275	0.15951	0.98714	0.01054	0.00103	-0.01084	0.99994		-95.07527	-204.78648	-0.09189	-0.20469	0.42621	0.75740	0.38051	0.99988	-0.01322	-0.00744	0.01319	0.99991	-0.00357	0.00749	0.00347	0.99997	
38	0.19000	76.47651	-27.31389	0.85162	0.61069	0.15850	9.18172	1.02761	0.98718	-0.15957	-0.00277	0.15959	0.98713	0.01066	0.00103	-0.01096	0.99994		-95.07487	-204.79123	-0.12509	-0.20690	0.42387	0.75801	0.37054	0.99989	-0.01323	-0.00740	0.01320	0.99991	-0.00361	0.00745	0.00351	0.99997	
39	0.19500	76.51389	-27.29820	0.83085	0.61931	0.15506	9.18196	1.03707	0.98718	-0.15957	-0.00271	0.15959	0.98712	0.01081	0.00095	-0.01110	0.99994		-95.05620	-204.78734	-0.11707	-0.20773	0.42478	0.75531	0.37872	0.99989	-0.01318	-0.00741	0.01316	0.99991	-0.00363	0.00746	0.00353	0.99997	
40	0.20000	76.44852	-27.32116	0.84921	0.61976	0.16859	9.17945	1.03378	0.98719	-0.15953	-0.00294	0.15955	0.98713	0.01082	0.00118	-0.01115	0.99994		-95.07616	-204.79731	-0.12139	-0.20889	0.43144	0.75487	0.39021	0.99988	-0.01317	-0.00753	0.01315	0.99991	-0.00365	0.00758	0.00355	0.99996	
41	0.20500	76.43805	-27.32568	0.82121	0.62439	0.17065	9.17511	1.02240	0.98720	-0.15945	-0.00298	0.15947	0.98714	0.01090	0.00120	-0.01123	0.99994		-95.06835	-204.79148	-0.13380	-0.20867	0.42750	0.75521	0.37865	0.99989	-0.01318	-0.00746	0.01315	0.99991	-0.00364	0.00751	0.00354	0.99997	
42	0.21000	76.46477	-27.28379	0.82737	0.63466	0.17081	9.17622	1.02431	0.98720	-0.15947	-0.00298	0.15949	0.98714	0.01108	0.00118	-0.01141	0.99993		-95.06883	-204.79812	-0.15087	-0.21089	0.43466	0.75678	0.39124	0.99988	-0.01321	-0.00759	0.01318	0.99991	-0.00368	0.00763	0.00358	0.99996	
43	0.21500	76.47256	-27.28343	0.83361	0.64098	0.17574	9.17938	1.03551	0.98719	-0.15953	-0.00307	0.15955	0.98713	0.01119	0.00124	-0.01153	0.99993		-95.06136	-204.80433	-0.15097	-0.21114	0.43509	0.75966	0.38449	0.99988	-0.01326	-0.00759	0.01323	0.99991	-0.00368	0.00764	0.00358	0.99996	
44	0.22000	76.46786	-27.30065	0.81098	0.64447	0.17676	9.17969	1.04272	0.98719	-0.15953	-0.00309	0.15956	0.98712	0.01125	0.00125	-0.01160	0.99993		-95.07185	-204.79507	-0.16734	-0.21249	0.43114	0.75632	0.36847	0.99988	-0.01320	-0.00752	0.01317	0.99991	-0.00371	0.00757	0.00361	0.99996	
45	0.22500	76.50185	-27.30059	0.80255	0.64870	0.17754	9.17860	1.04417	0.98719	-0.15951	-0.00310	0.15954	0.98713	0.01132	0.00125	-0.01167	0.99993		-95.04032	-204.82570	-0.16762	-0.21567	0.43484	0.76057	0.37086	0.99988	-0.01327	-0.00759	0.01325	0.99991	-0.00376	0.00764	0.00366	0.99996	
46	0.23000	76.46099	-27.27524	0.79500	0.65615	0.18025	9.17779	1.03704	0.98719	-0.15950	-0.00315	0.15952	0.98713	0.01145	0.00128	-0.01181	0.99993		-95.04677	-204.83001	-0.17152	-0.21987	0.43459	0.76022	0.36066	0.99988	-0.01327	-0.00758	0.01324	0.99990	-0.00384	0.00764	0.00374	0.99996	
47	0.23500	76.47758	-27.27004	0.80153	0.66114	0.18179	9.17730	1.04190	0.98719	-0.15949	-0.00317	0.15952	0.98713	0.01154	0.00129	-0.01190	0.99993		-95.03391	-204.82671	-0.18824	-0.22117	0.43192	0.75846	0.38494	0.99988	-0.01324	-0.00754	0.01321	0.99991	-0.00386	0.00759	0.00376	0.99996	
48	0.24000	76.45787	-27.28124	0.79227	0.66292	0.18520	9.18062	1.03735	0.98719	-0.15955	-0.00323	0.15957	0.98712	0.01157	0.00134	-0.01194	0.99993		-95.02022	-204.83031	-0.18003	-0.22278	0.43129	0.75881	0.38437	0.99988	-0.01324	-0.00753	0.01321	0.99991	-0.00389	0.00758	0.00379	0.99996	
49	0.24500	76.48982	-27.25571	0.79791	0.67077	0.18322	9.18086	1.04625	0.98718	-0.15955	-0.00320	0.15958	0.98712	0.01171	0.00129	-0.01207	0.99993		-95.04206	-204.84675	-0.19226	-0.22670	0.43614	0.76082	0.37501	0.99988	-0.01328	-0.00761	0.01325	0.99990	-0.00396	0.00766	0.00386	0.99996	
50	0.25000	76.50044	-27.26132	0.76305	0.67319	0.18363	9.17702	1.05015	0.98720	-0.15948	-0.00320	0.15951	0.98713	0.01175	0.00129	-0.01211	0.99993		-95.03313	-204.82886	-0.20881	-0.22694	0.43015	0.76031	0.37432	0.99988	-0.01327	-0.00751	0.01324	0.99990	-0.00396	0.00756	0.00386	0.99996	
51	0.25500	76.46974	-27.25961	0.79120	0.67675	0.19021	9.18130	1.04425	0.98718	-0.15956	-0.00332	0.15959	0.98711	0.01181	0.00139	-0.01219	0.99992		-94.99405	-204.86519	-0.20095	-0.23131	0.43237	0.75812	0.37081	0.99988	-0.01323	-0.00755	0.01320	0.99990	-0.00404	0.00760	0.00394	0.99996	
52	0.26000	76.48157	-27.24675	0.78440	0.68256	0.18848	9.17783	1.04340	0.98719	-0.15950	-0.00329	0.15953	0.98712	0.01191	0.00135	-0.01228	0.99992		-95.03931	-204.85523	-0.20013	-0.23481	0.43670	0.75934	0.37095	0.99988	-0.01325	-0.00762	0.01322	0.99990	-0.00410	0.00768	0.00400	0.99996	
53	0.26500	76.45021	-27.24511	0.77618	0.68589	0.19016	9.18109	1.03516	0.98718	-0.15955	-0.00332	0.15958	0.98711	0.01197	0.00137	-0.01235	0.99992		-95.01975	-204.86301	-0.21284	-0.23854	0.43237	0.75722	0.37003	0.99988	-0.01322	-0.00755	0.01318	0.99990	-0.00416	0.00760	0.00406	0.99996	
54	0.27000	76.50292	-27.25242	0.76756	0.68753	0.18844	9.18114	1.04511	0.98718	-0.15956	-0.00329	0.15958	0.98711	0.01200	0.00133	-0.01237	0.99992		-94.99622	-204.89374	-0.20451	-0.24198	0.43340	0.75874	0.37098	0.99988	-0.01324	-0.00756	0.01321	0.99990	-0.00422	0.00762	0.00412	0.99996	
55	0.27500	76.50047	-27.24740	0.76563	0.69159	0.18584	9.18082	1.04720	0.98718	-0.15955	-0.00324	0.15958	0.98711	0.01207	0.00128	-0.01243	0.99992		-95.00663	-204.86287	-0.22100	-0.24349	0.43271	0.75521	0.37614	0.99988	-0.01318	-0.00755	0.01315	0.99990	-0.00425	0.00761	0.00415	0.99996	
56	0.28000	76.46045	-27.25902	0.77715	0.69170	0.19238	9.18106	1.05294	0.98718	-0.15955	-0.00336	0.15958	0.98711	0.01207	0.00139	-0.01245	0.99992		-94.98419	-204.88758	-0.20835	-0.24796	0.42968	0.75807	0.35918	0.99988	-0.01323	-0.00750	0.01320	0.99990	-0.00433	0.00756	0.00423	0.99996	
57	0.28500	76.54074	-27.24638	0.77151	0.69594	0.18530	9.18182	1.04704	0.98718	-0.15957	-0.00323	0.15959	0.98711	0.01215	0.00125	-0.01251	0.99992		-94.97309	-204.91241	-0.20812	-0.25336	0.43165	0.76054	0.36130	0.99988	-0.01327	-0.00753	0.01324	0.99990	-0.00442	0.00759	0.00432	0.99996	
58	0.29000	76.51603	-27.24099	0.76582	0.69778	0.18902	9.18172	1.04772	0.98718	-0.15957	-0.00330	0.15959	0.98711	0.01218	0.00131	-0.01255	0.99992		-95.01641	-204.89678	-0.22003	-0.25664	0.43335	0.76086	0.36365	0.99988	-0.01328	-0.00756	0.01325	0.99990	-0.00448	0.00762	0.00438	0.99996	
59	0.29500	76.48347	-27.24022	0.77035	0.69783	0.19245	9.17898	1.05727	0.98719	-0.15952	-0.00336	0.15955	0.98712	0.01218	0.00137	-0.01256	0.99992		-94.98959	-204.90545	-0.20801	-0.25713	0.43413	0.75705	0.37054	0.99988	-0.01321	-0.00758	0.01318	0.99990	-0.00449	0.00764	0.00439	0.99996	
60	0.30000	76.52573	-27.23955	0.76994	0.70075	0.18448	9.18080	1.05293	0.98718	-0.15955	-0.00322	0.15958	0.98711	0.01223	0.00123	-0.01259	0.99992		-94.99780	-204.91194	-0.21556	-0.26296	0.43204	0.75631	0.38173	0.99988	-0.01320	-0.00754	0.01316	0.99990	-0.00459	0.00760	0.00449	0.99996	
61	0.30500	76.46808	-27.25982	0.77081	0.70012	0.19009	9.18094	1.04566	0.98718	-0.15955	-0.00332	0.15958	0.98711	0.01222	0.00133	-0.01259	0.99992		-94.97765	-204.90297	-0.21586	-0.26394	0.43017	0.76095	0.37791	0.99988	-0.01328	-0.00751	0.01325	0.99990	-0.00461	0.00757	0.00451	0.99996	
62	0.31000	76.50668	-27.25473	0.77622	0.70279	0.18997	9.18130	1.05547	0.98718	-0.15956	-0.00332	0.15959	0.98711	0.01227	0.00132	-0.01264	0.99992		-94.93795	-204.94238	-0.21551	-0.27251	0.42562	0.76000	0.37753	0.99988	-0.01326	-0.00743	0.01323	0.99990	-0.00476	0.00749	0.00466	0.99996	
63	0.31500	76.49145	-27.25847	0.78246	0.69981	0.18607	9.18431	1.04365	0.98717	-0.15961	-0.00325	0.15964	0.98710	0.01221	0.00126	-0.01258	0.99992		-94.98240	-204.91738	-0.20272	-0.27259	0.42979	0.76143	0.36575	0.99988	-0.01329	-0.00750	0.01325	0.99990	-0.00476	0.00756	0.00466	0.99996	
64	0.32000	76.49940	-27.23625	0.77205	0.70341	0.18469	9.17976	1.04364	0.98719	-0.15953	-0.00322	0.15956	0.98711	0.01228	0.00122	-0.01263	0.99992		-94.94524	-204.94493	-0.20672	-0.27854	0.42573	0.76355	0.35714	0.99988	-0.01333	-0.00743	0.01329	0.99990	-0.00486	0.00749	0.00476	0.99996	
65	0.32500	76.52533	-27.27149	0.79380	0.70096	0.18163	9.18325	1.05670	0.98718	-0.15959	-0.00317	0.15962	0.98710	0.01223	0.00118	-0.01258	0.99992		-94.97174	-204.94170	-0.19785	-0.28230	0.42796	0.76215	0.36686	0.99988	-0.01330	-0.00747	0.01326	0.99990	-0.00493	0.00753	0.00483	0.99996	
66	0.33000	76.50543	-27.25949	0.78620	0.70048	0.18500	9.18662	1.05285	0.98717	-0.15965	-0.00323	0.15968	0.98709	0.01223	0.00124	-0.01258	0.99992		-94.95041	-204.95458	-0.19359	-0.28601	0.42570	0.76011	0.36423	0.99988	-0.01327	-0.00743	0.01323	0.99990	-0.00499	0.00750	0.00489	0.99996	
67	0.33500	76.49269	-27.25977	0.80754	0.70077	0.18249	9.18139	1.04952	0.98718	-0.15956	-0.00319	0.15959	0.98711	0.01223	0.00119	-0.01258	0.99992		-94.92512	-204.97597	-0.19727	-0.29301	0.42009	0.76431	0.34864	0.99988	-0.01334	-0.00733	0.01330	0.99990	-0.00511	0.00740	0.00502	0.99996	
68	0.34000	76.49952	-27.26489	0.82229	0.70006	0.18082	9.18139	1.04951	0.98718	-0.15956	-0.00316	0.15959	0.98711	0.01222	0.00117	-0.01257	0.99992		-94.94501	-204.97417	-0.18411	-0.29704	0.42073	0.76304	0.35807	0.99988	-0.01332	-0.00734	0.01328	0.99990	-0.00518	0.00741	0.00509	0.99996	
69	0.34500	76.48173	-27.26058	0.80990	0.70051	0.17604	9.18274	1.05424	0.98718	-0.15958	-0.00307	0.15961	0.98710	0.01223	0.00108	-0.01256	0.99992		-94.93448	-204.97164	-0.18427	-0.29938	0.42132	0.75961	0.35022	0.99989	-0.01326	-0.00735	0.01322	0.99990	-0.00522	0.00742	0.00513	0.99996	
70	0.35000	76.51727	-27.27222	0.80818	0.69889	0.17164	9.18165	1.05158	0.98718	-0.15956	-0.00300	0.15959	0.98711	0.01220	0.00101	-0.01252	0.99992		-94.93627	-205.00087	-0.17080	-0.30734	0.41934	0.76835	0.35644	0.99988	-0.01341	-0.00732	0.01337	0.99990	-0.00536	0.00739	0.00527	0.99996	
71	0.35500	76.54220	-27.27249	0.81836	0.69803	0.16812	9.18284	1.05614	0.98718	-0.15958	-0.00293	0.15961	0.98711	0.01218	0.00095	-0.01249	0.99992		-94.94135	-204.98126	-0.17094	-0.30605	0.41889	0.75970	0.36527	0.99989	-0.01326	-0.00731	0.01322	0.99990	-0.00534	0.00738	0.00524	0.99996	
72	0.36000	76.50355	-27.28238	0.83746	0.69341	0.16824	9.18589	1.05446	0.98717	-0.15964	-0.00294	0.15966	0.98710	0.01210	0.00097	-0.01242	0.99992		-94.92919	-204.98656	-0.16675	-0.30819	0.41858	0.76194	0.35502	0.99988	-0.01330	-0.00731	0.01326	0.99990	-0.00538	0.00738	0.00528	0.99996	
73	0.36500	76.50803	-27.27460	0.84184	0.69491	0.16356	9.18083	1.05510	0.98719	-0.15955	-0.00285	0.15957	0.98711	0.01213	0.00088	-0.01243	0.99992		-94.89171	-204.99906	-0.15803	-0.31605	0.41310	0.76798	0.35559	0.99988	-0.01340	-0.00721	0.01336	0.99990	-0.00552	0.00728	0.00542	0.99996	
74	0.37000	76.52848	-27.26302	0.83664	0.69457	0.16036	9.18226	1.06533	0.98718	-0.15957	-0.00280	0.15960	0.98711	0.01212	0.00083	-0.01241	0.99992		-94.91452	-205.00665	-0.15765	-0.32019	0.41393	0.76574	0.35196	0.99988	-0.01336	-0.00722	0.01332	0.99990	-0.00559	0.00730	0.00549	0.99996	
75	0.37500	76.54489	-27.29766	0.83976	0.68824	0.15874	9.18067	1.05544	0.98719	-0.15955	-0.00277	0.15957	0.98711	0.01201	0.00082	-0.01230	0.99992		-94.90234	-205.01934	-0.13659	-0.32193	0.41334	0.76891	0.34593	0.99988	-0.01342	-0.00721	0.01338	0.99989	-0.00562	0.00729	0.00552	0.99996	
76	0.38000	76.54266	-27.27829	0.85330	0.68884	0.15210	9.18288	1.06003	0.98718	-0.15959	-0.00265	0.15961	0.98711	0.01202	0.00070	-0.01229	0.99992		-94.90602	-205.00646	-0.13239	-0.32422	0.41293	0.76087	0.35705	0.99989	-0.01328	-0.00721	0.01324	0.99990	-0.00566	0.00728	0.00556	0.99996	
77	0.38500	76.55504	-27.28595	0.84766	0.68367	0.14575	9.18038	1.06935	0.98719	-0.15954	-0.00254	0.15956	0.98712	0.01193	0.00061	-0.01218	0.99993		-94.88528	-205.02641	-0.12749	-0.32789	0.40545	0.76665	0.33991	0.99989	-0.01338	-0.00708	0.01334	0.99989	-0.00572	0.00715	0.00563	0.99996	
78	0.39000	76.51961	-27.29173	0.86252	0.68008	0.15032	9.18612	1.07171	0.98717	-0.15964	-0.00262	0.15966	0.98710	0.01187	0.00069	-0.01214	0.99993		-94.88391	-205.03957	-0.11440	-0.33517	0.40577	0.77140	0.33742	0.99988	-0.01346	-0.00708	0.01342	0.99989	-0.00585	0.00716	0.00575	0.99996	
79	0.39500	76.56410	-27.31616	0.86709	0.67427	0.14051	9.18498	1.07530	0.98718	-0.15962	-0.00245	0.15964	0.98711	0.01177	0.00054	-0.01201	0.99993		-94.87984	-205.03532	-0.10168	-0.33732	0.40326	0.76450	0.35289	0.99989	-0.01334	-0.00704	0.01330	0.99989	-0.00589	0.00712	0.00579	0.99996	
80	0.40000	76.58304	-27.29849	0.85093	0.67623	0.13473	9.18147	1.07293	0.98719	-0.15956	-0.00235	0.15958	0.98711	0.01180	0.00044	-0.01203	0.99993		-94.85350	-205.05815	-0.09316	-0.34015	0.40149	0.76784	0.35918	0.99989	-0.01340	-0.00701	0.01336	0.99989	-0.00594	0.00709	0.00584	0.99996	
81	0.40500	76.60422	-27.30271	0.87890	0.67024	0.12754	9.18569	1.06861	0.98717	-0.15963	-0.00223	0.15965	0.98710	0.01170	0.00033	-0.01190	0.99993		-94.87184	-205.05051	-0.08004	-0.34408	0.39959	0.76648	0.35643	0.99989	-0.01338	-0.00697	0.01334	0.99989	-0.00601	0.00705	0.00591	0.99996	
82	0.41000	76.61312	-27.32893	0.88169	0.66507	0.12070	9.17995	1.05942	0.98719	-0.15954	-0.00211	0.15955	0.98712	0.01161	0.00023	-0.01179	0.99993		-94.84732	-205.06635	-0.06743	-0.34740	0.39854	0.76727	0.34196	0.99989	-0.01339	-0.00696	0.01335	0.99989	-0.00606	0.00704	0.00597	0.99996	
83	0.41500	76.59330	-27.33445	0.90329	0.66135	0.11860	9.17956	1.05977	0.98719	-0.15953	-0.00207	0.15954	0.98712	0.01154	0.00020	-0.01172	0.99993		-94.85485	-205.06222	-0.07098	-0.35000	0.39380	0.76694	0.34360	0.99989	-0.01338	-0.00687	0.01334	0.99989	-0.00611	0.00695	0.00602	0.99996	
84	0.42000	76.60922	-27.33946	0.89389	0.65830	0.11766	9.18011	1.06904	0.98719	-0.15954	-0.00205	0.15955	0.98712	0.01149	0.00019	-0.01167	0.99993		-94.87102	-205.06530	-0.04130	-0.35192	0.39550	0.76809	0.34536	0.99989	-0.01341	-0.00690	0.01336	0.99989	-0.00614	0.00698	0.00605	0.99996	
85	0.42500	76.60289	-27.34578	0.91710	0.65451	0.11294	9.18114	1.05670	0.98719	-0.15956	-0.00197	0.15957	0.98712	0.01142	0.00012	-0.01159	0.99993		-94.85954	-205.09989	-0.03659	-0.35777	0.39220	0.77096	0.35195	0.99989	-0.01346	-0.00685	0.01341	0.99989	-0.00624	0.00693	0.00615	0.99996	
86	0.43000	76.64303	-27.35561	0.89606	0.64916	0.10369	9.18246	1.04829	0.98718	-0.15958	-0.00181	0.15959	0.98712	0.01133	-0.00002	-0.01147	0.99993		-94.84309	-205.09597	-0.03209	-0.36008	0.38677	0.77077	0.34103	0.99989	-0.01345	-0.00675	0.01341	0.99989	-0.00628	0.00683	0.00619	0.99996	
87	0.43500	76.64413	-27.38364	0.93325	0.64229	0.10185	9.17888	1.05503	0.98719	-0.15952	-0.00178	0.15953	0.98713	0.01121	-0.00003	-0.01135	0.99994		-94.82967	-205.09390	-0.00706	-0.36265	0.38636	0.77373	0.35898	0.99989	-0.01350	-0.00674	0.01346	0.99989	-0.00633	0.00683	0.00624	0.99996	
88	0.44000	76.64912	-27.38471	0.90920	0.63803	0.09435	9.17873	1.04556	0.98719	-0.15951	-0.00165	0.15952	0.98713	0.01114	-0.00015	-0.01126	0.99994		-94.83933	-205.10546	-0.00231	-0.36443	0.38611	0.77325	0.35686	0.99989	-0.01349	-0.00674	0.01345	0.99989	-0.00636	0.00682	0.00627	0.99996	
89	0.44500	76.60099	-27.39498	0.91155	0.63186	0.09267	9.18096	1.05249	0.98719	-0.15955	-0.00162	0.15956	0.98713	0.01103	-0.00016	-0.01114	0.99994		-94.81301	-205.11315	0.00617	-0.36817	0.38041	0.77509	0.34946	0.99989	-0.01353	-0.00664	0.01348	0.99989	-0.00643	0.00673	0.00634	0.99996	
90	0.45000	76.67030	-27.41717	0.91607	0.62661	0.08377	9.18000	1.05442	0.98719	-0.15954	-0.00146	0.15954	0.98713	0.01094	-0.00030	-0.01103	0.99994		-94.80368	-205.12128	0.02712	-0.36879	0.38068	0.76999	0.33737	0.99989	-0.01344	-0.00664	0.01340	0.99989	-0.00644	0.00673	0.00635	0.99996	
91	0.45500	76.70212	-27.38922	0.92538	0.62541	0.07820	9.18143	1.04219	0.98719	-0.15956	-0.00136	0.15957	0.98713	0.01092	-0.00039	-0.01099	0.99994		-94.82918	-205.09344	0.02358	-0.36742	0.37329	0.77082	0.34395	0.99989	-0.01345	-0.00652	0.01341	0.99989	-0.00641	0.00660	0.00632	0.99996	
92	0.46000	76.69894	-27.40870	0.92740	0.61868	0.07615	9.17897	1.05123	0.98719	-0.15952	-0.00133	0.15952	0.98714	0.01080	-0.00041	-0.01087	0.99994		-94.82546	-205.11299	0.03648	-0.37073	0.37463	0.77064	0.32659	0.99989	-0.01345	-0.00654	0.01341	0.99989	-0.00647	0.00662	0.00638	0.99996	
93	0.46500	76.68759	-27.41665	0.93392	0.61607	0.06812	9.17803	1.03617	0.98720	-0.15950	-0.00119	0.15951	0.98714	0.01075	-0.00054	-0.01080	0.99994		-94.79110	-205.12628	0.05322	-0.37345	0.37137	0.77030	0.34025	0.99989	-0.01344	-0.00648	0.01340	0.99989	-0.00652	0.00657	0.00643	0.99996	
94	0.47000	76.67965	-27.43916	0.95264	0.60752	0.06483	9.17862	1.04510	0.98720	-0.15951	-0.00113	0.15952	0.98714	0.01060	-0.00057	-0.01065	0.99994		-94.81433	-205.13128	0.05806	-0.37497	0.37191	0.77423	0.34664	0.99989	-0.01351	-0.00649	0.01347	0.99989	-0.00654	0.00658	0.00646	0.99996	
95	0.47500	76.69581	-27.43953	0.94656	0.60399	0.06057	9.17688	1.04575	0.98720	-0.15948	-0.00106	0.15949	0.98714	0.01054	-0.00064	-0.01058	0.99994		-94.77059	-205.12345	0.07838	-0.37280	0.36675	0.77058	0.34110	0.99989	-0.01345	-0.00640	0.01341	0.99989	-0.00651	0.00649	0.00642	0.99996	
96	0.48000	76.71634	-27.45991	0.97205	0.59636	0.05737	9.17722	1.04851	0.98720	-0.15949	-0.00100	0.15949	0.98714	0.01041	-0.00067	-0.01043	0.99995		-94.77570	-205.13876	0.07877	-0.37540	0.36533	0.77108	0.32924	0.99989	-0.01346	-0.00638	0.01342	0.99989	-0.00655	0.00646	0.00647	0.99996	
97	0.48500	76.69786	-27.46588	0.95453	0.59340	0.04803	9.18007	1.03777	0.98719	-0.15954	-0.00084	0.15954	0.98714	0.01036	-0.00082	-0.01036	0.99995		-94.79352	-205.12650	0.08791	-0.37522	0.36048	0.77238	0.33080	0.99989	-0.01348	-0.00629	0.01344	0.99989	-0.00655	0.00638	0.00646	0.99996	
98	0.49000	76.69895	-27.46340	0.95924	0.58779	0.05162	9.18007	1.03859	0.98719	-0.15954	-0.00090	0.15954	0.98714	0.01026	-0.00075	-0.01027	0.99995		-94.75922	-205.14138	0.09989	-0.37596	0.36166	0.77146	0.33038	0.99989	-0.01346	-0.00631	0.01342	0.99989	-0.00656	0.00640	0.00648	0.99996	
99	0.49500	76.69183	-27.46794	0.96262	0.58416	0.04799	9.17741	1.05190	0.98720	-0.15949	-0.00084	0.15949	0.98715	0.01020	-0.00080	-0.01020	0.99995		-94.76655	-205.12589	0.10026	-0.37483	0.35910	0.77418	0.33687	0.99989	-0.01351	-0.00627	0.01347	0.99989	-0.00654	0.00636	0.00646	0.99996	
100	0.50000	76.69618	-27.48196	0.97384	0.57853	0.04189	9.17696	1.04441	0.98720	-0.15948	-0.00073	0.15948	0.98715	0.01010	-0.00089	-0.01008	0.99995		-94.76982	-205.14117	0.11749	-0.37652	0.35469	0.77471	0.33957	0.99989	-0.01352	-0.00619	0.01348	0.99989	-0.00657	0.00628	0.00649	0.99996	
101	0.50500	76.77196	-27.49647	0.97365	0.57350	0.03506	9.18215	1.04536	0.98719	-0.15957	-0.00061	0.15957	0.98714	0.01001	-0.00099	-0.00998	0.99995		-94.76673	-205.14926	0.12200	-0.37538	0.35120	0.77239	0.32048	0.99989	-0.01348	-0.00613	0.01344	0.99989	-0.00655	0.00622	0.00647	0.99996	
102	0.51000	76.73717	-27.50488	0.98226	0.56732	0.03510	9.18006	1.04777	0.98719	-0.15954	-0.00061	0.15954	0.98714	0.00990	-0.00097	-0.00987	0.99995		-94.73799	-205.14683	0.13855	-0.37567	0.34710	0.77350	0.32304	0.99989	-0.01350	-0.00606	0.01346	0.99989	-0.00656	0.00615	0.00647	0.99996	
103	0.51500	76.75182	-27.50436	0.97802	0.56602	0.02548	9.18191	1.05564	0.98719	-0.15957	-0.00044	0.15957	0.98714	0.00988	-0.00114	-0.00982	0.99995		-94.76504	-205.12034	0.12593	-0.36990	0.34877	0.77327	0.34966	0.99989	-0.01350	-0.00609	0.01346	0.99989	-0.00646	0.00617	0.00637	0.99996	
104	0.52000	76.78125	-27.51666	0.99588	0.56074	0.02340	9.18079	1.04637	0.98719	-0.15955	-0.00041	0.15955	0.98714	0.00979	-0.00116	-0.00973	0.99995		-94.74052	-205.13860	0.14264	-0.36965	0.34710	0.77279	0.33597	0.99989	-0.01349	-0.00606	0.01345	0.99989	-0.00645	0.00614	0.00637	0.99996	
105	0.52500	76.78534	-27.53422	0.98205	0.55385	0.01754	9.18103	1.04671	0.98719	-0.15955	-0.00031	0.15955	0.98714	0.00967	-0.00124	-0.00959	0.99995		-94.76004	-205.14000	0.14744	-0.36944	0.34426	0.77740	0.33278	0.99989	-0.01357	-0.00601	0.01353	0.99989	-0.00645	0.00610	0.00637	0.99996	
106	0.53000	76.76221	-27.55140	1.00370	0.54996	0.01615	9.17967	1.03866	0.98719	-0.15953	-0.00028	0.15953	0.98715	0.00960	-0.00125	-0.00952	0.99995		-94.76158	-205.15615	0.16892	-0.37134	0.33953	0.77628	0.32736	0.99989	-0.01355	-0.00593	0.01351	0.99989	-0.00648	0.00601	0.00640	0.99996	
107	0.53500	76.79952	-27.56418	1.00253	0.54530	0.01128	9.18126	1.04703	0.98719	-0.15956	-0.00020	0.15955	0.98714	0.00952	-0.00132	-0.00943	0.99995		-94.73265	-205.13930	0.15155	-0.36710	0.33774	0.77592	0.31493	0.99989	-0.01354	-0.00589	0.01350	0.99989	-0.00641	0.00598	0.00633	0.99996	
108	0.54000	76.80678	-27.53809	0.99226	0.54545	0.00836	9.18026	1.03794	0.98719	-0.15954	-0.00015	0.15954	0.98715	0.00952	-0.00137	-0.00942	0.99995		-94.74347	-205.14925	0.15997	-0.36529	0.33934	0.77915	0.33506	0.99989	-0.01360	-0.00592	0.01356	0.99989	-0.00638	0.00601	0.00629	0.99996	
109	0.54500	76.79272	-27.57396	0.98592	0.53741	0.00563	9.17740	1.03546	0.98720	-0.15949	-0.00010	0.15949	0.98716	0.00938	-0.00140	-0.00928	0.99996		-94.75224	-205.13846	0.17294	-0.36431	0.33458	0.77820	0.33485	0.99989	-0.01358	-0.00584	0.01354	0.99989	-0.00636	0.00593	0.00628	0.99996	
110	0.55000	76.80062	-27.57636	1.00454	0.53363	-0.00104	9.18048	1.04331	0.98719	-0.15954	0.00002	0.15954	0.98715	0.00931	-0.00150	-0.00919	0.99996		-94.70320	-205.13592	0.16388	-0.36012	0.32982	0.77817	0.32131	0.99989	-0.01358	-0.00576	0.01354	0.99989	-0.00629	0.00584	0.00621	0.99996	
111	0.55500	76.81274	-27.58407	1.00634	0.53323	-0.00194	9.17964	1.05458	0.98719	-0.15953	0.00003	0.15952	0.98715	0.00931	-0.00152	-0.00918	0.99996		-94.71436	-205.13330	0.16774	-0.35736	0.33210	0.77399	0.32487	0.99989	-0.01351	-0.00580	0.01347	0.99989	-0.00624	0.00588	0.00616	0.99996	
112	0.56000	76.81442	-27.58351	1.00849	0.53074	-0.00461	9.17878	1.04276	0.98720	-0.15952	0.00008	0.15951	0.98715	0.00926	-0.00156	-0.00913	0.99996		-94.71411	-205.14168	0.18486	-0.35639	0.32897	0.77677	0.32936	0.99989	-0.01356	-0.00574	0.01352	0.99989	-0.00622	0.00583	0.00614	0.99996	
113	0.56500	76.82031	-27.59318	0.99971	0.52561	-0.00554	9.17980	1.04913	0.98719	-0.15953	0.00010	0.15953	0.98715	0.00917	-0.00156	-0.00904	0.99996		-94.72201	-205.13106	0.18477	-0.35302	0.32836	0.77444	0.33869	0.99989	-0.01352	-0.00573	0.01348	0.99989	-0.00616	0.00581	0.00608	0.99996	
114	0.57000	76.80574	-27.60002	0.99861	0.52322	-0.00786	9.18115	1.04665	0.98719	-0.15956	0.00014	0.15955	0.98715	0.00913	-0.00159	-0.00899	0.99996		-94.73546	-205.14953	0.18536	-0.35228	0.32812	0.77912	0.33462	0.99989	-0.01360	-0.00573	0.01356	0.99989	-0.00615	0.00581	0.00607	0.99996	
115	0.57500	76.82428	-27.61950	1.02013	0.52108	-0.01288	9.17767	1.04558	0.98720	-0.15950	0.00022	0.15949	0.98716	0.00909	-0.00167	-0.00894	0.99996		-94.73385	-205.12331	0.18478	-0.34625	0.32790	0.77372	0.33416	0.99989	-0.01350	-0.00572	0.01347	0.99989	-0.00604	0.00580	0.00597	0.99997	
116	0.58000	76.81283	-27.61488	1.00848	0.51856	-0.01031	9.18023	1.04459	0.98719	-0.15954	0.00018	0.15953	0.98715	0.00905	-0.00162	-0.00891	0.99996		-94.71795	-205.11856	0.18024	-0.34300	0.32384	0.77525	0.32619	0.99989	-0.01353	-0.00565	0.01350	0.99989	-0.00599	0.00573	0.00591	0.99997	
117	0.58500	76.80201	-27.63302	1.00756	0.51746	-0.01184	9.18010	1.04536	0.98719	-0.15954	0.00021	0.15953	0.98715	0.00903	-0.00164	-0.00888	0.99996		-94.73634	-205.11215	0.18855	-0.33955	0.32784	0.77359	0.33471	0.99989	-0.01350	-0.00572	0.01347	0.99989	-0.00593	0.00580	0.00585	0.99997	
118	0.59000	76.81841	-27.63831	1.00799	0.51267	-0.01376	9.18081	1.04314	0.98719	-0.15955	0.00024	0.15954	0.98715	0.00895	-0.00166	-0.00879	0.99996		-94.72449	-205.11966	0.18835	-0.33709	0.32436	0.77351	0.32411	0.99989	-0.01350	-0.00566	0.01347	0.99989	-0.00588	0.00574	0.00581	0.99997	
119	0.59500	76.83577	-27.63350	1.00567	0.51254	-0.01560	9.18199	1.04378	0.98719	-0.15957	0.00027	0.15956	0.98715	0.00895	-0.00170	-0.00879	0.99996		-94.70773	-205.10843	0.18776	-0.33209	0.32492	0.77095	0.32955	0.99989	-0.01345	-0.00567	0.01342	0.99989	-0.00580	0.00575	0.00572	0.99997	
120	0.60000	76.82480	-27.65394	1.01969	0.51105	-0.01879	9.17612	1.05552	0.98720	-0.15947	0.00033	0.15946	0.98716	0.00892	-0.00175	-0.00875	0.99996		-94.72728	-205.10791	0.18364	-0.32814	0.32389	0.77417	0.32380	0.99989	-0.01351	-0.00565	0.01348	0.99989	-0.00573	0.00573	0.00565	0.99997	
121	0.60500	76.79993	-27.66930	1.00655	0.50794	-0.01562	9.17938	1.04273	0.98719	-0.15953	0.00027	0.15952	0.98716	0.00887	-0.00168	-0.00871	0.99996		-94.73899	-205.12336	0.18439	-0.32879	0.32357	0.77622	0.34014	0.99989	-0.01355	-0.00565	0.01351	0.99989	-0.00574	0.00572	0.00566	0.99997	
122	0.61000	76.84864	-27.66099	1.01029	0.50688	-0.01810	9.17964	1.03063	0.98719	-0.15953	0.00032	0.15952	0.98715	0.00885	-0.00172	-0.00868	0.99996		-94.70797	-205.10612	0.18312	-0.32325	0.32349	0.77457	0.30976	0.99989	-0.01352	-0.00565	0.01349	0.99989	-0.00564	0.00572	0.00556	0.99997	
123	0.61500	76.84019	-27.67237	1.00215	0.50734	-0.01699	9.17800	1.03427	0.98720	-0.15950	0.00030	0.15949	0.98716	0.00885	-0.00171	-0.00869	0.99996		-94.75539	-205.10495	0.17525	-0.32040	0.32674	0.77398	0.32131	0.99989	-0.01351	-0.00570	0.01348	0.99989	-0.00559	0.00578	0.00551	0.99997	
124	0.62000	76.87122	-27.68154	0.99904	0.50608	-0.02327	9.17828	1.04035	0.98720	-0.15951	0.00041	0.15950	0.98716	0.00883	-0.00181	-0.00865	0.99996		-94.72777	-205.10511	0.17894	-0.31806	0.32468	0.77270	0.33283	0.99989	-0.01349	-0.00567	0.01345	0.99989	-0.00555	0.00574	0.00547	0.99997	
125	0.62500	76.85591	-27.68326	0.99296	0.50801	-0.02216	9.17394	1.03370	0.98721	-0.15943	0.00039	0.15942	0.98717	0.00887	-0.00180	-0.00869	0.99996		-94.74103	-205.08457	0.16153	-0.31007	0.32967	0.77135	0.34079	0.99989	-0.01346	-0.00575	0.01343	0.99990	-0.00541	0.00583	0.00533	0.99997	
126	0.63000	76.86753	-27.68126	1.00208	0.50693	-0.01794	9.17829	1.03348	0.98720	-0.15951	0.00031	0.15950	0.98716	0.00885	-0.00172	-0.00868	0.99996		-94.74416	-205.08403	0.16582	-0.30704	0.32743	0.77670	0.32515	0.99989	-0.01356	-0.00571	0.01352	0.99989	-0.00536	0.00579	0.00528	0.99997	
127	0.63500	76.83978	-27.68394	1.01178	0.50870	-0.01823	9.17592	1.02777	0.98720	-0.15947	0.00032	0.15946	0.98716	0.00888	-0.00173	-0.00871	0.99996		-94.71998	-205.08086	0.16110	-0.30085	0.32332	0.77147	0.32753	0.99989	-0.01346	-0.00564	0.01343	0.99990	-0.00525	0.00571	0.00517	0.99997	
128	0.64000	76.86262	-27.70005	0.99562	0.50828	-0.02051	9.17768	1.05325	0.98720	-0.15950	0.00036	0.15949	0.98716	0.00887	-0.00177	-0.00870	0.99996		-94.71326	-205.09895	0.14871	-0.30381	0.32386	0.77474	0.32164	0.99989	-0.01352	-0.00565	0.01349	0.99989	-0.00530	0.00572	0.00523	0.99997	
129	0.64500	76.86751	-27.69027	0.99538	0.50810	-0.01859	9.17753	1.03193	0.98720	-0.15949	0.00032	0.15948	0.98716	0.00887	-0.00173	-0.00870	0.99996		-94.74654	-205.06612	0.13966	-0.29434	0.33129	0.77188	0.32777	0.99989	-0.01347	-0.00578	0.01344	0.99990	-0.00514	0.00585	0.00506	0.99997	
130	0.65000	76.80428	-27.72110	0.99819	0.50539	-0.00999	9.17735	1.03613	0.98720	-0.15949	0.00017	0.15948	0.98716	0.00882	-0.00158	-0.00868	0.99996		-94.73461	-205.06195	0.12698	-0.29235	0.32597	0.77087	0.32703	0.99989	-0.01345	-0.00569	0.01342	0.99990	-0.00510	0.00576	0.00503	0.99997	
131	0.65500	76.88701	-27.70887	1.00049	0.51068	-0.02056	9.17423	1.03049	0.98721	-0.15944	0.00036	0.15943	0.98717	0.00891	-0.00178	-0.00874	0.99996		-94.75380	-205.05956	0.13506	-0.28661	0.33183	0.77265	0.32756	0.99989	-0.01348	-0.00579	0.01346	0.99990	-0.00500	0.00586	0.00492	0.99997	
132	0.66000	76.83622	-27.70943	0.99179	0.51231	-0.01244	9.18105	1.04354	0.98719	-0.15955	0.00022	0.15955	0.98715	0.00894	-0.00164	-0.00879	0.99996		-94.75210	-205.06721	0.11835	-0.28415	0.33065	0.77329	0.32984	0.99989	-0.01350	-0.00577	0.01347	0.99990	-0.00496	0.00584	0.00488	0.99997	
133	0.66500	76.86035	-27.74194	0.99213	0.50812	-0.01194	9.18012	1.03728	0.98719	-0.15954	0.00021	0.15953	0.98715	0.00887	-0.00162	-0.00872	0.99996		-94.75522	-205.05913	0.10987	-0.28029	0.33088	0.77536	0.34647	0.99989	-0.01353	-0.00577	0.01350	0.99990	-0.00489	0.00584	0.00481	0.99997	
134	0.67000	76.85784	-27.71640	0.99099	0.51495	-0.00882	9.17549	1.04187	0.98720	-0.15946	0.00015	0.15945	0.98716	0.00899	-0.00159	-0.00885	0.99996		-94.75563	-205.04926	0.10105	-0.27794	0.33116	0.77061	0.30951	0.99989	-0.01345	-0.00578	0.01342	0.99990	-0.00485	0.00584	0.00477	0.99997	
135	0.67500	76.86696	-27.71816	0.99436	0.51525	-0.00573	9.17600	1.03837	0.98720	-0.15947	0.00010	0.15946	0.98716	0.00899	-0.00153	-0.00886	0.99996		-94.73774	-205.05457	0.08786	-0.27359	0.33297	0.77725	0.31071	0.99989	-0.01356	-0.00581	0.01354	0.99990	-0.00477	0.00588	0.00470	0.99997	
136	0.68000	76.85359	-27.72879	0.98328	0.51571	-0.00403	9.17658	1.03360	0.98720	-0.15948	0.00007	0.15947	0.98716	0.00900	-0.00150	-0.00887	0.99996		-94.74713	-205.05120	0.06681	-0.27072	0.33472	0.77471	0.33210	0.99989	-0.01352	-0.00584	0.01349	0.99990	-0.00472	0.00591	0.00465	0.99997	
137	0.68500	76.88059	-27.74090	0.98833	0.51773	-0.00259	9.17559	1.03384	0.98720	-0.15946	0.00005	0.15945	0.98716	0.00904	-0.00149	-0.00891	0.99996		-94.72795	-205.05153	0.05365	-0.26719	0.33684	0.77511	0.33094	0.99989	-0.01353	-0.00588	0.01350	0.99990	-0.00466	0.00594	0.00458	0.99997	
138	0.69000	76.88208	-27.74593	0.98281	0.51979	0.00129	9.17819	1.03766	0.98720	-0.15951	-0.00002	0.15950	0.98716	0.00907	-0.00142	-0.00896	0.99996		-94.74452	-205.03734	0.06186	-0.26218	0.33566	0.77259	0.32656	0.99989	-0.01348	-0.00586	0.01346	0.99990	-0.00458	0.00592	0.00450	0.99997	
