NO_OF_FRAMES	1166
NO_OF_CAMERAS	8
NO_OF_BODIES	2
FREQUENCY	200
NO_OF_ANALOG	0
ANALOG_FREQUENCY	0
DESCRIPTION	--
TIME_STAMP	2013-07-03, 12:12:12	12749.93823053
DATA_INCLUDED	6D
BODY_NAMES	Ice 1	Ice 2
Frame	Time	Ice 1 X	Y	Z	Roll	Pitch	Yaw	Residual	Rot[0]	Rot[1]	Rot[2]	Rot[3]	Rot[4]	Rot[5]	Rot[6]	Rot[7]	Rot[8]	Ice 2 X	Y	Z	Roll	Pitch	Yaw	Residual	Rot[0]	Rot[1]	Rot[2]	Rot[3]	Rot[4]	Rot[5]	Rot[6]	Rot[7]	Rot[8]	
1	0.00500	60.49912	-65.21294	0.33342	0.66001	0.02893	0.74610	0.89024	0.99992	-0.01302	-0.00050	0.01303	0.99985	0.01152	0.00035	-0.01152	0.99993		-136.40582	-91.31167	-0.40377	-0.25290	0.34870	-0.37741	0.18641	0.99996	0.00659	-0.00609	-0.00661	0.99997	-0.00441	0.00606	0.00445	0.99997	
2	0.01000	60.51777	-65.22311	0.31184	0.65377	0.02699	0.74891	0.89249	0.99991	-0.01307	-0.00047	0.01308	0.99985	0.01141	0.00032	-0.01142	0.99993		-136.40390	-91.31183	-0.40769	-0.25912	0.34943	-0.37850	0.18351	0.99996	0.00661	-0.00610	-0.00663	0.99997	-0.00452	0.00607	0.00456	0.99997	
3	0.01500	60.51214	-65.21887	0.33108	0.64999	0.02765	0.75108	0.89360	0.99991	-0.01311	-0.00048	0.01311	0.99985	0.01134	0.00033	-0.01135	0.99994		-136.41890	-91.32631	-0.42364	-0.26770	0.35147	-0.37724	0.19000	0.99996	0.00658	-0.00613	-0.00661	0.99997	-0.00467	0.00610	0.00471	0.99997	
4	0.02000	60.51378	-65.22679	0.32146	0.64472	0.02660	0.74864	0.89013	0.99991	-0.01307	-0.00046	0.01307	0.99985	0.01125	0.00032	-0.01126	0.99994		-136.39580	-91.34038	-0.43984	-0.27719	0.34719	-0.37105	0.17922	0.99996	0.00648	-0.00606	-0.00651	0.99997	-0.00484	0.00603	0.00488	0.99997	
5	0.02500	60.51182	-65.23615	0.31639	0.63710	0.02917	0.74671	0.89312	0.99991	-0.01303	-0.00051	0.01304	0.99985	0.01112	0.00036	-0.01112	0.99994		-136.40122	-91.34165	-0.44376	-0.28366	0.34949	-0.37516	0.18050	0.99996	0.00655	-0.00610	-0.00658	0.99997	-0.00495	0.00607	0.00499	0.99997	
6	0.03000	60.52674	-65.24158	0.32811	0.63251	0.02802	0.74601	0.89106	0.99992	-0.01302	-0.00049	0.01302	0.99985	0.01104	0.00035	-0.01104	0.99994		-136.40338	-91.33093	-0.46007	-0.28945	0.35157	-0.37537	0.19539	0.99996	0.00655	-0.00614	-0.00658	0.99997	-0.00505	0.00610	0.00509	0.99997	
7	0.03500	60.49306	-65.25262	0.33640	0.62302	0.03141	0.74911	0.89541	0.99991	-0.01307	-0.00055	0.01308	0.99986	0.01087	0.00041	-0.01088	0.99994		-136.41041	-91.33915	-0.46805	-0.29779	0.34969	-0.37705	0.19032	0.99996	0.00658	-0.00610	-0.00661	0.99996	-0.00520	0.00607	0.00524	0.99997	
8	0.04000	60.50197	-65.25514	0.34306	0.61724	0.03504	0.74522	0.87743	0.99992	-0.01301	-0.00061	0.01301	0.99986	0.01077	0.00047	-0.01078	0.99994		-136.39732	-91.35805	-0.47573	-0.30626	0.34737	-0.37650	0.18694	0.99996	0.00657	-0.00606	-0.00660	0.99996	-0.00535	0.00603	0.00539	0.99997	
9	0.04500	60.50748	-65.27191	0.33229	0.60862	0.03439	0.74704	0.89015	0.99991	-0.01304	-0.00060	0.01304	0.99986	0.01062	0.00046	-0.01063	0.99994		-136.39082	-91.36786	-0.50004	-0.31680	0.34720	-0.37509	0.17945	0.99996	0.00655	-0.00606	-0.00658	0.99996	-0.00553	0.00602	0.00557	0.99997	
10	0.05000	60.52262	-65.26704	0.34058	0.60091	0.03114	0.74576	0.87909	0.99992	-0.01302	-0.00054	0.01302	0.99986	0.01049	0.00041	-0.01049	0.99994		-136.38911	-91.35878	-0.51650	-0.32209	0.34579	-0.37441	0.17712	0.99996	0.00653	-0.00604	-0.00657	0.99996	-0.00562	0.00600	0.00566	0.99997	
11	0.05500	60.31704	-65.41749	0.46469	0.59606	0.03027	0.75564	0.95334	0.99991	-0.01319	-0.00053	0.01319	0.99986	0.01040	0.00039	-0.01041	0.99995		-136.37889	-91.34696	-0.51253	-0.32733	0.34972	-0.37863	0.18982	0.99996	0.00661	-0.00610	-0.00664	0.99996	-0.00571	0.00607	0.00575	0.99997	
12	0.06000	60.31489	-65.41885	0.47072	0.58998	0.02904	0.75630	0.95752	0.99991	-0.01320	-0.00051	0.01320	0.99986	0.01030	0.00037	-0.01030	0.99995		-136.40217	-91.36276	-0.52395	-0.33652	0.34909	-0.37700	0.18737	0.99996	0.00658	-0.00609	-0.00662	0.99996	-0.00587	0.00605	0.00591	0.99996	
13	0.06500	60.28944	-65.43285	0.47156	0.58059	0.02702	0.75793	0.96810	0.99991	-0.01323	-0.00047	0.01323	0.99986	0.01013	0.00034	-0.01014	0.99995		-136.36611	-91.35932	-0.54067	-0.34370	0.34683	-0.37990	0.19295	0.99996	0.00663	-0.00605	-0.00667	0.99996	-0.00600	0.00601	0.00604	0.99996	
14	0.07000	60.27025	-65.44970	0.46905	0.57385	0.02812	0.76105	0.97358	0.99991	-0.01328	-0.00049	0.01329	0.99986	0.01002	0.00036	-0.01002	0.99995		-136.38848	-91.36912	-0.54040	-0.35010	0.35263	-0.37582	0.18353	0.99996	0.00656	-0.00615	-0.00660	0.99996	-0.00611	0.00611	0.00615	0.99996	
15	0.07500	60.25579	-65.45500	0.49841	0.56609	0.02748	0.76158	0.98093	0.99991	-0.01329	-0.00048	0.01330	0.99986	0.00988	0.00035	-0.00989	0.99995		-136.34492	-91.37929	-0.53962	-0.36266	0.34482	-0.38069	0.20323	0.99996	0.00664	-0.00602	-0.00668	0.99996	-0.00633	0.00598	0.00637	0.99996	
16	0.08000	60.30626	-65.46631	0.48489	0.55732	0.01982	0.76210	0.98428	0.99991	-0.01330	-0.00035	0.01330	0.99986	0.00973	0.00022	-0.00973	0.99995		-136.35903	-91.39263	-0.53910	-0.36899	0.34624	-0.37816	0.20486	0.99996	0.00660	-0.00604	-0.00664	0.99996	-0.00644	0.00600	0.00648	0.99996	
17	0.08500	60.26693	-65.48698	0.50386	0.54760	0.02784	0.76673	0.96876	0.99991	-0.01338	-0.00049	0.01339	0.99986	0.00956	0.00036	-0.00956	0.99995		-136.37777	-91.37752	-0.55963	-0.37287	0.34956	-0.37878	0.21162	0.99996	0.00661	-0.00610	-0.00665	0.99996	-0.00651	0.00606	0.00655	0.99996	
18	0.09000	60.29121	-65.53192	0.49796	0.53162	0.03146	0.78383	1.00450	0.99991	-0.01368	-0.00055	0.01368	0.99986	0.00928	0.00042	-0.00928	0.99996		-136.37965	-91.40593	-0.55886	-0.38350	0.35069	-0.37817	0.20914	0.99996	0.00660	-0.00612	-0.00664	0.99996	-0.00669	0.00608	0.00673	0.99996	
19	0.09500	60.29981	-65.55717	0.50021	0.51969	0.03042	0.78105	0.99776	0.99991	-0.01363	-0.00053	0.01364	0.99987	0.00907	0.00041	-0.00908	0.99996		-136.37057	-91.39828	-0.56725	-0.38806	0.34950	-0.37400	0.18000	0.99996	0.00653	-0.00610	-0.00657	0.99996	-0.00677	0.00606	0.00681	0.99996	
20	0.10000	60.25645	-65.57044	0.51329	0.51353	0.02716	0.78378	1.00649	0.99991	-0.01368	-0.00047	0.01368	0.99987	0.00896	0.00035	-0.00897	0.99996		-136.34966	-91.39972	-0.57541	-0.39333	0.34826	-0.37685	0.19943	0.99996	0.00658	-0.00608	-0.00662	0.99995	-0.00686	0.00603	0.00690	0.99996	
21	0.10500	60.31430	-65.58288	0.50722	0.50329	0.02246	0.78660	1.02858	0.99991	-0.01373	-0.00039	0.01373	0.99987	0.00878	0.00027	-0.00879	0.99996		-136.36444	-91.40404	-0.58383	-0.39724	0.35437	-0.37774	0.19439	0.99996	0.00659	-0.00618	-0.00664	0.99995	-0.00693	0.00614	0.00697	0.99996	
22	0.11000	60.26726	-65.57736	0.53726	0.49752	0.02711	0.78153	1.01754	0.99991	-0.01364	-0.00047	0.01364	0.99987	0.00868	0.00035	-0.00869	0.99996		-136.35792	-91.39497	-0.57963	-0.40230	0.35642	-0.37174	0.19736	0.99996	0.00649	-0.00622	-0.00653	0.99995	-0.00702	0.00617	0.00706	0.99996	
23	0.11500	60.23355	-65.58247	0.53460	0.48831	0.02569	0.78318	1.00587	0.99991	-0.01367	-0.00045	0.01367	0.99987	0.00852	0.00033	-0.00853	0.99996		-136.37558	-91.39364	-0.59146	-0.40753	0.35454	-0.37754	0.19858	0.99996	0.00659	-0.00619	-0.00663	0.99995	-0.00711	0.00614	0.00715	0.99996	
24	0.12000	60.31664	-65.60208	0.54984	0.48000	0.01643	0.78958	1.03627	0.99991	-0.01378	-0.00029	0.01378	0.99987	0.00838	0.00017	-0.00838	0.99996		-136.33607	-91.39619	-0.59280	-0.40723	0.35917	-0.37810	0.18884	0.99996	0.00660	-0.00627	-0.00664	0.99995	-0.00711	0.00622	0.00715	0.99996	
25	0.12500	60.28676	-65.60608	0.55824	0.47217	0.01403	0.78563	1.00949	0.99991	-0.01371	-0.00024	0.01371	0.99987	0.00824	0.00013	-0.00824	0.99997		-136.35679	-91.39660	-0.58769	-0.41178	0.36031	-0.37630	0.19548	0.99996	0.00657	-0.00629	-0.00661	0.99995	-0.00719	0.00624	0.00723	0.99995	
26	0.13000	60.20129	-65.62321	0.57623	0.46339	0.01877	0.78798	1.01120	0.99991	-0.01375	-0.00033	0.01375	0.99987	0.00809	0.00022	-0.00809	0.99997		-136.39143	-91.39255	-0.59146	-0.41523	0.36432	-0.37786	0.20651	0.99996	0.00659	-0.00636	-0.00664	0.99995	-0.00725	0.00631	0.00729	0.99995	
27	0.13500	60.29013	-65.63053	0.58758	0.45426	0.01125	0.78907	1.02748	0.99991	-0.01377	-0.00020	0.01377	0.99987	0.00793	0.00009	-0.00793	0.99997		-136.30588	-91.41076	-0.57609	-0.41527	0.36046	-0.38049	0.20120	0.99996	0.00664	-0.00629	-0.00669	0.99995	-0.00725	0.00624	0.00729	0.99995	
28	0.14000	60.28521	-65.64560	0.61459	0.44705	0.00425	0.79246	1.02394	0.99990	-0.01383	-0.00007	0.01383	0.99987	0.00780	-0.00003	-0.00780	0.99997		-136.36181	-91.38956	-0.58767	-0.42049	0.36326	-0.37925	0.19067	0.99996	0.00662	-0.00634	-0.00667	0.99995	-0.00734	0.00629	0.00738	0.99995	
29	0.14500	60.22710	-65.64247	0.62176	0.44065	0.00744	0.79039	1.03613	0.99990	-0.01379	-0.00013	0.01380	0.99988	0.00769	0.00002	-0.00769	0.99997		-136.38381	-91.37009	-0.59629	-0.41722	0.36595	-0.37548	0.18474	0.99996	0.00655	-0.00639	-0.00660	0.99995	-0.00728	0.00634	0.00732	0.99995	
30	0.15000	60.29556	-65.65765	0.63291	0.43174	-0.00220	0.79252	1.03877	0.99990	-0.01383	0.00004	0.01383	0.99988	0.00754	-0.00014	-0.00753	0.99997		-136.31821	-91.38822	-0.57246	-0.41808	0.36927	-0.37801	0.19281	0.99996	0.00660	-0.00644	-0.00664	0.99995	-0.00730	0.00640	0.00734	0.99995	
31	0.15500	60.20861	-65.66456	0.64528	0.42737	-0.00258	0.79095	1.03462	0.99990	-0.01380	0.00005	0.01380	0.99988	0.00746	-0.00015	-0.00746	0.99997		-136.38556	-91.37943	-0.58367	-0.42110	0.37156	-0.37692	0.19457	0.99996	0.00658	-0.00648	-0.00663	0.99995	-0.00735	0.00644	0.00739	0.99995	
32	0.16000	60.28306	-65.68213	0.65654	0.41843	-0.01271	0.78880	1.04942	0.99991	-0.01377	0.00022	0.01376	0.99988	0.00730	-0.00032	-0.00730	0.99997		-136.35391	-91.37584	-0.57227	-0.41966	0.37370	-0.37809	0.20020	0.99996	0.00660	-0.00652	-0.00665	0.99995	-0.00732	0.00647	0.00737	0.99995	
33	0.16500	60.26506	-65.69901	0.67045	0.41116	-0.01352	0.78856	1.04487	0.99991	-0.01376	0.00024	0.01376	0.99988	0.00718	-0.00033	-0.00717	0.99997		-136.34815	-91.38422	-0.56851	-0.41919	0.37660	-0.37950	0.19506	0.99996	0.00662	-0.00657	-0.00667	0.99995	-0.00732	0.00652	0.00736	0.99995	
34	0.17000	60.21868	-65.69549	0.66990	0.40614	-0.01260	0.79038	1.04142	0.99990	-0.01379	0.00022	0.01379	0.99988	0.00709	-0.00032	-0.00708	0.99997		-136.39237	-91.37738	-0.58417	-0.42150	0.37556	-0.37645	0.18727	0.99996	0.00657	-0.00655	-0.00662	0.99995	-0.00736	0.00651	0.00740	0.99995	
35	0.17500	60.25890	-65.69840	0.67990	0.40257	-0.01852	0.78644	1.04926	0.99991	-0.01373	0.00032	0.01372	0.99988	0.00703	-0.00042	-0.00702	0.99998		-136.34138	-91.38316	-0.54830	-0.41756	0.38177	-0.37547	0.18750	0.99996	0.00655	-0.00666	-0.00660	0.99995	-0.00729	0.00662	0.00733	0.99995	
36	0.18000	60.27375	-65.70807	0.70679	0.39479	-0.02229	0.79502	1.04615	0.99990	-0.01388	0.00039	0.01387	0.99988	0.00689	-0.00048	-0.00688	0.99998		-136.34072	-91.37363	-0.54413	-0.41448	0.37922	-0.37761	0.19679	0.99996	0.00659	-0.00662	-0.00664	0.99995	-0.00723	0.00657	0.00728	0.99995	
37	0.18500	60.20968	-65.71227	0.70274	0.38914	-0.02160	0.79474	1.05396	0.99990	-0.01387	0.00038	0.01387	0.99988	0.00679	-0.00047	-0.00679	0.99998		-136.35323	-91.36597	-0.53605	-0.41271	0.38208	-0.37812	0.19242	0.99996	0.00660	-0.00667	-0.00665	0.99995	-0.00720	0.00662	0.00725	0.99995	
38	0.19000	60.26400	-65.73389	0.73225	0.38424	-0.02631	0.79698	1.04331	0.99990	-0.01391	0.00046	0.01391	0.99988	0.00671	-0.00055	-0.00670	0.99998		-136.33185	-91.37471	-0.53266	-0.40906	0.38328	-0.38053	0.19905	0.99996	0.00664	-0.00669	-0.00669	0.99995	-0.00714	0.00664	0.00718	0.99995	
39	0.19500	60.26700	-65.74499	0.73176	0.37806	-0.03252	0.79028	1.05696	0.99990	-0.01379	0.00057	0.01379	0.99988	0.00660	-0.00066	-0.00659	0.99998		-136.34741	-91.37481	-0.52429	-0.40704	0.38635	-0.37719	0.19176	0.99996	0.00658	-0.00674	-0.00663	0.99995	-0.00710	0.00670	0.00715	0.99995	
40	0.20000	60.22734	-65.73922	0.74082	0.37482	-0.02897	0.79423	1.05038	0.99990	-0.01386	0.00051	0.01386	0.99988	0.00654	-0.00060	-0.00653	0.99998		-136.34321	-91.36867	-0.52929	-0.40329	0.38958	-0.37615	0.17720	0.99996	0.00656	-0.00680	-0.00661	0.99995	-0.00704	0.00675	0.00708	0.99995	
41	0.20500	60.24682	-65.73803	0.74843	0.37284	-0.03612	0.79359	1.03859	0.99990	-0.01385	0.00063	0.01385	0.99988	0.00651	-0.00072	-0.00650	0.99998		-136.33591	-91.36056	-0.51722	-0.39696	0.39211	-0.37996	0.20600	0.99995	0.00663	-0.00684	-0.00668	0.99995	-0.00693	0.00680	0.00697	0.99995	
42	0.21000	60.24601	-65.75649	0.76273	0.37027	-0.04107	0.79404	1.05659	0.99990	-0.01386	0.00072	0.01385	0.99988	0.00646	-0.00081	-0.00645	0.99998		-136.33660	-91.34988	-0.50138	-0.39130	0.39390	-0.37629	0.18573	0.99995	0.00657	-0.00687	-0.00661	0.99995	-0.00683	0.00683	0.00687	0.99995	
43	0.21500	60.19802	-65.74032	0.75962	0.36975	-0.04372	0.78893	1.05881	0.99990	-0.01377	0.00076	0.01376	0.99988	0.00645	-0.00085	-0.00644	0.99998		-136.34352	-91.34328	-0.49353	-0.38359	0.39431	-0.37549	0.18493	0.99995	0.00655	-0.00688	-0.00660	0.99996	-0.00669	0.00684	0.00674	0.99995	
44	0.22000	60.20952	-65.76578	0.78110	0.36498	-0.04451	0.79199	1.05929	0.99990	-0.01382	0.00078	0.01382	0.99988	0.00637	-0.00086	-0.00636	0.99998		-136.33006	-91.33791	-0.46887	-0.38117	0.39359	-0.37757	0.20150	0.99995	0.00659	-0.00687	-0.00664	0.99996	-0.00665	0.00683	0.00670	0.99995	
45	0.22500	60.21815	-65.76242	0.78309	0.36332	-0.04651	0.79362	1.05382	0.99990	-0.01385	0.00081	0.01385	0.99988	0.00634	-0.00090	-0.00633	0.99998		-136.31093	-91.33610	-0.46165	-0.37402	0.39718	-0.37616	0.19259	0.99995	0.00657	-0.00693	-0.00661	0.99996	-0.00653	0.00689	0.00657	0.99995	
46	0.23000	60.22139	-65.77871	0.79563	0.36015	-0.04995	0.79109	1.06059	0.99990	-0.01381	0.00087	0.01380	0.99988	0.00629	-0.00096	-0.00627	0.99998		-136.33323	-91.32466	-0.46211	-0.36715	0.40168	-0.37730	0.20782	0.99995	0.00658	-0.00701	-0.00663	0.99996	-0.00641	0.00697	0.00645	0.99995	
47	0.23500	60.25214	-65.78253	0.79573	0.36022	-0.05494	0.79309	1.06312	0.99990	-0.01384	0.00096	0.01384	0.99988	0.00629	-0.00105	-0.00627	0.99998		-136.34023	-91.33448	-0.43322	-0.36208	0.40429	-0.37618	0.19289	0.99995	0.00657	-0.00706	-0.00661	0.99996	-0.00632	0.00701	0.00637	0.99996	
48	0.24000	60.23966	-65.76777	0.79750	0.36219	-0.05821	0.79680	1.07976	0.99990	-0.01391	0.00102	0.01390	0.99988	0.00632	-0.00110	-0.00631	0.99998		-136.32170	-91.32448	-0.42564	-0.35241	0.40114	-0.37947	0.20012	0.99995	0.00662	-0.00700	-0.00667	0.99996	-0.00615	0.00696	0.00620	0.99996	
49	0.24500	60.21565	-65.77225	0.81232	0.36346	-0.05868	0.79291	1.07456	0.99990	-0.01384	0.00102	0.01383	0.99988	0.00634	-0.00111	-0.00633	0.99998		-136.33300	-91.31623	-0.41801	-0.34315	0.40466	-0.37630	0.19773	0.99995	0.00657	-0.00706	-0.00661	0.99996	-0.00599	0.00702	0.00604	0.99996	
50	0.25000	60.17884	-65.79425	0.82873	0.35947	-0.05531	0.79233	1.06518	0.99990	-0.01383	0.00097	0.01382	0.99988	0.00627	-0.00105	-0.00626	0.99998		-136.33642	-91.32334	-0.40575	-0.33652	0.40399	-0.37703	0.19150	0.99995	0.00658	-0.00705	-0.00662	0.99996	-0.00587	0.00701	0.00592	0.99996	
51	0.25500	60.19703	-65.77149	0.81351	0.36256	-0.05946	0.79123	1.07598	0.99990	-0.01381	0.00104	0.01380	0.99988	0.00633	-0.00113	-0.00631	0.99998		-136.33106	-91.31811	-0.38579	-0.32776	0.40850	-0.37487	0.18661	0.99995	0.00654	-0.00713	-0.00658	0.99996	-0.00572	0.00709	0.00577	0.99996	
52	0.26000	60.18345	-65.78861	0.82401	0.36295	-0.05990	0.79377	1.07979	0.99990	-0.01385	0.00105	0.01385	0.99988	0.00633	-0.00113	-0.00632	0.99998		-136.33232	-91.29206	-0.37823	-0.31555	0.40764	-0.37919	0.18596	0.99995	0.00662	-0.00711	-0.00666	0.99996	-0.00551	0.00708	0.00555	0.99996	
53	0.26500	60.20365	-65.79205	0.83373	0.36649	-0.06296	0.79205	1.07818	0.99990	-0.01382	0.00110	0.01382	0.99988	0.00640	-0.00119	-0.00638	0.99998		-136.31192	-91.29217	-0.39200	-0.30579	0.40800	-0.37810	0.18136	0.99995	0.00660	-0.00712	-0.00664	0.99996	-0.00534	0.00709	0.00538	0.99996	
54	0.27000	60.22001	-65.77701	0.82817	0.36964	-0.06581	0.79003	1.08459	0.99990	-0.01379	0.00115	0.01378	0.99988	0.00645	-0.00124	-0.00643	0.99998		-136.30644	-91.28349	-0.36363	-0.29617	0.41263	-0.37676	0.18683	0.99995	0.00658	-0.00720	-0.00661	0.99996	-0.00517	0.00717	0.00522	0.99996	
55	0.27500	60.22660	-65.79107	0.82364	0.37209	-0.06856	0.79000	1.07554	0.99990	-0.01379	0.00120	0.01378	0.99988	0.00649	-0.00129	-0.00648	0.99998		-136.34486	-91.26104	-0.35588	-0.28315	0.41506	-0.37418	0.16581	0.99995	0.00653	-0.00724	-0.00657	0.99997	-0.00494	0.00721	0.00499	0.99996	
56	0.28000	60.24283	-65.77853	0.82485	0.37811	-0.07647	0.78941	1.08312	0.99990	-0.01378	0.00133	0.01377	0.99988	0.00660	-0.00143	-0.00658	0.99998		-136.33728	-91.26430	-0.34812	-0.27329	0.41613	-0.37276	0.16407	0.99995	0.00651	-0.00726	-0.00654	0.99997	-0.00477	0.00723	0.00482	0.99996	
57	0.28500	60.23921	-65.79902	0.82832	0.37709	-0.07432	0.79090	1.07671	0.99990	-0.01380	0.00130	0.01379	0.99988	0.00658	-0.00139	-0.00656	0.99998		-136.34122	-91.23992	-0.33650	-0.26222	0.41874	-0.38063	0.19821	0.99995	0.00664	-0.00731	-0.00668	0.99997	-0.00458	0.00728	0.00462	0.99996	
58	0.29000	60.19166	-65.80579	0.82264	0.38062	-0.07169	0.79099	1.08754	0.99990	-0.01380	0.00125	0.01380	0.99988	0.00664	-0.00134	-0.00663	0.99998		-136.34591	-91.25455	-0.31561	-0.25655	0.41566	-0.37306	0.17482	0.99995	0.00651	-0.00725	-0.00654	0.99997	-0.00448	0.00723	0.00452	0.99996	
59	0.29500	60.20005	-65.77275	0.80423	0.39060	-0.07530	0.79294	1.07832	0.99990	-0.01384	0.00131	0.01383	0.99988	0.00682	-0.00141	-0.00680	0.99998		-136.33925	-91.23997	-0.30417	-0.24551	0.41981	-0.37767	0.18237	0.99995	0.00659	-0.00733	-0.00662	0.99997	-0.00428	0.00730	0.00433	0.99996	
60	0.30000	60.21458	-65.79510	0.82341	0.39019	-0.07193	0.79532	1.07722	0.99990	-0.01388	0.00126	0.01387	0.99988	0.00681	-0.00135	-0.00679	0.99998		-136.35353	-91.23558	-0.29583	-0.23659	0.41676	-0.37700	0.17121	0.99995	0.00658	-0.00727	-0.00661	0.99997	-0.00413	0.00725	0.00418	0.99996	
61	0.30500	60.19169	-65.79239	0.83138	0.39570	-0.07151	0.79689	1.09004	0.99990	-0.01391	0.00125	0.01390	0.99988	0.00691	-0.00134	-0.00689	0.99998		-136.34796	-91.22879	-0.28454	-0.22410	0.42307	-0.37625	0.17499	0.99995	0.00657	-0.00738	-0.00660	0.99997	-0.00391	0.00736	0.00396	0.99997	
62	0.31000	60.21496	-65.77272	0.80261	0.40377	-0.07445	0.79321	1.07810	0.99990	-0.01384	0.00130	0.01383	0.99988	0.00705	-0.00140	-0.00703	0.99997		-136.32267	-91.24377	-0.26821	-0.21598	0.41753	-0.37973	0.17633	0.99995	0.00663	-0.00729	-0.00665	0.99997	-0.00377	0.00726	0.00382	0.99997	
63	0.31500	60.21778	-65.78046	0.81258	0.40655	-0.07520	0.79476	1.08511	0.99990	-0.01387	0.00131	0.01386	0.99988	0.00710	-0.00141	-0.00708	0.99997		-136.35484	-91.21613	-0.25223	-0.20348	0.42392	-0.37908	0.17997	0.99995	0.00662	-0.00740	-0.00664	0.99997	-0.00355	0.00737	0.00360	0.99997	
64	0.32000	60.19322	-65.80219	0.80515	0.41241	-0.07073	0.79046	1.07232	0.99990	-0.01380	0.00123	0.01379	0.99988	0.00720	-0.00133	-0.00718	0.99997		-136.32358	-91.21696	-0.24906	-0.19395	0.42188	-0.38049	0.16534	0.99995	0.00664	-0.00736	-0.00667	0.99997	-0.00339	0.00734	0.00343	0.99997	
65	0.32500	60.19944	-65.77983	0.79815	0.42080	-0.07640	0.78609	1.08166	0.99991	-0.01372	0.00133	0.01371	0.99988	0.00734	-0.00143	-0.00733	0.99997		-136.38246	-91.20144	-0.25279	-0.18477	0.42484	-0.38003	0.16833	0.99995	0.00663	-0.00741	-0.00666	0.99997	-0.00322	0.00739	0.00327	0.99997	
66	0.33000	60.21493	-65.79041	0.77651	0.42655	-0.07930	0.79117	1.06451	0.99990	-0.01381	0.00138	0.01380	0.99988	0.00744	-0.00149	-0.00742	0.99997		-136.36590	-91.19071	-0.21590	-0.17287	0.42192	-0.38145	0.17949	0.99995	0.00666	-0.00736	-0.00668	0.99997	-0.00302	0.00734	0.00307	0.99997	
67	0.33500	60.22243	-65.78449	0.79065	0.43165	-0.07804	0.79682	1.08728	0.99990	-0.01391	0.00136	0.01390	0.99988	0.00753	-0.00147	-0.00751	0.99997		-136.36898	-91.19424	-0.22868	-0.16750	0.42131	-0.37959	0.16849	0.99995	0.00662	-0.00735	-0.00665	0.99997	-0.00292	0.00733	0.00297	0.99997	
68	0.34000	60.14182	-65.75304	0.81846	0.44729	-0.07265	0.77551	1.03552	0.99991	-0.01353	0.00127	0.01352	0.99988	0.00781	-0.00137	-0.00779	0.99997		-136.33809	-91.19635	-0.20896	-0.15708	0.42165	-0.37914	0.16693	0.99995	0.00662	-0.00736	-0.00664	0.99997	-0.00274	0.00734	0.00279	0.99997	
69	0.34500	60.16851	-65.74352	0.80130	0.45534	-0.07638	0.77311	1.04667	0.99991	-0.01349	0.00133	0.01348	0.99988	0.00795	-0.00144	-0.00793	0.99997		-136.34713	-91.18884	-0.19262	-0.14913	0.42268	-0.38581	0.16591	0.99995	0.00673	-0.00738	-0.00675	0.99997	-0.00260	0.00736	0.00265	0.99997	
70	0.35000	60.14002	-65.73074	0.79369	0.46321	-0.07701	0.76873	1.04140	0.99991	-0.01342	0.00134	0.01341	0.99988	0.00808	-0.00145	-0.00807	0.99997		-136.36193	-91.18689	-0.18445	-0.13835	0.42425	-0.38354	0.16539	0.99995	0.00669	-0.00740	-0.00671	0.99997	-0.00241	0.00739	0.00246	0.99997	
71	0.35500	60.17438	-65.72331	0.78171	0.47310	-0.08027	0.77131	1.05061	0.99991	-0.01346	0.00140	0.01345	0.99988	0.00826	-0.00151	-0.00824	0.99996		-136.36476	-91.17724	-0.15967	-0.12908	0.42127	-0.38462	0.17336	0.99995	0.00671	-0.00735	-0.00673	0.99997	-0.00225	0.00734	0.00230	0.99997	
72	0.36000	60.13325	-65.71674	0.76648	0.48168	-0.07420	0.76554	1.04606	0.99991	-0.01336	0.00130	0.01335	0.99988	0.00841	-0.00141	-0.00839	0.99996		-136.35674	-91.17981	-0.15955	-0.12562	0.41868	-0.37940	0.16408	0.99995	0.00662	-0.00731	-0.00664	0.99998	-0.00219	0.00729	0.00224	0.99997	
73	0.36500	60.18842	-65.70568	0.77311	0.49242	-0.07625	0.77083	1.04912	0.99991	-0.01345	0.00133	0.01344	0.99987	0.00859	-0.00145	-0.00858	0.99996		-136.36501	-91.16137	-0.16008	-0.11520	0.41933	-0.37906	0.15878	0.99995	0.00662	-0.00732	-0.00663	0.99998	-0.00201	0.00731	0.00206	0.99997	
74	0.37000	60.16045	-65.70829	0.76859	0.49930	-0.06772	0.76858	1.04221	0.99991	-0.01341	0.00118	0.01340	0.99987	0.00871	-0.00130	-0.00870	0.99996		-136.36124	-91.17364	-0.12291	-0.10946	0.42175	-0.38275	0.16868	0.99995	0.00668	-0.00736	-0.00669	0.99998	-0.00191	0.00735	0.00196	0.99997	
75	0.37500	60.16814	-65.69043	0.74784	0.51022	-0.07375	0.77105	1.05702	0.99991	-0.01346	0.00129	0.01344	0.99987	0.00890	-0.00141	-0.00889	0.99996		-136.39301	-91.16675	-0.13909	-0.10215	0.41864	-0.38705	0.17698	0.99995	0.00676	-0.00731	-0.00677	0.99998	-0.00178	0.00729	0.00183	0.99997	
76	0.38000	60.16438	-65.67805	0.73063	0.51890	-0.07121	0.76816	1.03229	0.99991	-0.01341	0.00124	0.01339	0.99987	0.00906	-0.00136	-0.00904	0.99996		-136.38006	-91.17738	-0.11847	-0.09731	0.41669	-0.38214	0.16594	0.99995	0.00667	-0.00727	-0.00668	0.99998	-0.00170	0.00726	0.00175	0.99997	
77	0.38500	60.19157	-65.67969	0.74477	0.52870	-0.07137	0.76634	1.03094	0.99991	-0.01337	0.00125	0.01336	0.99987	0.00923	-0.00137	-0.00921	0.99996		-136.34138	-91.17415	-0.11110	-0.08982	0.41595	-0.38320	0.15887	0.99995	0.00669	-0.00726	-0.00670	0.99998	-0.00157	0.00725	0.00162	0.99997	
78	0.39000	60.16476	-65.68044	0.72525	0.53441	-0.06510	0.76867	1.03495	0.99991	-0.01342	0.00114	0.01340	0.99987	0.00933	-0.00126	-0.00931	0.99996		-136.37315	-91.17174	-0.11897	-0.08657	0.41569	-0.37893	0.16318	0.99995	0.00661	-0.00726	-0.00662	0.99998	-0.00151	0.00724	0.00156	0.99997	
79	0.39500	60.17460	-65.67127	0.70560	0.54407	-0.06665	0.76235	1.05107	0.99991	-0.01331	0.00116	0.01329	0.99987	0.00950	-0.00129	-0.00948	0.99995		-136.38690	-91.17983	-0.11432	-0.08454	0.41358	-0.38336	0.17268	0.99995	0.00669	-0.00722	-0.00670	0.99998	-0.00148	0.00721	0.00152	0.99997	
80	0.40000	60.19851	-65.66513	0.69659	0.55153	-0.05963	0.76883	1.04107	0.99991	-0.01342	0.00104	0.01341	0.99986	0.00963	-0.00117	-0.00961	0.99995		-136.31371	-91.19198	-0.09845	-0.07938	0.40713	-0.38647	0.17632	0.99995	0.00674	-0.00711	-0.00675	0.99998	-0.00139	0.00710	0.00143	0.99997	
81	0.40500	60.15485	-65.66164	0.68432	0.55969	-0.05749	0.76688	1.02414	0.99991	-0.01338	0.00100	0.01337	0.99986	0.00977	-0.00113	-0.00975	0.99995		-136.35963	-91.18451	-0.11410	-0.07740	0.40588	-0.38199	0.17596	0.99995	0.00667	-0.00708	-0.00668	0.99998	-0.00135	0.00707	0.00140	0.99997	
82	0.41000	60.18294	-65.66607	0.68197	0.56500	-0.05698	0.77055	1.04694	0.99991	-0.01345	0.00099	0.01344	0.99986	0.00986	-0.00113	-0.00985	0.99995		-136.36037	-91.17348	-0.10625	-0.07280	0.40549	-0.38276	0.16874	0.99995	0.00668	-0.00708	-0.00669	0.99998	-0.00127	0.00707	0.00132	0.99997	
83	0.41500	60.18653	-65.65839	0.65309	0.57693	-0.05505	0.76589	1.03205	0.99991	-0.01337	0.00096	0.01336	0.99986	0.01007	-0.00110	-0.01006	0.99995		-136.36286	-91.21358	-0.09714	-0.07491	0.40247	-0.38034	0.17163	0.99995	0.00664	-0.00702	-0.00665	0.99998	-0.00131	0.00702	0.00135	0.99997	
84	0.42000	60.15770	-65.65344	0.64482	0.58448	-0.05168	0.76513	1.03617	0.99991	-0.01335	0.00090	0.01334	0.99986	0.01020	-0.00104	-0.01019	0.99995		-136.38522	-91.18423	-0.10932	-0.07083	0.39866	-0.38239	0.16377	0.99995	0.00667	-0.00696	-0.00668	0.99998	-0.00124	0.00695	0.00128	0.99997	
85	0.42500	60.23097	-65.64700	0.63706	0.59096	-0.05519	0.76719	1.04252	0.99991	-0.01339	0.00096	0.01338	0.99986	0.01031	-0.00110	-0.01030	0.99995		-136.33406	-91.21001	-0.10556	-0.07000	0.39516	-0.37927	0.15853	0.99995	0.00662	-0.00690	-0.00663	0.99998	-0.00122	0.00689	0.00127	0.99998	
86	0.43000	60.22049	-65.66078	0.60241	0.59489	-0.04908	0.76496	1.04194	0.99991	-0.01335	0.00086	0.01334	0.99986	0.01038	-0.00100	-0.01037	0.99995		-136.34528	-91.21215	-0.10082	-0.07073	0.39326	-0.38156	0.17668	0.99995	0.00666	-0.00686	-0.00667	0.99998	-0.00123	0.00686	0.00128	0.99998	
87	0.43500	60.20503	-65.64059	0.61191	0.60481	-0.04790	0.76543	1.03156	0.99991	-0.01336	0.00084	0.01335	0.99986	0.01056	-0.00098	-0.01054	0.99994		-136.39455	-91.20617	-0.10448	-0.06987	0.39526	-0.38560	0.18570	0.99995	0.00673	-0.00690	-0.00674	0.99998	-0.00122	0.00689	0.00127	0.99998	
88	0.44000	60.18580	-65.65698	0.61574	0.61033	-0.04238	0.76058	1.02065	0.99991	-0.01327	0.00074	0.01327	0.99986	0.01065	-0.00088	-0.01064	0.99994		-136.35994	-91.19873	-0.09635	-0.06921	0.38966	-0.37987	0.16476	0.99995	0.00663	-0.00680	-0.00664	0.99998	-0.00121	0.00679	0.00125	0.99998	
89	0.44500	60.20204	-65.64243	0.56678	0.61729	-0.03983	0.76625	1.05812	0.99991	-0.01337	0.00070	0.01336	0.99985	0.01077	-0.00084	-0.01076	0.99994		-136.35953	-91.22991	-0.10835	-0.07420	0.38923	-0.38083	0.16503	0.99995	0.00665	-0.00679	-0.00666	0.99998	-0.00130	0.00678	0.00134	0.99998	
90	0.45000	60.19044	-65.63544	0.56644	0.62535	-0.03988	0.76394	1.04824	0.99991	-0.01333	0.00070	0.01332	0.99985	0.01091	-0.00084	-0.01090	0.99994		-136.36025	-91.23147	-0.10370	-0.07703	0.38511	-0.37835	0.16022	0.99996	0.00660	-0.00672	-0.00661	0.99998	-0.00134	0.00671	0.00139	0.99998	
91	0.45500	60.22109	-65.63243	0.56730	0.63122	-0.03990	0.76066	1.03931	0.99991	-0.01328	0.00070	0.01327	0.99985	0.01102	-0.00084	-0.01101	0.99994		-136.34973	-91.24458	-0.10765	-0.07796	0.38234	-0.37807	0.16152	0.99996	0.00660	-0.00667	-0.00661	0.99998	-0.00136	0.00666	0.00140	0.99998	
92	0.46000	60.20939	-65.65637	0.54627	0.63278	-0.03776	0.76301	1.03013	0.99991	-0.01332	0.00066	0.01331	0.99985	0.01104	-0.00081	-0.01103	0.99994		-136.35857	-91.22738	-0.11599	-0.07930	0.38301	-0.38176	0.16801	0.99996	0.00666	-0.00668	-0.00667	0.99998	-0.00138	0.00668	0.00143	0.99998	
93	0.46500	60.18263	-65.65376	0.53909	0.63746	-0.03386	0.75885	1.02702	0.99991	-0.01324	0.00059	0.01324	0.99985	0.01113	-0.00074	-0.01112	0.99994		-136.38909	-91.24801	-0.10635	-0.08376	0.37824	-0.38150	0.15756	0.99996	0.00666	-0.00660	-0.00667	0.99998	-0.00146	0.00659	0.00151	0.99998	
94	0.47000	60.18574	-65.63277	0.52915	0.64476	-0.02998	0.76230	1.04720	0.99991	-0.01330	0.00052	0.01330	0.99985	0.01125	-0.00067	-0.01124	0.99994		-136.37174	-91.24499	-0.11083	-0.08779	0.38207	-0.37755	0.16657	0.99996	0.00659	-0.00667	-0.00660	0.99998	-0.00153	0.00666	0.00158	0.99998	
95	0.47500	60.19529	-65.64742	0.52487	0.64789	-0.02758	0.76183	1.03584	0.99991	-0.01330	0.00048	0.01329	0.99985	0.01131	-0.00063	-0.01130	0.99994		-136.35665	-91.24633	-0.11461	-0.09040	0.37451	-0.38393	0.18226	0.99996	0.00670	-0.00654	-0.00671	0.99998	-0.00158	0.00653	0.00162	0.99998	
96	0.48000	60.20777	-65.63196	0.49740	0.65423	-0.03143	0.76183	1.05076	0.99991	-0.01330	0.00055	0.01329	0.99985	0.01142	-0.00070	-0.01141	0.99993		-136.36977	-91.26608	-0.13020	-0.10060	0.37141	-0.37974	0.16883	0.99996	0.00663	-0.00648	-0.00664	0.99998	-0.00176	0.00647	0.00180	0.99998	
97	0.48500	60.23366	-65.64172	0.50904	0.65550	-0.02602	0.76530	1.04998	0.99991	-0.01336	0.00045	0.01335	0.99985	0.01144	-0.00061	-0.01143	0.99993		-136.36725	-91.27273	-0.13844	-0.10416	0.37122	-0.37909	0.17489	0.99996	0.00662	-0.00648	-0.00663	0.99998	-0.00182	0.00647	0.00186	0.99998	
98	0.49000	60.20099	-65.64828	0.51169	0.65978	-0.01981	0.76115	1.05654	0.99991	-0.01328	0.00035	0.01328	0.99985	0.01152	-0.00050	-0.01151	0.99993		-136.39514	-91.27513	-0.14169	-0.10935	0.36906	-0.38277	0.18053	0.99996	0.00668	-0.00644	-0.00669	0.99998	-0.00191	0.00643	0.00195	0.99998	
99	0.49500	60.22108	-65.62303	0.46470	0.66553	-0.02216	0.76340	1.04945	0.99991	-0.01332	0.00039	0.01332	0.99984	0.01162	-0.00054	-0.01161	0.99993		-136.40215	-91.28468	-0.14508	-0.11724	0.36461	-0.38037	0.16475	0.99996	0.00664	-0.00636	-0.00665	0.99998	-0.00205	0.00635	0.00209	0.99998	
100	0.50000	60.22567	-65.63563	0.44302	0.66833	-0.02008	0.75915	1.04648	0.99991	-0.01325	0.00035	0.01324	0.99984	0.01166	-0.00050	-0.01166	0.99993		-136.36527	-91.28353	-0.14538	-0.12381	0.36445	-0.37773	0.16822	0.99996	0.00659	-0.00636	-0.00661	0.99998	-0.00216	0.00635	0.00220	0.99998	
101	0.50500	60.22441	-65.64043	0.45929	0.66625	-0.01365	0.76635	1.05247	0.99991	-0.01337	0.00024	0.01337	0.99984	0.01163	-0.00039	-0.01162	0.99993		-136.35984	-91.30623	-0.15701	-0.13343	0.35921	-0.37963	0.16117	0.99996	0.00663	-0.00627	-0.00664	0.99998	-0.00233	0.00625	0.00237	0.99998	
102	0.51000	60.18867	-65.64277	0.42466	0.67115	-0.01646	0.76229	1.05421	0.99991	-0.01330	0.00029	0.01330	0.99984	0.01171	-0.00044	-0.01171	0.99993		-136.40209	-91.30475	-0.16034	-0.14074	0.36344	-0.38047	0.17122	0.99996	0.00664	-0.00634	-0.00666	0.99997	-0.00246	0.00633	0.00250	0.99998	
103	0.51500	60.15898	-65.63138	0.43566	0.67288	-0.00901	0.76082	1.03872	0.99991	-0.01328	0.00016	0.01328	0.99984	0.01174	-0.00031	-0.01174	0.99993		-136.38896	-91.32097	-0.16785	-0.14981	0.35896	-0.37797	0.16862	0.99996	0.00660	-0.00627	-0.00661	0.99997	-0.00261	0.00625	0.00266	0.99998	
104	0.52000	60.19868	-65.63762	0.42502	0.67164	-0.00872	0.76590	1.06337	0.99991	-0.01337	0.00015	0.01336	0.99984	0.01172	-0.00031	-0.01172	0.99993		-136.39060	-91.33096	-0.17122	-0.16064	0.35632	-0.37657	0.18142	0.99996	0.00657	-0.00622	-0.00659	0.99997	-0.00280	0.00620	0.00284	0.99998	
105	0.52500	60.16295	-65.65546	0.40696	0.67223	-0.00845	0.75681	1.04183	0.99991	-0.01321	0.00015	0.01321	0.99984	0.01173	-0.00030	-0.01173	0.99993		-136.38524	-91.34158	-0.18301	-0.16753	0.35111	-0.37885	0.17274	0.99996	0.00661	-0.00613	-0.00663	0.99997	-0.00292	0.00611	0.00296	0.99998	
106	0.53000	60.18490	-65.63531	0.41274	0.67466	-0.00505	0.76109	1.05656	0.99991	-0.01328	0.00009	0.01328	0.99984	0.01177	-0.00024	-0.01177	0.99993		-136.35953	-91.34446	-0.19963	-0.17732	0.34916	-0.37837	0.17276	0.99996	0.00660	-0.00609	-0.00662	0.99997	-0.00309	0.00607	0.00314	0.99998	
107	0.53500	60.18943	-65.62219	0.38200	0.67639	-0.00475	0.76171	1.05194	0.99991	-0.01329	0.00008	0.01329	0.99984	0.01180	-0.00024	-0.01180	0.99993		-136.38797	-91.35850	-0.21889	-0.18942	0.34789	-0.37631	0.17071	0.99996	0.00657	-0.00607	-0.00659	0.99997	-0.00331	0.00605	0.00335	0.99998	
108	0.54000	60.19610	-65.64317	0.38982	0.67213	-0.00375	0.76461	1.05736	0.99991	-0.01334	0.00007	0.01334	0.99984	0.01173	-0.00022	-0.01173	0.99993		-136.41538	-91.37265	-0.23084	-0.19907	0.35071	-0.37886	0.17575	0.99996	0.00661	-0.00612	-0.00663	0.99997	-0.00347	0.00610	0.00351	0.99998	
109	0.54500	60.15795	-65.64808	0.39894	0.67176	0.00064	0.76185	1.05489	0.99991	-0.01330	-0.00001	0.01330	0.99984	0.01172	-0.00014	-0.01172	0.99993		-136.37605	-91.38546	-0.23466	-0.20911	0.34525	-0.38109	0.17943	0.99996	0.00665	-0.00603	-0.00667	0.99997	-0.00365	0.00600	0.00369	0.99998	
110	0.55000	60.17198	-65.65413	0.38386	0.66804	0.00156	0.76045	1.04920	0.99991	-0.01327	-0.00003	0.01327	0.99984	0.01166	-0.00013	-0.01166	0.99993		-136.35975	-91.38330	-0.24645	-0.21925	0.33880	-0.37908	0.17979	0.99996	0.00662	-0.00591	-0.00664	0.99997	-0.00383	0.00589	0.00387	0.99998	
111	0.55500	60.15058	-65.65155	0.38505	0.66759	0.00377	0.76145	1.05508	0.99991	-0.01329	-0.00007	0.01329	0.99984	0.01165	-0.00009	-0.01165	0.99993		-136.35858	-91.41314	-0.25815	-0.23235	0.33954	-0.37453	0.16674	0.99996	0.00654	-0.00593	-0.00656	0.99997	-0.00406	0.00590	0.00409	0.99997	
112	0.56000	60.14099	-65.65086	0.39297	0.66558	0.00655	0.75891	1.05405	0.99991	-0.01325	-0.00011	0.01325	0.99984	0.01162	-0.00004	-0.01162	0.99993		-136.38612	-91.41766	-0.27342	-0.24633	0.33886	-0.37440	0.17610	0.99996	0.00653	-0.00591	-0.00656	0.99997	-0.00430	0.00589	0.00434	0.99997	
113	0.56500	60.18991	-65.66542	0.37833	0.66126	0.00199	0.75702	1.05329	0.99991	-0.01321	-0.00003	0.01321	0.99985	0.01154	-0.00012	-0.01154	0.99993		-136.37482	-91.42324	-0.28534	-0.25502	0.33535	-0.37467	0.17526	0.99996	0.00654	-0.00585	-0.00657	0.99997	-0.00445	0.00582	0.00449	0.99997	
114	0.57000	60.16932	-65.65419	0.37146	0.65854	0.00411	0.75541	1.03341	0.99991	-0.01318	-0.00007	0.01318	0.99985	0.01149	-0.00008	-0.01149	0.99993		-136.40151	-91.43631	-0.30096	-0.26655	0.33820	-0.37427	0.18369	0.99996	0.00653	-0.00590	-0.00656	0.99997	-0.00465	0.00587	0.00469	0.99997	
115	0.57500	60.15953	-65.65535	0.40055	0.65593	0.00588	0.75707	1.03961	0.99991	-0.01321	-0.00010	0.01321	0.99985	0.01145	-0.00005	-0.01145	0.99993		-136.37457	-91.42624	-0.30944	-0.27749	0.33678	-0.37560	0.17853	0.99996	0.00656	-0.00588	-0.00658	0.99997	-0.00484	0.00585	0.00488	0.99997	
116	0.58000	60.16839	-65.67972	0.38071	0.64931	0.00536	0.76071	1.05491	0.99991	-0.01328	-0.00009	0.01328	0.99985	0.01133	-0.00006	-0.01133	0.99994		-136.40165	-91.45357	-0.31635	-0.28941	0.33696	-0.37373	0.17533	0.99996	0.00652	-0.00588	-0.00655	0.99997	-0.00505	0.00585	0.00509	0.99997	
117	0.58500	60.21621	-65.66881	0.39123	0.64884	-0.00240	0.75556	1.05360	0.99991	-0.01319	0.00004	0.01319	0.99985	0.01132	-0.00019	-0.01132	0.99994		-136.38389	-91.47508	-0.31526	-0.30462	0.33502	-0.37597	0.19581	0.99996	0.00656	-0.00585	-0.00659	0.99996	-0.00532	0.00581	0.00535	0.99997	
118	0.59000	60.16922	-65.68189	0.38375	0.64205	0.00295	0.75684	1.04491	0.99991	-0.01321	-0.00005	0.01321	0.99985	0.01121	-0.00010	-0.01121	0.99994		-136.36418	-91.49163	-0.32300	-0.31671	0.33183	-0.37231	0.18646	0.99996	0.00650	-0.00579	-0.00653	0.99996	-0.00553	0.00576	0.00557	0.99997	
119	0.59500	60.20185	-65.68906	0.38694	0.63792	0.00299	0.75811	1.04588	0.99991	-0.01323	-0.00005	0.01323	0.99985	0.01113	-0.00010	-0.01113	0.99994		-136.35300	-91.49109	-0.33115	-0.32684	0.33123	-0.38044	0.18978	0.99996	0.00664	-0.00578	-0.00667	0.99996	-0.00570	0.00574	0.00574	0.99997	
120	0.60000	60.19584	-65.69191	0.40315	0.63254	0.00209	0.75553	1.03934	0.99991	-0.01319	-0.00004	0.01319	0.99985	0.01104	-0.00011	-0.01104	0.99994		-136.38057	-91.49744	-0.34635	-0.34013	0.33261	-0.37372	0.19221	0.99996	0.00652	-0.00581	-0.00656	0.99996	-0.00594	0.00577	0.00597	0.99997	
121	0.60500	60.18115	-65.71996	0.39191	0.62258	0.00041	0.75886	1.04891	0.99991	-0.01324	-0.00001	0.01324	0.99985	0.01087	-0.00014	-0.01086	0.99994		-136.35098	-91.50476	-0.35841	-0.35009	0.32731	-0.37296	0.18957	0.99996	0.00651	-0.00571	-0.00654	0.99996	-0.00611	0.00567	0.00615	0.99997	
122	0.61000	60.14137	-65.70795	0.41906	0.61817	0.00788	0.76160	1.03923	0.99991	-0.01329	-0.00014	0.01329	0.99985	0.01079	-0.00001	-0.01079	0.99994		-136.38608	-91.50336	-0.35325	-0.35952	0.33012	-0.37392	0.19277	0.99996	0.00653	-0.00576	-0.00656	0.99996	-0.00627	0.00572	0.00631	0.99996	
123	0.61500	60.19911	-65.72280	0.40602	0.61000	0.00039	0.76078	1.05450	0.99991	-0.01328	-0.00001	0.01328	0.99986	0.01065	-0.00013	-0.01065	0.99994		-136.38661	-91.50966	-0.37758	-0.36830	0.32911	-0.37621	0.18994	0.99996	0.00657	-0.00574	-0.00660	0.99996	-0.00643	0.00570	0.00647	0.99996	
124	0.62000	60.16417	-65.73374	0.42774	0.60516	0.00238	0.75751	1.04365	0.99991	-0.01322	-0.00004	0.01322	0.99986	0.01056	-0.00010	-0.01056	0.99994		-136.40116	-91.51690	-0.38166	-0.37785	0.33880	-0.37634	0.21434	0.99996	0.00657	-0.00591	-0.00661	0.99996	-0.00659	0.00587	0.00663	0.99996	
125	0.62500	60.14509	-65.73867	0.43708	0.59702	0.00565	0.76123	1.04864	0.99991	-0.01329	-0.00010	0.01329	0.99986	0.01042	-0.00004	-0.01042	0.99995		-136.38890	-91.52371	-0.39339	-0.39097	0.33560	-0.37461	0.19644	0.99996	0.00654	-0.00586	-0.00658	0.99996	-0.00682	0.00581	0.00686	0.99996	
126	0.63000	60.18990	-65.74494	0.43328	0.59257	-0.00008	0.75404	1.05019	0.99991	-0.01316	0.00000	0.01316	0.99986	0.01034	-0.00014	-0.01034	0.99995		-136.38571	-91.53683	-0.39716	-0.39898	0.33807	-0.37454	0.19784	0.99996	0.00654	-0.00590	-0.00658	0.99995	-0.00696	0.00585	0.00700	0.99996	
127	0.63500	60.13527	-65.75319	0.45291	0.58509	0.00576	0.75543	1.04717	0.99991	-0.01318	-0.00010	0.01318	0.99986	0.01021	-0.00003	-0.01021	0.99995		-136.36881	-91.53898	-0.41774	-0.40771	0.33560	-0.37713	0.19543	0.99996	0.00658	-0.00586	-0.00662	0.99995	-0.00712	0.00581	0.00715	0.99996	
128	0.64000	60.14199	-65.77054	0.46832	0.57509	0.00526	0.76253	1.04187	0.99991	-0.01331	-0.00009	0.01331	0.99986	0.01004	-0.00004	-0.01004	0.99995		-136.39915	-91.53442	-0.43338	-0.41850	0.33763	-0.37586	0.18827	0.99996	0.00656	-0.00589	-0.00660	0.99995	-0.00730	0.00584	0.00734	0.99996	
129	0.64500	60.15423	-65.74640	0.45860	0.57150	0.00258	0.76050	1.05859	0.99991	-0.01327	-0.00005	0.01327	0.99986	0.00997	-0.00009	-0.00997	0.99995		-136.36127	-91.54866	-0.43376	-0.42525	0.33902	-0.37664	0.19242	0.99996	0.00657	-0.00592	-0.00662	0.99995	-0.00742	0.00587	0.00746	0.99995	
130	0.65000	60.15631	-65.76859	0.46707	0.56394	-0.00148	0.76538	1.04276	0.99991	-0.01336	0.00003	0.01336	0.99986	0.00984	-0.00016	-0.00984	0.99995		-136.43578	-91.54939	-0.43695	-0.43217	0.34789	-0.37937	0.19645	0.99996	0.00662	-0.00607	-0.00667	0.99995	-0.00754	0.00602	0.00758	0.99995	
131	0.65500	60.14741	-65.76285	0.49553	0.55354	0.00434	0.76491	1.04062	0.99991	-0.01335	-0.00008	0.01335	0.99986	0.00966	-0.00005	-0.00966	0.99995		-136.39900	-91.54851	-0.44921	-0.44320	0.34375	-0.37494	0.18712	0.99996	0.00654	-0.00600	-0.00659	0.99995	-0.00774	0.00595	0.00777	0.99995	
132	0.66000	60.15548	-65.77301	0.50526	0.54967	-0.00053	0.76229	1.03867	0.99991	-0.01330	0.00001	0.01330	0.99987	0.00959	-0.00014	-0.00959	0.99995		-136.37433	-91.55796	-0.46195	-0.44599	0.34527	-0.37261	0.18843	0.99996	0.00650	-0.00603	-0.00655	0.99995	-0.00778	0.00598	0.00782	0.99995	
133	0.66500	60.17145	-65.84612	0.47946	0.52870	0.00724	0.77791	1.08275	0.99991	-0.01358	-0.00013	0.01358	0.99987	0.00923	0.00000	-0.00923	0.99996		-136.37601	-91.55173	-0.47007	-0.45273	0.34723	-0.38110	0.19596	0.99996	0.00665	-0.00606	-0.00670	0.99995	-0.00790	0.00601	0.00794	0.99995	
134	0.67000	60.17298	-65.83859	0.50008	0.52272	0.00174	0.77689	1.08775	0.99991	-0.01356	-0.00003	0.01356	0.99987	0.00912	-0.00009	-0.00912	0.99996		-136.41121	-91.55219	-0.47352	-0.45933	0.35179	-0.37573	0.19164	0.99996	0.00656	-0.00614	-0.00661	0.99995	-0.00802	0.00609	0.00806	0.99995	
135	0.67500	60.22673	-65.86745	0.50666	0.51324	-0.00186	0.77977	1.06191	0.99991	-0.01361	0.00003	0.01361	0.99987	0.00896	-0.00015	-0.00896	0.99996		-136.41405	-91.58131	-0.46871	-0.46599	0.35240	-0.37482	0.19728	0.99996	0.00654	-0.00615	-0.00659	0.99995	-0.00813	0.00610	0.00817	0.99995	
136	0.68000	60.18887	-65.85922	0.52782	0.50490	-0.00399	0.78522	1.07001	0.99991	-0.01370	0.00007	0.01370	0.99987	0.00881	-0.00019	-0.00881	0.99996		-136.46478	-91.55507	-0.48108	-0.46851	0.36082	-0.37619	0.19721	0.99996	0.00657	-0.00630	-0.00662	0.99994	-0.00818	0.00624	0.00822	0.99995	
137	0.68500	60.16316	-65.88309	0.54258	0.49458	0.00012	0.78245	1.07696	0.99991	-0.01366	-0.00000	0.01366	0.99987	0.00863	-0.00012	-0.00863	0.99996		-136.41730	-91.58178	-0.47710	-0.47495	0.36177	-0.37428	0.19697	0.99996	0.00653	-0.00631	-0.00658	0.99994	-0.00829	0.00626	0.00833	0.99995	
