NO_OF_FRAMES	684
NO_OF_CAMERAS	8
NO_OF_BODIES	2
FREQUENCY	200
NO_OF_ANALOG	0
ANALOG_FREQUENCY	0
DESCRIPTION	--
TIME_STAMP	2013-07-04, 11:19:16	95971.86205415
DATA_INCLUDED	6D
BODY_NAMES	Ice 1	Ice 2
Frame	Time	Ice 1 X	Y	Z	Roll	Pitch	Yaw	Residual	Rot[0]	Rot[1]	Rot[2]	Rot[3]	Rot[4]	Rot[5]	Rot[6]	Rot[7]	Rot[8]	Ice 2 X	Y	Z	Roll	Pitch	Yaw	Residual	Rot[0]	Rot[1]	Rot[2]	Rot[3]	Rot[4]	Rot[5]	Rot[6]	Rot[7]	Rot[8]	
1	0.00500	86.16757	26.49658	1.11315	0.74572	0.09248	3.09317	1.35930	0.99854	-0.05396	-0.00161	0.05398	0.99846	0.01301	0.00091	-0.01308	0.99991		-86.92933	-158.46220	-0.75596	0.15781	0.43789	-0.46083	0.39294	0.99994	0.00804	-0.00764	-0.00802	0.99996	0.00275	0.00766	-0.00269	0.99997	
2	0.01000	86.16506	26.42731	1.06427	0.72713	0.11377	3.10522	1.27872	0.99853	-0.05417	-0.00199	0.05419	0.99845	0.01269	0.00130	-0.01278	0.99992		-86.94817	-158.46235	-0.69850	0.16886	0.44979	-0.46648	0.36938	0.99994	0.00814	-0.00785	-0.00812	0.99996	0.00295	0.00787	-0.00288	0.99996	
3	0.01500	86.13471	26.41469	1.03765	0.72450	0.11913	3.10682	1.28739	0.99853	-0.05420	-0.00208	0.05422	0.99845	0.01264	0.00139	-0.01274	0.99992		-86.96169	-158.45083	-0.67029	0.18133	0.45821	-0.46810	0.34829	0.99993	0.00817	-0.00800	-0.00814	0.99996	0.00316	0.00802	-0.00310	0.99996	
4	0.02000	86.13079	26.41612	1.00976	0.72496	0.12254	3.10774	1.27294	0.99853	-0.05421	-0.00214	0.05424	0.99845	0.01265	0.00145	-0.01275	0.99992		-86.99900	-158.44676	-0.64095	0.18639	0.46595	-0.46926	0.35860	0.99993	0.00819	-0.00813	-0.00816	0.99996	0.00325	0.00816	-0.00319	0.99996	
5	0.02500	86.15674	26.40195	0.98226	0.72207	0.12441	3.10411	1.28152	0.99853	-0.05415	-0.00217	0.05417	0.99845	0.01260	0.00149	-0.01270	0.99992		-86.95159	-158.48178	-0.60021	0.19286	0.46887	-0.46664	0.35883	0.99993	0.00814	-0.00818	-0.00812	0.99996	0.00337	0.00821	-0.00330	0.99996	
6	0.03000	86.11110	26.39255	0.94037	0.71822	0.12971	3.10287	1.29118	0.99853	-0.05413	-0.00226	0.05415	0.99845	0.01254	0.00158	-0.01264	0.99992		-86.97453	-158.48689	-0.58786	0.19708	0.47543	-0.46588	0.36867	0.99993	0.00813	-0.00830	-0.00810	0.99996	0.00344	0.00833	-0.00337	0.99996	
7	0.03500	86.13346	26.38675	0.91279	0.71580	0.13255	3.10500	1.28429	0.99853	-0.05417	-0.00231	0.05419	0.99845	0.01249	0.00163	-0.01260	0.99992		-86.99403	-158.50043	-0.55880	0.20145	0.48104	-0.46957	0.36257	0.99993	0.00820	-0.00840	-0.00817	0.99996	0.00352	0.00842	-0.00345	0.99996	
8	0.04000	86.13045	26.36468	0.89788	0.70928	0.14058	3.10941	1.27779	0.99852	-0.05424	-0.00245	0.05427	0.99845	0.01238	0.00178	-0.01249	0.99992		-86.99440	-158.49142	-0.53013	0.20706	0.48754	-0.46983	0.36198	0.99993	0.00820	-0.00851	-0.00817	0.99996	0.00361	0.00854	-0.00354	0.99996	
9	0.04500	86.10328	26.35715	0.86409	0.70492	0.14445	3.10450	1.28003	0.99853	-0.05416	-0.00252	0.05418	0.99846	0.01230	0.00185	-0.01242	0.99992		-86.98932	-158.51528	-0.52186	0.20611	0.49036	-0.47343	0.36959	0.99993	0.00826	-0.00856	-0.00823	0.99996	0.00360	0.00859	-0.00353	0.99996	
10	0.05000	86.09610	26.35523	0.83758	0.69980	0.14862	3.10574	1.28157	0.99853	-0.05418	-0.00259	0.05421	0.99846	0.01221	0.00193	-0.01234	0.99992		-86.96781	-158.53064	-0.48885	0.20609	0.49187	-0.47179	0.37019	0.99993	0.00823	-0.00858	-0.00820	0.99996	0.00360	0.00861	-0.00353	0.99996	
11	0.05500	85.94333	26.23560	0.91362	0.69141	0.15462	3.11294	1.28281	0.99852	-0.05430	-0.00270	0.05433	0.99845	0.01207	0.00204	-0.01220	0.99992		-86.96133	-158.56316	-0.47250	0.20226	0.49685	-0.47145	0.35565	0.99993	0.00823	-0.00867	-0.00820	0.99996	0.00353	0.00870	-0.00346	0.99996	
12	0.06000	85.92623	26.20753	0.88376	0.68680	0.15698	3.10965	1.26462	0.99852	-0.05425	-0.00274	0.05428	0.99845	0.01199	0.00209	-0.01212	0.99992		-86.96392	-158.56818	-0.45159	0.20106	0.49752	-0.47130	0.35698	0.99993	0.00823	-0.00868	-0.00820	0.99996	0.00351	0.00871	-0.00344	0.99996	
13	0.06500	85.88214	26.20490	0.87042	0.68040	0.16629	3.11262	1.27086	0.99852	-0.05430	-0.00290	0.05433	0.99845	0.01187	0.00225	-0.01201	0.99993		-86.96880	-158.57855	-0.43089	0.19897	0.50329	-0.46963	0.35800	0.99993	0.00820	-0.00878	-0.00817	0.99996	0.00347	0.00881	-0.00340	0.99996	
14	0.07000	85.86099	26.17954	0.84380	0.67402	0.17212	3.11037	1.27892	0.99852	-0.05426	-0.00300	0.05429	0.99846	0.01176	0.00236	-0.01191	0.99993		-86.96728	-158.60437	-0.40574	0.19541	0.50740	-0.46836	0.36042	0.99993	0.00817	-0.00886	-0.00814	0.99996	0.00341	0.00888	-0.00334	0.99995	
15	0.07500	85.84729	26.15704	0.81050	0.66492	0.17713	3.11085	1.27943	0.99852	-0.05427	-0.00309	0.05430	0.99846	0.01160	0.00246	-0.01176	0.99993		-86.96663	-158.59595	-0.40175	0.19122	0.50852	-0.47160	0.37088	0.99993	0.00823	-0.00888	-0.00820	0.99996	0.00334	0.00890	-0.00326	0.99996	
16	0.08000	85.81127	26.15919	0.80025	0.66017	0.18417	3.11279	1.29605	0.99852	-0.05430	-0.00321	0.05434	0.99846	0.01152	0.00258	-0.01168	0.99993		-86.97354	-158.62777	-0.38066	0.18297	0.51263	-0.47147	0.35578	0.99993	0.00823	-0.00895	-0.00820	0.99996	0.00319	0.00897	-0.00312	0.99995	
17	0.08500	85.81558	26.13781	0.77230	0.65247	0.18694	3.11537	1.28705	0.99852	-0.05435	-0.00326	0.05438	0.99846	0.01139	0.00264	-0.01155	0.99993		-86.96497	-158.67238	-0.35551	0.17311	0.51548	-0.46893	0.35374	0.99993	0.00818	-0.00900	-0.00816	0.99996	0.00302	0.00902	-0.00295	0.99995	
18	0.09000	85.77073	26.11195	0.75241	0.64179	0.19333	3.11451	1.29737	0.99852	-0.05433	-0.00337	0.05437	0.99846	0.01120	0.00276	-0.01137	0.99993		-86.93864	-158.68116	-0.34300	0.16389	0.51306	-0.46388	0.34408	0.99993	0.00810	-0.00895	-0.00807	0.99996	0.00286	0.00898	-0.00279	0.99996	
19	0.09500	85.76341	26.11268	0.73122	0.63451	0.19542	3.11379	1.28878	0.99852	-0.05432	-0.00341	0.05435	0.99846	0.01107	0.00280	-0.01124	0.99993		-86.97913	-158.70345	-0.32613	0.15593	0.52539	-0.46816	0.35326	0.99992	0.00817	-0.00917	-0.00815	0.99996	0.00272	0.00919	-0.00265	0.99995	
20	0.10000	85.75429	26.09085	0.70770	0.62543	0.20083	3.10980	1.30232	0.99852	-0.05425	-0.00351	0.05428	0.99847	0.01092	0.00291	-0.01109	0.99993		-86.96973	-158.71651	-0.31750	0.14465	0.52496	-0.46828	0.35485	0.99992	0.00817	-0.00916	-0.00815	0.99996	0.00252	0.00918	-0.00245	0.99995	
21	0.10500	85.73181	26.07685	0.69103	0.61811	0.20440	3.11098	1.30661	0.99852	-0.05427	-0.00357	0.05431	0.99847	0.01079	0.00298	-0.01097	0.99994		-86.95416	-158.74356	-0.30473	0.13214	0.52248	-0.46466	0.35743	0.99993	0.00811	-0.00912	-0.00809	0.99996	0.00231	0.00914	-0.00223	0.99996	
22	0.11000	85.73714	26.05970	0.65994	0.60873	0.20898	3.10662	1.27800	0.99852	-0.05419	-0.00365	0.05423	0.99847	0.01062	0.00307	-0.01081	0.99994		-86.97949	-158.76437	-0.28762	0.11798	0.52777	-0.46772	0.36366	0.99992	0.00816	-0.00921	-0.00814	0.99996	0.00206	0.00923	-0.00198	0.99996	
23	0.11500	85.71483	26.04255	0.64136	0.59871	0.21103	3.11154	1.30868	0.99852	-0.05428	-0.00368	0.05432	0.99847	0.01045	0.00311	-0.01063	0.99994		-86.98829	-158.79793	-0.28678	0.10163	0.52663	-0.46524	0.35363	0.99992	0.00812	-0.00919	-0.00810	0.99997	0.00177	0.00921	-0.00170	0.99996	
24	0.12000	85.74785	26.05180	0.64074	0.59288	0.21449	3.11304	1.30714	0.99852	-0.05431	-0.00374	0.05434	0.99847	0.01035	0.00318	-0.01054	0.99994		-86.97482	-158.85775	-0.26058	0.08155	0.52469	-0.45659	0.36876	0.99993	0.00797	-0.00916	-0.00796	0.99997	0.00142	0.00917	-0.00135	0.99996	
25	0.12500	85.67390	26.02590	0.62703	0.58016	0.22340	3.11110	1.30314	0.99852	-0.05427	-0.00390	0.05431	0.99847	0.01013	0.00334	-0.01032	0.99994		-86.92683	-158.90482	-0.24764	0.05965	0.51844	-0.46114	0.36614	0.99993	0.00805	-0.00905	-0.00804	0.99997	0.00104	0.00906	-0.00097	0.99996	
26	0.13000	85.67981	26.00623	0.61398	0.56949	0.22447	3.11106	1.31229	0.99852	-0.05427	-0.00392	0.05431	0.99847	0.00994	0.00337	-0.01014	0.99994		-86.94558	-158.94076	-0.23439	0.04195	0.52228	-0.45900	0.37023	0.99993	0.00801	-0.00912	-0.00800	0.99997	0.00073	0.00912	-0.00066	0.99996	
27	0.13500	85.65410	25.98814	0.59991	0.55840	0.23278	3.11144	1.29852	0.99852	-0.05428	-0.00406	0.05432	0.99848	0.00975	0.00353	-0.00995	0.99994		-86.91396	-158.98881	-0.22101	0.01964	0.51964	-0.45633	0.36733	0.99993	0.00796	-0.00907	-0.00796	0.99997	0.00034	0.00907	-0.00027	0.99996	
28	0.14000	85.63593	25.97665	0.56832	0.55157	0.23300	3.11017	1.30146	0.99852	-0.05426	-0.00407	0.05429	0.99848	0.00963	0.00354	-0.00983	0.99995		-86.93217	-159.01490	-0.22017	-0.00118	0.52189	-0.45272	0.36075	0.99993	0.00790	-0.00911	-0.00790	0.99997	-0.00002	0.00911	0.00009	0.99996	
29	0.14500	85.66742	25.96367	0.55267	0.53950	0.23817	3.11490	1.30788	0.99851	-0.05434	-0.00416	0.05438	0.99848	0.00942	0.00364	-0.00963	0.99995		-86.93094	-159.04945	-0.21483	-0.02290	0.51730	-0.46224	0.37325	0.99993	0.00807	-0.00903	-0.00807	0.99997	-0.00040	0.00902	0.00047	0.99996	
30	0.15000	85.64301	25.96753	0.55881	0.52980	0.24417	3.11532	1.29832	0.99851	-0.05435	-0.00426	0.05438	0.99848	0.00925	0.00375	-0.00946	0.99995		-86.91143	-159.06538	-0.21854	-0.04070	0.52045	-0.46244	0.38179	0.99993	0.00807	-0.00908	-0.00808	0.99997	-0.00071	0.00908	0.00078	0.99996	
31	0.15500	85.62925	25.93130	0.53257	0.51956	0.24633	3.11837	1.29885	0.99851	-0.05440	-0.00430	0.05444	0.99848	0.00907	0.00380	-0.00929	0.99995		-86.91575	-159.09521	-0.21329	-0.06364	0.51735	-0.45733	0.36064	0.99993	0.00798	-0.00903	-0.00799	0.99997	-0.00111	0.00902	0.00118	0.99996	
32	0.16000	85.66965	25.89733	0.50272	0.50403	0.25042	3.12755	1.26344	0.99850	-0.05456	-0.00437	0.05460	0.99847	0.00880	0.00388	-0.00902	0.99995		-86.91180	-159.14009	-0.21624	-0.08743	0.51666	-0.46228	0.39036	0.99993	0.00807	-0.00902	-0.00808	0.99997	-0.00153	0.00900	0.00160	0.99996	
33	0.16500	85.62768	25.88617	0.50227	0.49619	0.25723	3.12392	1.27778	0.99850	-0.05450	-0.00449	0.05453	0.99847	0.00866	0.00401	-0.00889	0.99995		-86.90400	-159.16977	-0.22342	-0.11114	0.51333	-0.46031	0.37139	0.99993	0.00803	-0.00896	-0.00805	0.99997	-0.00194	0.00894	0.00201	0.99996	
34	0.17000	85.62139	25.87102	0.48819	0.48546	0.25797	3.12796	1.27558	0.99850	-0.05457	-0.00450	0.05460	0.99847	0.00847	0.00403	-0.00871	0.99995		-86.92061	-159.18261	-0.23039	-0.13215	0.51365	-0.46117	0.38683	0.99993	0.00805	-0.00896	-0.00807	0.99996	-0.00231	0.00895	0.00238	0.99996	
35	0.17500	85.62805	25.88517	0.46729	0.48148	0.25693	3.12687	1.28814	0.99850	-0.05455	-0.00448	0.05458	0.99847	0.00840	0.00402	-0.00864	0.99995		-86.91604	-159.23433	-0.23327	-0.15846	0.51533	-0.46104	0.38810	0.99993	0.00805	-0.00899	-0.00807	0.99996	-0.00277	0.00897	0.00284	0.99996	
36	0.18000	85.64539	25.88526	0.47587	0.47374	0.26019	3.12872	1.28961	0.99850	-0.05458	-0.00454	0.05461	0.99847	0.00827	0.00408	-0.00850	0.99996		-86.90261	-159.26530	-0.23609	-0.18367	0.50865	-0.46096	0.37516	0.99993	0.00804	-0.00888	-0.00807	0.99996	-0.00321	0.00885	0.00328	0.99996	
37	0.18500	85.60959	25.84877	0.47071	0.46217	0.26560	3.13047	1.27487	0.99850	-0.05461	-0.00464	0.05465	0.99847	0.00807	0.00419	-0.00831	0.99996		-86.91524	-159.28312	-0.25535	-0.20694	0.50588	-0.46106	0.37209	0.99993	0.00805	-0.00883	-0.00808	0.99996	-0.00361	0.00880	0.00368	0.99995	
38	0.19000	85.60054	25.85858	0.47050	0.45439	0.27008	3.13426	1.28612	0.99849	-0.05468	-0.00471	0.05471	0.99847	0.00793	0.00427	-0.00818	0.99996		-86.88758	-159.32578	-0.25831	-0.23101	0.50695	-0.45674	0.39227	0.99993	0.00797	-0.00885	-0.00801	0.99996	-0.00403	0.00882	0.00410	0.99995	
39	0.19500	85.63758	25.84193	0.46113	0.44725	0.26907	3.12800	1.28902	0.99850	-0.05457	-0.00470	0.05460	0.99848	0.00781	0.00426	-0.00805	0.99996		-86.89378	-159.35492	-0.27703	-0.26022	0.50082	-0.46057	0.38434	0.99993	0.00804	-0.00874	-0.00808	0.99996	-0.00454	0.00870	0.00461	0.99995	
40	0.20000	85.65186	25.84457	0.46801	0.44091	0.26546	3.13133	1.29315	0.99850	-0.05462	-0.00463	0.05466	0.99848	0.00770	0.00421	-0.00794	0.99996		-86.87507	-159.37840	-0.27565	-0.28040	0.49470	-0.46093	0.38721	0.99993	0.00804	-0.00863	-0.00809	0.99996	-0.00489	0.00859	0.00496	0.99995	
41	0.20500	85.58934	25.83818	0.47763	0.43284	0.27737	3.12966	1.28973	0.99850	-0.05460	-0.00484	0.05463	0.99848	0.00755	0.00442	-0.00781	0.99996		-86.87371	-159.40972	-0.29034	-0.30862	0.49376	-0.45861	0.39764	0.99993	0.00800	-0.00862	-0.00805	0.99995	-0.00539	0.00857	0.00546	0.99995	
42	0.21000	85.60827	25.84055	0.48524	0.42906	0.27643	3.12908	1.27761	0.99850	-0.05459	-0.00482	0.05462	0.99848	0.00749	0.00441	-0.00774	0.99996		-86.84389	-159.43692	-0.29709	-0.33390	0.48564	-0.45829	0.39534	0.99993	0.00800	-0.00848	-0.00805	0.99995	-0.00583	0.00843	0.00590	0.99995	
43	0.21500	85.63764	25.82656	0.45628	0.42227	0.27065	3.12514	1.29120	0.99850	-0.05452	-0.00472	0.05455	0.99848	0.00737	0.00431	-0.00762	0.99996		-86.82737	-159.51438	-0.31469	-0.36895	0.47537	-0.44693	0.40394	0.99994	0.00780	-0.00830	-0.00785	0.99995	-0.00644	0.00825	0.00650	0.99994	
44	0.22000	85.59573	25.80844	0.47649	0.41321	0.28008	3.13471	1.28985	0.99849	-0.05468	-0.00489	0.05472	0.99848	0.00721	0.00449	-0.00747	0.99996		-86.80753	-159.55502	-0.29154	-0.39928	0.47030	-0.44783	0.40742	0.99994	0.00782	-0.00821	-0.00787	0.99994	-0.00697	0.00815	0.00703	0.99994	
45	0.22500	85.60251	25.80516	0.46775	0.40908	0.27838	3.12946	1.29258	0.99850	-0.05459	-0.00486	0.05463	0.99848	0.00714	0.00446	-0.00739	0.99996		-86.79796	-159.60455	-0.31460	-0.42625	0.46881	-0.45042	0.42001	0.99994	0.00786	-0.00818	-0.00792	0.99994	-0.00744	0.00812	0.00750	0.99994	
46	0.23000	85.59028	25.81563	0.45406	0.40458	0.27990	3.13200	1.27814	0.99849	-0.05464	-0.00489	0.05467	0.99848	0.00706	0.00449	-0.00732	0.99996		-86.84282	-159.63509	-0.34064	-0.45313	0.46400	-0.44611	0.40791	0.99994	0.00779	-0.00810	-0.00785	0.99994	-0.00791	0.00804	0.00797	0.99994	
47	0.23500	85.62465	25.79256	0.47370	0.40047	0.27812	3.13176	1.29370	0.99849	-0.05463	-0.00485	0.05466	0.99848	0.00699	0.00446	-0.00724	0.99996		-86.80167	-159.65806	-0.34340	-0.47699	0.45816	-0.45059	0.40213	0.99994	0.00786	-0.00800	-0.00793	0.99993	-0.00832	0.00793	0.00839	0.99993	
48	0.24000	85.58278	25.78980	0.45786	0.40023	0.27752	3.12850	1.28558	0.99850	-0.05457	-0.00484	0.05461	0.99848	0.00699	0.00446	-0.00724	0.99996		-86.80620	-159.68712	-0.36617	-0.50383	0.45589	-0.44806	0.42128	0.99994	0.00782	-0.00796	-0.00789	0.99993	-0.00879	0.00789	0.00886	0.99993	
49	0.24500	85.61954	25.78745	0.46639	0.39326	0.27571	3.12898	1.28512	0.99850	-0.05458	-0.00481	0.05462	0.99848	0.00686	0.00443	-0.00712	0.99996		-86.80843	-159.71229	-0.38439	-0.53091	0.45113	-0.45009	0.41119	0.99994	0.00786	-0.00787	-0.00793	0.99993	-0.00927	0.00780	0.00933	0.99993	
50	0.25000	85.63224	25.77345	0.46237	0.39021	0.27622	3.12914	1.29152	0.99850	-0.05459	-0.00482	0.05462	0.99848	0.00681	0.00444	-0.00706	0.99997		-86.72208	-159.74742	-0.39144	-0.55410	0.44139	-0.44870	0.40690	0.99994	0.00783	-0.00770	-0.00791	0.99992	-0.00967	0.00763	0.00973	0.99992	
51	0.25500	85.59202	25.76111	0.46936	0.38706	0.28192	3.12870	1.28344	0.99850	-0.05458	-0.00492	0.05461	0.99848	0.00676	0.00454	-0.00701	0.99997		-86.80088	-159.76182	-0.41696	-0.57886	0.43733	-0.44324	0.40284	0.99994	0.00774	-0.00763	-0.00781	0.99992	-0.01010	0.00755	0.01016	0.99992	
52	0.26000	85.63127	25.77285	0.47335	0.38679	0.27769	3.12975	1.28426	0.99850	-0.05460	-0.00485	0.05463	0.99848	0.00675	0.00447	-0.00701	0.99997		-86.72828	-159.80345	-0.41961	-0.60462	0.42856	-0.44565	0.41391	0.99994	0.00778	-0.00748	-0.00786	0.99991	-0.01055	0.00740	0.01061	0.99992	
53	0.26500	85.61324	25.75673	0.48244	0.38585	0.28111	3.12871	1.29186	0.99850	-0.05458	-0.00491	0.05461	0.99848	0.00673	0.00453	-0.00699	0.99997		-86.72597	-159.81711	-0.44223	-0.62497	0.42186	-0.44494	0.42002	0.99994	0.00777	-0.00736	-0.00785	0.99991	-0.01091	0.00728	0.01096	0.99991	
54	0.27000	85.63658	25.75479	0.47295	0.38512	0.27669	3.12988	1.28719	0.99850	-0.05460	-0.00483	0.05463	0.99848	0.00672	0.00445	-0.00698	0.99997		-86.72889	-159.83897	-0.46064	-0.64932	0.41676	-0.44685	0.40435	0.99994	0.00780	-0.00727	-0.00788	0.99990	-0.01133	0.00718	0.01139	0.99991	
55	0.27500	85.64841	25.76678	0.48873	0.38745	0.27777	3.13036	1.29157	0.99850	-0.05461	-0.00485	0.05464	0.99848	0.00676	0.00447	-0.00702	0.99997		-86.70772	-159.87119	-0.47085	-0.67154	0.40995	-0.44236	0.40290	0.99994	0.00772	-0.00715	-0.00780	0.99990	-0.01172	0.00706	0.01178	0.99991	
56	0.28000	85.63823	25.75987	0.49514	0.38834	0.27430	3.12742	1.28524	0.99850	-0.05456	-0.00479	0.05459	0.99849	0.00678	0.00441	-0.00703	0.99997		-86.69019	-159.86637	-0.48571	-0.69059	0.40270	-0.44669	0.41168	0.99994	0.00780	-0.00703	-0.00788	0.99990	-0.01205	0.00693	0.01211	0.99990	
57	0.28500	85.66996	25.76100	0.49264	0.38961	0.27249	3.12915	1.30132	0.99850	-0.05459	-0.00476	0.05462	0.99848	0.00680	0.00438	-0.00705	0.99997		-86.68810	-159.89175	-0.51275	-0.71035	0.39773	-0.44736	0.41051	0.99995	0.00781	-0.00694	-0.00789	0.99989	-0.01240	0.00684	0.01245	0.99990	
58	0.29000	85.66819	25.75234	0.49588	0.38960	0.27348	3.12961	1.27767	0.99850	-0.05459	-0.00477	0.05463	0.99848	0.00680	0.00439	-0.00705	0.99997		-86.68163	-159.89469	-0.52354	-0.72792	0.39466	-0.44673	0.42487	0.99995	0.00780	-0.00689	-0.00788	0.99989	-0.01270	0.00679	0.01276	0.99990	
59	0.29500	85.66919	25.75133	0.50894	0.39422	0.27339	3.12843	1.29369	0.99850	-0.05457	-0.00477	0.05461	0.99848	0.00688	0.00439	-0.00713	0.99996		-86.65171	-159.91069	-0.53850	-0.74352	0.38289	-0.44581	0.41492	0.99995	0.00778	-0.00668	-0.00787	0.99988	-0.01298	0.00658	0.01303	0.99989	
60	0.30000	85.68782	25.76389	0.52998	0.39522	0.27373	3.13340	1.29119	0.99849	-0.05466	-0.00478	0.05469	0.99848	0.00690	0.00439	-0.00715	0.99996		-86.67032	-159.92703	-0.54429	-0.76545	0.38342	-0.43897	0.40283	0.99995	0.00766	-0.00669	-0.00775	0.99988	-0.01336	0.00659	0.01341	0.99989	
61	0.30500	85.71363	25.75178	0.52422	0.40061	0.26925	3.12708	1.29213	0.99850	-0.05455	-0.00470	0.05458	0.99848	0.00699	0.00431	-0.00724	0.99996		-86.67254	-159.92577	-0.58071	-0.77765	0.38183	-0.44633	0.41253	0.99995	0.00779	-0.00666	-0.00788	0.99988	-0.01357	0.00656	0.01362	0.99989	
62	0.31000	85.72776	25.75218	0.53658	0.40430	0.26720	3.12980	1.28174	0.99850	-0.05460	-0.00466	0.05463	0.99848	0.00706	0.00427	-0.00730	0.99996		-86.67588	-159.93586	-0.58310	-0.79281	0.38011	-0.44229	0.41609	0.99995	0.00772	-0.00663	-0.00781	0.99987	-0.01384	0.00653	0.01389	0.99988	
63	0.31500	85.70078	25.74855	0.54676	0.40889	0.27178	3.12865	1.28810	0.99850	-0.05458	-0.00474	0.05461	0.99848	0.00714	0.00435	-0.00738	0.99996		-86.64995	-159.96685	-0.61019	-0.81273	0.37172	-0.43906	0.39588	0.99995	0.00766	-0.00649	-0.00775	0.99987	-0.01418	0.00638	0.01423	0.99988	
64	0.32000	85.73414	25.74170	0.54397	0.41383	0.26625	3.12830	1.29255	0.99850	-0.05457	-0.00465	0.05460	0.99848	0.00722	0.00425	-0.00747	0.99996		-86.61952	-159.98321	-0.62143	-0.82681	0.36670	-0.44067	0.40695	0.99995	0.00769	-0.00640	-0.00778	0.99987	-0.01443	0.00629	0.01448	0.99988	
65	0.32500	85.75621	25.75968	0.54473	0.41865	0.26068	3.12893	1.29538	0.99850	-0.05458	-0.00455	0.05461	0.99848	0.00731	0.00414	-0.00754	0.99996		-86.64477	-160.00093	-0.63125	-0.84230	0.36015	-0.43246	0.39453	0.99995	0.00755	-0.00629	-0.00764	0.99986	-0.01470	0.00617	0.01475	0.99987	
66	0.33000	85.75168	25.75178	0.56054	0.42671	0.25798	3.12906	1.28613	0.99850	-0.05458	-0.00450	0.05462	0.99848	0.00745	0.00409	-0.00768	0.99996		-86.61546	-160.02316	-0.65064	-0.85567	0.35507	-0.43198	0.39963	0.99995	0.00754	-0.00620	-0.00763	0.99986	-0.01493	0.00608	0.01498	0.99987	
67	0.33500	85.78256	25.75071	0.54997	0.43342	0.25508	3.12965	1.29343	0.99850	-0.05459	-0.00445	0.05463	0.99848	0.00756	0.00403	-0.00780	0.99996		-86.62026	-160.02716	-0.66250	-0.86478	0.35776	-0.43104	0.40231	0.99995	0.00752	-0.00624	-0.00762	0.99986	-0.01509	0.00613	0.01514	0.99987	
68	0.34000	85.78143	25.75816	0.56167	0.44138	0.25526	3.13331	1.29513	0.99850	-0.05466	-0.00446	0.05469	0.99847	0.00770	0.00403	-0.00794	0.99996		-86.57860	-160.02526	-0.67827	-0.87387	0.34758	-0.43300	0.40044	0.99995	0.00756	-0.00607	-0.00765	0.99985	-0.01525	0.00595	0.01530	0.99987	
69	0.34500	85.80452	25.76081	0.55911	0.44947	0.25078	3.13001	1.30448	0.99850	-0.05460	-0.00438	0.05463	0.99848	0.00784	0.00394	-0.00807	0.99996		-86.61290	-160.01788	-0.70635	-0.87907	0.34709	-0.42871	0.39438	0.99995	0.00748	-0.00606	-0.00757	0.99985	-0.01534	0.00594	0.01539	0.99986	
70	0.35000	85.80570	25.77083	0.56991	0.45582	0.25159	3.12929	1.27767	0.99850	-0.05459	-0.00439	0.05462	0.99848	0.00796	0.00395	-0.00818	0.99996		-86.58420	-160.00733	-0.71021	-0.88581	0.34465	-0.42739	0.37391	0.99995	0.00746	-0.00602	-0.00755	0.99985	-0.01546	0.00590	0.01550	0.99986	
71	0.35500	85.81939	25.74111	0.58673	0.45993	0.25097	3.12784	1.27949	0.99850	-0.05456	-0.00438	0.05460	0.99848	0.00803	0.00394	-0.00825	0.99996		-86.59702	-160.02610	-0.72146	-0.89255	0.34308	-0.42474	0.40288	0.99995	0.00741	-0.00599	-0.00751	0.99985	-0.01558	0.00587	0.01562	0.99986	
72	0.36000	85.81164	25.75388	0.59460	0.46914	0.25015	3.12805	1.28171	0.99850	-0.05457	-0.00437	0.05460	0.99847	0.00819	0.00391	-0.00841	0.99996		-86.60600	-160.01113	-0.74219	-0.89649	0.34416	-0.42611	0.38681	0.99995	0.00744	-0.00601	-0.00753	0.99985	-0.01565	0.00589	0.01569	0.99986	
73	0.36500	85.84345	25.75818	0.59340	0.47970	0.24295	3.13021	1.28963	0.99850	-0.05460	-0.00424	0.05464	0.99847	0.00837	0.00378	-0.00859	0.99996		-86.57591	-160.00306	-0.75081	-0.89637	0.34247	-0.42874	0.39779	0.99995	0.00748	-0.00598	-0.00758	0.99985	-0.01564	0.00586	0.01569	0.99986	
74	0.37000	85.84828	25.76487	0.57752	0.49225	0.23788	3.12561	1.26897	0.99850	-0.05452	-0.00415	0.05456	0.99847	0.00859	0.00368	-0.00880	0.99995		-86.56712	-159.99676	-0.76280	-0.89935	0.33655	-0.42894	0.39964	0.99995	0.00749	-0.00587	-0.00758	0.99985	-0.01570	0.00576	0.01574	0.99986	
75	0.37500	85.86373	25.77231	0.60848	0.50194	0.22844	3.12125	1.30076	0.99851	-0.05445	-0.00399	0.05448	0.99848	0.00876	0.00350	-0.00896	0.99995		-86.58135	-159.96386	-0.77188	-0.89598	0.34060	-0.43177	0.39184	0.99995	0.00754	-0.00594	-0.00763	0.99985	-0.01564	0.00583	0.01568	0.99986	
76	0.38000	85.87006	25.79192	0.61312	0.51493	0.22836	3.10605	1.30193	0.99852	-0.05418	-0.00399	0.05422	0.99849	0.00899	0.00349	-0.00919	0.99995		-86.55001	-159.99106	-0.77181	-0.89778	0.33717	-0.42833	0.38373	0.99995	0.00748	-0.00588	-0.00757	0.99985	-0.01567	0.00577	0.01571	0.99986	
77	0.38500	85.80075	25.79341	0.63730	0.52278	0.23127	3.10855	1.29704	0.99852	-0.05423	-0.00404	0.05426	0.99849	0.00912	0.00354	-0.00933	0.99995		-86.57331	-159.95585	-0.78918	-0.89291	0.34085	-0.43389	0.38899	0.99995	0.00757	-0.00595	-0.00766	0.99985	-0.01558	0.00583	0.01563	0.99986	
78	0.39000	85.91773	25.81524	0.63270	0.53551	0.21886	3.11208	1.31428	0.99852	-0.05429	-0.00382	0.05432	0.99848	0.00935	0.00331	-0.00954	0.99995		-86.53134	-159.94147	-0.78980	-0.88940	0.33578	-0.42886	0.39604	0.99995	0.00748	-0.00586	-0.00758	0.99985	-0.01552	0.00574	0.01557	0.99986	
79	0.39500	85.90873	25.82381	0.63603	0.54739	0.21403	3.10993	1.31323	0.99852	-0.05425	-0.00374	0.05428	0.99848	0.00955	0.00321	-0.00974	0.99995		-86.53093	-159.92539	-0.79931	-0.88330	0.33997	-0.42883	0.38350	0.99995	0.00748	-0.00593	-0.00758	0.99985	-0.01542	0.00582	0.01546	0.99986	
80	0.40000	85.89655	25.81284	0.65089	0.55198	0.21947	3.11041	1.30491	0.99852	-0.05426	-0.00383	0.05429	0.99848	0.00963	0.00330	-0.00983	0.99995		-86.53410	-159.89733	-0.82116	-0.87390	0.33774	-0.43208	0.38954	0.99995	0.00754	-0.00589	-0.00763	0.99985	-0.01525	0.00578	0.01530	0.99987	
81	0.40500	85.94981	25.80901	0.63699	0.56432	0.20505	3.10766	1.30006	0.99852	-0.05421	-0.00358	0.05424	0.99848	0.00985	0.00304	-0.01003	0.99995		-86.50439	-159.83831	-0.81962	-0.86175	0.34090	-0.44053	0.37595	0.99995	0.00769	-0.00595	-0.00778	0.99986	-0.01504	0.00583	0.01509	0.99987	
82	0.41000	85.97171	25.81082	0.64156	0.57394	0.19855	3.10489	1.30241	0.99853	-0.05416	-0.00347	0.05420	0.99848	0.01002	0.00292	-0.01019	0.99994		-86.52379	-159.84122	-0.82837	-0.85413	0.34373	-0.43616	0.38271	0.99995	0.00761	-0.00600	-0.00770	0.99986	-0.01491	0.00588	0.01495	0.99987	
83	0.41500	85.96958	25.80977	0.63569	0.58376	0.19798	3.10512	1.29716	0.99853	-0.05417	-0.00346	0.05420	0.99848	0.01019	0.00290	-0.01036	0.99994		-86.52014	-159.81111	-0.82525	-0.84516	0.34265	-0.44215	0.38630	0.99995	0.00772	-0.00598	-0.00780	0.99986	-0.01475	0.00587	0.01480	0.99987	
84	0.42000	86.02790	25.82068	0.65356	0.59234	0.18709	3.10748	1.29923	0.99852	-0.05421	-0.00327	0.05424	0.99847	0.01034	0.00270	-0.01050	0.99994		-86.49993	-159.79071	-0.83969	-0.83274	0.34351	-0.43857	0.38985	0.99995	0.00765	-0.00600	-0.00774	0.99986	-0.01453	0.00588	0.01458	0.99988	
85	0.42500	86.04007	25.81228	0.64798	0.60242	0.18535	3.10514	1.28976	0.99853	-0.05417	-0.00323	0.05420	0.99847	0.01051	0.00266	-0.01067	0.99994		-86.49487	-159.74756	-0.83742	-0.81753	0.34370	-0.44162	0.38421	0.99995	0.00771	-0.00600	-0.00779	0.99987	-0.01427	0.00589	0.01431	0.99988	
86	0.43000	86.03196	25.80791	0.65630	0.61148	0.17921	3.10746	1.31220	0.99852	-0.05421	-0.00313	0.05424	0.99847	0.01067	0.00254	-0.01083	0.99994		-86.46470	-159.73281	-0.81823	-0.80437	0.34203	-0.44426	0.38950	0.99995	0.00775	-0.00597	-0.00784	0.99987	-0.01404	0.00586	0.01408	0.99988	
87	0.43500	86.08076	25.82402	0.66485	0.62143	0.16994	3.11032	1.29730	0.99852	-0.05426	-0.00297	0.05429	0.99847	0.01085	0.00237	-0.01099	0.99994		-86.48358	-159.69234	-0.81191	-0.78852	0.34995	-0.44415	0.39287	0.99995	0.00775	-0.00611	-0.00784	0.99987	-0.01376	0.00600	0.01381	0.99989	
88	0.44000	86.09191	25.82523	0.67916	0.62993	0.17314	3.10735	1.27819	0.99853	-0.05421	-0.00302	0.05424	0.99847	0.01099	0.00242	-0.01114	0.99994		-86.44318	-159.66295	-0.82270	-0.77169	0.35052	-0.44577	0.39943	0.99995	0.00778	-0.00612	-0.00786	0.99988	-0.01347	0.00601	0.01352	0.99989	
89	0.44500	86.12056	25.83487	0.65815	0.63824	0.16318	3.10445	1.30383	0.99853	-0.05416	-0.00285	0.05418	0.99847	0.01114	0.00224	-0.01128	0.99993		-86.44634	-159.61406	-0.82080	-0.75396	0.35483	-0.44956	0.40355	0.99995	0.00785	-0.00619	-0.00793	0.99988	-0.01316	0.00609	0.01321	0.99989	
90	0.45000	86.14446	25.85370	0.69547	0.64806	0.15919	3.10878	1.28871	0.99852	-0.05423	-0.00278	0.05426	0.99846	0.01131	0.00216	-0.01144	0.99993		-86.43504	-159.59144	-0.79337	-0.73603	0.35462	-0.45111	0.41497	0.99995	0.00787	-0.00619	-0.00795	0.99989	-0.01285	0.00609	0.01289	0.99990	
91	0.45500	86.15182	25.84357	0.69354	0.65448	0.15887	3.10868	1.28690	0.99852	-0.05423	-0.00277	0.05426	0.99846	0.01142	0.00215	-0.01156	0.99993		-86.42721	-159.55689	-0.79567	-0.71630	0.35760	-0.44670	0.40711	0.99995	0.00780	-0.00624	-0.00787	0.99989	-0.01250	0.00614	0.01255	0.99990	
92	0.46000	86.14483	25.86080	0.69735	0.66373	0.15038	3.10669	1.28738	0.99853	-0.05420	-0.00262	0.05422	0.99846	0.01158	0.00199	-0.01171	0.99993		-86.40513	-159.50616	-0.78629	-0.69368	0.35985	-0.45057	0.40732	0.99995	0.00786	-0.00628	-0.00794	0.99990	-0.01211	0.00618	0.01216	0.99991	
93	0.46500	86.20883	25.86212	0.69033	0.67129	0.14067	3.10721	1.29667	0.99853	-0.05420	-0.00246	0.05423	0.99846	0.01172	0.00182	-0.01183	0.99993		-86.42911	-159.48476	-0.77152	-0.67390	0.36735	-0.45082	0.40740	0.99995	0.00787	-0.00641	-0.00794	0.99990	-0.01176	0.00632	0.01181	0.99991	
94	0.47000	86.23739	25.86224	0.70687	0.68039	0.13545	3.10772	1.29224	0.99853	-0.05421	-0.00236	0.05424	0.99846	0.01187	0.00172	-0.01199	0.99993		-86.39713	-159.46317	-0.78209	-0.65592	0.36692	-0.45148	0.40315	0.99995	0.00788	-0.00640	-0.00795	0.99990	-0.01145	0.00631	0.01150	0.99991	
95	0.47500	86.25969	25.86120	0.70220	0.68342	0.12676	3.10847	1.29906	0.99853	-0.05423	-0.00221	0.05425	0.99846	0.01193	0.00156	-0.01203	0.99993		-86.41186	-159.42314	-0.77617	-0.63183	0.37224	-0.45638	0.43175	0.99995	0.00797	-0.00650	-0.00804	0.99991	-0.01103	0.00641	0.01108	0.99992	
96	0.48000	86.26581	25.88029	0.70818	0.69055	0.12582	3.10400	1.29531	0.99853	-0.05415	-0.00220	0.05417	0.99846	0.01205	0.00154	-0.01215	0.99992		-86.41023	-159.37305	-0.75790	-0.60852	0.37665	-0.45716	0.42701	0.99995	0.00798	-0.00657	-0.00805	0.99991	-0.01062	0.00649	0.01067	0.99992	
97	0.48500	86.26974	25.86042	0.71198	0.69213	0.12289	3.10694	1.28642	0.99853	-0.05420	-0.00214	0.05422	0.99846	0.01208	0.00149	-0.01218	0.99992		-86.38382	-159.34520	-0.74384	-0.58587	0.37929	-0.45492	0.41547	0.99995	0.00794	-0.00662	-0.00801	0.99992	-0.01022	0.00654	0.01028	0.99993	
98	0.49000	86.31578	25.87959	0.67556	0.69984	0.11258	3.10582	1.29671	0.99853	-0.05418	-0.00196	0.05420	0.99846	0.01221	0.00130	-0.01230	0.99992		-86.40953	-159.29664	-0.72095	-0.56320	0.38530	-0.45601	0.42321	0.99995	0.00796	-0.00672	-0.00802	0.99992	-0.00983	0.00665	0.00988	0.99993	
99	0.49500	86.33679	25.86872	0.70837	0.70327	0.11097	3.10345	1.27336	0.99853	-0.05414	-0.00194	0.05416	0.99846	0.01227	0.00127	-0.01236	0.99992		-86.39391	-159.26113	-0.72814	-0.53669	0.38995	-0.45458	0.40782	0.99995	0.00793	-0.00681	-0.00800	0.99992	-0.00937	0.00673	0.00942	0.99993	
100	0.50000	86.32989	25.87041	0.69469	0.70458	0.10643	3.10950	1.28981	0.99853	-0.05424	-0.00186	0.05426	0.99845	0.01230	0.00119	-0.01238	0.99992		-86.41525	-159.19811	-0.70582	-0.50946	0.39720	-0.45810	0.41115	0.99994	0.00800	-0.00693	-0.00806	0.99993	-0.00889	0.00686	0.00895	0.99994	
101	0.50500	86.36398	25.85785	0.71201	0.70916	0.09771	3.10410	1.29020	0.99853	-0.05415	-0.00171	0.05417	0.99846	0.01238	0.00103	-0.01245	0.99992		-86.37381	-159.16339	-0.68788	-0.48289	0.40064	-0.45668	0.42408	0.99994	0.00797	-0.00699	-0.00803	0.99993	-0.00843	0.00692	0.00848	0.99994	
102	0.51000	86.36833	25.87348	0.71114	0.71376	0.09375	3.09799	1.27561	0.99854	-0.05404	-0.00164	0.05406	0.99846	0.01246	0.00096	-0.01253	0.99992		-86.42523	-159.11570	-0.67290	-0.45660	0.40702	-0.45797	0.41622	0.99994	0.00799	-0.00710	-0.00805	0.99994	-0.00797	0.00704	0.00803	0.99994	
103	0.51500	86.39041	25.86730	0.70406	0.71280	0.08858	3.10028	1.28826	0.99854	-0.05408	-0.00155	0.05410	0.99846	0.01244	0.00087	-0.01251	0.99992		-86.39638	-159.04354	-0.65112	-0.42789	0.40997	-0.46055	0.41057	0.99994	0.00804	-0.00716	-0.00809	0.99994	-0.00747	0.00709	0.00753	0.99995	
104	0.52000	86.42417	25.87575	0.72072	0.71739	0.08165	3.09882	1.29483	0.99854	-0.05406	-0.00143	0.05407	0.99846	0.01252	0.00075	-0.01258	0.99992		-86.38645	-159.02050	-0.61166	-0.40017	0.41524	-0.45907	0.40991	0.99994	0.00801	-0.00725	-0.00806	0.99994	-0.00698	0.00719	0.00704	0.99995	
105	0.52500	86.42475	25.88907	0.70499	0.71766	0.07434	3.10476	1.28919	0.99853	-0.05416	-0.00130	0.05417	0.99845	0.01253	0.00062	-0.01258	0.99992		-86.41160	-158.93772	-0.61433	-0.36960	0.42120	-0.46411	0.39897	0.99994	0.00810	-0.00735	-0.00815	0.99995	-0.00645	0.00730	0.00651	0.99995	
106	0.53000	86.43550	25.87961	0.70165	0.71689	0.06837	3.10182	1.27997	0.99853	-0.05411	-0.00119	0.05412	0.99846	0.01251	0.00051	-0.01256	0.99992		-86.41159	-158.85765	-0.58002	-0.33690	0.43063	-0.47328	0.40907	0.99994	0.00826	-0.00752	-0.00830	0.99995	-0.00588	0.00747	0.00594	0.99995	
107	0.53500	86.46539	25.87788	0.71269	0.71822	0.06628	3.10220	1.28750	0.99853	-0.05412	-0.00116	0.05413	0.99846	0.01253	0.00048	-0.01258	0.99992		-86.39054	-158.80793	-0.54505	-0.30513	0.43382	-0.47494	0.39416	0.99994	0.00829	-0.00757	-0.00833	0.99995	-0.00533	0.00753	0.00539	0.99996	
108	0.54000	86.53650	25.89383	0.68978	0.71545	0.05730	3.10353	1.28805	0.99853	-0.05414	-0.00100	0.05415	0.99845	0.01249	0.00032	-0.01252	0.99992		-86.40130	-158.74950	-0.53446	-0.27930	0.43385	-0.47725	0.39727	0.99994	0.00833	-0.00757	-0.00837	0.99995	-0.00487	0.00753	0.00494	0.99996	
109	0.54500	86.51198	25.87595	0.69250	0.71343	0.05442	3.10062	1.26733	0.99854	-0.05409	-0.00095	0.05410	0.99846	0.01245	0.00027	-0.01248	0.99992		-86.39217	-158.72732	-0.50291	-0.25587	0.44019	-0.47628	0.39737	0.99994	0.00831	-0.00768	-0.00835	0.99996	-0.00447	0.00765	0.00453	0.99996	
110	0.55000	86.56340	25.89260	0.71399	0.71408	0.04578	3.09771	1.29238	0.99854	-0.05404	-0.00080	0.05404	0.99846	0.01246	0.00012	-0.01249	0.99992		-86.38191	-158.68036	-0.46798	-0.22766	0.44862	-0.47546	0.39353	0.99993	0.00830	-0.00783	-0.00833	0.99996	-0.00397	0.00780	0.00404	0.99996	
111	0.55500	86.51174	25.88577	0.68431	0.71110	0.04172	3.10115	1.28234	0.99854	-0.05410	-0.00073	0.05410	0.99846	0.01241	0.00006	-0.01243	0.99992		-86.42174	-158.62114	-0.46045	-0.20113	0.44811	-0.47479	0.40499	0.99994	0.00829	-0.00782	-0.00831	0.99996	-0.00351	0.00779	0.00358	0.99996	
112	0.56000	86.53138	25.86907	0.69975	0.70488	0.03805	3.10289	1.27761	0.99853	-0.05413	-0.00066	0.05413	0.99846	0.01230	-0.00000	-0.01232	0.99992		-86.38477	-158.58229	-0.42918	-0.17395	0.44797	-0.47312	0.39239	0.99994	0.00826	-0.00782	-0.00828	0.99996	-0.00304	0.00779	0.00310	0.99996	
113	0.56500	86.61072	25.87543	0.71446	0.70322	0.02964	3.10263	1.27669	0.99853	-0.05412	-0.00052	0.05413	0.99846	0.01227	-0.00015	-0.01228	0.99992		-86.37302	-158.53328	-0.39414	-0.14520	0.45608	-0.47693	0.39364	0.99993	0.00832	-0.00796	-0.00834	0.99996	-0.00253	0.00794	0.00260	0.99997	
114	0.57000	86.57560	25.87968	0.68763	0.69699	0.02370	3.10522	1.27348	0.99853	-0.05417	-0.00041	0.05417	0.99846	0.01216	-0.00025	-0.01217	0.99993		-86.41188	-158.46075	-0.38251	-0.11969	0.45624	-0.48174	0.41089	0.99993	0.00841	-0.00796	-0.00842	0.99996	-0.00209	0.00794	0.00216	0.99997	
115	0.57500	86.60177	25.89743	0.72111	0.69349	0.02061	3.09832	1.28541	0.99854	-0.05405	-0.00036	0.05405	0.99846	0.01210	-0.00029	-0.01211	0.99993		-86.37378	-158.42453	-0.32615	-0.09193	0.45802	-0.48198	0.39587	0.99993	0.00841	-0.00799	-0.00842	0.99996	-0.00160	0.00798	0.00167	0.99997	
116	0.58000	86.60702	25.89529	0.71543	0.68922	0.02156	3.09795	1.27859	0.99854	-0.05404	-0.00038	0.05404	0.99847	0.01203	-0.00027	-0.01203	0.99993		-86.37851	-158.40683	-0.31042	-0.07017	0.45798	-0.47989	0.40663	0.99993	0.00838	-0.00799	-0.00839	0.99996	-0.00122	0.00798	0.00129	0.99997	
117	0.58500	86.58634	25.90332	0.71019	0.68335	0.01977	3.09973	1.27064	0.99854	-0.05407	-0.00035	0.05407	0.99847	0.01193	-0.00030	-0.01193	0.99993		-86.39879	-158.31566	-0.29942	-0.04193	0.46361	-0.47998	0.40430	0.99993	0.00838	-0.00809	-0.00838	0.99996	-0.00073	0.00809	0.00080	0.99997	
118	0.59000	86.68780	25.90307	0.70879	0.67875	0.00446	3.09360	1.29016	0.99854	-0.05397	-0.00008	0.05396	0.99847	0.01185	-0.00056	-0.01183	0.99993		-86.28783	-158.29381	-0.23512	-0.01687	0.45803	-0.48117	0.39871	0.99993	0.00840	-0.00799	-0.00840	0.99996	-0.00029	0.00799	0.00036	0.99997	
119	0.59500	86.63476	25.88783	0.72447	0.66911	0.00590	3.10105	1.28594	0.99854	-0.05410	-0.00010	0.05409	0.99847	0.01168	-0.00053	-0.01167	0.99993		-86.35036	-158.23449	-0.22692	0.00639	0.46105	-0.48011	0.38860	0.99993	0.00838	-0.00805	-0.00838	0.99996	0.00011	0.00805	-0.00004	0.99997	
120	0.60000	86.61894	25.89147	0.71885	0.66191	0.00234	3.09611	1.28567	0.99854	-0.05401	-0.00004	0.05401	0.99847	0.01155	-0.00058	-0.01154	0.99993		-86.36801	-158.18933	-0.19847	0.03113	0.46214	-0.47729	0.39868	0.99993	0.00833	-0.00807	-0.00833	0.99997	0.00054	0.00807	-0.00048	0.99997	
121	0.60500	86.63620	25.88783	0.73796	0.65256	0.00405	3.09641	1.28037	0.99854	-0.05402	-0.00007	0.05401	0.99848	0.01139	-0.00054	-0.01138	0.99994		-86.35195	-158.13705	-0.14998	0.05604	0.46551	-0.47949	0.39098	0.99993	0.00837	-0.00812	-0.00836	0.99996	0.00098	0.00813	-0.00091	0.99997	
122	0.61000	86.67161	25.88378	0.73324	0.64537	-0.00502	3.10189	1.28801	0.99853	-0.05411	0.00009	0.05411	0.99847	0.01126	-0.00070	-0.01124	0.99994		-86.33298	-158.11326	-0.14239	0.07422	0.46356	-0.47800	0.38213	0.99993	0.00834	-0.00809	-0.00833	0.99996	0.00130	0.00810	-0.00123	0.99997	
123	0.61500	86.71406	25.88025	0.74209	0.63979	-0.01728	3.09412	1.29326	0.99854	-0.05398	0.00030	0.05397	0.99848	0.01117	-0.00090	-0.01113	0.99994		-86.35999	-158.05273	-0.12270	0.09962	0.46983	-0.47960	0.38718	0.99993	0.00837	-0.00820	-0.00836	0.99996	0.00174	0.00821	-0.00167	0.99996	
124	0.62000	86.68110	25.88448	0.73698	0.63093	-0.01221	3.10116	1.29562	0.99854	-0.05410	0.00021	0.05409	0.99848	0.01101	-0.00081	-0.01098	0.99994		-86.34626	-158.00289	-0.08615	0.11963	0.46996	-0.48528	0.38049	0.99993	0.00847	-0.00820	-0.00845	0.99996	0.00209	0.00822	-0.00202	0.99996	
125	0.62500	86.69726	25.88843	0.74467	0.62400	-0.01591	3.09480	1.30479	0.99854	-0.05399	0.00028	0.05398	0.99848	0.01089	-0.00087	-0.01086	0.99994		-86.34690	-157.97474	-0.06609	0.13673	0.47285	-0.48501	0.36716	0.99993	0.00846	-0.00825	-0.00845	0.99996	0.00239	0.00827	-0.00232	0.99996	
126	0.63000	86.71468	25.91128	0.75002	0.61459	-0.01960	3.09793	1.29056	0.99854	-0.05404	0.00034	0.05404	0.99848	0.01073	-0.00092	-0.01069	0.99994		-86.34069	-157.92247	-0.02887	0.15686	0.46986	-0.48332	0.37956	0.99993	0.00844	-0.00820	-0.00841	0.99996	0.00274	0.00822	-0.00267	0.99996	
127	0.63500	86.74853	25.91341	0.76114	0.60372	-0.02237	3.09357	1.28401	0.99854	-0.05397	0.00039	0.05396	0.99849	0.01054	-0.00096	-0.01050	0.99994		-86.33760	-157.87313	-0.00909	0.17791	0.47441	-0.48495	0.37598	0.99993	0.00846	-0.00828	-0.00844	0.99996	0.00311	0.00831	-0.00303	0.99996	
128	0.64000	86.74242	25.90327	0.77133	0.59320	-0.02521	3.09209	1.28632	0.99854	-0.05394	0.00044	0.05393	0.99849	0.01035	-0.00100	-0.01031	0.99995		-86.29893	-157.83795	0.02755	0.19356	0.47114	-0.48315	0.36438	0.99993	0.00843	-0.00822	-0.00840	0.99996	0.00338	0.00825	-0.00331	0.99996	
129	0.64500	86.72806	25.90696	0.76858	0.58406	-0.02985	3.08786	1.28431	0.99855	-0.05387	0.00052	0.05386	0.99850	0.01019	-0.00107	-0.01015	0.99995		-86.31601	-157.78730	0.05641	0.20904	0.46973	-0.49205	0.36359	0.99993	0.00859	-0.00820	-0.00856	0.99996	0.00365	0.00823	-0.00358	0.99996	
130	0.65000	86.78002	25.91315	0.78549	0.57415	-0.03183	3.08994	1.27850	0.99855	-0.05390	0.00056	0.05390	0.99850	0.01002	-0.00109	-0.00998	0.99995		-86.27472	-157.77036	0.08924	0.22256	0.46550	-0.48999	0.36288	0.99993	0.00855	-0.00812	-0.00852	0.99996	0.00388	0.00816	-0.00381	0.99996	
131	0.65500	86.71835	25.90954	0.78670	0.56250	-0.03034	3.09023	1.28552	0.99855	-0.05391	0.00053	0.05390	0.99850	0.00982	-0.00106	-0.00977	0.99995		-86.30227	-157.71312	0.10980	0.23856	0.46895	-0.49082	0.36242	0.99993	0.00857	-0.00818	-0.00853	0.99995	0.00416	0.00822	-0.00409	0.99996	
132	0.66000	86.73089	25.91284	0.78998	0.55532	-0.03440	3.08938	1.28990	0.99855	-0.05389	0.00060	0.05389	0.99850	0.00969	-0.00112	-0.00965	0.99995		-86.26541	-157.69892	0.14285	0.24947	0.46625	-0.49022	0.36714	0.99993	0.00856	-0.00814	-0.00852	0.99995	0.00435	0.00817	-0.00428	0.99996	
133	0.66500	86.70780	25.93354	0.81386	0.54690	-0.02935	3.09220	1.29978	0.99854	-0.05394	0.00051	0.05394	0.99850	0.00955	-0.00103	-0.00950	0.99995		-86.28740	-157.64809	0.16802	0.26165	0.46423	-0.49279	0.36480	0.99993	0.00860	-0.00810	-0.00856	0.99995	0.00457	0.00814	-0.00450	0.99996	
134	0.67000	86.73064	25.91223	0.80951	0.53340	-0.03324	3.08821	1.29419	0.99855	-0.05387	0.00058	0.05387	0.99850	0.00931	-0.00108	-0.00926	0.99996		-86.23477	-157.64266	0.20482	0.26747	0.46054	-0.48976	0.36251	0.99993	0.00855	-0.00804	-0.00851	0.99995	0.00467	0.00808	-0.00460	0.99996	
135	0.67500	86.73594	25.91862	0.80791	0.52433	-0.03952	3.09004	1.30593	0.99855	-0.05391	0.00069	0.05390	0.99850	0.00915	-0.00118	-0.00910	0.99996		-86.25025	-157.62723	0.22601	0.27483	0.45880	-0.48881	0.35761	0.99993	0.00853	-0.00801	-0.00849	0.99995	0.00480	0.00805	-0.00473	0.99996	
136	0.68000	86.73640	25.92835	0.81993	0.51304	-0.03567	3.09548	1.29599	0.99854	-0.05400	0.00062	0.05399	0.99850	0.00895	-0.00111	-0.00891	0.99996		-86.26675	-157.59158	0.26358	0.28293	0.46268	-0.49110	0.36470	0.99993	0.00857	-0.00808	-0.00853	0.99995	0.00494	0.00812	-0.00487	0.99996	
137	0.68500	86.73784	25.94792	0.82938	0.50646	-0.03627	3.09112	1.30541	0.99854	-0.05392	0.00063	0.05392	0.99851	0.00884	-0.00111	-0.00879	0.99996		-86.25018	-157.56811	0.27613	0.29118	0.45606	-0.48913	0.35973	0.99993	0.00854	-0.00796	-0.00850	0.99995	0.00508	0.00800	-0.00501	0.99996	
138	0.69000	86.72146	25.93340	0.83018	0.49457	-0.03484	3.09582	1.29658	0.99854	-0.05401	0.00061	0.05400	0.99850	0.00863	-0.00107	-0.00859	0.99996		-86.23309	-157.53033	0.29695	0.29522	0.44814	-0.48943	0.35305	0.99993	0.00854	-0.00782	-0.00850	0.99995	0.00515	0.00787	-0.00509	0.99996	
