NO_OF_FRAMES	12030
NO_OF_CAMERAS	8
NO_OF_BODIES	2
FREQUENCY	200
NO_OF_ANALOG	0
ANALOG_FREQUENCY	0
DESCRIPTION	--
TIME_STAMP	2013-07-02, 15:19:28	3294266.55760865
DATA_INCLUDED	6D
BODY_NAMES	Ice 1	Ice 2
Frame	Time	Ice 1 X	Y	Z	Roll	Pitch	Yaw	Residual	Rot[0]	Rot[1]	Rot[2]	Rot[3]	Rot[4]	Rot[5]	Rot[6]	Rot[7]	Rot[8]	Ice 2 X	Y	Z	Roll	Pitch	Yaw	Residual	Rot[0]	Rot[1]	Rot[2]	Rot[3]	Rot[4]	Rot[5]	Rot[6]	Rot[7]	Rot[8]	
1	0.00500	-320.96780	566.21900	-1.40902	0.07881	-0.12457	2.15114	1.01890	0.99929	-0.03754	-0.00138	0.03754	0.99929	-0.00217	0.00146	0.00212	1.00000		13.46126	-6.16442	0.80728	0.02134	-0.43190	-1.92629	3.50607	0.99943	0.03361	-0.00037	-0.03361	0.99941	-0.00754	0.00012	0.00755	0.99997	
2	0.01000	-321.02323	566.21893	-1.41596	0.08505	-0.12593	2.13867	0.96115	0.99930	-0.03732	-0.00148	0.03732	0.99930	-0.00220	0.00157	0.00214	1.00000		13.39290	-6.16644	0.79790	0.02436	-0.42798	-1.92455	3.46917	0.99944	0.03358	-0.00043	-0.03358	0.99941	-0.00747	0.00017	0.00748	0.99997	
3	0.01500	-321.02835	566.21826	-1.43011	0.08283	-0.12650	2.14078	0.96406	0.99930	-0.03736	-0.00145	0.03735	0.99930	-0.00221	0.00153	0.00215	1.00000		13.38584	-6.14741	0.79203	0.02308	-0.42117	-1.92288	3.45944	0.99944	0.03355	-0.00040	-0.03355	0.99941	-0.00735	0.00016	0.00736	0.99997	
4	0.02000	-321.00999	566.19441	-1.45077	0.08261	-0.12667	2.13849	0.95838	0.99930	-0.03732	-0.00144	0.03732	0.99930	-0.00221	0.00152	0.00216	1.00000		13.38756	-6.13938	0.78285	0.02210	-0.41759	-1.92200	3.46752	0.99944	0.03354	-0.00039	-0.03354	0.99941	-0.00729	0.00014	0.00730	0.99997	
5	0.02500	-321.05429	566.20924	-1.45930	0.08450	-0.12485	2.13480	0.95172	0.99930	-0.03725	-0.00147	0.03725	0.99930	-0.00218	0.00155	0.00212	1.00000		13.37633	-6.13524	0.77813	0.02214	-0.41588	-1.92210	3.46466	0.99944	0.03354	-0.00039	-0.03354	0.99941	-0.00726	0.00014	0.00727	0.99997	
6	0.03000	-321.03566	566.19467	-1.48231	0.08316	-0.12740	2.13610	0.95119	0.99930	-0.03728	-0.00145	0.03727	0.99930	-0.00222	0.00153	0.00217	1.00000		13.35828	-6.12226	0.78108	0.02117	-0.40973	-1.92551	3.45993	0.99944	0.03360	-0.00037	-0.03360	0.99941	-0.00715	0.00013	0.00716	0.99997	
7	0.03500	-321.01266	566.20375	-1.47846	0.08321	-0.12407	2.13554	0.95356	0.99930	-0.03727	-0.00145	0.03726	0.99930	-0.00217	0.00153	0.00211	1.00000		13.39614	-6.11330	0.77634	0.01694	-0.40582	-1.92491	3.46263	0.99944	0.03359	-0.00030	-0.03359	0.99941	-0.00708	0.00006	0.00709	0.99997	
8	0.04000	-321.02376	566.19754	-1.50101	0.08049	-0.12394	2.13440	0.95144	0.99931	-0.03725	-0.00140	0.03724	0.99930	-0.00216	0.00148	0.00211	1.00000		13.39638	-6.11602	0.76652	0.01777	-0.40136	-1.92172	3.46760	0.99944	0.03353	-0.00031	-0.03353	0.99941	-0.00701	0.00008	0.00701	0.99998	
9	0.04500	-321.03260	566.21026	-1.50698	0.07992	-0.12304	2.13951	0.96989	0.99930	-0.03734	-0.00139	0.03733	0.99930	-0.00215	0.00147	0.00209	1.00000		13.39665	-6.09106	0.74806	0.01496	-0.39349	-1.92359	3.47016	0.99944	0.03356	-0.00026	-0.03357	0.99941	-0.00687	0.00003	0.00687	0.99998	
10	0.05000	-321.06608	566.18970	-1.50950	0.08576	-0.12610	2.13564	0.95699	0.99930	-0.03727	-0.00150	0.03727	0.99930	-0.00220	0.00158	0.00214	1.00000		13.42914	-6.07793	0.74746	0.01250	-0.39071	-1.92706	3.46322	0.99943	0.03363	-0.00022	-0.03363	0.99941	-0.00682	-0.00001	0.00682	0.99998	
11	0.05500	-321.23752	566.06236	-1.42941	0.07644	-0.12456	2.15638	1.03116	0.99929	-0.03763	-0.00133	0.03763	0.99929	-0.00217	0.00142	0.00212	1.00000		13.36982	-6.07016	0.74603	0.01346	-0.38493	-1.92824	3.45968	0.99943	0.03365	-0.00023	-0.03365	0.99941	-0.00672	0.00001	0.00672	0.99998	
12	0.06000	-321.23320	566.05456	-1.44769	0.07567	-0.12521	2.15081	1.03809	0.99929	-0.03753	-0.00132	0.03753	0.99929	-0.00219	0.00140	0.00213	1.00000		13.39109	-6.05202	0.74016	0.01267	-0.37896	-1.92614	3.45819	0.99943	0.03361	-0.00022	-0.03361	0.99941	-0.00661	-0.00000	0.00662	0.99998	
13	0.06500	-321.23423	566.04623	-1.44722	0.07233	-0.12392	2.14863	1.04835	0.99930	-0.03749	-0.00126	0.03749	0.99929	-0.00216	0.00134	0.00211	1.00000		13.35716	-6.04594	0.72214	0.01247	-0.37327	-1.92775	3.45837	0.99943	0.03364	-0.00022	-0.03364	0.99941	-0.00651	-0.00000	0.00652	0.99998	
14	0.07000	-321.24211	566.02738	-1.47375	0.06949	-0.12358	2.15396	1.07137	0.99929	-0.03759	-0.00121	0.03758	0.99929	-0.00216	0.00129	0.00211	1.00000		13.41601	-6.03253	0.70408	0.01007	-0.36892	-1.92499	3.47317	0.99944	0.03359	-0.00018	-0.03359	0.99941	-0.00644	-0.00004	0.00644	0.99998	
15	0.07500	-321.30911	566.02050	-1.47083	0.07269	-0.12421	2.15016	1.05239	0.99930	-0.03752	-0.00127	0.03752	0.99929	-0.00217	0.00135	0.00212	1.00000		13.34791	-6.01829	0.70196	0.01326	-0.36175	-1.92840	3.45627	0.99943	0.03365	-0.00023	-0.03365	0.99941	-0.00631	0.00002	0.00632	0.99998	
16	0.08000	-321.27309	566.01495	-1.47326	0.07187	-0.12292	2.15040	1.06843	0.99929	-0.03753	-0.00125	0.03752	0.99929	-0.00215	0.00133	0.00210	1.00000		13.38530	-5.99843	0.70445	0.00883	-0.35374	-1.93013	3.45242	0.99943	0.03368	-0.00015	-0.03368	0.99941	-0.00617	-0.00005	0.00618	0.99998	
17	0.08500	-321.33101	566.00545	-1.50243	0.07420	-0.12561	2.15120	1.06600	0.99929	-0.03754	-0.00130	0.03754	0.99929	-0.00219	0.00138	0.00214	1.00000		13.40751	-5.99659	0.68240	0.00750	-0.34931	-1.92895	3.44949	0.99943	0.03366	-0.00013	-0.03366	0.99941	-0.00610	-0.00007	0.00610	0.99998	
18	0.09000	-321.28520	565.99941	-1.50163	0.06874	-0.12549	2.15490	1.06807	0.99929	-0.03760	-0.00120	0.03760	0.99929	-0.00219	0.00128	0.00214	1.00000		13.39773	-6.00610	0.68201	0.00637	-0.34661	-1.92704	3.44653	0.99943	0.03363	-0.00011	-0.03363	0.99942	-0.00605	-0.00009	0.00605	0.99998	
19	0.09500	-321.33174	565.99469	-1.50220	0.06982	-0.12477	2.15148	1.07265	0.99929	-0.03754	-0.00122	0.03754	0.99929	-0.00218	0.00130	0.00213	1.00000		13.36675	-5.98297	0.65434	0.00796	-0.33817	-1.93002	3.44503	0.99943	0.03368	-0.00014	-0.03368	0.99942	-0.00590	-0.00006	0.00590	0.99998	
20	0.10000	-321.27897	565.98230	-1.53781	0.06041	-0.12543	2.15006	1.06946	0.99930	-0.03752	-0.00105	0.03752	0.99929	-0.00219	0.00114	0.00215	1.00000		13.39586	-5.94578	0.65213	0.00608	-0.33029	-1.93282	3.44252	0.99943	0.03373	-0.00011	-0.03373	0.99941	-0.00576	-0.00009	0.00576	0.99998	
21	0.10500	-321.29152	565.96466	-1.54047	0.06252	-0.12632	2.14871	1.07699	0.99930	-0.03750	-0.00109	0.03749	0.99929	-0.00220	0.00117	0.00216	1.00000		13.39855	-5.93706	0.63446	0.00214	-0.32388	-1.93079	3.44602	0.99943	0.03369	-0.00004	-0.03369	0.99942	-0.00565	-0.00015	0.00565	0.99998	
22	0.11000	-321.28623	565.95768	-1.54471	0.06079	-0.12857	2.15463	1.07961	0.99929	-0.03760	-0.00106	0.03760	0.99929	-0.00224	0.00114	0.00220	1.00000		13.38589	-5.91287	0.63602	0.00433	-0.31688	-1.93299	3.45136	0.99943	0.03373	-0.00008	-0.03373	0.99942	-0.00553	-0.00011	0.00553	0.99998	
23	0.11500	-321.29308	565.95799	-1.55045	0.06143	-0.12570	2.15495	1.08494	0.99929	-0.03760	-0.00107	0.03760	0.99929	-0.00219	0.00115	0.00215	1.00000		13.39125	-5.91543	0.60606	0.00196	-0.31168	-1.93040	3.45128	0.99943	0.03369	-0.00003	-0.03368	0.99942	-0.00544	-0.00015	0.00544	0.99999	
24	0.12000	-321.30990	565.95654	-1.57076	0.05593	-0.12593	2.15060	1.08165	0.99930	-0.03753	-0.00098	0.03753	0.99929	-0.00220	0.00106	0.00216	1.00000		13.37640	-5.88698	0.60296	0.00485	-0.30380	-1.93500	3.44168	0.99943	0.03377	-0.00008	-0.03377	0.99942	-0.00530	-0.00009	0.00530	0.99999	
25	0.12500	-321.34463	565.95834	-1.59243	0.05746	-0.12702	2.15404	1.09500	0.99929	-0.03759	-0.00100	0.03759	0.99929	-0.00222	0.00109	0.00218	1.00000		13.41840	-5.87151	0.57641	0.00171	-0.29744	-1.93517	3.44179	0.99943	0.03377	-0.00003	-0.03377	0.99942	-0.00519	-0.00015	0.00519	0.99999	
26	0.13000	-321.35590	565.93835	-1.58373	0.06057	-0.12945	2.15324	1.07448	0.99929	-0.03757	-0.00106	0.03757	0.99929	-0.00226	0.00114	0.00222	1.00000		13.39279	-5.85416	0.57019	0.00173	-0.29015	-1.93237	3.44088	0.99943	0.03372	-0.00003	-0.03372	0.99942	-0.00506	-0.00014	0.00506	0.99999	
27	0.13500	-321.37534	565.93416	-1.60171	0.06495	-0.13305	2.15362	1.07779	0.99929	-0.03758	-0.00113	0.03758	0.99929	-0.00232	0.00122	0.00228	1.00000		13.39109	-5.84836	0.55283	0.00180	-0.28702	-1.93337	3.43939	0.99943	0.03374	-0.00003	-0.03374	0.99942	-0.00501	-0.00014	0.00501	0.99999	
28	0.14000	-321.34424	565.92997	-1.60591	0.05420	-0.13054	2.15276	1.08088	0.99929	-0.03757	-0.00095	0.03756	0.99929	-0.00228	0.00103	0.00224	1.00000		13.40939	-5.85085	0.54777	-0.00082	-0.28278	-1.93491	3.43503	0.99943	0.03376	0.00001	-0.03376	0.99942	-0.00494	-0.00018	0.00493	0.99999	
29	0.14500	-321.35138	565.91061	-1.63982	0.05252	-0.13227	2.15213	1.10428	0.99929	-0.03756	-0.00092	0.03755	0.99929	-0.00231	0.00100	0.00227	1.00000		13.41550	-5.84420	0.53053	-0.00255	-0.27953	-1.93499	3.43589	0.99943	0.03377	0.00004	-0.03377	0.99942	-0.00488	-0.00021	0.00487	0.99999	
30	0.15000	-321.35012	565.91972	-1.62918	0.05210	-0.13102	2.15578	1.10760	0.99929	-0.03762	-0.00091	0.03762	0.99929	-0.00229	0.00099	0.00225	1.00000		13.40041	-5.81165	0.51394	-0.00061	-0.26700	-1.93693	3.43145	0.99943	0.03380	0.00001	-0.03380	0.99942	-0.00466	-0.00017	0.00466	0.99999	
31	0.15500	-321.38388	565.90085	-1.63678	0.05303	-0.13490	2.15285	1.08588	0.99929	-0.03757	-0.00093	0.03757	0.99929	-0.00235	0.00101	0.00232	1.00000		13.38723	-5.80289	0.50036	-0.00081	-0.26240	-1.93645	3.44589	0.99943	0.03379	0.00001	-0.03379	0.99942	-0.00458	-0.00017	0.00458	0.99999	
32	0.16000	-321.34671	565.89820	-1.65216	0.04641	-0.13388	2.15333	1.10186	0.99929	-0.03758	-0.00081	0.03757	0.99929	-0.00234	0.00090	0.00230	1.00000		13.39872	-5.78856	0.48669	-0.00146	-0.25826	-1.93424	3.44013	0.99943	0.03375	0.00003	-0.03375	0.99942	-0.00451	-0.00018	0.00450	0.99999	
33	0.16500	-321.34294	565.88261	-1.66338	0.04538	-0.13658	2.15147	1.08803	0.99929	-0.03754	-0.00079	0.03754	0.99929	-0.00238	0.00088	0.00235	1.00000		13.40776	-5.78631	0.46898	-0.00173	-0.25481	-1.93571	3.44173	0.99943	0.03378	0.00003	-0.03378	0.99942	-0.00445	-0.00018	0.00444	0.99999	
34	0.17000	-321.35027	565.87194	-1.66492	0.04818	-0.13951	2.15004	1.09709	0.99930	-0.03752	-0.00084	0.03752	0.99929	-0.00243	0.00093	0.00240	1.00000		13.40191	-5.77585	0.45851	-0.00166	-0.24682	-1.93360	3.42327	0.99943	0.03374	0.00003	-0.03374	0.99942	-0.00431	-0.00017	0.00430	0.99999	
35	0.17500	-321.37011	565.87408	-1.68451	0.04534	-0.13960	2.15421	1.09920	0.99929	-0.03759	-0.00079	0.03759	0.99929	-0.00244	0.00088	0.00240	1.00000		13.36458	-5.75305	0.43615	-0.00057	-0.24145	-1.93497	3.43831	0.99943	0.03377	0.00001	-0.03376	0.99942	-0.00421	-0.00015	0.00421	0.99999	
36	0.18000	-321.37340	565.87944	-1.67117	0.04761	-0.14030	2.15764	1.09098	0.99929	-0.03765	-0.00083	0.03765	0.99929	-0.00245	0.00092	0.00242	1.00000		13.38167	-5.75407	0.42987	0.00125	-0.23653	-1.93531	3.43825	0.99943	0.03377	-0.00002	-0.03377	0.99942	-0.00413	-0.00012	0.00413	0.99999	
37	0.18500	-321.35206	565.85346	-1.69279	0.04180	-0.14427	2.15515	1.09603	0.99929	-0.03761	-0.00073	0.03761	0.99929	-0.00252	0.00082	0.00249	1.00000		13.39438	-5.74183	0.41151	-0.00026	-0.22919	-1.93669	3.43495	0.99943	0.03380	0.00000	-0.03379	0.99942	-0.00400	-0.00014	0.00400	0.99999	
38	0.19000	-321.35653	565.86719	-1.71098	0.03770	-0.14426	2.15376	1.09625	0.99929	-0.03758	-0.00066	0.03758	0.99929	-0.00252	0.00075	0.00249	1.00000		13.36484	-5.73622	0.39794	0.00113	-0.22617	-1.93479	3.43771	0.99943	0.03376	-0.00002	-0.03376	0.99942	-0.00395	-0.00011	0.00395	0.99999	
39	0.19500	-321.33972	565.84706	-1.71199	0.03595	-0.14483	2.15247	1.10046	0.99929	-0.03756	-0.00063	0.03756	0.99929	-0.00253	0.00072	0.00250	1.00000		13.37561	-5.71667	0.37547	0.00100	-0.22111	-1.94014	3.43097	0.99943	0.03386	-0.00002	-0.03386	0.99942	-0.00386	-0.00011	0.00386	0.99999	
40	0.20000	-321.36846	565.84367	-1.72265	0.03731	-0.14548	2.15584	1.11671	0.99929	-0.03762	-0.00065	0.03762	0.99929	-0.00254	0.00075	0.00251	1.00000		13.39075	-5.71109	0.37136	-0.00296	-0.21806	-1.93529	3.43378	0.99943	0.03377	0.00005	-0.03377	0.99942	-0.00381	-0.00018	0.00380	0.99999	
41	0.20500	-321.37197	565.82630	-1.71250	0.03482	-0.15169	2.15689	1.10700	0.99929	-0.03764	-0.00061	0.03764	0.99929	-0.00265	0.00071	0.00262	1.00000		13.34878	-5.69156	0.35530	0.00234	-0.20903	-1.93171	3.44512	0.99943	0.03371	-0.00004	-0.03371	0.99943	-0.00365	-0.00008	0.00365	0.99999	
42	0.21000	-321.37525	565.84158	-1.71989	0.03400	-0.15009	2.15877	1.10140	0.99929	-0.03767	-0.00059	0.03767	0.99929	-0.00262	0.00069	0.00260	1.00000		13.36856	-5.68823	0.33813	-0.00007	-0.20555	-1.93494	3.44368	0.99943	0.03376	0.00000	-0.03376	0.99942	-0.00359	-0.00012	0.00359	0.99999	
43	0.21500	-321.36805	565.82531	-1.73398	0.03129	-0.15363	2.15233	1.09858	0.99929	-0.03756	-0.00055	0.03756	0.99929	-0.00268	0.00065	0.00266	1.00000		13.34684	-5.68190	0.32450	0.00219	-0.20331	-1.93678	3.44071	0.99943	0.03380	-0.00004	-0.03380	0.99942	-0.00355	-0.00008	0.00355	0.99999	
44	0.22000	-321.36216	565.82424	-1.73093	0.03089	-0.15451	2.15313	1.09672	0.99929	-0.03757	-0.00054	0.03757	0.99929	-0.00270	0.00064	0.00267	1.00000		13.33198	-5.65400	0.30579	0.00282	-0.19651	-1.93617	3.44069	0.99943	0.03379	-0.00005	-0.03379	0.99942	-0.00343	-0.00007	0.00343	0.99999	
45	0.22500	-321.36805	565.80377	-1.74530	0.02801	-0.15761	2.15007	1.10623	0.99930	-0.03752	-0.00049	0.03752	0.99929	-0.00275	0.00059	0.00273	1.00000		13.34735	-5.65982	0.28805	0.00305	-0.19369	-1.93630	3.43583	0.99943	0.03379	-0.00005	-0.03379	0.99942	-0.00338	-0.00006	0.00338	0.99999	
46	0.23000	-321.37659	565.80333	-1.74609	0.02813	-0.16008	2.15561	1.10010	0.99929	-0.03762	-0.00049	0.03761	0.99929	-0.00279	0.00060	0.00277	1.00000		13.35566	-5.65196	0.27019	0.00550	-0.19173	-1.93661	3.44168	0.99943	0.03379	-0.00010	-0.03379	0.99942	-0.00335	-0.00002	0.00335	0.99999	
47	0.23500	-321.38127	565.81621	-1.73626	0.02574	-0.16011	2.15814	1.10770	0.99929	-0.03766	-0.00045	0.03766	0.99929	-0.00279	0.00055	0.00278	1.00000		13.34763	-5.63208	0.26396	0.00663	-0.18555	-1.93466	3.43688	0.99943	0.03376	-0.00012	-0.03376	0.99942	-0.00324	0.00001	0.00324	0.99999	
48	0.24000	-321.38795	565.78717	-1.75297	0.02393	-0.16253	2.15126	1.09962	0.99930	-0.03754	-0.00042	0.03754	0.99929	-0.00284	0.00052	0.00282	1.00000		13.35521	-5.61945	0.24688	0.00494	-0.18295	-1.93473	3.43553	0.99943	0.03376	-0.00009	-0.03376	0.99942	-0.00319	-0.00002	0.00319	0.99999	
49	0.24500	-321.38273	565.77267	-1.74516	0.02742	-0.16731	2.15540	1.12253	0.99929	-0.03761	-0.00048	0.03761	0.99929	-0.00292	0.00059	0.00290	1.00000		13.37350	-5.63170	0.24216	0.00474	-0.18150	-1.93629	3.42864	0.99943	0.03379	-0.00008	-0.03379	0.99942	-0.00317	-0.00002	0.00317	1.00000	
50	0.25000	-321.40411	565.77850	-1.75390	0.02547	-0.16795	2.15205	1.12226	0.99929	-0.03755	-0.00044	0.03755	0.99929	-0.00293	0.00055	0.00291	1.00000		13.33032	-5.60704	0.22749	0.00910	-0.17630	-1.93223	3.44010	0.99943	0.03372	-0.00016	-0.03372	0.99943	-0.00308	0.00006	0.00308	1.00000	
51	0.25500	-321.36669	565.77622	-1.74402	0.02142	-0.16907	2.15458	1.10141	0.99929	-0.03760	-0.00037	0.03760	0.99929	-0.00295	0.00048	0.00293	1.00000		13.34740	-5.61601	0.21898	0.00937	-0.17607	-1.93336	3.45217	0.99943	0.03374	-0.00016	-0.03374	0.99943	-0.00307	0.00006	0.00308	1.00000	
52	0.26000	-321.42154	565.76102	-1.75113	0.02760	-0.17422	2.15772	1.09792	0.99929	-0.03765	-0.00048	0.03765	0.99929	-0.00304	0.00060	0.00302	1.00000		13.32642	-5.59525	0.17996	0.01176	-0.17258	-1.93267	3.44635	0.99943	0.03372	-0.00021	-0.03372	0.99943	-0.00301	0.00010	0.00302	1.00000	
53	0.26500	-321.37843	565.76591	-1.74989	0.02318	-0.17547	2.15526	1.09938	0.99929	-0.03761	-0.00040	0.03761	0.99929	-0.00306	0.00052	0.00305	1.00000		13.33744	-5.57355	0.17414	0.01120	-0.16709	-1.93414	3.45336	0.99943	0.03375	-0.00020	-0.03375	0.99943	-0.00292	0.00010	0.00292	1.00000	
54	0.27000	-321.38871	565.74541	-1.74882	0.02245	-0.17724	2.15242	1.11246	0.99929	-0.03756	-0.00039	0.03756	0.99929	-0.00309	0.00051	0.00308	1.00000		13.32643	-5.58784	0.16986	0.01311	-0.16804	-1.93170	3.44442	0.99943	0.03371	-0.00023	-0.03371	0.99943	-0.00293	0.00013	0.00294	1.00000	
55	0.27500	-321.38746	565.77618	-1.75640	0.01908	-0.17662	2.15839	1.10592	0.99929	-0.03766	-0.00033	0.03766	0.99929	-0.00308	0.00045	0.00307	1.00000		13.31813	-5.58717	0.14856	0.01483	-0.16779	-1.93183	3.44157	0.99943	0.03371	-0.00026	-0.03371	0.99943	-0.00293	0.00016	0.00294	1.00000	
56	0.28000	-321.36690	565.75274	-1.75038	0.01354	-0.17939	2.15266	1.09912	0.99929	-0.03756	-0.00024	0.03756	0.99929	-0.00313	0.00035	0.00312	1.00000		13.32426	-5.56671	0.13915	0.01358	-0.16364	-1.93579	3.44760	0.99943	0.03378	-0.00024	-0.03378	0.99943	-0.00286	0.00014	0.00286	1.00000	
57	0.28500	-321.40253	565.76267	-1.75090	0.02317	-0.18243	2.15820	1.11408	0.99929	-0.03766	-0.00040	0.03766	0.99929	-0.00318	0.00052	0.00317	0.99999		13.30888	-5.55967	0.12057	0.01870	-0.16093	-1.93634	3.45501	0.99943	0.03379	-0.00033	-0.03379	0.99943	-0.00281	0.00023	0.00282	1.00000	
58	0.29000	-321.41126	565.74930	-1.74712	0.02137	-0.18486	2.15689	1.10737	0.99929	-0.03764	-0.00037	0.03764	0.99929	-0.00323	0.00049	0.00321	0.99999		13.32695	-5.56096	0.10867	0.01714	-0.16197	-1.93374	3.44166	0.99943	0.03374	-0.00030	-0.03374	0.99943	-0.00283	0.00020	0.00284	1.00000	
59	0.29500	-321.38847	565.73467	-1.74871	0.01768	-0.18846	2.15614	1.09073	0.99929	-0.03762	-0.00031	0.03762	0.99929	-0.00329	0.00043	0.00328	0.99999		13.30621	-5.55105	0.10705	0.02143	-0.15979	-1.93420	3.44405	0.99943	0.03375	-0.00037	-0.03375	0.99943	-0.00279	0.00028	0.00280	1.00000	
60	0.30000	-321.37454	565.73479	-1.73980	0.01494	-0.18869	2.15795	1.11346	0.99929	-0.03766	-0.00026	0.03765	0.99929	-0.00329	0.00038	0.00328	0.99999		13.29910	-5.56862	0.07477	0.02072	-0.16256	-1.93390	3.44053	0.99943	0.03375	-0.00036	-0.03375	0.99943	-0.00284	0.00027	0.00285	1.00000	
61	0.30500	-321.41920	565.73354	-1.73649	0.02108	-0.19134	2.15627	1.10893	0.99929	-0.03763	-0.00037	0.03762	0.99929	-0.00334	0.00049	0.00332	0.99999		13.27766	-5.52981	0.06352	0.02528	-0.15619	-1.93345	3.44730	0.99943	0.03374	-0.00044	-0.03374	0.99943	-0.00273	0.00035	0.00274	1.00000	
62	0.31000	-321.40998	565.72516	-1.74701	0.01558	-0.19363	2.16026	1.11092	0.99929	-0.03770	-0.00027	0.03769	0.99928	-0.00338	0.00040	0.00337	0.99999		13.27813	-5.54373	0.06443	0.02528	-0.15909	-1.93324	3.44658	0.99943	0.03373	-0.00044	-0.03373	0.99943	-0.00278	0.00035	0.00279	1.00000	
63	0.31500	-321.41875	565.71378	-1.73512	0.01877	-0.19554	2.15252	1.10149	0.99929	-0.03756	-0.00033	0.03756	0.99929	-0.00341	0.00046	0.00340	0.99999		13.28815	-5.53247	0.04284	0.02522	-0.15751	-1.93259	3.45135	0.99943	0.03372	-0.00044	-0.03372	0.99943	-0.00275	0.00035	0.00276	1.00000	
64	0.32000	-321.43804	565.73483	-1.73581	0.01970	-0.19428	2.15609	1.10397	0.99929	-0.03762	-0.00034	0.03762	0.99929	-0.00339	0.00047	0.00338	0.99999		13.28889	-5.52482	0.03036	0.02539	-0.15784	-1.93351	3.45884	0.99943	0.03374	-0.00044	-0.03374	0.99943	-0.00275	0.00035	0.00277	1.00000	
65	0.32500	-321.42403	565.70980	-1.72417	0.01807	-0.20040	2.15609	1.10187	0.99929	-0.03762	-0.00032	0.03762	0.99929	-0.00350	0.00045	0.00348	0.99999		13.28033	-5.53558	0.02283	0.02770	-0.16183	-1.93230	3.45754	0.99943	0.03372	-0.00048	-0.03372	0.99943	-0.00282	0.00039	0.00284	1.00000	
66	0.33000	-321.40756	565.71581	-1.72036	0.01682	-0.20014	2.15443	1.11257	0.99929	-0.03759	-0.00029	0.03759	0.99929	-0.00349	0.00042	0.00348	0.99999		13.27230	-5.51913	0.01258	0.03182	-0.15915	-1.93514	3.44722	0.99943	0.03377	-0.00056	-0.03377	0.99943	-0.00278	0.00046	0.00279	1.00000	
67	0.33500	-321.43942	565.72072	-1.71500	0.01917	-0.20130	2.15623	1.11358	0.99929	-0.03763	-0.00033	0.03762	0.99929	-0.00351	0.00047	0.00350	0.99999		13.25838	-5.51929	-0.00335	0.03306	-0.16199	-1.93109	3.44584	0.99943	0.03370	-0.00058	-0.03370	0.99943	-0.00283	0.00048	0.00285	1.00000	
68	0.34000	-321.43526	565.69917	-1.69666	0.01872	-0.20607	2.15591	1.09706	0.99929	-0.03762	-0.00033	0.03762	0.99929	-0.00360	0.00046	0.00358	0.99999		13.25641	-5.52994	-0.01198	0.03549	-0.16313	-1.93386	3.44702	0.99943	0.03374	-0.00062	-0.03375	0.99943	-0.00285	0.00052	0.00287	1.00000	
69	0.34500	-321.41776	565.70269	-1.70809	0.01702	-0.20622	2.15416	1.09795	0.99929	-0.03759	-0.00030	0.03759	0.99929	-0.00360	0.00043	0.00359	0.99999		13.27910	-5.54244	-0.01853	0.03332	-0.16846	-1.93101	3.45294	0.99943	0.03369	-0.00058	-0.03370	0.99943	-0.00294	0.00048	0.00296	1.00000	
70	0.35000	-321.42923	565.70274	-1.69277	0.01802	-0.20625	2.15891	1.11530	0.99929	-0.03767	-0.00031	0.03767	0.99928	-0.00360	0.00045	0.00359	0.99999		13.26788	-5.52687	-0.03592	0.03655	-0.16894	-1.93337	3.44817	0.99943	0.03374	-0.00064	-0.03374	0.99943	-0.00295	0.00054	0.00297	1.00000	
71	0.35500	-321.40525	565.68954	-1.70773	0.01504	-0.20921	2.15411	1.11564	0.99929	-0.03759	-0.00026	0.03759	0.99929	-0.00365	0.00040	0.00364	0.99999		13.24349	-5.51088	-0.04500	0.03996	-0.16835	-1.93132	3.44746	0.99943	0.03370	-0.00070	-0.03370	0.99943	-0.00294	0.00060	0.00296	1.00000	
72	0.36000	-321.45797	565.67797	-1.67946	0.02255	-0.21415	2.15328	1.10446	0.99929	-0.03757	-0.00039	0.03757	0.99929	-0.00374	0.00053	0.00372	0.99999		13.23932	-5.52422	-0.05698	0.04098	-0.17122	-1.93475	3.45840	0.99943	0.03376	-0.00072	-0.03376	0.99943	-0.00299	0.00061	0.00301	1.00000	
73	0.36500	-321.46909	565.68409	-1.67436	0.02472	-0.21375	2.15773	1.10596	0.99929	-0.03765	-0.00043	0.03765	0.99928	-0.00373	0.00057	0.00371	0.99999		13.21929	-5.53254	-0.06866	0.04366	-0.17574	-1.93197	3.44840	0.99943	0.03371	-0.00076	-0.03371	0.99943	-0.00307	0.00066	0.00309	1.00000	
74	0.37000	-321.41216	565.68242	-1.68225	0.01737	-0.21450	2.15819	1.12196	0.99929	-0.03766	-0.00030	0.03766	0.99928	-0.00374	0.00044	0.00373	0.99999		13.24029	-5.52866	-0.06844	0.04433	-0.17847	-1.93343	3.44295	0.99943	0.03374	-0.00077	-0.03374	0.99943	-0.00311	0.00067	0.00314	0.99999	
75	0.37500	-321.46955	565.67246	-1.65118	0.02726	-0.21730	2.15446	1.09821	0.99929	-0.03760	-0.00048	0.03759	0.99929	-0.00379	0.00062	0.00377	0.99999		13.25370	-5.54099	-0.06327	0.04385	-0.18203	-1.93518	3.45350	0.99943	0.03377	-0.00077	-0.03377	0.99942	-0.00318	0.00066	0.00320	0.99999	
76	0.38000	-321.47016	565.67784	-1.64613	0.02352	-0.21780	2.15403	1.11376	0.99929	-0.03759	-0.00041	0.03759	0.99929	-0.00380	0.00055	0.00378	0.99999		13.22806	-5.54362	-0.09139	0.04577	-0.18641	-1.93266	3.45044	0.99943	0.03372	-0.00080	-0.03372	0.99943	-0.00325	0.00069	0.00328	0.99999	
77	0.38500	-321.49154	565.68373	-1.63956	0.02849	-0.21853	2.16047	1.11066	0.99929	-0.03770	-0.00050	0.03770	0.99928	-0.00381	0.00064	0.00379	0.99999		13.22759	-5.52630	-0.09658	0.04870	-0.18543	-1.93421	3.43713	0.99943	0.03375	-0.00085	-0.03375	0.99943	-0.00324	0.00074	0.00326	0.99999	
78	0.39000	-321.47020	565.67982	-1.63931	0.02329	-0.22024	2.15752	1.11833	0.99929	-0.03765	-0.00041	0.03765	0.99928	-0.00384	0.00055	0.00383	0.99999		13.23760	-5.52268	-0.10361	0.04734	-0.19035	-1.93192	3.45261	0.99943	0.03371	-0.00083	-0.03371	0.99943	-0.00332	0.00071	0.00335	0.99999	
79	0.39500	-321.46544	565.67485	-1.62909	0.02574	-0.21915	2.15794	1.12780	0.99929	-0.03766	-0.00045	0.03765	0.99928	-0.00382	0.00059	0.00381	0.99999		13.23854	-5.55395	-0.10936	0.04779	-0.19878	-1.93059	3.44408	0.99943	0.03369	-0.00083	-0.03369	0.99943	-0.00347	0.00072	0.00350	0.99999	
80	0.40000	-321.44476	565.68902	-1.62343	0.02359	-0.21931	2.15501	1.11578	0.99929	-0.03760	-0.00041	0.03760	0.99929	-0.00383	0.00056	0.00381	0.99999		13.21486	-5.55148	-0.11028	0.05336	-0.19997	-1.93211	3.42972	0.99943	0.03371	-0.00093	-0.03372	0.99943	-0.00349	0.00081	0.00352	0.99999	
81	0.40500	-321.47880	565.67195	-1.60838	0.03001	-0.22245	2.15415	1.10208	0.99929	-0.03759	-0.00052	0.03759	0.99929	-0.00388	0.00067	0.00386	0.99999		13.21196	-5.53074	-0.11383	0.05288	-0.20240	-1.93299	3.45584	0.99943	0.03373	-0.00092	-0.03373	0.99942	-0.00353	0.00080	0.00356	0.99999	
82	0.41000	-321.49829	565.67002	-1.61404	0.03178	-0.22351	2.15290	1.10248	0.99929	-0.03757	-0.00055	0.03757	0.99929	-0.00390	0.00070	0.00388	0.99999		13.19581	-5.55348	-0.12870	0.05487	-0.21006	-1.93351	3.45788	0.99943	0.03374	-0.00096	-0.03374	0.99942	-0.00367	0.00083	0.00370	0.99999	
83	0.41500	-321.48463	565.67088	-1.59873	0.03174	-0.22349	2.15599	1.09797	0.99929	-0.03762	-0.00055	0.03762	0.99928	-0.00390	0.00070	0.00388	0.99999		13.19898	-5.55750	-0.12698	0.05512	-0.21645	-1.92843	3.45842	0.99943	0.03365	-0.00096	-0.03365	0.99943	-0.00378	0.00083	0.00381	0.99999	
84	0.42000	-321.50727	565.67873	-1.58613	0.03142	-0.22275	2.15405	1.10071	0.99929	-0.03759	-0.00055	0.03759	0.99929	-0.00389	0.00069	0.00386	0.99999		13.20408	-5.57293	-0.13791	0.05484	-0.22167	-1.93283	3.45323	0.99943	0.03372	-0.00096	-0.03373	0.99942	-0.00387	0.00083	0.00390	0.99999	
85	0.42500	-321.48310	565.65755	-1.58390	0.03142	-0.22687	2.15854	1.11468	0.99929	-0.03767	-0.00055	0.03766	0.99928	-0.00396	0.00070	0.00394	0.99999		13.23875	-5.57458	-0.14121	0.05492	-0.22641	-1.93260	3.44647	0.99943	0.03372	-0.00096	-0.03372	0.99942	-0.00395	0.00082	0.00398	0.99999	
86	0.43000	-321.51159	565.66477	-1.57215	0.03529	-0.22621	2.15765	1.10132	0.99929	-0.03765	-0.00062	0.03765	0.99928	-0.00395	0.00076	0.00392	0.99999		13.19701	-5.57013	-0.14054	0.05826	-0.23046	-1.93265	3.44803	0.99943	0.03372	-0.00102	-0.03372	0.99942	-0.00402	0.00088	0.00405	0.99999	
87	0.43500	-321.51332	565.65500	-1.56405	0.04067	-0.22665	2.15442	1.09597	0.99929	-0.03760	-0.00071	0.03759	0.99929	-0.00396	0.00086	0.00393	0.99999		13.23458	-5.58806	-0.15818	0.05325	-0.23895	-1.93112	3.46222	0.99943	0.03369	-0.00093	-0.03370	0.99942	-0.00417	0.00079	0.00420	0.99999	
88	0.44000	-321.49574	565.66592	-1.55977	0.04039	-0.22705	2.15679	1.11022	0.99929	-0.03764	-0.00071	0.03763	0.99928	-0.00396	0.00085	0.00393	0.99999		13.23335	-5.59329	-0.15267	0.05484	-0.24574	-1.93358	3.46116	0.99943	0.03374	-0.00096	-0.03374	0.99942	-0.00429	0.00081	0.00432	0.99999	
89	0.44500	-321.48419	565.67404	-1.54925	0.03901	-0.22355	2.15581	1.11175	0.99929	-0.03762	-0.00068	0.03762	0.99928	-0.00390	0.00083	0.00387	0.99999		13.23674	-5.61433	-0.16273	0.05496	-0.25383	-1.93038	3.45508	0.99943	0.03368	-0.00096	-0.03368	0.99942	-0.00443	0.00081	0.00446	0.99999	
90	0.45000	-321.54183	565.66374	-1.53948	0.04486	-0.22440	2.15724	1.10938	0.99929	-0.03765	-0.00078	0.03764	0.99928	-0.00392	0.00093	0.00388	0.99999		13.23943	-5.60810	-0.16214	0.05527	-0.25640	-1.93221	3.45530	0.99943	0.03371	-0.00096	-0.03372	0.99942	-0.00448	0.00081	0.00451	0.99999	
91	0.45500	-321.50760	565.65115	-1.52448	0.04184	-0.22740	2.15747	1.11038	0.99929	-0.03765	-0.00073	0.03765	0.99928	-0.00397	0.00088	0.00394	0.99999		13.23872	-5.59322	-0.16531	0.05669	-0.26071	-1.92874	3.46479	0.99943	0.03365	-0.00099	-0.03366	0.99942	-0.00455	0.00084	0.00458	0.99999	
92	0.46000	-321.54569	565.66211	-1.50157	0.04844	-0.22643	2.15540	1.09270	0.99929	-0.03761	-0.00085	0.03761	0.99928	-0.00395	0.00099	0.00392	0.99999		13.21964	-5.62066	-0.16374	0.05929	-0.26753	-1.93156	3.44323	0.99943	0.03370	-0.00103	-0.03371	0.99942	-0.00467	0.00088	0.00470	0.99999	
93	0.46500	-321.55453	565.65332	-1.51251	0.05083	-0.22782	2.16240	1.10776	0.99929	-0.03774	-0.00089	0.03773	0.99928	-0.00398	0.00104	0.00394	0.99999		13.18986	-5.61853	-0.16173	0.05816	-0.27328	-1.93284	3.45447	0.99943	0.03372	-0.00102	-0.03373	0.99942	-0.00477	0.00085	0.00480	0.99999	
94	0.47000	-321.52242	565.67027	-1.48928	0.04873	-0.22496	2.16239	1.10208	0.99929	-0.03774	-0.00085	0.03773	0.99928	-0.00393	0.00100	0.00389	0.99999		13.19350	-5.62628	-0.17677	0.05803	-0.27866	-1.92969	3.45622	0.99943	0.03367	-0.00101	-0.03367	0.99942	-0.00486	0.00085	0.00489	0.99999	
95	0.47500	-321.56911	565.65091	-1.48442	0.05351	-0.22817	2.16188	1.10634	0.99929	-0.03773	-0.00093	0.03772	0.99928	-0.00398	0.00108	0.00394	0.99999		13.20912	-5.63193	-0.17956	0.05796	-0.28452	-1.93179	3.45172	0.99943	0.03370	-0.00101	-0.03371	0.99942	-0.00497	0.00084	0.00500	0.99999	
96	0.48000	-321.52215	565.66932	-1.48281	0.04939	-0.22454	2.15721	1.11034	0.99929	-0.03764	-0.00086	0.03764	0.99928	-0.00392	0.00101	0.00388	0.99999		13.23621	-5.64330	-0.17324	0.05798	-0.29247	-1.93458	3.45036	0.99943	0.03375	-0.00101	-0.03376	0.99942	-0.00510	0.00084	0.00514	0.99999	
97	0.48500	-321.55265	565.66791	-1.48133	0.05773	-0.22198	2.15714	1.10080	0.99929	-0.03764	-0.00101	0.03764	0.99928	-0.00387	0.00115	0.00383	0.99999		13.22547	-5.63840	-0.17216	0.05670	-0.29549	-1.93485	3.45344	0.99943	0.03376	-0.00099	-0.03376	0.99942	-0.00516	0.00081	0.00519	0.99999	
98	0.49000	-321.51771	565.66726	-1.47590	0.05244	-0.22131	2.15913	1.10596	0.99929	-0.03768	-0.00092	0.03767	0.99928	-0.00386	0.00106	0.00383	0.99999		13.24205	-5.65493	-0.18180	0.05396	-0.30276	-1.93139	3.45329	0.99943	0.03370	-0.00094	-0.03370	0.99942	-0.00528	0.00076	0.00531	0.99999	
99	0.49500	-321.54455	565.66669	-1.46759	0.05639	-0.22045	2.15840	1.10818	0.99929	-0.03767	-0.00098	0.03766	0.99928	-0.00385	0.00113	0.00381	0.99999		13.23594	-5.66073	-0.16738	0.05408	-0.30884	-1.92952	3.46062	0.99943	0.03366	-0.00094	-0.03367	0.99942	-0.00539	0.00076	0.00542	0.99999	
100	0.50000	-321.55151	565.67195	-1.45675	0.05769	-0.21935	2.15845	1.09173	0.99929	-0.03767	-0.00101	0.03766	0.99928	-0.00383	0.00115	0.00379	0.99999		13.20470	-5.65283	-0.18712	0.05562	-0.31410	-1.93095	3.44927	0.99943	0.03369	-0.00097	-0.03369	0.99942	-0.00548	0.00079	0.00551	0.99998	
101	0.50500	-321.57753	565.69972	-1.44905	0.06368	-0.21441	2.16026	1.11338	0.99929	-0.03770	-0.00111	0.03769	0.99928	-0.00374	0.00125	0.00370	0.99999		13.21789	-5.65000	-0.17779	0.05616	-0.31818	-1.93289	3.44546	0.99943	0.03372	-0.00098	-0.03373	0.99942	-0.00555	0.00079	0.00558	0.99998	
102	0.51000	-321.56201	565.69431	-1.42681	0.06368	-0.21538	2.16032	1.10479	0.99929	-0.03770	-0.00111	0.03770	0.99928	-0.00376	0.00125	0.00371	0.99999		13.21836	-5.66257	-0.17573	0.05716	-0.32649	-1.93259	3.45043	0.99943	0.03372	-0.00100	-0.03372	0.99941	-0.00570	0.00080	0.00573	0.99998	
103	0.51500	-321.56945	565.69896	-1.44209	0.06518	-0.21425	2.15958	1.11256	0.99929	-0.03769	-0.00114	0.03768	0.99928	-0.00374	0.00128	0.00369	0.99999		13.22396	-5.66967	-0.17821	0.05703	-0.33174	-1.93218	3.43927	0.99943	0.03371	-0.00100	-0.03372	0.99941	-0.00579	0.00080	0.00582	0.99998	
104	0.52000	-321.57904	565.69093	-1.43991	0.06835	-0.21204	2.15821	1.10463	0.99929	-0.03766	-0.00119	0.03766	0.99928	-0.00370	0.00133	0.00365	0.99999		13.22104	-5.66744	-0.17260	0.05623	-0.33609	-1.92961	3.45053	0.99943	0.03367	-0.00098	-0.03367	0.99942	-0.00587	0.00078	0.00590	0.99998	
105	0.52500	-321.55108	565.70779	-1.41711	0.06645	-0.21082	2.15721	1.10102	0.99929	-0.03765	-0.00116	0.03764	0.99928	-0.00368	0.00130	0.00363	0.99999		13.22250	-5.67218	-0.16642	0.05481	-0.34206	-1.93007	3.45168	0.99943	0.03367	-0.00096	-0.03368	0.99941	-0.00597	0.00075	0.00600	0.99998	
106	0.53000	-321.58393	565.69156	-1.43815	0.06923	-0.21000	2.15991	1.11038	0.99929	-0.03769	-0.00121	0.03769	0.99928	-0.00367	0.00135	0.00362	0.99999		13.22590	-5.68319	-0.16943	0.05475	-0.34628	-1.93211	3.43560	0.99943	0.03371	-0.00096	-0.03371	0.99941	-0.00604	0.00075	0.00607	0.99998	
107	0.53500	-321.55585	565.70284	-1.40787	0.07092	-0.20817	2.16056	1.10913	0.99929	-0.03770	-0.00124	0.03770	0.99928	-0.00363	0.00137	0.00358	0.99999		13.23321	-5.68978	-0.16648	0.05231	-0.35447	-1.92916	3.44331	0.99943	0.03366	-0.00091	-0.03366	0.99941	-0.00619	0.00070	0.00621	0.99998	
108	0.54000	-321.57597	565.70704	-1.40251	0.06836	-0.20731	2.16021	1.11690	0.99929	-0.03770	-0.00119	0.03769	0.99928	-0.00362	0.00133	0.00357	0.99999		13.20052	-5.67700	-0.15724	0.05138	-0.35608	-1.92909	3.44199	0.99943	0.03366	-0.00090	-0.03366	0.99941	-0.00621	0.00069	0.00624	0.99998	
109	0.54500	-321.57362	565.72227	-1.39568	0.07452	-0.20471	2.16286	1.10036	0.99929	-0.03774	-0.00130	0.03774	0.99928	-0.00357	0.00143	0.00352	0.99999		13.23591	-5.68161	-0.16767	0.04929	-0.36253	-1.92730	3.43965	0.99943	0.03363	-0.00086	-0.03363	0.99941	-0.00633	0.00065	0.00635	0.99998	
110	0.55000	-321.61875	565.73104	-1.38972	0.07934	-0.19954	2.16028	1.10231	0.99929	-0.03770	-0.00138	0.03769	0.99928	-0.00348	0.00152	0.00343	0.99999		13.24739	-5.68294	-0.16193	0.04768	-0.36671	-1.92785	3.44193	0.99943	0.03364	-0.00083	-0.03364	0.99941	-0.00640	0.00062	0.00642	0.99998	
111	0.55500	-321.58171	565.72381	-1.39141	0.07830	-0.20058	2.15950	1.11212	0.99929	-0.03769	-0.00137	0.03768	0.99928	-0.00350	0.00150	0.00345	0.99999		13.20270	-5.68923	-0.16037	0.04941	-0.37221	-1.92767	3.44266	0.99943	0.03363	-0.00086	-0.03364	0.99941	-0.00650	0.00064	0.00652	0.99998	
112	0.56000	-321.62536	565.72090	-1.38363	0.07939	-0.19797	2.15743	1.09916	0.99929	-0.03765	-0.00139	0.03765	0.99929	-0.00346	0.00151	0.00340	0.99999		13.20685	-5.68846	-0.15097	0.04966	-0.37591	-1.93117	3.43730	0.99943	0.03369	-0.00087	-0.03370	0.99941	-0.00656	0.00065	0.00659	0.99998	
113	0.56500	-321.61231	565.72705	-1.38556	0.08518	-0.19707	2.16391	1.11001	0.99929	-0.03776	-0.00149	0.03776	0.99928	-0.00344	0.00162	0.00338	0.99999		13.20732	-5.70611	-0.13602	0.04802	-0.38257	-1.92792	3.42810	0.99943	0.03364	-0.00084	-0.03364	0.99941	-0.00668	0.00061	0.00670	0.99998	
114	0.57000	-321.57776	565.73304	-1.36802	0.08504	-0.19546	2.16196	1.11583	0.99929	-0.03773	-0.00148	0.03772	0.99928	-0.00341	0.00161	0.00335	0.99999		13.24667	-5.67044	-0.14867	0.04517	-0.38254	-1.92905	3.43920	0.99943	0.03366	-0.00079	-0.03366	0.99941	-0.00668	0.00056	0.00670	0.99998	
115	0.57500	-321.60704	565.74234	-1.37818	0.08457	-0.19335	2.16075	1.11714	0.99929	-0.03771	-0.00148	0.03770	0.99928	-0.00337	0.00160	0.00332	0.99999		13.22272	-5.69186	-0.13870	0.04637	-0.38735	-1.93122	3.43568	0.99943	0.03369	-0.00081	-0.03370	0.99941	-0.00676	0.00058	0.00678	0.99998	
116	0.58000	-321.64933	565.75541	-1.35381	0.08954	-0.18898	2.16346	1.09661	0.99929	-0.03776	-0.00156	0.03775	0.99928	-0.00330	0.00169	0.00324	0.99999		13.23613	-5.70440	-0.12382	0.04428	-0.39376	-1.92880	3.43277	0.99943	0.03365	-0.00077	-0.03366	0.99941	-0.00687	0.00054	0.00689	0.99998	
117	0.58500	-321.59565	565.74687	-1.35202	0.08770	-0.18672	2.15869	1.10144	0.99929	-0.03767	-0.00153	0.03767	0.99929	-0.00326	0.00165	0.00320	0.99999		13.21585	-5.71465	-0.13068	0.04430	-0.39794	-1.92334	3.44267	0.99944	0.03356	-0.00077	-0.03356	0.99941	-0.00695	0.00054	0.00697	0.99998	
118	0.59000	-321.61634	565.76544	-1.35417	0.08972	-0.18705	2.16394	1.11918	0.99929	-0.03776	-0.00157	0.03776	0.99928	-0.00326	0.00169	0.00320	0.99999		13.23787	-5.68191	-0.11737	0.03870	-0.39801	-1.92387	3.44116	0.99944	0.03357	-0.00068	-0.03357	0.99941	-0.00695	0.00044	0.00697	0.99998	
119	0.59500	-321.61278	565.74903	-1.32901	0.09377	-0.18395	2.16044	1.11017	0.99929	-0.03770	-0.00164	0.03770	0.99928	-0.00321	0.00176	0.00315	0.99999		13.23736	-5.70043	-0.10736	0.03942	-0.40384	-1.92599	3.45299	0.99943	0.03360	-0.00069	-0.03361	0.99941	-0.00705	0.00045	0.00707	0.99997	
120	0.60000	-321.61352	565.78120	-1.33819	0.08870	-0.17804	2.16027	1.11098	0.99929	-0.03770	-0.00155	0.03769	0.99928	-0.00311	0.00166	0.00305	0.99999		13.23957	-5.69565	-0.10200	0.03727	-0.40592	-1.92534	3.46159	0.99944	0.03359	-0.00065	-0.03360	0.99941	-0.00708	0.00041	0.00710	0.99997	
121	0.60500	-321.59416	565.77880	-1.31933	0.09010	-0.18048	2.16280	1.11182	0.99929	-0.03774	-0.00157	0.03774	0.99928	-0.00315	0.00169	0.00309	0.99999		13.23712	-5.69662	-0.10090	0.03611	-0.40901	-1.92318	3.45723	0.99944	0.03355	-0.00063	-0.03356	0.99941	-0.00714	0.00039	0.00716	0.99997	
122	0.61000	-321.61046	565.78642	-1.33351	0.09232	-0.17618	2.16405	1.11257	0.99929	-0.03777	-0.00161	0.03776	0.99928	-0.00307	0.00173	0.00301	0.99999		13.25958	-5.70164	-0.09613	0.03622	-0.41180	-1.92378	3.44693	0.99944	0.03357	-0.00063	-0.03357	0.99941	-0.00719	0.00039	0.00720	0.99997	
123	0.61500	-321.61755	565.79807	-1.31428	0.09283	-0.17383	2.16740	1.10719	0.99928	-0.03782	-0.00162	0.03782	0.99928	-0.00303	0.00173	0.00297	0.99999		13.23397	-5.68558	-0.08702	0.03612	-0.41353	-1.92378	3.44823	0.99944	0.03357	-0.00063	-0.03357	0.99941	-0.00722	0.00039	0.00723	0.99997	
124	0.62000	-321.61385	565.79619	-1.31714	0.09497	-0.17117	2.16468	1.11347	0.99928	-0.03778	-0.00166	0.03777	0.99928	-0.00299	0.00177	0.00292	0.99999		13.26569	-5.70043	-0.06458	0.03157	-0.41576	-1.92457	3.44915	0.99944	0.03358	-0.00055	-0.03358	0.99941	-0.00726	0.00031	0.00727	0.99997	
125	0.62500	-321.61297	565.78985	-1.31742	0.09427	-0.17207	2.16450	1.11480	0.99928	-0.03777	-0.00165	0.03777	0.99928	-0.00300	0.00176	0.00294	0.99999		13.24910	-5.69222	-0.06009	0.03103	-0.41619	-1.92324	3.44408	0.99944	0.03356	-0.00054	-0.03356	0.99941	-0.00726	0.00030	0.00728	0.99997	
126	0.63000	-321.61067	565.80673	-1.32457	0.09289	-0.16825	2.16647	1.11579	0.99928	-0.03781	-0.00162	0.03780	0.99928	-0.00294	0.00173	0.00287	0.99999		13.23324	-5.68752	-0.05119	0.03061	-0.41738	-1.92448	3.44624	0.99944	0.03358	-0.00053	-0.03358	0.99941	-0.00728	0.00029	0.00730	0.99997	
127	0.63500	-321.62095	565.80834	-1.29442	0.09660	-0.16559	2.16031	1.10397	0.99929	-0.03770	-0.00169	0.03770	0.99929	-0.00289	0.00179	0.00282	0.99999		13.24689	-5.70218	-0.04925	0.02804	-0.42238	-1.92320	3.44764	0.99944	0.03356	-0.00049	-0.03356	0.99941	-0.00737	0.00024	0.00738	0.99997	
128	0.64000	-321.57616	565.81442	-1.30899	0.08946	-0.16170	2.16398	1.11363	0.99929	-0.03776	-0.00156	0.03776	0.99928	-0.00282	0.00167	0.00276	0.99999		13.26303	-5.68469	-0.03375	0.02948	-0.42042	-1.92581	3.43903	0.99944	0.03360	-0.00051	-0.03360	0.99941	-0.00734	0.00027	0.00735	0.99997	
129	0.64500	-321.63334	565.81581	-1.30703	0.09629	-0.15945	2.15891	1.11569	0.99929	-0.03768	-0.00168	0.03767	0.99929	-0.00278	0.00178	0.00272	0.99999		13.23766	-5.66753	-0.02471	0.02662	-0.41937	-1.92636	3.44573	0.99943	0.03361	-0.00046	-0.03361	0.99941	-0.00732	0.00022	0.00733	0.99997	
130	0.65000	-321.59750	565.82906	-1.31070	0.09132	-0.15825	2.15916	1.11004	0.99929	-0.03768	-0.00159	0.03768	0.99929	-0.00276	0.00170	0.00270	0.99999		13.27233	-5.67472	-0.00803	0.02544	-0.41956	-1.92433	3.44193	0.99944	0.03358	-0.00044	-0.03358	0.99941	-0.00732	0.00020	0.00733	0.99997	
131	0.65500	-321.62706	565.84094	-1.29103	0.09444	-0.15396	2.15973	1.11781	0.99929	-0.03769	-0.00165	0.03769	0.99929	-0.00269	0.00175	0.00262	1.00000		13.25254	-5.68020	-0.01124	0.02293	-0.42017	-1.92418	3.45586	0.99944	0.03357	-0.00040	-0.03358	0.99941	-0.00733	0.00015	0.00734	0.99997	
132	0.66000	-321.57428	565.83972	-1.28414	0.08841	-0.15446	2.16860	1.14099	0.99928	-0.03784	-0.00154	0.03784	0.99928	-0.00270	0.00164	0.00264	1.00000		13.26109	-5.68346	0.00275	0.01924	-0.42199	-1.92268	3.45107	0.99944	0.03355	-0.00034	-0.03355	0.99941	-0.00737	0.00009	0.00737	0.99997	
133	0.66500	-321.61051	565.85373	-1.29939	0.08963	-0.15018	2.15970	1.11274	0.99929	-0.03769	-0.00156	0.03768	0.99929	-0.00262	0.00166	0.00256	1.00000		13.25232	-5.66814	0.01386	0.02097	-0.41877	-1.92304	3.45545	0.99944	0.03355	-0.00037	-0.03356	0.99941	-0.00731	0.00012	0.00732	0.99997	
134	0.67000	-321.60009	565.84691	-1.29240	0.08886	-0.15157	2.16612	1.12890	0.99928	-0.03780	-0.00155	0.03780	0.99928	-0.00265	0.00165	0.00258	1.00000		13.24281	-5.65799	0.01767	0.02096	-0.41774	-1.92312	3.44720	0.99944	0.03356	-0.00037	-0.03356	0.99941	-0.00729	0.00012	0.00730	0.99997	
135	0.67500	-321.60705	565.86321	-1.27123	0.09360	-0.14812	2.16558	1.11809	0.99928	-0.03779	-0.00163	0.03779	0.99928	-0.00259	0.00173	0.00252	1.00000		13.25281	-5.66686	0.03131	0.01880	-0.41958	-1.91908	3.44240	0.99944	0.03349	-0.00033	-0.03349	0.99941	-0.00732	0.00008	0.00733	0.99997	
136	0.68000	-321.60999	565.87436	-1.27440	0.08982	-0.14290	2.16643	1.12570	0.99928	-0.03781	-0.00157	0.03780	0.99928	-0.00249	0.00166	0.00243	1.00000		13.25990	-5.65999	0.04362	0.01746	-0.41831	-1.92283	3.44619	0.99944	0.03355	-0.00030	-0.03355	0.99941	-0.00730	0.00006	0.00731	0.99997	
137	0.68500	-321.62041	565.88198	-1.26521	0.08910	-0.13982	2.15727	1.10761	0.99929	-0.03765	-0.00156	0.03764	0.99929	-0.00244	0.00165	0.00238	1.00000		13.24747	-5.64675	0.05541	0.01559	-0.41398	-1.92532	3.44218	0.99944	0.03359	-0.00027	-0.03360	0.99941	-0.00723	0.00003	0.00723	0.99997	
