NO_OF_FRAMES	12034
NO_OF_CAMERAS	8
NO_OF_BODIES	2
FREQUENCY	200
NO_OF_ANALOG	0
ANALOG_FREQUENCY	0
DESCRIPTION	--
TIME_STAMP	2013-07-02, 17:36:27	3302485.22068416
DATA_INCLUDED	6D
BODY_NAMES	Ice 1	Ice 2
Frame	Time	Ice 1 X	Y	Z	Roll	Pitch	Yaw	Residual	Rot[0]	Rot[1]	Rot[2]	Rot[3]	Rot[4]	Rot[5]	Rot[6]	Rot[7]	Rot[8]	Ice 2 X	Y	Z	Roll	Pitch	Yaw	Residual	Rot[0]	Rot[1]	Rot[2]	Rot[3]	Rot[4]	Rot[5]	Rot[6]	Rot[7]	Rot[8]	
1	0.00500	132.31637	-202.65881	-0.85939	0.57369	-0.00414	0.13717	0.87759	1.00000	-0.00239	0.00007	0.00239	0.99995	0.01001	-0.00010	-0.01001	0.99995		-81.05056	-149.99719	-0.83348	-0.22656	0.40383	-0.15040	0.13969	0.99997	0.00262	-0.00705	-0.00265	0.99999	-0.00395	0.00704	0.00397	0.99997	
2	0.01000	132.22673	-202.72284	-0.86408	0.56201	0.01091	0.11794	0.83392	1.00000	-0.00206	-0.00019	0.00206	0.99995	0.00981	0.00017	-0.00981	0.99995		-81.09759	-149.95597	-0.83775	-0.22180	0.40615	-0.15871	0.12926	0.99997	0.00277	-0.00709	-0.00280	0.99999	-0.00387	0.00708	0.00389	0.99997	
3	0.01500	132.26822	-202.71615	-0.87660	0.56299	0.00641	0.11725	0.85323	1.00000	-0.00205	-0.00011	0.00205	0.99995	0.00983	0.00009	-0.00983	0.99995		-81.08682	-149.96872	-0.84189	-0.22353	0.40583	-0.15555	0.13038	0.99997	0.00271	-0.00708	-0.00274	0.99999	-0.00390	0.00707	0.00392	0.99997	
4	0.02000	132.24033	-202.71529	-0.88702	0.56369	0.00805	0.11721	0.83459	1.00000	-0.00205	-0.00014	0.00205	0.99995	0.00984	0.00012	-0.00984	0.99995		-81.07733	-149.95640	-0.83809	-0.22371	0.40645	-0.15318	0.12658	0.99997	0.00267	-0.00709	-0.00270	0.99999	-0.00390	0.00708	0.00392	0.99997	
5	0.02500	132.26227	-202.71362	-0.89961	0.56524	0.00335	0.12333	0.84433	1.00000	-0.00215	-0.00006	0.00215	0.99995	0.00987	0.00004	-0.00987	0.99995		-81.08798	-149.94819	-0.84206	-0.22419	0.40456	-0.15574	0.11954	0.99997	0.00272	-0.00706	-0.00275	0.99999	-0.00391	0.00705	0.00393	0.99997	
6	0.03000	132.24936	-202.72347	-0.91513	0.56301	0.00600	0.12404	0.84134	1.00000	-0.00216	-0.00010	0.00217	0.99995	0.00983	0.00008	-0.00983	0.99995		-81.07195	-149.96497	-0.82108	-0.22781	0.40562	-0.15051	0.11497	0.99997	0.00263	-0.00708	-0.00266	0.99999	-0.00398	0.00707	0.00399	0.99997	
7	0.03500	132.26704	-202.70990	-0.93107	0.56399	0.00669	0.11830	0.85253	1.00000	-0.00206	-0.00012	0.00207	0.99995	0.00984	0.00010	-0.00984	0.99995		-81.08994	-149.94091	-0.82522	-0.22668	0.40599	-0.15523	0.12364	0.99997	0.00271	-0.00709	-0.00274	0.99999	-0.00396	0.00708	0.00398	0.99997	
8	0.04000	132.26737	-202.70164	-0.93932	0.56627	0.00157	0.12140	0.84988	1.00000	-0.00212	-0.00003	0.00212	0.99995	0.00988	0.00001	-0.00988	0.99995		-81.07742	-149.95063	-0.82932	-0.22980	0.40562	-0.15471	0.13556	0.99997	0.00270	-0.00708	-0.00273	0.99999	-0.00401	0.00707	0.00403	0.99997	
9	0.04500	132.24032	-202.70310	-0.94506	0.56534	0.00551	0.11852	0.84364	1.00000	-0.00207	-0.00010	0.00207	0.99995	0.00987	0.00008	-0.00987	0.99995		-81.05916	-149.95396	-0.82958	-0.23236	0.40638	-0.15638	0.13059	0.99997	0.00273	-0.00709	-0.00276	0.99999	-0.00406	0.00708	0.00407	0.99997	
10	0.05000	132.26500	-202.69206	-0.96942	0.56764	0.00137	0.11536	0.84807	1.00000	-0.00201	-0.00002	0.00201	0.99995	0.00991	0.00000	-0.00991	0.99995		-81.05753	-149.94773	-0.82124	-0.23504	0.40688	-0.15534	0.13182	0.99997	0.00271	-0.00710	-0.00274	0.99999	-0.00410	0.00709	0.00412	0.99997	
11	0.05500	132.12849	-202.85580	-0.94287	0.55891	-0.00749	0.10328	0.82520	1.00000	-0.00180	0.00013	0.00180	0.99995	0.00975	-0.00015	-0.00975	0.99995		-81.07390	-149.96518	-0.82033	-0.24057	0.40361	-0.15431	0.12439	0.99997	0.00269	-0.00704	-0.00272	0.99999	-0.00420	0.00703	0.00422	0.99997	
12	0.06000	132.19428	-202.85540	-0.96612	0.55915	-0.02010	0.09933	0.83343	1.00000	-0.00173	0.00035	0.00173	0.99995	0.00976	-0.00037	-0.00976	0.99995		-81.05036	-149.97008	-0.82880	-0.24549	0.40378	-0.15435	0.12784	0.99997	0.00269	-0.00705	-0.00272	0.99999	-0.00428	0.00704	0.00430	0.99997	
13	0.06500	132.16002	-202.86839	-0.98470	0.55958	-0.02051	0.09754	0.81998	1.00000	-0.00170	0.00036	0.00170	0.99995	0.00977	-0.00037	-0.00977	0.99995		-81.05281	-149.94461	-0.81653	-0.24389	0.40520	-0.15672	0.12214	0.99997	0.00274	-0.00707	-0.00277	0.99999	-0.00426	0.00706	0.00428	0.99997	
14	0.07000	132.14888	-202.87501	-0.99306	0.55825	-0.01802	0.09706	0.82097	1.00000	-0.00169	0.00031	0.00169	0.99995	0.00974	-0.00033	-0.00974	0.99995		-81.03152	-149.97447	-0.81631	-0.25157	0.40278	-0.15171	0.10806	0.99997	0.00265	-0.00703	-0.00268	0.99999	-0.00439	0.00702	0.00441	0.99997	
15	0.07500	132.19169	-202.87525	-1.00177	0.55848	-0.02695	0.09630	0.81497	1.00000	-0.00168	0.00047	0.00168	0.99995	0.00975	-0.00049	-0.00975	0.99995		-81.05499	-149.96445	-0.80730	-0.25376	0.40435	-0.15208	0.13182	0.99997	0.00265	-0.00706	-0.00269	0.99999	-0.00443	0.00705	0.00445	0.99997	
16	0.08000	132.12724	-202.89048	-1.02303	0.55743	-0.02239	0.09195	0.82439	1.00000	-0.00160	0.00039	0.00160	0.99995	0.00973	-0.00041	-0.00973	0.99995		-81.06582	-149.96578	-0.81563	-0.25610	0.40718	-0.15484	0.13852	0.99997	0.00270	-0.00711	-0.00273	0.99999	-0.00447	0.00709	0.00449	0.99996	
17	0.08500	132.16006	-202.87692	-1.03083	0.55655	-0.03028	0.09196	0.82140	1.00000	-0.00161	0.00053	0.00160	0.99995	0.00971	-0.00054	-0.00971	0.99995		-81.05702	-149.94639	-0.82015	-0.25670	0.40850	-0.15226	0.13528	0.99997	0.00266	-0.00713	-0.00269	0.99999	-0.00448	0.00712	0.00450	0.99996	
18	0.09000	132.15989	-202.88734	-1.04792	0.55605	-0.03082	0.09721	0.82459	1.00000	-0.00170	0.00054	0.00169	0.99995	0.00970	-0.00055	-0.00970	0.99995		-81.04914	-149.95884	-0.81951	-0.26290	0.40489	-0.14739	0.12694	0.99997	0.00257	-0.00707	-0.00260	0.99999	-0.00459	0.00705	0.00461	0.99996	
19	0.09500	132.13139	-202.89414	-1.05039	0.55524	-0.03168	0.09401	0.81161	1.00000	-0.00164	0.00055	0.00164	0.99995	0.00969	-0.00057	-0.00969	0.99995		-81.04518	-149.95705	-0.81576	-0.26630	0.40927	-0.14936	0.13137	0.99997	0.00261	-0.00714	-0.00264	0.99999	-0.00465	0.00713	0.00467	0.99996	
20	0.10000	132.12385	-202.90916	-1.05483	0.55269	-0.02966	0.09042	0.80083	1.00000	-0.00158	0.00052	0.00157	0.99995	0.00965	-0.00053	-0.00965	0.99995		-81.03432	-149.94953	-0.81563	-0.26778	0.40514	-0.15437	0.13109	0.99997	0.00269	-0.00707	-0.00273	0.99999	-0.00467	0.00706	0.00469	0.99996	
21	0.10500	132.16894	-202.89113	-1.07472	0.55539	-0.03864	0.09381	0.83195	1.00000	-0.00164	0.00067	0.00163	0.99995	0.00969	-0.00069	-0.00969	0.99995		-81.02972	-149.94985	-0.81999	-0.27376	0.40996	-0.15559	0.12840	0.99997	0.00272	-0.00716	-0.00275	0.99998	-0.00478	0.00714	0.00480	0.99996	
22	0.11000	132.14738	-202.88480	-1.08803	0.55411	-0.03796	0.09711	0.81605	1.00000	-0.00169	0.00066	0.00169	0.99995	0.00967	-0.00068	-0.00967	0.99995		-81.03684	-149.95243	-0.81963	-0.27765	0.40981	-0.15324	0.12767	0.99997	0.00267	-0.00715	-0.00271	0.99998	-0.00485	0.00714	0.00487	0.99996	
23	0.11500	132.13962	-202.90059	-1.08856	0.55364	-0.03874	0.09164	0.80444	1.00000	-0.00160	0.00068	0.00159	0.99995	0.00966	-0.00069	-0.00966	0.99995		-81.01551	-149.96313	-0.81946	-0.28220	0.40517	-0.15241	0.10710	0.99997	0.00266	-0.00707	-0.00269	0.99998	-0.00493	0.00706	0.00494	0.99996	
24	0.12000	132.15532	-202.91086	-1.09964	0.55035	-0.04049	0.09214	0.81464	1.00000	-0.00161	0.00071	0.00160	0.99995	0.00961	-0.00072	-0.00960	0.99995		-81.04239	-149.96249	-0.82321	-0.28730	0.40995	-0.15383	0.13033	0.99997	0.00268	-0.00715	-0.00272	0.99998	-0.00501	0.00714	0.00503	0.99996	
25	0.12500	132.14320	-202.90777	-1.10520	0.54916	-0.04276	0.09525	0.80984	1.00000	-0.00166	0.00075	0.00166	0.99995	0.00958	-0.00076	-0.00958	0.99995		-81.03155	-149.95643	-0.82326	-0.29101	0.41082	-0.15242	0.12938	0.99997	0.00266	-0.00717	-0.00270	0.99998	-0.00508	0.00716	0.00510	0.99996	
26	0.13000	132.16879	-202.90063	-1.12318	0.54952	-0.04905	0.09262	0.80664	1.00000	-0.00162	0.00086	0.00161	0.99995	0.00959	-0.00087	-0.00959	0.99995		-81.03982	-149.94961	-0.83121	-0.29397	0.40871	-0.15101	0.11600	0.99997	0.00264	-0.00713	-0.00267	0.99998	-0.00513	0.00712	0.00515	0.99996	
27	0.13500	132.16794	-202.90729	-1.14184	0.54824	-0.04889	0.09215	0.82092	1.00000	-0.00161	0.00085	0.00160	0.99995	0.00957	-0.00087	-0.00957	0.99995		-81.00715	-149.96478	-0.83985	-0.29998	0.40888	-0.15214	0.12089	0.99997	0.00266	-0.00714	-0.00269	0.99998	-0.00524	0.00712	0.00525	0.99996	
28	0.14000	132.13732	-202.91049	-1.15088	0.54816	-0.04921	0.08909	0.81318	1.00000	-0.00155	0.00086	0.00155	0.99995	0.00957	-0.00087	-0.00957	0.99995		-81.03608	-149.95459	-0.84337	-0.30335	0.40935	-0.14987	0.11768	0.99997	0.00262	-0.00714	-0.00265	0.99998	-0.00529	0.00713	0.00531	0.99996	
29	0.14500	132.16270	-202.89949	-1.16151	0.55083	-0.05542	0.09085	0.80528	1.00000	-0.00159	0.00097	0.00158	0.99995	0.00961	-0.00098	-0.00961	0.99995		-80.99684	-149.94710	-0.83552	-0.30521	0.41064	-0.15051	0.14135	0.99997	0.00263	-0.00717	-0.00267	0.99998	-0.00533	0.00715	0.00535	0.99996	
30	0.15000	132.15505	-202.89313	-1.16613	0.54811	-0.05409	0.08902	0.81741	1.00000	-0.00155	0.00094	0.00154	0.99995	0.00957	-0.00096	-0.00956	0.99995		-81.01040	-149.93350	-0.84797	-0.30862	0.40996	-0.15131	0.11362	0.99997	0.00264	-0.00716	-0.00268	0.99998	-0.00539	0.00714	0.00541	0.99996	
31	0.15500	132.13711	-202.92004	-1.17029	0.54433	-0.05261	0.08756	0.81445	1.00000	-0.00153	0.00092	0.00152	0.99995	0.00950	-0.00093	-0.00950	0.99995		-80.99623	-149.94922	-0.84761	-0.31427	0.40724	-0.15291	0.11373	0.99997	0.00267	-0.00711	-0.00271	0.99998	-0.00548	0.00709	0.00550	0.99996	
32	0.16000	132.18157	-202.88902	-1.20011	0.54552	-0.06103	0.08921	0.80657	1.00000	-0.00156	0.00107	0.00155	0.99995	0.00952	-0.00108	-0.00952	0.99995		-80.99902	-149.94220	-0.84358	-0.31769	0.41108	-0.15192	0.11980	0.99997	0.00265	-0.00717	-0.00269	0.99998	-0.00554	0.00716	0.00556	0.99996	
33	0.16500	132.16953	-202.90781	-1.18529	0.54268	-0.05829	0.09462	0.82122	1.00000	-0.00165	0.00102	0.00164	0.99995	0.00947	-0.00103	-0.00947	0.99995		-80.99130	-149.92733	-0.85174	-0.31959	0.40804	-0.15527	0.12570	0.99997	0.00271	-0.00712	-0.00275	0.99998	-0.00558	0.00711	0.00560	0.99996	
34	0.17000	132.17796	-202.89465	-1.20949	0.54398	-0.06086	0.09251	0.81461	1.00000	-0.00161	0.00106	0.00160	0.99995	0.00949	-0.00108	-0.00949	0.99995		-80.97822	-149.93485	-0.85182	-0.32308	0.41006	-0.15299	0.13278	0.99997	0.00267	-0.00716	-0.00271	0.99998	-0.00564	0.00714	0.00566	0.99996	
35	0.17500	132.15172	-202.89765	-1.21633	0.54499	-0.05888	0.08471	0.81252	1.00000	-0.00148	0.00103	0.00147	0.99995	0.00951	-0.00104	-0.00951	0.99995		-80.98053	-149.94420	-0.84750	-0.32823	0.41344	-0.15049	0.13042	0.99997	0.00263	-0.00722	-0.00267	0.99998	-0.00573	0.00720	0.00575	0.99996	
36	0.18000	132.15513	-202.88671	-1.23830	0.54272	-0.06124	0.09079	0.80334	1.00000	-0.00158	0.00107	0.00157	0.99995	0.00947	-0.00108	-0.00947	0.99995		-81.00015	-149.94407	-0.85919	-0.33499	0.40959	-0.15144	0.12490	0.99997	0.00264	-0.00715	-0.00268	0.99998	-0.00585	0.00713	0.00587	0.99996	
37	0.18500	132.17375	-202.89698	-1.24473	0.54295	-0.06498	0.08944	0.81474	1.00000	-0.00156	0.00113	0.00155	0.99995	0.00948	-0.00115	-0.00947	0.99995		-80.95703	-149.95045	-0.85982	-0.33587	0.40915	-0.15026	0.11161	0.99997	0.00262	-0.00714	-0.00266	0.99998	-0.00586	0.00713	0.00588	0.99996	
38	0.19000	132.17517	-202.91076	-1.23822	0.53761	-0.06570	0.09225	0.80868	1.00000	-0.00161	0.00115	0.00160	0.99995	0.00938	-0.00116	-0.00938	0.99996		-80.97077	-149.93428	-0.86787	-0.33952	0.41142	-0.15273	0.13781	0.99997	0.00267	-0.00718	-0.00271	0.99998	-0.00593	0.00716	0.00594	0.99996	
39	0.19500	132.18591	-202.90570	-1.23701	0.53806	-0.06939	0.08928	0.82278	1.00000	-0.00156	0.00121	0.00155	0.99995	0.00939	-0.00123	-0.00939	0.99996		-80.95816	-149.93960	-0.86784	-0.34167	0.41103	-0.15047	0.13546	0.99997	0.00263	-0.00717	-0.00267	0.99998	-0.00596	0.00716	0.00598	0.99996	
40	0.20000	132.20800	-202.90192	-1.25410	0.53889	-0.07014	0.08752	0.81968	1.00000	-0.00153	0.00122	0.00152	0.99995	0.00941	-0.00124	-0.00940	0.99996		-80.94551	-149.94102	-0.87172	-0.34740	0.40657	-0.14774	0.11275	0.99997	0.00258	-0.00710	-0.00262	0.99998	-0.00606	0.00708	0.00608	0.99996	
41	0.20500	132.19680	-202.91293	-1.24472	0.53547	-0.06742	0.09236	0.81190	1.00000	-0.00161	0.00118	0.00160	0.99996	0.00935	-0.00119	-0.00934	0.99996		-80.96544	-149.93486	-0.87133	-0.34919	0.40941	-0.14955	0.13624	0.99997	0.00261	-0.00715	-0.00265	0.99998	-0.00609	0.00713	0.00611	0.99996	
42	0.21000	132.17851	-202.91820	-1.25358	0.53271	-0.06414	0.09087	0.82113	1.00000	-0.00159	0.00112	0.00158	0.99996	0.00930	-0.00113	-0.00930	0.99996		-80.94596	-149.93444	-0.87991	-0.35210	0.40786	-0.14910	0.11202	0.99997	0.00260	-0.00712	-0.00265	0.99998	-0.00615	0.00710	0.00616	0.99996	
43	0.21500	132.18429	-202.88790	-1.24417	0.53697	-0.06502	0.08888	0.80597	1.00000	-0.00155	0.00113	0.00154	0.99995	0.00937	-0.00115	-0.00937	0.99996		-80.94940	-149.93355	-0.88386	-0.35387	0.40907	-0.15245	0.14065	0.99997	0.00266	-0.00714	-0.00270	0.99998	-0.00618	0.00712	0.00620	0.99996	
44	0.22000	132.21832	-202.90730	-1.26882	0.53516	-0.07023	0.08242	0.81191	1.00000	-0.00144	0.00123	0.00143	0.99996	0.00934	-0.00124	-0.00934	0.99996		-80.92960	-149.93189	-0.88408	-0.35445	0.40697	-0.14692	0.12672	0.99997	0.00256	-0.00710	-0.00261	0.99998	-0.00619	0.00709	0.00620	0.99996	
45	0.22500	132.17985	-202.89582	-1.26565	0.53517	-0.06967	0.08574	0.80656	1.00000	-0.00150	0.00122	0.00148	0.99996	0.00934	-0.00123	-0.00934	0.99996		-80.94552	-149.91859	-0.88405	-0.35578	0.40684	-0.15219	0.11379	0.99997	0.00266	-0.00710	-0.00270	0.99998	-0.00621	0.00708	0.00623	0.99996	
46	0.23000	132.20195	-202.89833	-1.25165	0.53485	-0.06970	0.09200	0.81898	1.00000	-0.00161	0.00122	0.00159	0.99996	0.00933	-0.00123	-0.00933	0.99996		-80.93058	-149.93637	-0.87545	-0.35965	0.40795	-0.14711	0.12709	0.99997	0.00257	-0.00712	-0.00261	0.99998	-0.00628	0.00710	0.00630	0.99995	
47	0.23500	132.18594	-202.89581	-1.25563	0.53585	-0.06723	0.09241	0.81005	1.00000	-0.00161	0.00117	0.00160	0.99995	0.00935	-0.00119	-0.00935	0.99996		-80.95462	-149.91509	-0.90017	-0.36035	0.40752	-0.14982	0.13021	0.99997	0.00261	-0.00711	-0.00266	0.99998	-0.00629	0.00710	0.00631	0.99995	
48	0.24000	132.17788	-202.91039	-1.25689	0.53097	-0.06547	0.08982	0.81751	1.00000	-0.00157	0.00114	0.00156	0.99996	0.00927	-0.00116	-0.00927	0.99996		-80.95851	-149.92036	-0.88755	-0.36156	0.40840	-0.14970	0.12967	0.99997	0.00261	-0.00713	-0.00266	0.99998	-0.00631	0.00711	0.00633	0.99995	
49	0.24500	132.19929	-202.88482	-1.24376	0.53377	-0.06632	0.09112	0.82002	1.00000	-0.00159	0.00116	0.00158	0.99996	0.00932	-0.00117	-0.00931	0.99996		-80.92543	-149.92212	-0.90044	-0.36375	0.40574	-0.14651	0.11780	0.99997	0.00256	-0.00708	-0.00260	0.99998	-0.00635	0.00707	0.00637	0.99995	
50	0.25000	132.23795	-202.89970	-1.25006	0.53199	-0.06905	0.08949	0.81036	1.00000	-0.00156	0.00121	0.00155	0.99996	0.00928	-0.00122	-0.00928	0.99996		-80.93886	-149.90799	-0.89616	-0.36171	0.40671	-0.14588	0.12958	0.99997	0.00255	-0.00710	-0.00259	0.99998	-0.00631	0.00708	0.00633	0.99995	
51	0.25500	132.17361	-202.90340	-1.25551	0.53310	-0.06211	0.08980	0.81244	1.00000	-0.00157	0.00108	0.00156	0.99996	0.00930	-0.00110	-0.00930	0.99996		-80.91305	-149.90803	-0.90485	-0.36142	0.40541	-0.14683	0.13035	0.99997	0.00256	-0.00708	-0.00261	0.99998	-0.00631	0.00706	0.00633	0.99996	
52	0.26000	132.21300	-202.90829	-1.27116	0.53063	-0.06815	0.09005	0.81997	1.00000	-0.00157	0.00119	0.00156	0.99996	0.00926	-0.00120	-0.00926	0.99996		-80.93249	-149.88115	-0.91302	-0.36088	0.40393	-0.14965	0.13439	0.99997	0.00261	-0.00705	-0.00266	0.99998	-0.00630	0.00703	0.00632	0.99996	
53	0.26500	132.20663	-202.89416	-1.25466	0.53177	-0.06832	0.09277	0.82149	1.00000	-0.00162	0.00119	0.00161	0.99996	0.00928	-0.00121	-0.00928	0.99996		-80.88890	-149.90768	-0.90938	-0.36432	0.40282	-0.14620	0.10256	0.99997	0.00255	-0.00703	-0.00260	0.99998	-0.00636	0.00701	0.00638	0.99996	
54	0.27000	132.21205	-202.90493	-1.24703	0.53148	-0.06615	0.09409	0.82832	1.00000	-0.00164	0.00115	0.00163	0.99996	0.00928	-0.00117	-0.00927	0.99996		-80.87389	-149.91220	-0.91723	-0.36648	0.39724	-0.14568	0.11799	0.99997	0.00254	-0.00693	-0.00259	0.99998	-0.00640	0.00692	0.00641	0.99996	
55	0.27500	132.20705	-202.90287	-1.24568	0.53083	-0.06038	0.08412	0.81606	1.00000	-0.00147	0.00105	0.00146	0.99996	0.00926	-0.00107	-0.00926	0.99996		-80.89441	-149.88185	-0.91319	-0.36281	0.40023	-0.14831	0.14012	0.99997	0.00259	-0.00699	-0.00263	0.99998	-0.00633	0.00697	0.00635	0.99996	
56	0.28000	132.24697	-202.89490	-1.23903	0.53238	-0.06535	0.08443	0.81562	1.00000	-0.00147	0.00114	0.00146	0.99996	0.00929	-0.00115	-0.00929	0.99996		-80.89609	-149.89684	-0.91308	-0.36417	0.40026	-0.14526	0.12718	0.99997	0.00254	-0.00699	-0.00258	0.99998	-0.00636	0.00697	0.00637	0.99996	
57	0.28500	132.24984	-202.89280	-1.25995	0.53329	-0.06554	0.09234	0.81977	1.00000	-0.00161	0.00114	0.00160	0.99996	0.00931	-0.00116	-0.00931	0.99996		-80.89126	-149.87948	-0.92171	-0.36020	0.39911	-0.14575	0.12755	0.99997	0.00254	-0.00697	-0.00259	0.99998	-0.00629	0.00695	0.00630	0.99996	
58	0.29000	132.25223	-202.88782	-1.23513	0.53201	-0.06390	0.08521	0.81971	1.00000	-0.00149	0.00112	0.00148	0.99996	0.00929	-0.00113	-0.00928	0.99996		-80.87766	-149.88857	-0.91331	-0.36229	0.39593	-0.14910	0.11916	0.99997	0.00260	-0.00691	-0.00265	0.99998	-0.00632	0.00689	0.00634	0.99996	
59	0.29500	132.25637	-202.86844	-1.23202	0.53691	-0.06132	0.09168	0.83482	1.00000	-0.00160	0.00107	0.00159	0.99995	0.00937	-0.00109	-0.00937	0.99996		-80.86234	-149.87659	-0.91359	-0.36048	0.39495	-0.14734	0.11630	0.99997	0.00257	-0.00689	-0.00261	0.99998	-0.00629	0.00688	0.00631	0.99996	
60	0.30000	132.23845	-202.89181	-1.21541	0.53414	-0.05960	0.08834	0.81493	1.00000	-0.00154	0.00104	0.00153	0.99996	0.00932	-0.00105	-0.00932	0.99996		-80.89256	-149.87259	-0.91311	-0.35892	0.39478	-0.14850	0.11960	0.99997	0.00259	-0.00689	-0.00264	0.99998	-0.00626	0.00687	0.00628	0.99996	
61	0.30500	132.20484	-202.88026	-1.20234	0.53794	-0.05600	0.08098	0.81406	1.00000	-0.00141	0.00098	0.00140	0.99995	0.00939	-0.00099	-0.00939	0.99996		-80.88043	-149.86349	-0.90945	-0.35655	0.39671	-0.14610	0.12906	0.99997	0.00255	-0.00692	-0.00259	0.99998	-0.00622	0.00691	0.00624	0.99996	
62	0.31000	132.23504	-202.90738	-1.19427	0.53362	-0.05991	0.08911	0.81802	1.00000	-0.00156	0.00105	0.00155	0.99996	0.00931	-0.00106	-0.00931	0.99996		-80.85923	-149.84770	-0.91418	-0.35384	0.39428	-0.14558	0.11892	0.99997	0.00254	-0.00688	-0.00258	0.99998	-0.00618	0.00687	0.00619	0.99996	
63	0.31500	132.22395	-202.89136	-1.18766	0.53616	-0.05599	0.08787	0.81563	1.00000	-0.00153	0.00098	0.00152	0.99996	0.00936	-0.00099	-0.00936	0.99996		-80.82452	-149.85279	-0.93099	-0.35174	0.38813	-0.14418	0.11871	0.99997	0.00252	-0.00677	-0.00256	0.99998	-0.00614	0.00676	0.00616	0.99996	
64	0.32000	132.23942	-202.88772	-1.19493	0.53638	-0.05503	0.08815	0.80715	1.00000	-0.00154	0.00096	0.00153	0.99995	0.00936	-0.00097	-0.00936	0.99996		-80.85604	-149.83066	-0.91420	-0.34818	0.38858	-0.14786	0.11503	0.99997	0.00258	-0.00678	-0.00262	0.99998	-0.00608	0.00677	0.00609	0.99996	
65	0.32500	132.30369	-202.87345	-1.17831	0.53998	-0.05895	0.08673	0.80652	1.00000	-0.00151	0.00103	0.00150	0.99995	0.00942	-0.00104	-0.00942	0.99996		-80.86937	-149.83573	-0.92214	-0.34844	0.38916	-0.14861	0.12671	0.99997	0.00259	-0.00679	-0.00264	0.99998	-0.00608	0.00678	0.00610	0.99996	
66	0.33000	132.27023	-202.88945	-1.15607	0.53632	-0.05523	0.08803	0.80511	1.00000	-0.00154	0.00096	0.00153	0.99996	0.00936	-0.00098	-0.00936	0.99996		-80.87350	-149.81591	-0.92668	-0.34184	0.38978	-0.14581	0.13572	0.99997	0.00254	-0.00680	-0.00259	0.99998	-0.00597	0.00679	0.00598	0.99996	
67	0.33500	132.26951	-202.89910	-1.16272	0.53624	-0.05469	0.08854	0.81141	1.00000	-0.00155	0.00095	0.00154	0.99995	0.00936	-0.00097	-0.00936	0.99996		-80.85093	-149.82722	-0.92225	-0.34448	0.38436	-0.14150	0.12470	0.99997	0.00247	-0.00671	-0.00251	0.99998	-0.00601	0.00669	0.00603	0.99996	
68	0.34000	132.22841	-202.90439	-1.13615	0.53880	-0.04692	0.08351	0.80568	1.00000	-0.00146	0.00082	0.00145	0.99995	0.00940	-0.00083	-0.00940	0.99996		-80.83786	-149.81632	-0.92672	-0.33984	0.38110	-0.14553	0.13445	0.99997	0.00254	-0.00665	-0.00258	0.99998	-0.00593	0.00664	0.00595	0.99996	
69	0.34500	132.29827	-202.90358	-1.13028	0.53798	-0.05363	0.08548	0.81401	1.00000	-0.00149	0.00094	0.00148	0.99995	0.00939	-0.00095	-0.00939	0.99996		-80.85278	-149.81104	-0.90995	-0.33782	0.38200	-0.14430	0.12622	0.99997	0.00252	-0.00667	-0.00256	0.99998	-0.00590	0.00665	0.00591	0.99996	
70	0.35000	132.28660	-202.87163	-1.11412	0.54392	-0.05031	0.08549	0.80117	1.00000	-0.00149	0.00088	0.00148	0.99995	0.00949	-0.00089	-0.00949	0.99995		-80.81727	-149.79672	-0.92297	-0.33125	0.37570	-0.14546	0.13834	0.99998	0.00254	-0.00656	-0.00258	0.99998	-0.00578	0.00654	0.00580	0.99996	
71	0.35500	132.29037	-202.90328	-1.10332	0.54033	-0.04958	0.08750	0.82154	1.00000	-0.00153	0.00087	0.00152	0.99995	0.00943	-0.00088	-0.00943	0.99996		-80.78280	-149.77552	-0.92801	-0.32607	0.37253	-0.14974	0.13185	0.99998	0.00261	-0.00650	-0.00265	0.99998	-0.00569	0.00649	0.00571	0.99996	
72	0.36000	132.28657	-202.89677	-1.07930	0.54244	-0.04592	0.08568	0.81575	1.00000	-0.00150	0.00080	0.00149	0.99995	0.00947	-0.00082	-0.00947	0.99995		-80.79549	-149.78913	-0.93134	-0.32664	0.36759	-0.14376	0.11761	0.99998	0.00251	-0.00642	-0.00255	0.99998	-0.00570	0.00640	0.00572	0.99996	
73	0.36500	132.31563	-202.89183	-1.06695	0.54479	-0.05129	0.08837	0.81241	1.00000	-0.00154	0.00090	0.00153	0.99995	0.00951	-0.00091	-0.00951	0.99995		-80.77379	-149.79785	-0.91904	-0.32526	0.36469	-0.14721	0.12287	0.99998	0.00257	-0.00637	-0.00261	0.99998	-0.00568	0.00635	0.00569	0.99996	
74	0.37000	132.31060	-202.89364	-1.07264	0.54399	-0.04935	0.08715	0.81588	1.00000	-0.00152	0.00086	0.00151	0.99995	0.00949	-0.00088	-0.00949	0.99995		-80.78677	-149.77029	-0.91499	-0.31814	0.36507	-0.14462	0.13639	0.99998	0.00252	-0.00637	-0.00256	0.99998	-0.00555	0.00636	0.00557	0.99996	
75	0.37500	132.31548	-202.88484	-1.05049	0.54575	-0.04745	0.08889	0.82374	1.00000	-0.00155	0.00083	0.00154	0.99995	0.00953	-0.00084	-0.00952	0.99995		-80.79277	-149.75632	-0.92762	-0.31409	0.36387	-0.14245	0.13558	0.99998	0.00249	-0.00635	-0.00252	0.99998	-0.00548	0.00634	0.00550	0.99996	
76	0.38000	132.30816	-202.89057	-1.03308	0.54724	-0.04354	0.09022	0.80546	1.00000	-0.00157	0.00076	0.00157	0.99995	0.00955	-0.00077	-0.00955	0.99995		-80.79379	-149.74968	-0.91530	-0.31052	0.36376	-0.14305	0.13197	0.99998	0.00250	-0.00635	-0.00253	0.99998	-0.00542	0.00634	0.00544	0.99997	
77	0.38500	132.29911	-202.89602	-1.01488	0.54931	-0.04802	0.09520	0.81194	1.00000	-0.00166	0.00084	0.00165	0.99995	0.00959	-0.00085	-0.00959	0.99995		-80.77984	-149.74563	-0.91939	-0.30661	0.35776	-0.14219	0.13044	0.99998	0.00248	-0.00624	-0.00251	0.99998	-0.00535	0.00623	0.00537	0.99997	
78	0.39000	132.28931	-202.89636	-1.00013	0.54773	-0.03840	0.08841	0.82040	1.00000	-0.00154	0.00067	0.00154	0.99995	0.00956	-0.00068	-0.00956	0.99995		-80.78605	-149.73613	-0.91973	-0.30028	0.35831	-0.14408	0.13852	0.99998	0.00251	-0.00625	-0.00255	0.99998	-0.00524	0.00624	0.00526	0.99997	
79	0.39500	132.34147	-202.88388	-0.99117	0.55188	-0.04868	0.09020	0.83669	1.00000	-0.00157	0.00085	0.00157	0.99995	0.00963	-0.00086	-0.00963	0.99995		-80.79388	-149.72282	-0.91587	-0.29725	0.36011	-0.14469	0.13595	0.99998	0.00253	-0.00629	-0.00256	0.99998	-0.00519	0.00627	0.00520	0.99997	
80	0.40000	132.32412	-202.90429	-0.97356	0.55111	-0.04642	0.08841	0.81006	1.00000	-0.00154	0.00081	0.00154	0.99995	0.00962	-0.00082	-0.00962	0.99995		-80.80554	-149.72335	-0.90729	-0.29359	0.35727	-0.14130	0.12582	0.99998	0.00247	-0.00624	-0.00250	0.99998	-0.00512	0.00622	0.00514	0.99997	
81	0.40500	132.34627	-202.89772	-0.96561	0.55106	-0.04805	0.08590	0.81686	1.00000	-0.00150	0.00084	0.00149	0.99995	0.00962	-0.00085	-0.00962	0.99995		-80.78330	-149.70780	-0.90342	-0.28995	0.35239	-0.14875	0.12795	0.99998	0.00260	-0.00615	-0.00263	0.99998	-0.00506	0.00614	0.00508	0.99997	
82	0.41000	132.30348	-202.88428	-0.93600	0.55338	-0.03991	0.09059	0.81713	1.00000	-0.00158	0.00070	0.00157	0.99995	0.00966	-0.00071	-0.00966	0.99995		-80.76640	-149.72039	-0.90340	-0.28665	0.34723	-0.14621	0.11453	0.99998	0.00255	-0.00606	-0.00258	0.99998	-0.00500	0.00605	0.00502	0.99997	
83	0.41500	132.30965	-202.90040	-0.92711	0.55231	-0.04324	0.08597	0.80410	1.00000	-0.00150	0.00075	0.00149	0.99995	0.00964	-0.00077	-0.00964	0.99995		-80.75987	-149.70840	-0.90336	-0.28391	0.34586	-0.14261	0.12982	0.99998	0.00249	-0.00604	-0.00252	0.99998	-0.00496	0.00602	0.00497	0.99997	
84	0.42000	132.32630	-202.90219	-0.89536	0.55369	-0.04259	0.08571	0.80917	1.00000	-0.00150	0.00074	0.00149	0.99995	0.00966	-0.00076	-0.00966	0.99995		-80.79657	-149.70353	-0.89082	-0.27783	0.35101	-0.14103	0.14285	0.99998	0.00246	-0.00613	-0.00249	0.99999	-0.00485	0.00611	0.00486	0.99997	
85	0.42500	132.34528	-202.89574	-0.89370	0.55441	-0.04293	0.08870	0.82092	1.00000	-0.00155	0.00075	0.00154	0.99995	0.00968	-0.00076	-0.00967	0.99995		-80.79269	-149.68700	-0.89547	-0.27193	0.34973	-0.14347	0.13629	0.99998	0.00250	-0.00610	-0.00253	0.99999	-0.00475	0.00609	0.00476	0.99997	
86	0.43000	132.33581	-202.90269	-0.87392	0.55400	-0.04231	0.08808	0.81879	1.00000	-0.00154	0.00074	0.00153	0.99995	0.00967	-0.00075	-0.00967	0.99995		-80.74616	-149.67732	-0.89557	-0.26765	0.33866	-0.14447	0.13345	0.99998	0.00252	-0.00591	-0.00255	0.99999	-0.00467	0.00590	0.00469	0.99997	
87	0.43500	132.35490	-202.90839	-0.86281	0.55518	-0.04455	0.08173	0.79101	1.00000	-0.00143	0.00078	0.00142	0.99995	0.00969	-0.00079	-0.00969	0.99995		-80.75349	-149.68426	-0.88328	-0.26502	0.33974	-0.14566	0.13208	0.99998	0.00254	-0.00593	-0.00257	0.99999	-0.00463	0.00592	0.00464	0.99997	
88	0.44000	132.39537	-202.88272	-0.84757	0.55843	-0.04935	0.09118	0.81835	1.00000	-0.00159	0.00086	0.00158	0.99995	0.00975	-0.00088	-0.00974	0.99995		-80.77355	-149.65611	-0.87948	-0.25662	0.34401	-0.14351	0.14099	0.99998	0.00250	-0.00600	-0.00253	0.99999	-0.00448	0.00599	0.00449	0.99997	
89	0.44500	132.34973	-202.90447	-0.82465	0.55746	-0.04551	0.09255	0.80184	1.00000	-0.00162	0.00079	0.00161	0.99995	0.00973	-0.00081	-0.00973	0.99995		-80.74679	-149.67740	-0.88360	-0.25615	0.33908	-0.14322	0.12890	0.99998	0.00250	-0.00592	-0.00253	0.99999	-0.00447	0.00591	0.00449	0.99997	
90	0.45000	132.37357	-202.90330	-0.79829	0.55774	-0.04569	0.08756	0.79821	1.00000	-0.00153	0.00080	0.00152	0.99995	0.00973	-0.00081	-0.00973	0.99995		-80.75962	-149.64578	-0.86760	-0.24893	0.34208	-0.14180	0.12777	0.99998	0.00247	-0.00597	-0.00250	0.99999	-0.00434	0.00596	0.00436	0.99997	
91	0.45500	132.36194	-202.90633	-0.77703	0.55792	-0.04271	0.09315	0.80609	1.00000	-0.00163	0.00075	0.00162	0.99995	0.00974	-0.00076	-0.00974	0.99995		-80.76062	-149.64723	-0.86734	-0.24630	0.33954	-0.14438	0.13997	0.99998	0.00252	-0.00593	-0.00255	0.99999	-0.00430	0.00592	0.00431	0.99997	
92	0.46000	132.33808	-202.89416	-0.76552	0.55983	-0.04337	0.09217	0.81022	1.00000	-0.00161	0.00076	0.00160	0.99995	0.00977	-0.00077	-0.00977	0.99995		-80.79282	-149.63123	-0.86304	-0.23998	0.33927	-0.14480	0.13890	0.99998	0.00253	-0.00592	-0.00255	0.99999	-0.00419	0.00591	0.00420	0.99997	
93	0.46500	132.38056	-202.90348	-0.74878	0.56056	-0.04920	0.09205	0.80381	1.00000	-0.00161	0.00086	0.00160	0.99995	0.00978	-0.00087	-0.00978	0.99995		-80.76465	-149.62518	-0.86347	-0.23621	0.33718	-0.14399	0.14567	0.99998	0.00251	-0.00588	-0.00254	0.99999	-0.00412	0.00587	0.00414	0.99997	
94	0.47000	132.35449	-202.90601	-0.72870	0.56065	-0.04703	0.08816	0.80847	1.00000	-0.00154	0.00082	0.00153	0.99995	0.00979	-0.00084	-0.00978	0.99995		-80.77115	-149.62311	-0.85530	-0.23163	0.33777	-0.14370	0.14041	0.99998	0.00251	-0.00590	-0.00253	0.99999	-0.00404	0.00589	0.00406	0.99997	
95	0.47500	132.41061	-202.89930	-0.72404	0.56026	-0.05209	0.08610	0.81474	1.00000	-0.00150	0.00091	0.00149	0.99995	0.00978	-0.00092	-0.00978	0.99995		-80.75313	-149.61675	-0.84332	-0.22687	0.33558	-0.14705	0.12839	0.99998	0.00257	-0.00586	-0.00259	0.99999	-0.00396	0.00585	0.00397	0.99997	
96	0.48000	132.39472	-202.91017	-0.69532	0.55877	-0.04818	0.09194	0.80884	1.00000	-0.00160	0.00084	0.00160	0.99995	0.00975	-0.00086	-0.00975	0.99995		-80.77434	-149.60986	-0.85141	-0.22358	0.33529	-0.14382	0.13206	0.99998	0.00251	-0.00585	-0.00253	0.99999	-0.00390	0.00584	0.00392	0.99998	
97	0.48500	132.38124	-202.91974	-0.67966	0.55816	-0.04734	0.09134	0.80226	1.00000	-0.00159	0.00083	0.00159	0.99995	0.00974	-0.00084	-0.00974	0.99995		-80.78598	-149.59257	-0.84325	-0.21871	0.33549	-0.14649	0.13302	0.99998	0.00256	-0.00586	-0.00258	0.99999	-0.00382	0.00585	0.00383	0.99998	
98	0.49000	132.36672	-202.90393	-0.66500	0.56036	-0.04628	0.09210	0.79715	1.00000	-0.00161	0.00081	0.00160	0.99995	0.00978	-0.00082	-0.00978	0.99995		-80.77132	-149.57582	-0.84366	-0.21376	0.33431	-0.14424	0.13442	0.99998	0.00252	-0.00583	-0.00254	0.99999	-0.00373	0.00583	0.00375	0.99998	
99	0.49500	132.41206	-202.89244	-0.65069	0.56385	-0.04971	0.08912	0.80956	1.00000	-0.00156	0.00087	0.00155	0.99995	0.00984	-0.00088	-0.00984	0.99995		-80.77270	-149.55589	-0.83993	-0.20795	0.33684	-0.14603	0.15618	0.99998	0.00255	-0.00588	-0.00257	0.99999	-0.00363	0.00587	0.00364	0.99998	
100	0.50000	132.35814	-202.90536	-0.62132	0.56173	-0.04901	0.08755	0.79805	1.00000	-0.00153	0.00086	0.00152	0.99995	0.00980	-0.00087	-0.00980	0.99995		-80.77416	-149.57842	-0.82703	-0.20810	0.33375	-0.14606	0.14006	0.99998	0.00255	-0.00583	-0.00257	0.99999	-0.00363	0.00582	0.00365	0.99998	
101	0.50500	132.37860	-202.90913	-0.61362	0.56060	-0.05021	0.09057	0.80492	1.00000	-0.00158	0.00088	0.00157	0.99995	0.00978	-0.00089	-0.00978	0.99995		-80.76323	-149.56795	-0.82336	-0.20244	0.33307	-0.14564	0.13645	0.99998	0.00254	-0.00581	-0.00256	0.99999	-0.00353	0.00580	0.00355	0.99998	
102	0.51000	132.43776	-202.91929	-0.60301	0.56023	-0.05656	0.09569	0.81256	1.00000	-0.00167	0.00099	0.00166	0.99995	0.00978	-0.00100	-0.00978	0.99995		-80.73732	-149.56347	-0.82816	-0.19991	0.33392	-0.14716	0.13793	0.99998	0.00257	-0.00583	-0.00259	0.99999	-0.00349	0.00582	0.00350	0.99998	
103	0.51500	132.38730	-202.90363	-0.58159	0.56286	-0.05771	0.09269	0.78519	1.00000	-0.00162	0.00101	0.00161	0.99995	0.00982	-0.00102	-0.00982	0.99995		-80.75649	-149.55998	-0.81953	-0.19735	0.33333	-0.14552	0.14501	0.99998	0.00254	-0.00582	-0.00256	0.99999	-0.00344	0.00581	0.00346	0.99998	
104	0.52000	132.36157	-202.91244	-0.57076	0.56171	-0.05007	0.09312	0.79649	1.00000	-0.00163	0.00087	0.00162	0.99995	0.00980	-0.00089	-0.00980	0.99995		-80.74752	-149.54354	-0.82856	-0.19242	0.33340	-0.14726	0.12984	0.99998	0.00257	-0.00582	-0.00259	0.99999	-0.00336	0.00581	0.00337	0.99998	
105	0.52500	132.38571	-202.89794	-0.54408	0.56314	-0.05379	0.09654	0.78780	1.00000	-0.00168	0.00094	0.00168	0.99995	0.00983	-0.00096	-0.00983	0.99995		-80.76643	-149.55738	-0.81556	-0.19176	0.33220	-0.14653	0.12573	0.99998	0.00256	-0.00580	-0.00258	0.99999	-0.00335	0.00579	0.00336	0.99998	
106	0.53000	132.41897	-202.90759	-0.54920	0.56181	-0.06392	0.09292	0.80712	1.00000	-0.00162	0.00112	0.00161	0.99995	0.00981	-0.00113	-0.00980	0.99995		-80.74907	-149.54551	-0.80377	-0.18754	0.33512	-0.14619	0.13837	0.99998	0.00255	-0.00585	-0.00257	0.99999	-0.00327	0.00584	0.00329	0.99998	
107	0.53500	132.43345	-202.90982	-0.52447	0.56052	-0.06158	0.09026	0.78235	1.00000	-0.00158	0.00107	0.00156	0.99995	0.00978	-0.00109	-0.00978	0.99995		-80.79257	-149.53192	-0.80334	-0.18385	0.33803	-0.14670	0.15003	0.99998	0.00256	-0.00590	-0.00258	0.99999	-0.00321	0.00589	0.00322	0.99998	
108	0.54000	132.42237	-202.91308	-0.52256	0.55923	-0.06538	0.09144	0.79224	1.00000	-0.00160	0.00114	0.00158	0.99995	0.00976	-0.00116	-0.00976	0.99995		-80.77296	-149.52648	-0.80400	-0.18026	0.33773	-0.14366	0.13570	0.99998	0.00251	-0.00589	-0.00253	0.99999	-0.00315	0.00589	0.00316	0.99998	
109	0.54500	132.37251	-202.90922	-0.50431	0.56059	-0.05894	0.09035	0.79014	1.00000	-0.00158	0.00103	0.00157	0.99995	0.00978	-0.00104	-0.00978	0.99995		-80.78749	-149.50634	-0.79607	-0.17652	0.34381	-0.14821	0.15702	0.99998	0.00259	-0.00600	-0.00261	0.99999	-0.00308	0.00599	0.00310	0.99998	
110	0.55000	132.44426	-202.90725	-0.49343	0.55877	-0.06509	0.09525	0.79356	1.00000	-0.00166	0.00114	0.00165	0.99995	0.00975	-0.00115	-0.00975	0.99995		-80.77656	-149.51733	-0.78361	-0.17788	0.34327	-0.14457	0.14584	0.99998	0.00252	-0.00599	-0.00254	0.99999	-0.00310	0.00598	0.00312	0.99998	
111	0.55500	132.44937	-202.91192	-0.48777	0.55934	-0.07241	0.09741	0.79141	1.00000	-0.00170	0.00126	0.00169	0.99995	0.00976	-0.00128	-0.00976	0.99995		-80.78384	-149.52822	-0.78779	-0.17618	0.34421	-0.15023	0.15150	0.99998	0.00262	-0.00601	-0.00264	0.99999	-0.00307	0.00600	0.00309	0.99998	
112	0.56000	132.43980	-202.91594	-0.48915	0.55843	-0.07181	0.09077	0.78849	1.00000	-0.00158	0.00125	0.00157	0.99995	0.00975	-0.00127	-0.00974	0.99995		-80.83290	-149.51258	-0.78372	-0.17289	0.35081	-0.15026	0.14786	0.99998	0.00262	-0.00612	-0.00264	0.99999	-0.00302	0.00611	0.00303	0.99998	
113	0.56500	132.45395	-202.92136	-0.46267	0.55592	-0.07298	0.09207	0.78752	1.00000	-0.00161	0.00127	0.00159	0.99995	0.00970	-0.00129	-0.00970	0.99995		-80.81749	-149.51777	-0.77114	-0.17208	0.34678	-0.14831	0.13212	0.99998	0.00259	-0.00605	-0.00261	0.99999	-0.00300	0.00604	0.00302	0.99998	
114	0.57000	132.41936	-202.92441	-0.44896	0.55446	-0.07124	0.09209	0.78283	1.00000	-0.00161	0.00124	0.00160	0.99995	0.00968	-0.00126	-0.00968	0.99995		-80.81563	-149.51410	-0.75914	-0.17093	0.35117	-0.14872	0.13466	0.99998	0.00260	-0.00613	-0.00261	0.99999	-0.00298	0.00612	0.00300	0.99998	
115	0.57500	132.38508	-202.90418	-0.44292	0.55818	-0.06870	0.08690	0.78944	1.00000	-0.00152	0.00120	0.00150	0.99995	0.00974	-0.00121	-0.00974	0.99995		-80.84145	-149.50750	-0.76353	-0.16941	0.35695	-0.14500	0.13091	0.99998	0.00253	-0.00623	-0.00255	0.99999	-0.00296	0.00622	0.00297	0.99998	
116	0.58000	132.44860	-202.90844	-0.43984	0.55437	-0.07331	0.09586	0.80321	1.00000	-0.00167	0.00128	0.00166	0.99995	0.00968	-0.00130	-0.00967	0.99995		-80.80691	-149.51583	-0.76384	-0.16974	0.35604	-0.15105	0.15110	0.99998	0.00264	-0.00621	-0.00265	0.99999	-0.00296	0.00621	0.00298	0.99998	
117	0.58500	132.40680	-202.91423	-0.41816	0.55268	-0.06891	0.08998	0.79068	1.00000	-0.00157	0.00120	0.00156	0.99995	0.00965	-0.00122	-0.00964	0.99995		-80.84478	-149.50997	-0.74683	-0.16878	0.36012	-0.14597	0.14729	0.99998	0.00255	-0.00629	-0.00257	0.99999	-0.00295	0.00628	0.00296	0.99998	
118	0.59000	132.40973	-202.91002	-0.40226	0.55383	-0.07093	0.09333	0.80223	1.00000	-0.00163	0.00124	0.00162	0.99995	0.00967	-0.00125	-0.00966	0.99995		-80.80520	-149.50775	-0.74801	-0.16854	0.36268	-0.14922	0.13642	0.99998	0.00260	-0.00633	-0.00262	0.99999	-0.00294	0.00632	0.00296	0.99998	
119	0.59500	132.41193	-202.90947	-0.41354	0.54992	-0.07516	0.09244	0.81490	1.00000	-0.00161	0.00131	0.00160	0.99995	0.00960	-0.00133	-0.00960	0.99995		-80.82108	-149.51553	-0.73504	-0.16947	0.36397	-0.14696	0.14254	0.99998	0.00256	-0.00635	-0.00258	0.99999	-0.00296	0.00634	0.00297	0.99998	
120	0.60000	132.40874	-202.92480	-0.39106	0.54907	-0.07162	0.09396	0.78232	1.00000	-0.00164	0.00125	0.00163	0.99995	0.00958	-0.00127	-0.00958	0.99995		-80.84680	-149.51664	-0.74350	-0.16973	0.36979	-0.14582	0.13751	0.99998	0.00254	-0.00645	-0.00256	0.99999	-0.00296	0.00645	0.00298	0.99997	
121	0.60500	132.46010	-202.90484	-0.41349	0.55107	-0.08030	0.09799	0.78641	1.00000	-0.00171	0.00140	0.00170	0.99995	0.00962	-0.00142	-0.00962	0.99995		-80.86274	-149.50225	-0.74806	-0.16643	0.37345	-0.14661	0.13262	0.99998	0.00256	-0.00652	-0.00258	0.99999	-0.00290	0.00651	0.00292	0.99997	
122	0.61000	132.40875	-202.93066	-0.37016	0.54560	-0.07049	0.09002	0.80269	1.00000	-0.00157	0.00123	0.00156	0.99995	0.00952	-0.00125	-0.00952	0.99995		-80.87302	-149.50842	-0.73978	-0.16871	0.37831	-0.14667	0.13982	0.99997	0.00256	-0.00660	-0.00258	0.99999	-0.00294	0.00660	0.00296	0.99997	
123	0.61500	132.41063	-202.93399	-0.36999	0.54504	-0.07454	0.09087	0.79713	1.00000	-0.00159	0.00130	0.00157	0.99995	0.00951	-0.00132	-0.00951	0.99995		-80.87866	-149.51199	-0.73581	-0.17042	0.38211	-0.14640	0.13166	0.99997	0.00256	-0.00667	-0.00258	0.99999	-0.00297	0.00666	0.00299	0.99997	
124	0.62000	132.44066	-202.92384	-0.36316	0.54358	-0.07901	0.09177	0.78736	1.00000	-0.00160	0.00138	0.00159	0.99995	0.00949	-0.00139	-0.00948	0.99995		-80.86912	-149.53127	-0.72753	-0.17367	0.38204	-0.14692	0.11879	0.99997	0.00256	-0.00667	-0.00258	0.99999	-0.00303	0.00666	0.00305	0.99997	
125	0.62500	132.43955	-202.92568	-0.37086	0.54284	-0.07771	0.08984	0.79331	1.00000	-0.00157	0.00136	0.00156	0.99995	0.00947	-0.00137	-0.00947	0.99995		-80.89638	-149.52331	-0.73210	-0.17265	0.39104	-0.14666	0.13177	0.99997	0.00256	-0.00682	-0.00258	0.99999	-0.00301	0.00682	0.00303	0.99997	
126	0.63000	132.42509	-202.92492	-0.37443	0.54128	-0.07974	0.09270	0.79852	1.00000	-0.00162	0.00139	0.00160	0.99995	0.00945	-0.00141	-0.00944	0.99995		-80.84733	-149.52478	-0.73261	-0.17451	0.38936	-0.14365	0.13285	0.99997	0.00251	-0.00680	-0.00253	0.99999	-0.00305	0.00679	0.00306	0.99997	
127	0.63500	132.40299	-202.92371	-0.35444	0.53979	-0.07522	0.09091	0.78395	1.00000	-0.00159	0.00131	0.00157	0.99995	0.00942	-0.00133	-0.00942	0.99995		-80.87319	-149.52596	-0.72819	-0.17714	0.39094	-0.14621	0.12582	0.99997	0.00255	-0.00682	-0.00257	0.99999	-0.00309	0.00682	0.00311	0.99997	
128	0.64000	132.39735	-202.92785	-0.36406	0.53766	-0.07657	0.09448	0.78238	1.00000	-0.00165	0.00134	0.00164	0.99995	0.00938	-0.00135	-0.00938	0.99996		-80.90267	-149.51919	-0.73243	-0.17765	0.39812	-0.14378	0.12896	0.99997	0.00251	-0.00695	-0.00253	0.99999	-0.00310	0.00694	0.00312	0.99997	
129	0.64500	132.44590	-202.92588	-0.36536	0.53763	-0.08009	0.09715	0.79892	1.00000	-0.00170	0.00140	0.00168	0.99995	0.00938	-0.00141	-0.00938	0.99996		-80.92458	-149.52163	-0.71998	-0.17908	0.40585	-0.14768	0.14947	0.99997	0.00258	-0.00708	-0.00260	0.99999	-0.00313	0.00708	0.00314	0.99997	
130	0.65000	132.41203	-202.92334	-0.36046	0.53663	-0.07874	0.08981	0.79012	1.00000	-0.00157	0.00137	0.00155	0.99995	0.00937	-0.00139	-0.00936	0.99996		-80.94712	-149.52192	-0.72810	-0.18240	0.40925	-0.14570	0.14429	0.99997	0.00254	-0.00714	-0.00257	0.99999	-0.00318	0.00713	0.00320	0.99997	
131	0.65500	132.43433	-202.92426	-0.36598	0.53392	-0.08446	0.09520	0.79138	1.00000	-0.00166	0.00147	0.00165	0.99996	0.00932	-0.00149	-0.00932	0.99996		-80.91225	-149.54392	-0.72416	-0.18591	0.40815	-0.14895	0.14538	0.99997	0.00260	-0.00712	-0.00262	0.99999	-0.00324	0.00711	0.00326	0.99997	
132	0.66000	132.42642	-202.94639	-0.37156	0.52946	-0.08129	0.08934	0.79524	1.00000	-0.00156	0.00142	0.00155	0.99996	0.00924	-0.00143	-0.00924	0.99996		-80.91438	-149.53864	-0.72465	-0.18769	0.41139	-0.14622	0.12164	0.99997	0.00255	-0.00718	-0.00258	0.99999	-0.00328	0.00717	0.00329	0.99997	
133	0.66500	132.43036	-202.93279	-0.36360	0.53012	-0.08033	0.09411	0.81036	1.00000	-0.00164	0.00140	0.00163	0.99996	0.00925	-0.00142	-0.00925	0.99996		-80.92984	-149.54148	-0.72879	-0.19130	0.41789	-0.14325	0.13632	0.99997	0.00250	-0.00729	-0.00252	0.99999	-0.00334	0.00729	0.00336	0.99997	
134	0.67000	132.41946	-202.93509	-0.35759	0.52823	-0.07457	0.08953	0.78898	1.00000	-0.00156	0.00130	0.00155	0.99996	0.00922	-0.00132	-0.00922	0.99996		-80.94501	-149.54612	-0.72438	-0.19351	0.41917	-0.14595	0.13372	0.99997	0.00255	-0.00732	-0.00257	0.99999	-0.00338	0.00731	0.00340	0.99997	
135	0.67500	132.39970	-202.94059	-0.36022	0.52500	-0.07584	0.09577	0.79023	1.00000	-0.00167	0.00132	0.00166	0.99996	0.00916	-0.00134	-0.00916	0.99996		-80.90814	-149.56024	-0.72891	-0.19731	0.41798	-0.14607	0.13670	0.99997	0.00255	-0.00730	-0.00257	0.99999	-0.00344	0.00729	0.00346	0.99997	
