NO_OF_FRAMES	12034
NO_OF_CAMERAS	8
NO_OF_BODIES	2
FREQUENCY	200
NO_OF_ANALOG	0
ANALOG_FREQUENCY	0
DESCRIPTION	--
TIME_STAMP	2013-07-03, 12:00:01	12018.18077805
DATA_INCLUDED	6D
BODY_NAMES	Ice 1	Ice 2
Frame	Time	Ice 1 X	Y	Z	Roll	Pitch	Yaw	Residual	Rot[0]	Rot[1]	Rot[2]	Rot[3]	Rot[4]	Rot[5]	Rot[6]	Rot[7]	Rot[8]	Ice 2 X	Y	Z	Roll	Pitch	Yaw	Residual	Rot[0]	Rot[1]	Rot[2]	Rot[3]	Rot[4]	Rot[5]	Rot[6]	Rot[7]	Rot[8]	
1	0.00500	29.10400	-27.00885	0.77680	0.44633	-0.01562	-0.18730	0.98423	0.99999	0.00327	0.00027	-0.00327	0.99996	0.00779	-0.00025	-0.00779	0.99997		-149.98832	-98.93385	0.02240	-0.16890	0.35153	-0.37960	0.22229	0.99996	0.00663	-0.00614	-0.00664	0.99997	-0.00295	0.00612	0.00299	0.99998	
2	0.01000	28.92804	-26.99526	0.77735	0.44667	0.01004	-0.20649	0.92809	0.99999	0.00360	-0.00018	-0.00360	0.99996	0.00780	0.00020	-0.00780	0.99997		-150.02961	-98.94536	0.00976	-0.17053	0.35842	-0.38150	0.18746	0.99996	0.00666	-0.00626	-0.00668	0.99997	-0.00298	0.00624	0.00302	0.99998	
3	0.01500	28.94313	-26.99375	0.77592	0.44759	0.00856	-0.20379	0.92573	0.99999	0.00356	-0.00015	-0.00356	0.99996	0.00781	0.00018	-0.00781	0.99997		-150.03544	-98.93870	0.00118	-0.17199	0.36252	-0.38258	0.19087	0.99996	0.00668	-0.00633	-0.00670	0.99997	-0.00300	0.00631	0.00304	0.99998	
4	0.02000	28.94138	-27.00697	0.76290	0.44536	0.01394	-0.20031	0.91983	0.99999	0.00350	-0.00024	-0.00349	0.99996	0.00777	0.00027	-0.00777	0.99997		-150.03233	-98.94120	-0.00256	-0.17782	0.36056	-0.38540	0.20080	0.99996	0.00673	-0.00629	-0.00675	0.99997	-0.00310	0.00627	0.00315	0.99998	
5	0.02500	28.91854	-27.02398	0.75726	0.44630	0.01992	-0.20423	0.91999	0.99999	0.00356	-0.00035	-0.00356	0.99996	0.00779	0.00038	-0.00779	0.99997		-150.02875	-98.95112	0.00599	-0.18425	0.36060	-0.38511	0.18511	0.99996	0.00672	-0.00629	-0.00674	0.99997	-0.00322	0.00627	0.00326	0.99997	
6	0.03000	28.92058	-26.99646	0.75206	0.45349	0.02091	-0.20578	0.92010	0.99999	0.00359	-0.00036	-0.00359	0.99996	0.00791	0.00039	-0.00791	0.99997		-150.03376	-98.97920	-0.01861	-0.19152	0.36401	-0.38265	0.19154	0.99996	0.00668	-0.00635	-0.00670	0.99997	-0.00334	0.00633	0.00338	0.99997	
7	0.03500	28.86883	-26.97911	0.76452	0.45393	0.02927	-0.20487	0.91940	0.99999	0.00358	-0.00051	-0.00357	0.99996	0.00792	0.00054	-0.00792	0.99997		-150.03835	-98.96627	-0.00610	-0.19597	0.36416	-0.37925	0.17781	0.99996	0.00662	-0.00636	-0.00664	0.99997	-0.00342	0.00633	0.00346	0.99997	
8	0.04000	28.90007	-26.98204	0.74179	0.45740	0.02411	-0.20727	0.91559	0.99999	0.00362	-0.00042	-0.00361	0.99996	0.00798	0.00045	-0.00798	0.99997		-150.03342	-98.98691	-0.02250	-0.20153	0.36552	-0.37854	0.18902	0.99996	0.00661	-0.00638	-0.00663	0.99997	-0.00352	0.00636	0.00356	0.99997	
9	0.04500	28.90629	-26.98390	0.73758	0.45966	0.02838	-0.20533	0.92600	0.99999	0.00358	-0.00050	-0.00358	0.99996	0.00802	0.00052	-0.00802	0.99997		-150.05815	-98.98198	-0.00950	-0.20692	0.36784	-0.38052	0.19007	0.99996	0.00664	-0.00642	-0.00666	0.99997	-0.00361	0.00640	0.00365	0.99997	
10	0.05000	28.92050	-26.97402	0.71673	0.45954	0.03061	-0.20078	0.92286	0.99999	0.00350	-0.00053	-0.00350	0.99996	0.00802	0.00056	-0.00802	0.99997		-150.02701	-98.99690	-0.02643	-0.21290	0.36822	-0.38165	0.19693	0.99996	0.00666	-0.00643	-0.00668	0.99997	-0.00372	0.00640	0.00376	0.99997	
11	0.05500	28.66748	-27.13510	0.87053	0.45910	0.03808	-0.19522	0.97911	0.99999	0.00341	-0.00066	-0.00340	0.99996	0.00801	0.00069	-0.00801	0.99997		-150.02087	-99.01346	-0.02197	-0.22096	0.36741	-0.37874	0.16994	0.99996	0.00661	-0.00641	-0.00663	0.99997	-0.00386	0.00639	0.00390	0.99997	
12	0.06000	28.69159	-27.11870	0.86560	0.46377	0.03407	-0.19348	0.99807	0.99999	0.00338	-0.00059	-0.00337	0.99996	0.00809	0.00062	-0.00809	0.99997		-150.03581	-99.00561	-0.04251	-0.22856	0.37006	-0.37355	0.16623	0.99996	0.00652	-0.00646	-0.00655	0.99997	-0.00399	0.00643	0.00403	0.99997	
13	0.06500	28.70946	-27.16193	0.84615	0.45694	0.04434	-0.18190	1.00901	0.99999	0.00317	-0.00077	-0.00317	0.99996	0.00797	0.00080	-0.00797	0.99997		-150.02172	-99.03750	-0.02122	-0.23761	0.37224	-0.37832	0.18738	0.99996	0.00660	-0.00650	-0.00663	0.99997	-0.00415	0.00647	0.00419	0.99997	
14	0.07000	28.64100	-27.15307	0.87233	0.46554	0.04276	-0.19708	0.99826	0.99999	0.00344	-0.00075	-0.00343	0.99996	0.00813	0.00077	-0.00812	0.99997		-150.02039	-99.05854	-0.02904	-0.24443	0.37231	-0.38018	0.19506	0.99996	0.00664	-0.00650	-0.00666	0.99997	-0.00427	0.00647	0.00431	0.99997	
15	0.07500	28.62058	-27.15477	0.86141	0.46950	0.04651	-0.19452	0.99127	0.99999	0.00340	-0.00081	-0.00339	0.99996	0.00819	0.00084	-0.00819	0.99997		-150.05202	-99.03145	-0.06684	-0.24558	0.37831	-0.37797	0.18517	0.99996	0.00660	-0.00660	-0.00663	0.99997	-0.00429	0.00657	0.00433	0.99997	
16	0.08000	28.61998	-27.14798	0.86499	0.47149	0.04626	-0.19587	1.00594	0.99999	0.00342	-0.00081	-0.00341	0.99996	0.00823	0.00084	-0.00823	0.99997		-150.01737	-99.07428	-0.04959	-0.25921	0.37582	-0.38037	0.18597	0.99996	0.00664	-0.00656	-0.00667	0.99997	-0.00452	0.00653	0.00457	0.99997	
17	0.08500	28.63322	-27.16291	0.85791	0.47285	0.04575	-0.19210	1.00672	0.99999	0.00335	-0.00080	-0.00335	0.99996	0.00825	0.00083	-0.00825	0.99997		-150.04634	-99.08119	-0.05727	-0.26524	0.37863	-0.37508	0.18106	0.99996	0.00655	-0.00661	-0.00658	0.99997	-0.00463	0.00658	0.00467	0.99997	
18	0.09000	28.61977	-27.15711	0.83656	0.47486	0.05543	-0.18462	1.01817	0.99999	0.00322	-0.00097	-0.00321	0.99996	0.00829	0.00099	-0.00828	0.99997		-150.04309	-99.08130	-0.07781	-0.27143	0.37902	-0.37612	0.18486	0.99996	0.00656	-0.00662	-0.00660	0.99997	-0.00474	0.00658	0.00478	0.99997	
19	0.09500	28.60361	-27.15182	0.83619	0.48077	0.05015	-0.19178	1.01232	0.99999	0.00335	-0.00088	-0.00334	0.99996	0.00839	0.00090	-0.00839	0.99996		-150.01024	-99.07883	-0.06593	-0.27645	0.38186	-0.37856	0.18877	0.99996	0.00661	-0.00666	-0.00664	0.99997	-0.00482	0.00663	0.00487	0.99997	
20	0.10000	28.56740	-27.16099	0.83809	0.48178	0.05542	-0.18673	1.01386	0.99999	0.00326	-0.00097	-0.00325	0.99996	0.00841	0.00099	-0.00841	0.99996		-150.01102	-99.08512	-0.09075	-0.28319	0.38046	-0.37755	0.16550	0.99996	0.00659	-0.00664	-0.00662	0.99997	-0.00494	0.00661	0.00499	0.99997	
21	0.10500	28.61328	-27.15450	0.83534	0.48762	0.04860	-0.19609	0.99706	0.99999	0.00342	-0.00085	-0.00342	0.99996	0.00851	0.00088	-0.00851	0.99996		-150.04588	-99.07268	-0.10748	-0.28648	0.38962	-0.37585	0.16904	0.99996	0.00656	-0.00680	-0.00659	0.99997	-0.00500	0.00677	0.00504	0.99996	
22	0.11000	28.60459	-27.15148	0.82826	0.48875	0.05188	-0.19233	1.02024	0.99999	0.00336	-0.00091	-0.00335	0.99996	0.00853	0.00093	-0.00853	0.99996		-150.02435	-99.11709	-0.11093	-0.29840	0.38977	-0.37221	0.17503	0.99996	0.00650	-0.00680	-0.00653	0.99997	-0.00521	0.00677	0.00525	0.99996	
23	0.11500	28.59323	-27.14881	0.81709	0.49219	0.04975	-0.19174	1.01887	0.99999	0.00335	-0.00087	-0.00334	0.99996	0.00859	0.00090	-0.00859	0.99996		-150.02051	-99.11705	-0.11896	-0.30459	0.39001	-0.37326	0.18055	0.99996	0.00651	-0.00681	-0.00655	0.99996	-0.00532	0.00677	0.00536	0.99996	
24	0.12000	28.55296	-27.15936	0.81042	0.49313	0.05745	-0.19396	1.02369	0.99999	0.00339	-0.00100	-0.00338	0.99996	0.00861	0.00103	-0.00860	0.99996		-150.03435	-99.14031	-0.12666	-0.31307	0.39137	-0.37488	0.18219	0.99996	0.00654	-0.00683	-0.00658	0.99996	-0.00546	0.00679	0.00551	0.99996	
25	0.12500	28.59616	-27.13859	0.80965	0.49971	0.05243	-0.19651	1.01667	0.99999	0.00343	-0.00092	-0.00342	0.99996	0.00872	0.00094	-0.00872	0.99996		-150.05655	-99.11851	-0.13491	-0.31546	0.39557	-0.37581	0.18762	0.99995	0.00656	-0.00690	-0.00660	0.99996	-0.00551	0.00687	0.00555	0.99996	
26	0.13000	28.55783	-27.15827	0.79225	0.49967	0.05234	-0.20042	1.01402	0.99999	0.00350	-0.00091	-0.00349	0.99996	0.00872	0.00094	-0.00872	0.99996		-150.00511	-99.13773	-0.13917	-0.32253	0.39112	-0.37565	0.17596	0.99996	0.00656	-0.00683	-0.00659	0.99996	-0.00563	0.00679	0.00567	0.99996	
27	0.13500	28.54723	-27.13215	0.79000	0.50466	0.05285	-0.19262	1.00828	0.99999	0.00336	-0.00092	-0.00335	0.99996	0.00881	0.00095	-0.00880	0.99996		-150.07104	-99.14607	-0.15491	-0.32797	0.39982	-0.37161	0.17628	0.99995	0.00649	-0.00698	-0.00653	0.99996	-0.00572	0.00694	0.00577	0.99996	
28	0.14000	28.55389	-27.16209	0.78300	0.50653	0.05447	-0.19779	1.01012	0.99999	0.00345	-0.00095	-0.00344	0.99995	0.00884	0.00098	-0.00884	0.99996		-150.04566	-99.15686	-0.16747	-0.33631	0.39976	-0.37327	0.17271	0.99995	0.00651	-0.00698	-0.00656	0.99996	-0.00587	0.00694	0.00592	0.99996	
29	0.14500	28.56039	-27.13526	0.76590	0.51227	0.05236	-0.19644	1.02369	0.99999	0.00343	-0.00091	-0.00342	0.99995	0.00894	0.00094	-0.00894	0.99996		-150.08195	-99.16476	-0.17095	-0.34043	0.40385	-0.37492	0.18485	0.99995	0.00654	-0.00705	-0.00659	0.99996	-0.00594	0.00701	0.00599	0.99996	
30	0.15000	28.55348	-27.14425	0.78054	0.51246	0.05344	-0.19395	1.01656	0.99999	0.00338	-0.00093	-0.00338	0.99995	0.00894	0.00096	-0.00894	0.99996		-150.04937	-99.16493	-0.18781	-0.34633	0.40207	-0.37678	0.18039	0.99995	0.00658	-0.00702	-0.00662	0.99996	-0.00604	0.00698	0.00609	0.99996	
31	0.15500	28.59964	-27.15232	0.76221	0.51522	0.04616	-0.19044	1.02989	0.99999	0.00332	-0.00081	-0.00332	0.99995	0.00899	0.00084	-0.00899	0.99996		-150.04227	-99.17568	-0.19601	-0.34969	0.40288	-0.37444	0.17162	0.99995	0.00653	-0.00703	-0.00658	0.99996	-0.00610	0.00699	0.00615	0.99996	
32	0.16000	28.53989	-27.15018	0.75894	0.51890	0.04959	-0.18692	1.04290	0.99999	0.00326	-0.00087	-0.00325	0.99995	0.00906	0.00090	-0.00905	0.99996		-150.07010	-99.17332	-0.20001	-0.35440	0.40794	-0.37801	0.17759	0.99995	0.00660	-0.00712	-0.00664	0.99996	-0.00619	0.00708	0.00623	0.99996	
33	0.16500	28.53807	-27.15299	0.76374	0.51997	0.05012	-0.19570	1.01941	0.99999	0.00342	-0.00087	-0.00341	0.99995	0.00908	0.00091	-0.00907	0.99996		-150.02619	-99.16926	-0.21276	-0.35937	0.40359	-0.37979	0.17346	0.99995	0.00663	-0.00704	-0.00667	0.99996	-0.00627	0.00700	0.00632	0.99996	
34	0.17000	28.51507	-27.16136	0.74143	0.52107	0.05574	-0.19030	1.02803	0.99999	0.00332	-0.00097	-0.00331	0.99995	0.00909	0.00100	-0.00909	0.99996		-150.03382	-99.19740	-0.22904	-0.36549	0.41002	-0.37535	0.18604	0.99995	0.00655	-0.00716	-0.00660	0.99996	-0.00638	0.00711	0.00643	0.99995	
35	0.17500	28.50868	-27.15553	0.73401	0.52553	0.05053	-0.19572	1.02100	0.99999	0.00342	-0.00088	-0.00341	0.99995	0.00917	0.00091	-0.00917	0.99996		-150.05635	-99.20206	-0.22854	-0.37191	0.41375	-0.37394	0.17722	0.99995	0.00653	-0.00722	-0.00657	0.99996	-0.00649	0.00718	0.00654	0.99995	
36	0.18000	28.52550	-27.15932	0.73334	0.52645	0.04979	-0.19086	1.04079	0.99999	0.00333	-0.00087	-0.00332	0.99995	0.00919	0.00090	-0.00919	0.99996		-150.06182	-99.18809	-0.23665	-0.37391	0.41374	-0.37811	0.19541	0.99995	0.00660	-0.00722	-0.00665	0.99996	-0.00653	0.00718	0.00657	0.99995	
37	0.18500	28.56246	-27.15956	0.71681	0.53070	0.04277	-0.19276	1.03046	0.99999	0.00336	-0.00075	-0.00336	0.99995	0.00926	0.00078	-0.00926	0.99996		-150.04199	-99.19416	-0.24918	-0.37532	0.40908	-0.37681	0.18259	0.99995	0.00658	-0.00714	-0.00662	0.99996	-0.00655	0.00710	0.00660	0.99995	
38	0.19000	28.53768	-27.14318	0.71277	0.53520	0.04294	-0.19214	1.02374	0.99999	0.00335	-0.00075	-0.00335	0.99995	0.00934	0.00078	-0.00934	0.99996		-150.05747	-99.21251	-0.25718	-0.38249	0.41543	-0.37270	0.18121	0.99995	0.00650	-0.00725	-0.00655	0.99996	-0.00668	0.00721	0.00672	0.99995	
39	0.19500	28.50896	-27.15540	0.71405	0.53559	0.04331	-0.18776	1.04311	0.99999	0.00328	-0.00076	-0.00327	0.99995	0.00935	0.00079	-0.00935	0.99996		-150.04626	-99.22395	-0.26994	-0.38567	0.42008	-0.37518	0.18818	0.99995	0.00655	-0.00733	-0.00660	0.99996	-0.00673	0.00729	0.00678	0.99995	
40	0.20000	28.51382	-27.16906	0.70946	0.53674	0.04435	-0.19217	1.02221	0.99999	0.00335	-0.00077	-0.00335	0.99995	0.00937	0.00081	-0.00937	0.99996		-150.02047	-99.19748	-0.27028	-0.38579	0.41517	-0.37506	0.18223	0.99995	0.00655	-0.00725	-0.00659	0.99996	-0.00673	0.00720	0.00678	0.99995	
41	0.20500	28.50253	-27.15318	0.69787	0.54261	0.04149	-0.18764	1.02550	0.99999	0.00327	-0.00072	-0.00327	0.99995	0.00947	0.00076	-0.00947	0.99995		-150.07438	-99.20379	-0.28161	-0.38991	0.41871	-0.37542	0.18240	0.99995	0.00655	-0.00731	-0.00660	0.99996	-0.00680	0.00726	0.00685	0.99995	
42	0.21000	28.51476	-27.16307	0.69680	0.54060	0.04015	-0.19220	1.01895	0.99999	0.00335	-0.00070	-0.00335	0.99995	0.00944	0.00073	-0.00943	0.99996		-150.03907	-99.23622	-0.29455	-0.39458	0.41936	-0.37680	0.17455	0.99995	0.00658	-0.00732	-0.00663	0.99995	-0.00689	0.00727	0.00693	0.99995	
43	0.21500	28.48168	-27.16648	0.70112	0.54388	0.03774	-0.19120	1.05133	0.99999	0.00334	-0.00066	-0.00333	0.99995	0.00949	0.00069	-0.00949	0.99995		-150.05125	-99.21821	-0.29451	-0.39289	0.41788	-0.37522	0.16754	0.99995	0.00655	-0.00729	-0.00660	0.99995	-0.00686	0.00725	0.00690	0.99995	
44	0.22000	28.50850	-27.16945	0.68808	0.54547	0.03331	-0.19496	1.02885	0.99999	0.00340	-0.00058	-0.00340	0.99995	0.00952	0.00061	-0.00952	0.99995		-150.07018	-99.21373	-0.31928	-0.39498	0.42057	-0.37969	0.18108	0.99995	0.00663	-0.00734	-0.00668	0.99995	-0.00689	0.00729	0.00694	0.99995	
45	0.22500	28.49141	-27.15024	0.68335	0.54859	0.03405	-0.19263	1.03191	0.99999	0.00336	-0.00059	-0.00336	0.99995	0.00957	0.00063	-0.00957	0.99995		-150.05611	-99.23580	-0.31957	-0.39737	0.42629	-0.37843	0.18334	0.99995	0.00660	-0.00744	-0.00666	0.99995	-0.00694	0.00739	0.00698	0.99995	
46	0.23000	28.48771	-27.16929	0.69061	0.54636	0.03226	-0.19249	1.02935	0.99999	0.00336	-0.00056	-0.00335	0.99995	0.00954	0.00060	-0.00953	0.99995		-150.05653	-99.22885	-0.32386	-0.39781	0.42671	-0.37664	0.18334	0.99995	0.00657	-0.00745	-0.00663	0.99995	-0.00694	0.00740	0.00699	0.99995	
47	0.23500	28.51740	-27.17090	0.67814	0.55040	0.02377	-0.19524	1.03855	0.99999	0.00341	-0.00041	-0.00340	0.99995	0.00961	0.00045	-0.00960	0.99995		-150.07285	-99.22640	-0.32398	-0.39724	0.43043	-0.37699	0.17848	0.99995	0.00658	-0.00751	-0.00663	0.99995	-0.00693	0.00747	0.00698	0.99995	
48	0.24000	28.51895	-27.16245	0.66788	0.55432	0.02413	-0.19770	1.03322	0.99999	0.00345	-0.00042	-0.00345	0.99995	0.00967	0.00045	-0.00967	0.99995		-150.08901	-99.24145	-0.33156	-0.40095	0.42955	-0.37706	0.18556	0.99995	0.00658	-0.00750	-0.00663	0.99995	-0.00700	0.00745	0.00705	0.99995	
49	0.24500	28.51870	-27.17169	0.65849	0.55287	0.01878	-0.19280	1.03596	0.99999	0.00336	-0.00033	-0.00336	0.99995	0.00965	0.00036	-0.00965	0.99995		-150.04415	-99.22518	-0.34045	-0.39910	0.42408	-0.37843	0.18090	0.99995	0.00660	-0.00740	-0.00666	0.99995	-0.00697	0.00736	0.00701	0.99995	
50	0.25000	28.49870	-27.17301	0.66955	0.55475	0.01957	-0.19184	1.03548	0.99999	0.00335	-0.00034	-0.00334	0.99995	0.00968	0.00037	-0.00968	0.99995		-150.04586	-99.25144	-0.35269	-0.40093	0.42359	-0.37422	0.17125	0.99995	0.00653	-0.00739	-0.00658	0.99995	-0.00700	0.00735	0.00705	0.99995	
51	0.25500	28.53477	-27.17557	0.66533	0.55651	0.01536	-0.19172	1.04741	0.99999	0.00335	-0.00027	-0.00334	0.99995	0.00971	0.00030	-0.00971	0.99995		-150.08095	-99.23246	-0.34898	-0.39653	0.43183	-0.37900	0.17719	0.99995	0.00661	-0.00754	-0.00667	0.99995	-0.00692	0.00749	0.00697	0.99995	
52	0.26000	28.48757	-27.19460	0.66959	0.55377	0.01689	-0.19194	1.02365	0.99999	0.00335	-0.00029	-0.00335	0.99995	0.00967	0.00033	-0.00966	0.99995		-150.08708	-99.24619	-0.35683	-0.39883	0.43063	-0.37580	0.17180	0.99995	0.00656	-0.00752	-0.00661	0.99995	-0.00696	0.00747	0.00701	0.99995	
53	0.26500	28.49800	-27.18359	0.67516	0.55699	0.01026	-0.19270	1.03346	0.99999	0.00336	-0.00018	-0.00336	0.99995	0.00972	0.00021	-0.00972	0.99995		-150.08424	-99.22688	-0.37412	-0.39401	0.43474	-0.37580	0.19234	0.99995	0.00656	-0.00759	-0.00661	0.99995	-0.00688	0.00754	0.00693	0.99995	
54	0.27000	28.53018	-27.18142	0.66474	0.55651	0.00669	-0.18761	1.04994	0.99999	0.00327	-0.00012	-0.00327	0.99995	0.00971	0.00015	-0.00971	0.99995		-150.07889	-99.22781	-0.37453	-0.39305	0.43558	-0.37702	0.18083	0.99995	0.00658	-0.00760	-0.00663	0.99995	-0.00686	0.00756	0.00691	0.99995	
55	0.27500	28.49108	-27.19148	0.66918	0.55884	0.00569	-0.19044	1.04577	0.99999	0.00332	-0.00010	-0.00332	0.99995	0.00975	0.00013	-0.00975	0.99995		-150.07099	-99.22644	-0.36611	-0.39197	0.43107	-0.37796	0.16740	0.99995	0.00660	-0.00752	-0.00665	0.99995	-0.00684	0.00748	0.00689	0.99995	
56	0.28000	28.51548	-27.20027	0.66826	0.55708	0.00481	-0.19301	1.05722	0.99999	0.00337	-0.00008	-0.00337	0.99995	0.00972	0.00012	-0.00972	0.99995		-150.09813	-99.21272	-0.36612	-0.38697	0.43235	-0.37977	0.17730	0.99995	0.00663	-0.00755	-0.00668	0.99995	-0.00675	0.00750	0.00680	0.99995	
57	0.28500	28.53098	-27.18288	0.67114	0.55712	-0.00337	-0.19266	1.03926	0.99999	0.00336	0.00006	-0.00336	0.99995	0.00972	-0.00003	-0.00972	0.99995		-150.07294	-99.22568	-0.36689	-0.38519	0.43508	-0.38017	0.17445	0.99995	0.00663	-0.00759	-0.00669	0.99996	-0.00672	0.00755	0.00677	0.99995	
58	0.29000	28.51848	-27.20217	0.68474	0.55677	-0.00471	-0.18558	1.05697	0.99999	0.00324	0.00008	-0.00324	0.99995	0.00972	-0.00005	-0.00972	0.99995		-150.06157	-99.22638	-0.37955	-0.38420	0.43461	-0.37741	0.17672	0.99995	0.00659	-0.00759	-0.00664	0.99996	-0.00671	0.00754	0.00676	0.99995	
59	0.29500	28.49923	-27.18897	0.68521	0.55701	-0.00608	-0.18849	1.03657	0.99999	0.00329	0.00011	-0.00329	0.99995	0.00972	-0.00007	-0.00972	0.99995		-150.08385	-99.23080	-0.37893	-0.38249	0.43230	-0.38013	0.18345	0.99995	0.00663	-0.00754	-0.00668	0.99996	-0.00668	0.00750	0.00673	0.99995	
60	0.30000	28.48597	-27.20640	0.66787	0.55704	-0.00823	-0.19075	1.05168	0.99999	0.00333	0.00014	-0.00333	0.99995	0.00972	-0.00011	-0.00972	0.99995		-150.10010	-99.23777	-0.38294	-0.37912	0.43278	-0.37744	0.17908	0.99995	0.00659	-0.00755	-0.00664	0.99996	-0.00662	0.00751	0.00667	0.99995	
61	0.30500	28.52168	-27.20764	0.68666	0.55509	-0.01110	-0.18623	1.03815	0.99999	0.00325	0.00019	-0.00325	0.99995	0.00969	-0.00016	-0.00969	0.99995		-150.08430	-99.22532	-0.38353	-0.37507	0.43118	-0.37917	0.17947	0.99995	0.00662	-0.00753	-0.00667	0.99996	-0.00655	0.00748	0.00660	0.99995	
62	0.31000	28.54109	-27.20441	0.67848	0.55623	-0.01861	-0.18749	1.05591	0.99999	0.00327	0.00032	-0.00328	0.99995	0.00971	-0.00029	-0.00971	0.99995		-150.12875	-99.20757	-0.38786	-0.36723	0.43593	-0.37586	0.17028	0.99995	0.00656	-0.00761	-0.00661	0.99996	-0.00641	0.00757	0.00646	0.99995	
63	0.31500	28.49536	-27.20403	0.67754	0.55556	-0.01713	-0.19087	1.05632	0.99999	0.00333	0.00030	-0.00333	0.99995	0.00970	-0.00027	-0.00970	0.99995		-150.10039	-99.19851	-0.40130	-0.36157	0.43576	-0.37943	0.16447	0.99995	0.00662	-0.00761	-0.00667	0.99996	-0.00631	0.00756	0.00636	0.99995	
64	0.32000	28.50014	-27.23121	0.68422	0.55273	-0.02186	-0.19203	1.05653	0.99999	0.00335	0.00038	-0.00336	0.99995	0.00965	-0.00035	-0.00965	0.99995		-150.10723	-99.18642	-0.39298	-0.35586	0.43455	-0.37828	0.18084	0.99995	0.00660	-0.00758	-0.00665	0.99996	-0.00621	0.00754	0.00626	0.99995	
65	0.32500	28.52344	-27.22869	0.70601	0.55089	-0.02319	-0.19254	1.03048	0.99999	0.00336	0.00040	-0.00336	0.99995	0.00961	-0.00037	-0.00962	0.99995		-150.13332	-99.20080	-0.39261	-0.35530	0.43507	-0.37935	0.17808	0.99995	0.00662	-0.00759	-0.00667	0.99996	-0.00620	0.00755	0.00625	0.99995	
66	0.33000	28.51616	-27.21047	0.70440	0.55346	-0.02572	-0.19530	1.05314	0.99999	0.00341	0.00045	-0.00341	0.99995	0.00966	-0.00042	-0.00966	0.99995		-150.09441	-99.20329	-0.37643	-0.35029	0.43227	-0.37882	0.18990	0.99995	0.00661	-0.00754	-0.00666	0.99996	-0.00611	0.00750	0.00616	0.99995	
67	0.33500	28.51272	-27.21997	0.71172	0.55045	-0.03131	-0.19082	1.05057	0.99999	0.00333	0.00055	-0.00334	0.99995	0.00961	-0.00051	-0.00961	0.99995		-150.13465	-99.17697	-0.38925	-0.34161	0.43380	-0.37942	0.17157	0.99995	0.00662	-0.00757	-0.00667	0.99996	-0.00596	0.00753	0.00601	0.99995	
68	0.34000	28.51440	-27.22918	0.71258	0.54848	-0.03138	-0.19086	1.06213	0.99999	0.00333	0.00055	-0.00334	0.99995	0.00957	-0.00052	-0.00957	0.99995		-150.10302	-99.17979	-0.39828	-0.33571	0.43007	-0.38177	0.16852	0.99995	0.00666	-0.00751	-0.00671	0.99996	-0.00586	0.00747	0.00591	0.99995	
69	0.34500	28.52773	-27.24638	0.71605	0.54704	-0.03452	-0.18875	1.06733	0.99999	0.00329	0.00060	-0.00330	0.99995	0.00955	-0.00057	-0.00955	0.99995		-150.09603	-99.15728	-0.39071	-0.32826	0.43275	-0.38035	0.17468	0.99995	0.00664	-0.00755	-0.00668	0.99996	-0.00573	0.00751	0.00578	0.99996	
70	0.35000	28.53704	-27.24201	0.71847	0.54419	-0.03605	-0.18267	1.05727	0.99999	0.00319	0.00063	-0.00319	0.99995	0.00950	-0.00060	-0.00950	0.99995		-150.13290	-99.14572	-0.38221	-0.32091	0.43333	-0.38146	0.17883	0.99995	0.00666	-0.00756	-0.00670	0.99996	-0.00560	0.00753	0.00565	0.99996	
71	0.35500	28.53772	-27.24590	0.72016	0.54244	-0.03842	-0.19293	1.06355	0.99999	0.00337	0.00067	-0.00337	0.99995	0.00947	-0.00064	-0.00947	0.99995		-150.10876	-99.15191	-0.37445	-0.31787	0.43169	-0.38182	0.17368	0.99995	0.00666	-0.00753	-0.00671	0.99996	-0.00555	0.00750	0.00560	0.99996	
72	0.36000	28.50187	-27.25377	0.75374	0.54036	-0.03889	-0.18613	1.06007	0.99999	0.00325	0.00068	-0.00325	0.99995	0.00943	-0.00065	-0.00943	0.99996		-150.13378	-99.14567	-0.36994	-0.31176	0.42953	-0.37962	0.17467	0.99995	0.00663	-0.00750	-0.00667	0.99996	-0.00544	0.00746	0.00549	0.99996	
73	0.36500	28.53350	-27.25557	0.75018	0.54015	-0.04152	-0.18949	1.04796	0.99999	0.00331	0.00072	-0.00331	0.99995	0.00943	-0.00069	-0.00943	0.99996		-150.09803	-99.14045	-0.36670	-0.30498	0.42737	-0.38034	0.16569	0.99995	0.00664	-0.00746	-0.00668	0.99996	-0.00532	0.00742	0.00537	0.99996	
74	0.37000	28.53103	-27.25986	0.75089	0.53648	-0.04696	-0.18866	1.04967	0.99999	0.00329	0.00082	-0.00330	0.99995	0.00936	-0.00079	-0.00937	0.99996		-150.09214	-99.13883	-0.36681	-0.30046	0.42521	-0.38174	0.17214	0.99995	0.00666	-0.00742	-0.00670	0.99996	-0.00524	0.00739	0.00529	0.99996	
75	0.37500	28.51577	-27.27754	0.75832	0.53206	-0.04589	-0.18872	1.05239	0.99999	0.00329	0.00080	-0.00330	0.99995	0.00929	-0.00077	-0.00929	0.99996		-150.09502	-99.12314	-0.35902	-0.29280	0.42512	-0.38009	0.16109	0.99995	0.00663	-0.00742	-0.00667	0.99996	-0.00511	0.00739	0.00516	0.99996	
76	0.38000	28.53156	-27.27147	0.77743	0.53074	-0.04728	-0.19362	1.04476	0.99999	0.00338	0.00083	-0.00339	0.99995	0.00926	-0.00079	-0.00927	0.99996		-150.11831	-99.13145	-0.35466	-0.28755	0.42688	-0.38170	0.18229	0.99995	0.00666	-0.00745	-0.00670	0.99996	-0.00502	0.00742	0.00507	0.99996	
77	0.38500	28.51152	-27.28618	0.77767	0.52812	-0.04449	-0.19058	1.05329	0.99999	0.00333	0.00078	-0.00333	0.99995	0.00922	-0.00075	-0.00922	0.99996		-150.09743	-99.13933	-0.35493	-0.28111	0.42053	-0.38121	0.16494	0.99995	0.00665	-0.00734	-0.00669	0.99997	-0.00491	0.00731	0.00495	0.99996	
78	0.39000	28.52413	-27.28867	0.76944	0.52605	-0.05188	-0.18939	1.06079	0.99999	0.00331	0.00091	-0.00331	0.99995	0.00918	-0.00088	-0.00918	0.99996		-150.08415	-99.11913	-0.35100	-0.27454	0.41706	-0.37633	0.16518	0.99995	0.00657	-0.00728	-0.00660	0.99997	-0.00479	0.00725	0.00484	0.99996	
79	0.39500	28.56067	-27.26820	0.80326	0.52711	-0.05116	-0.18997	1.06180	0.99999	0.00332	0.00089	-0.00332	0.99995	0.00920	-0.00086	-0.00920	0.99996		-150.09795	-99.10786	-0.32645	-0.26692	0.41701	-0.38107	0.15306	0.99995	0.00665	-0.00728	-0.00668	0.99997	-0.00466	0.00725	0.00471	0.99996	
80	0.40000	28.54583	-27.29334	0.79332	0.52200	-0.05257	-0.18626	1.05546	0.99999	0.00325	0.00092	-0.00326	0.99995	0.00911	-0.00089	-0.00911	0.99996		-150.07600	-99.09050	-0.33107	-0.25970	0.41383	-0.38101	0.16723	0.99995	0.00665	-0.00722	-0.00668	0.99997	-0.00453	0.00719	0.00458	0.99996	
81	0.40500	28.53010	-27.30639	0.79932	0.51777	-0.05302	-0.18860	1.05984	0.99999	0.00329	0.00093	-0.00330	0.99995	0.00904	-0.00090	-0.00904	0.99996		-150.11292	-99.09640	-0.32673	-0.25307	0.41615	-0.38097	0.16457	0.99995	0.00665	-0.00726	-0.00668	0.99997	-0.00442	0.00723	0.00447	0.99996	
82	0.41000	28.53593	-27.29636	0.80701	0.51931	-0.05427	-0.18571	1.06852	0.99999	0.00324	0.00095	-0.00325	0.99995	0.00906	-0.00092	-0.00907	0.99996		-150.07407	-99.09867	-0.31885	-0.24715	0.41070	-0.38048	0.16689	0.99995	0.00664	-0.00717	-0.00667	0.99997	-0.00431	0.00714	0.00436	0.99996	
83	0.41500	28.52358	-27.31857	0.82029	0.51241	-0.05288	-0.19270	1.05597	0.99999	0.00336	0.00092	-0.00337	0.99995	0.00894	-0.00089	-0.00895	0.99996		-150.07230	-99.08923	-0.29814	-0.24203	0.40747	-0.38295	0.16818	0.99995	0.00668	-0.00711	-0.00671	0.99997	-0.00422	0.00708	0.00427	0.99997	
84	0.42000	28.53721	-27.31740	0.82069	0.51076	-0.05770	-0.18732	1.05724	0.99999	0.00327	0.00101	-0.00328	0.99995	0.00891	-0.00098	-0.00892	0.99996		-150.08368	-99.07616	-0.31115	-0.23283	0.40885	-0.38249	0.16373	0.99995	0.00668	-0.00714	-0.00670	0.99997	-0.00406	0.00711	0.00411	0.99997	
85	0.42500	28.49884	-27.32366	0.85000	0.50681	-0.05112	-0.19185	1.03930	0.99999	0.00335	0.00089	-0.00336	0.99996	0.00885	-0.00086	-0.00885	0.99996		-150.06978	-99.08645	-0.29433	-0.23026	0.40232	-0.37968	0.15147	0.99995	0.00663	-0.00702	-0.00665	0.99997	-0.00402	0.00699	0.00407	0.99997	
86	0.43000	28.53804	-27.31610	0.85701	0.50780	-0.05852	-0.19127	1.05881	0.99999	0.00334	0.00102	-0.00335	0.99996	0.00886	-0.00099	-0.00887	0.99996		-150.07288	-99.07353	-0.27780	-0.22326	0.40246	-0.37868	0.16050	0.99995	0.00661	-0.00702	-0.00664	0.99997	-0.00390	0.00700	0.00394	0.99997	
87	0.43500	28.54340	-27.32997	0.85065	0.50385	-0.05926	-0.18682	1.06270	0.99999	0.00326	0.00103	-0.00327	0.99996	0.00879	-0.00101	-0.00880	0.99996		-150.08731	-99.07527	-0.27768	-0.21768	0.39995	-0.38209	0.16252	0.99995	0.00667	-0.00698	-0.00670	0.99997	-0.00380	0.00695	0.00385	0.99997	
88	0.44000	28.48184	-27.34645	0.87925	0.49986	-0.05187	-0.18796	1.05214	0.99999	0.00328	0.00091	-0.00329	0.99996	0.00872	-0.00088	-0.00873	0.99996		-150.06929	-99.04964	-0.27027	-0.20740	0.39975	-0.38249	0.15855	0.99995	0.00668	-0.00698	-0.00670	0.99997	-0.00362	0.00695	0.00367	0.99997	
89	0.44500	28.52594	-27.34318	0.86769	0.49660	-0.05742	-0.19226	1.03703	0.99999	0.00336	0.00100	-0.00336	0.99996	0.00867	-0.00097	-0.00867	0.99996		-150.05458	-99.05250	-0.25780	-0.20399	0.39547	-0.38293	0.16106	0.99995	0.00668	-0.00690	-0.00671	0.99997	-0.00356	0.00688	0.00361	0.99997	
90	0.45000	28.52179	-27.35376	0.88545	0.49375	-0.05763	-0.18510	1.03934	0.99999	0.00323	0.00101	-0.00324	0.99996	0.00862	-0.00098	-0.00862	0.99996		-150.04149	-99.04451	-0.25402	-0.19593	0.39147	-0.38457	0.15299	0.99995	0.00671	-0.00683	-0.00674	0.99997	-0.00342	0.00681	0.00347	0.99997	
91	0.45500	28.50684	-27.34817	0.88857	0.49156	-0.05768	-0.19120	1.05213	0.99999	0.00334	0.00101	-0.00335	0.99996	0.00858	-0.00098	-0.00858	0.99996		-150.05927	-99.05090	-0.23689	-0.19477	0.38802	-0.38364	0.14763	0.99995	0.00670	-0.00677	-0.00672	0.99997	-0.00340	0.00675	0.00344	0.99997	
92	0.46000	28.51068	-27.37613	0.89469	0.48765	-0.05906	-0.18749	1.04245	0.99999	0.00327	0.00103	-0.00328	0.99996	0.00851	-0.00100	-0.00851	0.99996		-150.05685	-99.03750	-0.23323	-0.18729	0.39145	-0.38464	0.16287	0.99995	0.00671	-0.00683	-0.00674	0.99997	-0.00327	0.00681	0.00331	0.99997	
93	0.46500	28.52541	-27.38280	0.90854	0.48418	-0.05949	-0.18519	1.06158	0.99999	0.00323	0.00104	-0.00324	0.99996	0.00845	-0.00101	-0.00845	0.99996		-150.07288	-99.03881	-0.22071	-0.18262	0.39178	-0.38176	0.15981	0.99995	0.00666	-0.00684	-0.00668	0.99997	-0.00319	0.00682	0.00323	0.99997	
94	0.47000	28.51592	-27.38840	0.90714	0.48200	-0.05600	-0.18548	1.06306	0.99999	0.00324	0.00098	-0.00325	0.99996	0.00841	-0.00095	-0.00842	0.99996		-150.05483	-99.03050	-0.20830	-0.17661	0.38691	-0.38021	0.16454	0.99996	0.00664	-0.00675	-0.00666	0.99997	-0.00308	0.00673	0.00313	0.99997	
95	0.47500	28.51091	-27.38710	0.93394	0.48012	-0.05432	-0.18788	1.04631	0.99999	0.00328	0.00095	-0.00329	0.99996	0.00838	-0.00092	-0.00838	0.99996		-150.04198	-99.03812	-0.20435	-0.17418	0.38317	-0.38778	0.15803	0.99995	0.00677	-0.00669	-0.00679	0.99997	-0.00304	0.00667	0.00309	0.99997	
96	0.48000	28.51157	-27.40055	0.93966	0.47706	-0.05656	-0.19036	1.05122	0.99999	0.00332	0.00099	-0.00333	0.99996	0.00833	-0.00096	-0.00833	0.99996		-150.08822	-99.03519	-0.19093	-0.17214	0.38421	-0.38064	0.16231	0.99996	0.00664	-0.00671	-0.00666	0.99997	-0.00300	0.00669	0.00305	0.99997	
97	0.48500	28.49615	-27.40038	0.94524	0.47602	-0.05228	-0.18930	1.03511	0.99999	0.00330	0.00091	-0.00331	0.99996	0.00831	-0.00088	-0.00831	0.99997		-150.06577	-99.02439	-0.18302	-0.16348	0.37802	-0.38346	0.16365	0.99996	0.00669	-0.00660	-0.00671	0.99997	-0.00285	0.00658	0.00290	0.99997	
98	0.49000	28.51766	-27.41524	0.95411	0.47226	-0.05228	-0.18868	1.06511	0.99999	0.00329	0.00091	-0.00330	0.99996	0.00824	-0.00089	-0.00825	0.99997		-150.06477	-99.01059	-0.17532	-0.15793	0.38202	-0.38636	0.16882	0.99996	0.00674	-0.00667	-0.00676	0.99997	-0.00276	0.00665	0.00280	0.99997	
99	0.49500	28.47361	-27.42925	0.96432	0.46907	-0.04879	-0.19105	1.03221	0.99999	0.00333	0.00085	-0.00334	0.99996	0.00819	-0.00082	-0.00819	0.99997		-150.04709	-99.01033	-0.16283	-0.15589	0.37766	-0.38343	0.16081	0.99996	0.00669	-0.00659	-0.00671	0.99997	-0.00272	0.00657	0.00276	0.99997	
100	0.50000	28.51029	-27.41927	0.95389	0.46976	-0.05138	-0.18967	1.05902	0.99999	0.00331	0.00090	-0.00332	0.99996	0.00820	-0.00087	-0.00820	0.99997		-150.05854	-99.01343	-0.15418	-0.15279	0.37479	-0.38290	0.16066	0.99996	0.00668	-0.00654	-0.00670	0.99997	-0.00267	0.00652	0.00271	0.99998	
101	0.50500	28.48406	-27.42338	0.97011	0.46441	-0.04784	-0.18366	1.04779	0.99999	0.00321	0.00083	-0.00321	0.99996	0.00811	-0.00081	-0.00811	0.99997		-150.04799	-99.00943	-0.15452	-0.14971	0.37199	-0.39057	0.15696	0.99996	0.00682	-0.00649	-0.00683	0.99997	-0.00261	0.00647	0.00266	0.99998	
102	0.51000	28.49116	-27.42867	0.97388	0.46252	-0.04487	-0.18326	1.04900	0.99999	0.00320	0.00078	-0.00320	0.99996	0.00807	-0.00076	-0.00807	0.99997		-150.05126	-98.99249	-0.13770	-0.14506	0.37022	-0.38454	0.16549	0.99996	0.00671	-0.00646	-0.00673	0.99997	-0.00253	0.00644	0.00258	0.99998	
103	0.51500	28.45042	-27.44060	0.99088	0.46153	-0.03695	-0.18867	1.04887	0.99999	0.00329	0.00064	-0.00330	0.99996	0.00806	-0.00062	-0.00806	0.99997		-150.04444	-99.02567	-0.13766	-0.14613	0.37227	-0.38515	0.16041	0.99996	0.00672	-0.00650	-0.00674	0.99997	-0.00255	0.00648	0.00259	0.99998	
104	0.52000	28.46776	-27.45490	0.99358	0.45644	-0.04096	-0.18791	1.04351	0.99999	0.00328	0.00071	-0.00329	0.99996	0.00797	-0.00069	-0.00797	0.99997		-150.05889	-99.01943	-0.12474	-0.14418	0.36833	-0.38526	0.14557	0.99996	0.00672	-0.00643	-0.00674	0.99997	-0.00252	0.00641	0.00256	0.99998	
105	0.52500	28.49006	-27.47553	0.99459	0.45503	-0.03968	-0.18838	1.03688	0.99999	0.00329	0.00069	-0.00329	0.99996	0.00794	-0.00067	-0.00794	0.99997		-150.02613	-99.00658	-0.11271	-0.14012	0.36296	-0.38373	0.14777	0.99996	0.00670	-0.00633	-0.00671	0.99997	-0.00245	0.00632	0.00249	0.99998	
106	0.53000	28.48010	-27.45230	0.98971	0.45496	-0.04076	-0.18691	1.05020	0.99999	0.00326	0.00071	-0.00327	0.99996	0.00794	-0.00069	-0.00794	0.99997		-150.05229	-99.00669	-0.11647	-0.14042	0.36438	-0.38276	0.14419	0.99996	0.00668	-0.00636	-0.00670	0.99997	-0.00245	0.00634	0.00249	0.99998	
107	0.53500	28.46589	-27.46188	1.00055	0.45358	-0.03784	-0.18966	1.04973	0.99999	0.00331	0.00066	-0.00332	0.99996	0.00792	-0.00063	-0.00792	0.99997		-150.05099	-99.00632	-0.10818	-0.13824	0.36377	-0.38671	0.16236	0.99996	0.00675	-0.00635	-0.00676	0.99997	-0.00241	0.00633	0.00246	0.99998	
108	0.54000	28.42493	-27.46913	1.00812	0.45143	-0.02912	-0.18702	1.05292	0.99999	0.00326	0.00051	-0.00327	0.99996	0.00788	-0.00048	-0.00788	0.99997		-150.06047	-99.00312	-0.10818	-0.13663	0.36342	-0.38694	0.14863	0.99996	0.00675	-0.00634	-0.00677	0.99997	-0.00238	0.00633	0.00243	0.99998	
109	0.54500	28.48359	-27.47949	1.02959	0.44757	-0.02955	-0.18486	1.04483	0.99999	0.00323	0.00052	-0.00323	0.99996	0.00781	-0.00049	-0.00781	0.99997		-150.04803	-99.01072	-0.09543	-0.13841	0.36059	-0.38641	0.15302	0.99996	0.00674	-0.00629	-0.00676	0.99997	-0.00242	0.00628	0.00246	0.99998	
110	0.55000	28.45729	-27.49080	1.02252	0.44638	-0.03187	-0.18646	1.05107	0.99999	0.00325	0.00056	-0.00326	0.99996	0.00779	-0.00053	-0.00779	0.99997		-150.04855	-98.99873	-0.09144	-0.13569	0.36071	-0.38683	0.15059	0.99996	0.00675	-0.00630	-0.00677	0.99997	-0.00237	0.00628	0.00241	0.99998	
111	0.55500	28.44723	-27.47565	1.02082	0.44766	-0.02681	-0.18755	1.03027	0.99999	0.00327	0.00047	-0.00328	0.99996	0.00781	-0.00044	-0.00781	0.99997		-150.07452	-98.99962	-0.06993	-0.13533	0.35956	-0.38493	0.16497	0.99996	0.00672	-0.00628	-0.00673	0.99997	-0.00236	0.00626	0.00240	0.99998	
112	0.56000	28.45945	-27.50462	1.02195	0.44429	-0.02557	-0.19077	1.03895	0.99999	0.00333	0.00045	-0.00333	0.99996	0.00775	-0.00042	-0.00776	0.99997		-150.04172	-99.00818	-0.07431	-0.13706	0.35658	-0.38357	0.15278	0.99996	0.00669	-0.00622	-0.00671	0.99997	-0.00239	0.00621	0.00243	0.99998	
113	0.56500	28.47712	-27.49122	1.01596	0.44580	-0.02437	-0.18957	1.05198	0.99999	0.00331	0.00043	-0.00331	0.99996	0.00778	-0.00040	-0.00778	0.99997		-150.03975	-99.01161	-0.06614	-0.13869	0.35877	-0.38621	0.15409	0.99996	0.00674	-0.00626	-0.00676	0.99997	-0.00242	0.00625	0.00246	0.99998	
114	0.57000	28.44221	-27.50698	1.02569	0.44443	-0.02112	-0.18536	1.04963	0.99999	0.00324	0.00037	-0.00324	0.99996	0.00776	-0.00034	-0.00776	0.99997		-150.04141	-99.02015	-0.07410	-0.13978	0.35655	-0.38315	0.15340	0.99996	0.00669	-0.00622	-0.00670	0.99997	-0.00244	0.00621	0.00248	0.99998	
115	0.57500	28.41857	-27.49428	1.03305	0.44484	-0.01580	-0.18769	1.03840	0.99999	0.00328	0.00028	-0.00328	0.99996	0.00776	-0.00025	-0.00776	0.99997		-150.06322	-99.01551	-0.06161	-0.13892	0.35702	-0.39083	0.15245	0.99996	0.00682	-0.00623	-0.00684	0.99997	-0.00242	0.00621	0.00247	0.99998	
116	0.58000	28.42550	-27.52610	1.05747	0.44075	-0.01633	-0.17943	1.05287	1.00000	0.00313	0.00029	-0.00313	0.99997	0.00769	-0.00026	-0.00769	0.99997		-150.03912	-99.00671	-0.05767	-0.13874	0.35648	-0.38888	0.15546	0.99996	0.00679	-0.00622	-0.00680	0.99997	-0.00242	0.00621	0.00246	0.99998	
117	0.58500	28.40857	-27.51957	1.04851	0.43876	-0.00941	-0.18568	1.04854	0.99999	0.00324	0.00016	-0.00324	0.99997	0.00766	-0.00014	-0.00766	0.99997		-150.03896	-99.03050	-0.05309	-0.14418	0.35650	-0.38809	0.15568	0.99996	0.00677	-0.00622	-0.00679	0.99997	-0.00252	0.00620	0.00256	0.99998	
118	0.59000	28.41153	-27.52478	1.04500	0.43653	-0.00394	-0.17838	1.05265	1.00000	0.00311	0.00007	-0.00311	0.99997	0.00762	-0.00005	-0.00762	0.99997		-150.04472	-99.03824	-0.05680	-0.14833	0.35363	-0.38702	0.14667	0.99996	0.00675	-0.00617	-0.00677	0.99997	-0.00259	0.00615	0.00263	0.99998	
119	0.59500	28.44148	-27.49779	1.03624	0.44327	-0.00661	-0.18452	1.06355	0.99999	0.00322	0.00012	-0.00322	0.99996	0.00774	-0.00009	-0.00774	0.99997		-150.04138	-99.02973	-0.05277	-0.14941	0.35563	-0.38350	0.14836	0.99996	0.00669	-0.00621	-0.00671	0.99997	-0.00261	0.00619	0.00265	0.99998	
120	0.60000	28.46718	-27.52866	1.06083	0.43939	-0.00531	-0.18638	1.05691	0.99999	0.00325	0.00009	-0.00325	0.99997	0.00767	-0.00007	-0.00767	0.99997		-150.04963	-99.03250	-0.04036	-0.15204	0.35807	-0.38889	0.15104	0.99996	0.00679	-0.00625	-0.00680	0.99997	-0.00265	0.00623	0.00270	0.99998	
121	0.60500	28.41157	-27.54020	1.04937	0.43743	-0.00131	-0.18439	1.06878	0.99999	0.00322	0.00002	-0.00322	0.99997	0.00763	0.00000	-0.00763	0.99997		-150.06481	-99.03144	-0.04788	-0.15332	0.35470	-0.38462	0.15057	0.99996	0.00671	-0.00619	-0.00673	0.99997	-0.00268	0.00617	0.00272	0.99998	
122	0.61000	28.38950	-27.54723	1.01651	0.43534	0.00826	-0.17524	1.08203	1.00000	0.00306	-0.00014	-0.00306	0.99997	0.00760	0.00017	-0.00760	0.99997		-150.05725	-99.03155	-0.04824	-0.15506	0.35809	-0.38735	0.16600	0.99996	0.00676	-0.00625	-0.00678	0.99997	-0.00271	0.00623	0.00275	0.99998	
123	0.61500	28.38340	-27.53835	1.03266	0.43801	0.01005	-0.18258	1.04686	0.99999	0.00319	-0.00018	-0.00319	0.99997	0.00764	0.00020	-0.00764	0.99997		-150.07770	-99.04625	-0.04352	-0.16082	0.35848	-0.38584	0.15001	0.99996	0.00673	-0.00626	-0.00675	0.99997	-0.00281	0.00624	0.00285	0.99998	
124	0.62000	28.38706	-27.53844	1.03767	0.43815	0.01193	-0.18096	1.06070	1.00000	0.00316	-0.00021	-0.00316	0.99997	0.00765	0.00023	-0.00765	0.99997		-150.06378	-99.06051	-0.04725	-0.16614	0.35568	-0.38475	0.15903	0.99996	0.00671	-0.00621	-0.00673	0.99997	-0.00290	0.00619	0.00294	0.99998	
125	0.62500	28.40261	-27.54130	1.03494	0.43908	0.01255	-0.17885	1.07182	1.00000	0.00312	-0.00022	-0.00312	0.99997	0.00766	0.00024	-0.00766	0.99997		-150.06271	-99.07297	-0.04289	-0.17111	0.35572	-0.38620	0.15745	0.99996	0.00674	-0.00621	-0.00676	0.99997	-0.00299	0.00619	0.00303	0.99998	
126	0.63000	28.40073	-27.55238	1.03255	0.43670	0.01221	-0.18723	1.07158	0.99999	0.00327	-0.00021	-0.00327	0.99997	0.00762	0.00024	-0.00762	0.99997		-150.06848	-99.07114	-0.03442	-0.17480	0.35799	-0.38558	0.15709	0.99996	0.00673	-0.00625	-0.00675	0.99997	-0.00305	0.00623	0.00309	0.99998	
127	0.63500	28.33813	-27.57117	1.02872	0.43619	0.02227	-0.18276	1.06489	0.99999	0.00319	-0.00039	-0.00319	0.99997	0.00761	0.00041	-0.00761	0.99997		-150.05081	-99.07729	-0.04285	-0.17917	0.35665	-0.38506	0.14407	0.99996	0.00672	-0.00622	-0.00674	0.99997	-0.00313	0.00620	0.00317	0.99998	
128	0.64000	28.42465	-27.58855	0.98648	0.43126	0.02244	-0.16911	1.09794	1.00000	0.00295	-0.00039	-0.00295	0.99997	0.00753	0.00041	-0.00753	0.99997		-150.06643	-99.08868	-0.05062	-0.18414	0.35595	-0.38252	0.14130	0.99996	0.00668	-0.00621	-0.00670	0.99997	-0.00321	0.00619	0.00326	0.99998	
129	0.64500	28.43583	-27.59217	0.99161	0.43101	0.01918	-0.16746	1.10682	1.00000	0.00292	-0.00033	-0.00292	0.99997	0.00752	0.00036	-0.00752	0.99997		-150.06251	-99.10267	-0.05415	-0.18941	0.35545	-0.38341	0.15436	0.99996	0.00669	-0.00620	-0.00671	0.99997	-0.00331	0.00618	0.00335	0.99998	
130	0.65000	28.35994	-27.53714	0.99961	0.44165	0.02572	-0.17991	1.06776	0.99999	0.00314	-0.00045	-0.00314	0.99997	0.00771	0.00047	-0.00771	0.99997		-150.06152	-99.10389	-0.05019	-0.19256	0.35825	-0.39034	0.15733	0.99996	0.00681	-0.00625	-0.00683	0.99997	-0.00336	0.00623	0.00340	0.99997	
131	0.65500	28.41638	-27.57019	0.99359	0.43816	0.02657	-0.18278	1.08077	0.99999	0.00319	-0.00046	-0.00319	0.99997	0.00765	0.00049	-0.00765	0.99997		-150.04464	-99.10377	-0.04642	-0.19843	0.36013	-0.38795	0.15386	0.99996	0.00677	-0.00629	-0.00679	0.99997	-0.00346	0.00626	0.00351	0.99997	
132	0.66000	28.38772	-27.58795	0.98233	0.43507	0.03172	-0.17030	1.09322	1.00000	0.00297	-0.00055	-0.00297	0.99997	0.00759	0.00058	-0.00759	0.99997		-150.07463	-99.11311	-0.05384	-0.20411	0.36065	-0.38441	0.15385	0.99996	0.00671	-0.00629	-0.00673	0.99997	-0.00356	0.00627	0.00360	0.99997	
133	0.66500	28.38270	-27.58007	0.97113	0.43784	0.03486	-0.17187	1.09860	1.00000	0.00300	-0.00061	-0.00300	0.99997	0.00764	0.00063	-0.00764	0.99997		-150.07795	-99.11833	-0.06180	-0.20851	0.35959	-0.38752	0.14502	0.99996	0.00676	-0.00628	-0.00679	0.99997	-0.00364	0.00625	0.00368	0.99997	
134	0.67000	28.40960	-27.58969	0.96740	0.43735	0.03355	-0.17188	1.09212	1.00000	0.00300	-0.00059	-0.00300	0.99997	0.00763	0.00061	-0.00763	0.99997		-150.07525	-99.13424	-0.06165	-0.21514	0.36184	-0.38469	0.14558	0.99996	0.00671	-0.00632	-0.00674	0.99997	-0.00375	0.00629	0.00380	0.99997	
135	0.67500	28.33831	-27.56795	0.98217	0.44312	0.03908	-0.18180	1.07196	0.99999	0.00317	-0.00068	-0.00317	0.99997	0.00773	0.00071	-0.00773	0.99997		-150.07600	-99.14695	-0.06960	-0.22213	0.36287	-0.38475	0.15630	0.99996	0.00671	-0.00633	-0.00674	0.99997	-0.00388	0.00631	0.00392	0.99997	
136	0.68000	28.40987	-27.58957	0.94916	0.43939	0.03969	-0.16862	1.10249	1.00000	0.00294	-0.00069	-0.00294	0.99997	0.00767	0.00072	-0.00767	0.99997		-150.04896	-99.15357	-0.06565	-0.22630	0.36430	-0.38505	0.16722	0.99996	0.00672	-0.00636	-0.00675	0.99997	-0.00395	0.00633	0.00399	0.99997	
137	0.68500	28.39718	-27.58506	0.94690	0.44042	0.03967	-0.17169	1.09052	1.00000	0.00300	-0.00069	-0.00299	0.99997	0.00769	0.00072	-0.00768	0.99997		-150.06451	-99.18154	-0.06471	-0.23714	0.36392	-0.38266	0.15431	0.99996	0.00668	-0.00635	-0.00670	0.99997	-0.00414	0.00632	0.00418	0.99997	
