NO_OF_FRAMES	12044
NO_OF_CAMERAS	8
NO_OF_BODIES	2
FREQUENCY	200
NO_OF_ANALOG	0
ANALOG_FREQUENCY	0
DESCRIPTION	--
TIME_STAMP	2013-07-03, 14:18:23	20320.83681249
DATA_INCLUDED	6D
BODY_NAMES	Ice 1	Ice 2
Frame	Time	Ice 1 X	Y	Z	Roll	Pitch	Yaw	Residual	Rot[0]	Rot[1]	Rot[2]	Rot[3]	Rot[4]	Rot[5]	Rot[6]	Rot[7]	Rot[8]	Ice 2 X	Y	Z	Roll	Pitch	Yaw	Residual	Rot[0]	Rot[1]	Rot[2]	Rot[3]	Rot[4]	Rot[5]	Rot[6]	Rot[7]	Rot[8]	
1	0.00500	90.72154	-86.42721	0.27600	0.81881	0.06530	-0.32138	1.02508	0.99998	0.00561	-0.00114	-0.00559	0.99988	0.01429	0.00122	-0.01428	0.99990		-110.99541	-110.09625	-0.49272	-0.29524	0.53995	-0.66131	0.24775	0.99989	0.01154	-0.00942	-0.01159	0.99992	-0.00515	0.00936	0.00526	0.99994	
2	0.01000	90.63647	-86.46988	0.25417	0.80593	0.08089	-0.32785	0.99749	0.99998	0.00572	-0.00141	-0.00570	0.99988	0.01407	0.00149	-0.01406	0.99990		-111.00564	-110.08179	-0.48536	-0.28747	0.54617	-0.65891	0.22414	0.99989	0.01150	-0.00953	-0.01155	0.99992	-0.00502	0.00947	0.00513	0.99994	
3	0.01500	90.66159	-86.48216	0.23028	0.79870	0.07209	-0.32595	0.99717	0.99998	0.00569	-0.00126	-0.00567	0.99989	0.01394	0.00134	-0.01393	0.99990		-110.95632	-110.06556	-0.48592	-0.28472	0.53745	-0.66063	0.21979	0.99989	0.01153	-0.00938	-0.01158	0.99992	-0.00497	0.00932	0.00508	0.99994	
4	0.02000	90.67772	-86.49632	0.22021	0.79050	0.06777	-0.32955	1.00415	0.99998	0.00575	-0.00118	-0.00573	0.99989	0.01380	0.00126	-0.01379	0.99990		-110.98185	-110.06926	-0.46489	-0.28053	0.54006	-0.66017	0.22698	0.99989	0.01152	-0.00943	-0.01157	0.99992	-0.00490	0.00937	0.00500	0.99994	
5	0.02500	90.65440	-86.51851	0.21778	0.78065	0.06734	-0.33047	0.99029	0.99998	0.00577	-0.00118	-0.00575	0.99989	0.01362	0.00125	-0.01362	0.99991		-110.98054	-110.05905	-0.47305	-0.27858	0.53507	-0.65840	0.21579	0.99989	0.01149	-0.00934	-0.01154	0.99992	-0.00486	0.00928	0.00497	0.99994	
6	0.03000	90.65870	-86.52554	0.20414	0.77097	0.06250	-0.33178	0.99555	0.99998	0.00579	-0.00109	-0.00578	0.99989	0.01346	0.00117	-0.01345	0.99991		-110.93780	-110.05546	-0.44832	-0.27463	0.52695	-0.65853	0.22518	0.99989	0.01149	-0.00920	-0.01154	0.99992	-0.00479	0.00914	0.00490	0.99995	
7	0.03500	90.70344	-86.54463	0.19605	0.75932	0.05643	-0.32632	0.99262	0.99998	0.00570	-0.00098	-0.00568	0.99990	0.01325	0.00106	-0.01325	0.99991		-110.91385	-110.05630	-0.44454	-0.27163	0.52321	-0.65684	0.20410	0.99989	0.01146	-0.00913	-0.01151	0.99992	-0.00474	0.00908	0.00485	0.99995	
8	0.04000	90.70798	-86.57626	0.18952	0.74679	0.04783	-0.32711	0.98726	0.99998	0.00571	-0.00083	-0.00570	0.99990	0.01303	0.00091	-0.01303	0.99991		-110.95517	-110.04808	-0.43526	-0.26745	0.52052	-0.65612	0.21475	0.99989	0.01145	-0.00908	-0.01149	0.99992	-0.00467	0.00903	0.00477	0.99995	
9	0.04500	90.68516	-86.59840	0.18319	0.73438	0.04767	-0.32713	0.98584	0.99998	0.00571	-0.00083	-0.00570	0.99990	0.01282	0.00091	-0.01281	0.99992		-110.91143	-110.05006	-0.42773	-0.26429	0.51709	-0.66077	0.22138	0.99989	0.01153	-0.00902	-0.01157	0.99992	-0.00461	0.00897	0.00472	0.99995	
10	0.05000	90.70101	-86.61156	0.16727	0.72174	0.04219	-0.32573	0.99633	0.99998	0.00568	-0.00074	-0.00568	0.99990	0.01260	0.00081	-0.01259	0.99992		-110.94579	-110.05074	-0.41842	-0.26219	0.51266	-0.65616	0.21964	0.99989	0.01145	-0.00895	-0.01149	0.99992	-0.00458	0.00889	0.00468	0.99995	
11	0.05500	90.48367	-86.79251	0.22220	0.70572	0.03417	-0.31762	1.07567	0.99998	0.00554	-0.00060	-0.00554	0.99991	0.01232	0.00066	-0.01231	0.99992		-110.92076	-110.03021	-0.41038	-0.25553	0.50648	-0.65673	0.21851	0.99990	0.01146	-0.00884	-0.01150	0.99992	-0.00446	0.00879	0.00456	0.99995	
12	0.06000	90.46420	-86.81815	0.21493	0.69353	0.02924	-0.32009	1.07257	0.99998	0.00559	-0.00051	-0.00558	0.99991	0.01210	0.00058	-0.01210	0.99993		-110.90997	-110.03894	-0.41856	-0.25369	0.49846	-0.66111	0.20987	0.99990	0.01154	-0.00870	-0.01158	0.99992	-0.00443	0.00865	0.00453	0.99995	
13	0.06500	90.45304	-86.84919	0.22309	0.68092	0.02594	-0.31464	1.09028	0.99998	0.00549	-0.00045	-0.00549	0.99991	0.01188	0.00052	-0.01188	0.99993		-110.89131	-110.05069	-0.41421	-0.25438	0.49385	-0.65777	0.20464	0.99990	0.01148	-0.00862	-0.01152	0.99992	-0.00444	0.00857	0.00454	0.99995	
14	0.07000	90.47487	-86.88826	0.19482	0.66670	0.01194	-0.31963	1.08582	0.99998	0.00558	-0.00021	-0.00558	0.99992	0.01164	0.00027	-0.01163	0.99993		-110.89809	-110.03010	-0.38437	-0.24837	0.48593	-0.65899	0.20714	0.99990	0.01150	-0.00848	-0.01154	0.99992	-0.00433	0.00843	0.00443	0.99995	
15	0.07500	90.44552	-86.92177	0.19603	0.65001	0.00928	-0.31893	1.09121	0.99998	0.00557	-0.00016	-0.00556	0.99992	0.01134	0.00023	-0.01134	0.99994		-110.85851	-110.02377	-0.39344	-0.24545	0.48352	-0.65575	0.20765	0.99990	0.01144	-0.00844	-0.01148	0.99992	-0.00428	0.00839	0.00438	0.99996	
16	0.08000	90.40450	-86.94206	0.19669	0.63691	0.00713	-0.31719	1.08798	0.99998	0.00554	-0.00012	-0.00553	0.99992	0.01112	0.00019	-0.01112	0.99994		-110.86193	-110.00809	-0.39284	-0.24170	0.47235	-0.65737	0.19611	0.99990	0.01147	-0.00824	-0.01151	0.99992	-0.00422	0.00819	0.00431	0.99996	
17	0.08500	90.39110	-86.97641	0.18639	0.61923	0.00265	-0.31770	1.09494	0.99998	0.00554	-0.00005	-0.00554	0.99993	0.01081	0.00011	-0.01081	0.99994		-110.85514	-110.01792	-0.37999	-0.23895	0.46777	-0.65883	0.20939	0.99990	0.01150	-0.00816	-0.01153	0.99992	-0.00417	0.00812	0.00426	0.99996	
18	0.09000	90.43364	-86.99043	0.17161	0.60741	-0.00714	-0.31470	1.09607	0.99998	0.00549	0.00012	-0.00549	0.99993	0.01060	-0.00007	-0.01060	0.99994		-110.81476	-109.99982	-0.37188	-0.23288	0.45794	-0.65746	0.21013	0.99990	0.01147	-0.00799	-0.01151	0.99993	-0.00406	0.00795	0.00416	0.99996	
19	0.09500	90.41531	-87.03359	0.16040	0.58901	-0.01207	-0.31567	1.09621	0.99998	0.00551	0.00021	-0.00551	0.99993	0.01028	-0.00015	-0.01028	0.99995		-110.84205	-109.98992	-0.38359	-0.23160	0.45004	-0.65734	0.19660	0.99990	0.01147	-0.00785	-0.01150	0.99993	-0.00404	0.00781	0.00413	0.99996	
20	0.10000	90.43710	-87.05893	0.16810	0.57642	-0.01918	-0.31501	1.10502	0.99998	0.00550	0.00033	-0.00550	0.99993	0.01006	-0.00028	-0.01006	0.99995		-110.76653	-110.00968	-0.36723	-0.22944	0.44098	-0.65691	0.20220	0.99990	0.01146	-0.00770	-0.01150	0.99993	-0.00400	0.00765	0.00409	0.99996	
21	0.10500	90.40416	-87.08795	0.14236	0.56066	-0.02708	-0.31749	1.11085	0.99998	0.00554	0.00047	-0.00555	0.99994	0.00979	-0.00042	-0.00979	0.99995		-110.79719	-109.99392	-0.35367	-0.22675	0.43428	-0.66113	0.21460	0.99990	0.01154	-0.00758	-0.01157	0.99993	-0.00396	0.00753	0.00404	0.99996	
22	0.11000	90.39626	-87.11463	0.12241	0.54242	-0.03254	-0.31861	1.10685	0.99998	0.00556	0.00057	-0.00557	0.99994	0.00947	-0.00052	-0.00947	0.99996		-110.80125	-109.98787	-0.35298	-0.22403	0.42541	-0.65833	0.20788	0.99991	0.01149	-0.00742	-0.01152	0.99993	-0.00391	0.00738	0.00400	0.99996	
23	0.11500	90.41238	-87.14886	0.13743	0.52963	-0.03833	-0.31577	1.09717	0.99998	0.00551	0.00067	-0.00552	0.99994	0.00924	-0.00062	-0.00925	0.99996		-110.73405	-110.00765	-0.34088	-0.22304	0.41607	-0.66051	0.20163	0.99991	0.01153	-0.00726	-0.01156	0.99993	-0.00389	0.00722	0.00398	0.99997	
24	0.12000	90.37870	-87.18266	0.10836	0.51037	-0.04254	-0.31696	1.09536	0.99998	0.00553	0.00074	-0.00554	0.99994	0.00891	-0.00069	-0.00891	0.99996		-110.78741	-109.96559	-0.34363	-0.21798	0.40790	-0.65589	0.20247	0.99991	0.01145	-0.00712	-0.01147	0.99993	-0.00380	0.00708	0.00389	0.99997	
25	0.12500	90.39636	-87.18889	0.11300	0.49626	-0.04892	-0.31024	1.10375	0.99998	0.00541	0.00085	-0.00542	0.99995	0.00866	-0.00081	-0.00867	0.99996		-110.73747	-109.98434	-0.32310	-0.21668	0.40261	-0.65746	0.21348	0.99991	0.01147	-0.00703	-0.01150	0.99993	-0.00378	0.00698	0.00386	0.99997	
26	0.13000	90.41696	-87.26234	0.10174	0.47425	-0.05271	-0.31051	1.10200	0.99998	0.00542	0.00092	-0.00543	0.99995	0.00828	-0.00088	-0.00828	0.99997		-110.77461	-109.97035	-0.32175	-0.21357	0.39466	-0.65893	0.22088	0.99991	0.01150	-0.00689	-0.01153	0.99993	-0.00373	0.00684	0.00381	0.99997	
27	0.13500	90.41017	-87.30636	0.08822	0.45389	-0.06473	-0.30875	1.11674	0.99998	0.00539	0.00113	-0.00540	0.99995	0.00792	-0.00109	-0.00793	0.99997		-110.76131	-109.94226	-0.33018	-0.21071	0.38522	-0.66366	0.21336	0.99991	0.01158	-0.00672	-0.01161	0.99993	-0.00368	0.00668	0.00376	0.99997	
28	0.14000	90.44756	-87.32073	0.08863	0.44109	-0.06836	-0.30702	1.12196	0.99998	0.00536	0.00119	-0.00537	0.99996	0.00770	-0.00115	-0.00770	0.99997		-110.71315	-109.97992	-0.31299	-0.21213	0.37503	-0.65705	0.19873	0.99991	0.01147	-0.00655	-0.01149	0.99993	-0.00370	0.00650	0.00378	0.99997	
29	0.14500	90.44945	-87.35328	0.09070	0.42196	-0.07477	-0.30267	1.11771	0.99999	0.00528	0.00130	-0.00529	0.99996	0.00736	-0.00127	-0.00737	0.99997		-110.72768	-109.96751	-0.32054	-0.20994	0.36907	-0.66073	0.21129	0.99991	0.01153	-0.00644	-0.01156	0.99993	-0.00366	0.00640	0.00374	0.99997	
30	0.15000	90.41873	-87.38335	0.07569	0.40718	-0.07968	-0.30002	1.12565	0.99999	0.00524	0.00139	-0.00525	0.99996	0.00711	-0.00135	-0.00711	0.99997		-110.73400	-109.95663	-0.30703	-0.20933	0.35923	-0.65918	0.21650	0.99991	0.01150	-0.00627	-0.01153	0.99993	-0.00365	0.00623	0.00373	0.99997	
31	0.15500	90.43951	-87.39867	0.09523	0.39429	-0.08833	-0.30434	1.13022	0.99998	0.00531	0.00154	-0.00532	0.99996	0.00688	-0.00151	-0.00689	0.99998		-110.70780	-109.97250	-0.29835	-0.20802	0.34989	-0.66047	0.20585	0.99991	0.01153	-0.00611	-0.01155	0.99993	-0.00363	0.00606	0.00370	0.99997	
32	0.16000	90.43838	-87.43035	0.11091	0.37712	-0.09621	-0.30204	1.11617	0.99998	0.00527	0.00168	-0.00528	0.99996	0.00658	-0.00164	-0.00659	0.99998		-110.71443	-109.96165	-0.29332	-0.20831	0.34249	-0.66000	0.21303	0.99992	0.01152	-0.00598	-0.01154	0.99993	-0.00364	0.00594	0.00370	0.99998	
33	0.16500	90.42517	-87.46792	0.08802	0.36460	-0.10194	-0.30570	1.11163	0.99998	0.00534	0.00178	-0.00535	0.99997	0.00636	-0.00175	-0.00637	0.99998		-110.70817	-109.95403	-0.28857	-0.20610	0.33383	-0.65870	0.20897	0.99992	0.01150	-0.00583	-0.01152	0.99993	-0.00360	0.00578	0.00366	0.99998	
34	0.17000	90.45124	-87.48556	0.09035	0.35262	-0.11488	-0.30651	1.11461	0.99998	0.00535	0.00201	-0.00536	0.99997	0.00615	-0.00197	-0.00616	0.99998		-110.68217	-109.96211	-0.28808	-0.20713	0.32541	-0.65788	0.20631	0.99992	0.01148	-0.00568	-0.01150	0.99993	-0.00362	0.00564	0.00368	0.99998	
35	0.17500	90.40542	-87.48852	0.09537	0.34061	-0.11312	-0.30077	1.13118	0.99998	0.00525	0.00197	-0.00526	0.99997	0.00594	-0.00194	-0.00596	0.99998		-110.66962	-109.97304	-0.28717	-0.20709	0.31494	-0.65620	0.20608	0.99992	0.01145	-0.00550	-0.01147	0.99993	-0.00361	0.00545	0.00368	0.99998	
36	0.18000	90.39470	-87.50820	0.08651	0.32815	-0.11691	-0.30607	1.12025	0.99998	0.00534	0.00204	-0.00535	0.99997	0.00573	-0.00201	-0.00574	0.99998		-110.64237	-109.95545	-0.27035	-0.20641	0.30710	-0.66119	0.21168	0.99992	0.01154	-0.00536	-0.01156	0.99993	-0.00360	0.00532	0.00366	0.99998	
37	0.18500	90.41960	-87.54742	0.11147	0.31294	-0.12340	-0.31100	1.10114	0.99998	0.00543	0.00215	-0.00544	0.99997	0.00546	-0.00212	-0.00547	0.99998		-110.65436	-109.97213	-0.27344	-0.20885	0.30010	-0.65776	0.20632	0.99992	0.01148	-0.00524	-0.01150	0.99993	-0.00365	0.00520	0.00370	0.99998	
38	0.19000	90.42287	-87.55773	0.08413	0.30148	-0.13134	-0.30699	1.10569	0.99998	0.00536	0.00229	-0.00537	0.99997	0.00526	-0.00226	-0.00527	0.99998		-110.63757	-109.96223	-0.26817	-0.20945	0.28719	-0.65503	0.19492	0.99992	0.01143	-0.00501	-0.01145	0.99993	-0.00366	0.00497	0.00371	0.99998	
39	0.19500	90.37801	-87.57120	0.11918	0.29162	-0.12739	-0.30923	1.11430	0.99998	0.00540	0.00222	-0.00541	0.99997	0.00509	-0.00220	-0.00510	0.99998		-110.61642	-109.95679	-0.25981	-0.20824	0.28235	-0.65932	0.20338	0.99992	0.01151	-0.00493	-0.01152	0.99993	-0.00363	0.00489	0.00369	0.99998	
40	0.20000	90.38731	-87.60058	0.12330	0.28083	-0.13600	-0.30834	1.10753	0.99998	0.00538	0.00237	-0.00539	0.99997	0.00490	-0.00235	-0.00491	0.99999		-110.64295	-109.93708	-0.25490	-0.20557	0.27708	-0.65843	0.20324	0.99992	0.01149	-0.00484	-0.01151	0.99993	-0.00359	0.00479	0.00364	0.99998	
41	0.20500	90.39176	-87.60129	0.11702	0.26992	-0.14161	-0.30580	1.11772	0.99998	0.00534	0.00247	-0.00535	0.99997	0.00471	-0.00245	-0.00472	0.99999		-110.62891	-109.95021	-0.24575	-0.20687	0.26881	-0.65674	0.21129	0.99992	0.01146	-0.00469	-0.01148	0.99993	-0.00361	0.00465	0.00366	0.99998	
42	0.21000	90.38426	-87.62810	0.14163	0.25824	-0.14119	-0.30426	1.12276	0.99998	0.00531	0.00246	-0.00532	0.99998	0.00451	-0.00244	-0.00452	0.99999		-110.62868	-109.93762	-0.24121	-0.20640	0.26467	-0.65811	0.21698	0.99992	0.01149	-0.00462	-0.01150	0.99993	-0.00360	0.00458	0.00366	0.99998	
43	0.21500	90.39148	-87.66494	0.15021	0.24805	-0.14803	-0.30693	1.12483	0.99998	0.00536	0.00258	-0.00537	0.99998	0.00433	-0.00256	-0.00434	0.99999		-110.63828	-109.93678	-0.25255	-0.21015	0.25567	-0.65811	0.20770	0.99992	0.01149	-0.00446	-0.01150	0.99993	-0.00367	0.00442	0.00372	0.99998	
44	0.22000	90.37823	-87.66431	0.15751	0.23886	-0.15296	-0.31304	1.12079	0.99998	0.00546	0.00267	-0.00547	0.99998	0.00417	-0.00265	-0.00418	0.99999		-110.61039	-109.94409	-0.23127	-0.21195	0.24939	-0.65434	0.20225	0.99993	0.01142	-0.00435	-0.01144	0.99993	-0.00370	0.00431	0.00375	0.99998	
45	0.22500	90.34114	-87.68530	0.16721	0.23132	-0.15073	-0.31238	1.11386	0.99998	0.00545	0.00263	-0.00546	0.99998	0.00404	-0.00261	-0.00405	0.99999		-110.65060	-109.93958	-0.23011	-0.21185	0.24458	-0.65332	0.20790	0.99993	0.01140	-0.00427	-0.01142	0.99993	-0.00370	0.00423	0.00375	0.99998	
46	0.23000	90.32747	-87.69163	0.18985	0.22412	-0.15186	-0.31415	1.11605	0.99998	0.00548	0.00265	-0.00549	0.99998	0.00391	-0.00263	-0.00393	0.99999		-110.65913	-109.93859	-0.22931	-0.21317	0.23982	-0.65626	0.21050	0.99993	0.01145	-0.00419	-0.01147	0.99993	-0.00372	0.00414	0.00377	0.99998	
47	0.23500	90.31563	-87.72857	0.19797	0.21214	-0.15042	-0.31090	1.11194	0.99998	0.00543	0.00263	-0.00544	0.99998	0.00370	-0.00261	-0.00372	0.99999		-110.61198	-109.95152	-0.23307	-0.21922	0.23182	-0.65042	0.20025	0.99993	0.01135	-0.00405	-0.01137	0.99993	-0.00383	0.00400	0.00387	0.99998	
48	0.24000	90.36588	-87.71689	0.20107	0.21031	-0.16143	-0.31047	1.12407	0.99998	0.00542	0.00282	-0.00543	0.99998	0.00367	-0.00280	-0.00369	0.99999		-110.64103	-109.93703	-0.22812	-0.21777	0.22690	-0.65054	0.19372	0.99993	0.01135	-0.00396	-0.01137	0.99993	-0.00380	0.00392	0.00385	0.99998	
49	0.24500	90.31426	-87.74113	0.22335	0.20169	-0.15769	-0.31360	1.10618	0.99998	0.00547	0.00275	-0.00548	0.99998	0.00352	-0.00273	-0.00354	0.99999		-110.60717	-109.94522	-0.22372	-0.22180	0.21946	-0.64854	0.18795	0.99993	0.01132	-0.00383	-0.01133	0.99993	-0.00387	0.00379	0.00391	0.99999	
50	0.25000	90.34888	-87.75491	0.24537	0.19590	-0.16290	-0.31699	1.11947	0.99998	0.00553	0.00284	-0.00554	0.99998	0.00342	-0.00282	-0.00343	0.99999		-110.62862	-109.92646	-0.22306	-0.22109	0.21822	-0.65215	0.20763	0.99993	0.01138	-0.00381	-0.01140	0.99993	-0.00386	0.00376	0.00390	0.99999	
51	0.25500	90.32751	-87.75841	0.26209	0.19259	-0.16298	-0.31067	1.11035	0.99998	0.00542	0.00284	-0.00543	0.99998	0.00336	-0.00283	-0.00338	0.99999		-110.63232	-109.93152	-0.21831	-0.22460	0.21482	-0.65418	0.20337	0.99993	0.01142	-0.00375	-0.01143	0.99993	-0.00392	0.00370	0.00396	0.99999	
52	0.26000	90.32142	-87.76823	0.25818	0.18731	-0.16334	-0.31124	1.12444	0.99998	0.00543	0.00285	-0.00544	0.99998	0.00327	-0.00283	-0.00328	0.99999		-110.62281	-109.93688	-0.20952	-0.22709	0.21053	-0.65337	0.20125	0.99993	0.01140	-0.00367	-0.01142	0.99993	-0.00396	0.00363	0.00401	0.99999	
53	0.26500	90.31500	-87.79187	0.27316	0.18205	-0.16475	-0.31135	1.12176	0.99998	0.00543	0.00288	-0.00544	0.99998	0.00318	-0.00286	-0.00319	0.99999		-110.65388	-109.92336	-0.21286	-0.22884	0.20901	-0.64841	0.18808	0.99993	0.01132	-0.00365	-0.01133	0.99993	-0.00399	0.00360	0.00403	0.99999	
54	0.27000	90.29798	-87.78882	0.27443	0.18250	-0.16364	-0.31402	1.12551	0.99998	0.00548	0.00286	-0.00549	0.99998	0.00319	-0.00284	-0.00320	0.99999		-110.65192	-109.92691	-0.20474	-0.23047	0.21118	-0.65111	0.19465	0.99993	0.01136	-0.00369	-0.01138	0.99993	-0.00402	0.00364	0.00406	0.99999	
55	0.27500	90.31599	-87.78327	0.29488	0.18012	-0.16935	-0.31172	1.11478	0.99998	0.00544	0.00296	-0.00545	0.99998	0.00314	-0.00294	-0.00316	0.99999		-110.67595	-109.93254	-0.20734	-0.23684	0.20359	-0.65147	0.20530	0.99993	0.01137	-0.00355	-0.01138	0.99993	-0.00413	0.00351	0.00417	0.99999	
56	0.28000	90.32789	-87.80141	0.30169	0.17820	-0.16860	-0.30971	1.12349	0.99998	0.00541	0.00294	-0.00541	0.99998	0.00311	-0.00293	-0.00313	0.99999		-110.67763	-109.93299	-0.20263	-0.24028	0.20208	-0.64741	0.19685	0.99993	0.01130	-0.00353	-0.01131	0.99993	-0.00419	0.00348	0.00423	0.99998	
57	0.28500	90.34414	-87.81442	0.32679	0.17536	-0.16710	-0.31355	1.11821	0.99998	0.00547	0.00292	-0.00548	0.99998	0.00306	-0.00290	-0.00308	0.99999		-110.67470	-109.94708	-0.20640	-0.24468	0.19924	-0.65099	0.20203	0.99993	0.01136	-0.00348	-0.01138	0.99993	-0.00427	0.00343	0.00431	0.99998	
58	0.29000	90.30763	-87.80908	0.35245	0.17449	-0.16422	-0.31021	1.12056	0.99998	0.00541	0.00287	-0.00542	0.99998	0.00305	-0.00285	-0.00306	0.99999		-110.64822	-109.94816	-0.18994	-0.24881	0.19870	-0.64876	0.19294	0.99993	0.01132	-0.00347	-0.01134	0.99993	-0.00434	0.00342	0.00438	0.99998	
59	0.29500	90.28550	-87.81200	0.36814	0.17655	-0.15977	-0.31154	1.11725	0.99998	0.00544	0.00279	-0.00545	0.99998	0.00308	-0.00277	-0.00310	0.99999		-110.67755	-109.94689	-0.19716	-0.25332	0.19690	-0.64815	0.19434	0.99993	0.01131	-0.00344	-0.01133	0.99993	-0.00442	0.00339	0.00446	0.99998	
60	0.30000	90.30967	-87.81169	0.37741	0.17724	-0.16294	-0.30954	1.12782	0.99998	0.00540	0.00284	-0.00541	0.99998	0.00309	-0.00283	-0.00311	0.99999		-110.65908	-109.93581	-0.19740	-0.25581	0.19601	-0.64671	0.19219	0.99993	0.01129	-0.00342	-0.01130	0.99993	-0.00446	0.00337	0.00450	0.99998	
61	0.30500	90.28073	-87.81576	0.40504	0.17905	-0.15608	-0.31440	1.12103	0.99998	0.00549	0.00272	-0.00550	0.99998	0.00312	-0.00271	-0.00314	0.99999		-110.71132	-109.91479	-0.20559	-0.25657	0.20191	-0.64718	0.19590	0.99993	0.01130	-0.00352	-0.01131	0.99993	-0.00448	0.00347	0.00452	0.99998	
62	0.31000	90.26924	-87.81614	0.41265	0.18264	-0.15689	-0.31072	1.13097	0.99998	0.00542	0.00274	-0.00543	0.99998	0.00319	-0.00272	-0.00320	0.99999		-110.66805	-109.94631	-0.20108	-0.26350	0.19669	-0.64938	0.19129	0.99993	0.01133	-0.00343	-0.01135	0.99992	-0.00460	0.00338	0.00464	0.99998	
63	0.31500	90.26574	-87.80581	0.43547	0.18605	-0.15336	-0.31557	1.11208	0.99998	0.00551	0.00268	-0.00552	0.99998	0.00325	-0.00266	-0.00326	0.99999		-110.70885	-109.93348	-0.19689	-0.26377	0.20424	-0.64726	0.20192	0.99993	0.01130	-0.00356	-0.01131	0.99993	-0.00460	0.00351	0.00464	0.99998	
64	0.32000	90.23491	-87.80656	0.46470	0.18953	-0.14353	-0.31154	1.11954	0.99998	0.00544	0.00251	-0.00545	0.99998	0.00331	-0.00249	-0.00332	0.99999		-110.73113	-109.93341	-0.20477	-0.27028	0.20574	-0.64853	0.19711	0.99993	0.01132	-0.00359	-0.01134	0.99992	-0.00472	0.00354	0.00476	0.99998	
65	0.32500	90.22169	-87.81117	0.46899	0.19105	-0.14036	-0.31401	1.11770	0.99998	0.00548	0.00245	-0.00549	0.99998	0.00333	-0.00243	-0.00335	0.99999		-110.70112	-109.95314	-0.20086	-0.27825	0.20926	-0.64822	0.20229	0.99993	0.01131	-0.00365	-0.01133	0.99992	-0.00486	0.00360	0.00490	0.99998	
66	0.33000	90.19691	-87.81554	0.50145	0.19293	-0.13127	-0.30704	1.12783	0.99998	0.00536	0.00229	-0.00537	0.99998	0.00337	-0.00227	-0.00338	0.99999		-110.72132	-109.93233	-0.20112	-0.27668	0.21202	-0.64983	0.20584	0.99993	0.01134	-0.00370	-0.01136	0.99992	-0.00483	0.00365	0.00487	0.99998	
67	0.33500	90.19506	-87.80358	0.50908	0.20200	-0.12971	-0.31034	1.12213	0.99998	0.00542	0.00226	-0.00542	0.99998	0.00353	-0.00224	-0.00354	0.99999		-110.77038	-109.93134	-0.20055	-0.28416	0.21749	-0.64959	0.19861	0.99993	0.01134	-0.00380	-0.01136	0.99992	-0.00496	0.00374	0.00500	0.99998	
68	0.34000	90.21258	-87.77372	0.52876	0.21142	-0.12812	-0.31069	1.13253	0.99998	0.00542	0.00224	-0.00543	0.99998	0.00369	-0.00222	-0.00370	0.99999		-110.79059	-109.94847	-0.19204	-0.28892	0.22466	-0.64251	0.19378	0.99993	0.01121	-0.00392	-0.01123	0.99992	-0.00504	0.00386	0.00509	0.99998	
69	0.34500	90.16778	-87.77356	0.55438	0.21376	-0.11919	-0.31058	1.11676	0.99998	0.00542	0.00208	-0.00543	0.99998	0.00373	-0.00206	-0.00374	0.99999		-110.83794	-109.92861	-0.19636	-0.28873	0.23172	-0.64309	0.19400	0.99993	0.01122	-0.00404	-0.01124	0.99992	-0.00504	0.00399	0.00508	0.99998	
70	0.35000	90.16962	-87.76207	0.56885	0.22220	-0.11243	-0.30843	1.14192	0.99998	0.00538	0.00196	-0.00539	0.99998	0.00388	-0.00194	-0.00389	0.99999		-110.77921	-109.93608	-0.19705	-0.29485	0.23077	-0.64610	0.19834	0.99993	0.01128	-0.00403	-0.01130	0.99992	-0.00515	0.00397	0.00519	0.99998	
71	0.35500	90.17301	-87.75215	0.57502	0.22972	-0.10916	-0.30459	1.13113	0.99998	0.00532	0.00191	-0.00532	0.99998	0.00401	-0.00188	-0.00402	0.99999		-110.78478	-109.92797	-0.20576	-0.29890	0.23782	-0.64617	0.19200	0.99993	0.01128	-0.00415	-0.01130	0.99992	-0.00522	0.00409	0.00526	0.99998	
72	0.36000	90.16466	-87.74690	0.58749	0.23759	-0.10260	-0.31042	1.14625	0.99998	0.00542	0.00179	-0.00543	0.99998	0.00415	-0.00177	-0.00416	0.99999		-110.83978	-109.93227	-0.20568	-0.30296	0.24871	-0.64537	0.19770	0.99993	0.01126	-0.00434	-0.01129	0.99992	-0.00529	0.00428	0.00534	0.99998	
73	0.36500	90.10528	-87.72914	0.61123	0.24746	-0.09283	-0.31024	1.13404	0.99998	0.00541	0.00162	-0.00542	0.99998	0.00432	-0.00160	-0.00433	0.99999		-110.81234	-109.93447	-0.18947	-0.30619	0.24993	-0.64234	0.19561	0.99993	0.01121	-0.00436	-0.01123	0.99992	-0.00534	0.00430	0.00539	0.99998	
74	0.37000	90.11113	-87.71028	0.63400	0.25822	-0.08554	-0.30580	1.13522	0.99998	0.00534	0.00149	-0.00534	0.99998	0.00451	-0.00147	-0.00451	0.99999		-110.87916	-109.92519	-0.19745	-0.31042	0.26189	-0.64433	0.20178	0.99993	0.01125	-0.00457	-0.01127	0.99992	-0.00542	0.00451	0.00547	0.99997	
75	0.37500	90.12832	-87.68752	0.63215	0.26937	-0.08492	-0.30865	1.13701	0.99998	0.00539	0.00148	-0.00539	0.99997	0.00470	-0.00146	-0.00471	0.99999		-110.87261	-109.92069	-0.21076	-0.31289	0.27043	-0.64359	0.19612	0.99993	0.01123	-0.00472	-0.01126	0.99992	-0.00546	0.00466	0.00551	0.99997	
76	0.38000	90.10324	-87.67552	0.64212	0.27585	-0.07278	-0.30639	1.14143	0.99998	0.00535	0.00127	-0.00535	0.99997	0.00481	-0.00124	-0.00482	0.99999		-110.86141	-109.93844	-0.21165	-0.31829	0.27755	-0.64643	0.19464	0.99992	0.01128	-0.00484	-0.01131	0.99992	-0.00556	0.00478	0.00561	0.99997	
77	0.38500	90.06144	-87.66676	0.66492	0.28767	-0.06257	-0.30554	1.14273	0.99999	0.00533	0.00109	-0.00534	0.99997	0.00502	-0.00107	-0.00503	0.99999		-110.91943	-109.92637	-0.22349	-0.32312	0.28519	-0.64350	0.20257	0.99992	0.01123	-0.00498	-0.01126	0.99992	-0.00564	0.00491	0.00570	0.99997	
78	0.39000	90.08935	-87.64880	0.67686	0.30067	-0.05979	-0.30309	1.15217	0.99999	0.00529	0.00104	-0.00530	0.99997	0.00525	-0.00102	-0.00525	0.99999		-110.91481	-109.93130	-0.21631	-0.32447	0.29596	-0.64608	0.20215	0.99992	0.01128	-0.00517	-0.01130	0.99992	-0.00566	0.00510	0.00572	0.99997	
79	0.39500	90.04984	-87.63138	0.67976	0.31243	-0.05344	-0.30396	1.14903	0.99999	0.00531	0.00093	-0.00531	0.99997	0.00545	-0.00090	-0.00546	0.99998		-110.91024	-109.91031	-0.23381	-0.32633	0.30327	-0.64536	0.20943	0.99992	0.01126	-0.00529	-0.01129	0.99992	-0.00570	0.00523	0.00575	0.99997	
80	0.40000	90.03647	-87.60427	0.69369	0.32317	-0.04526	-0.30314	1.15369	0.99999	0.00529	0.00079	-0.00530	0.99997	0.00564	-0.00076	-0.00564	0.99998		-110.94346	-109.90399	-0.24687	-0.32859	0.31649	-0.64877	0.21653	0.99992	0.01132	-0.00552	-0.01135	0.99992	-0.00573	0.00546	0.00580	0.99997	
81	0.40500	90.02502	-87.59599	0.70587	0.33212	-0.03399	-0.30181	1.16161	0.99999	0.00527	0.00059	-0.00527	0.99997	0.00580	-0.00056	-0.00580	0.99998		-110.89897	-109.93252	-0.21839	-0.33426	0.32014	-0.64642	0.19947	0.99992	0.01128	-0.00559	-0.01131	0.99992	-0.00583	0.00552	0.00590	0.99997	
82	0.41000	90.04766	-87.57036	0.71875	0.34611	-0.03283	-0.29791	1.17237	0.99999	0.00520	0.00057	-0.00520	0.99997	0.00604	-0.00054	-0.00604	0.99998		-110.95944	-109.91314	-0.24366	-0.33506	0.33250	-0.64261	0.19020	0.99992	0.01122	-0.00580	-0.01125	0.99992	-0.00585	0.00574	0.00591	0.99997	
83	0.41500	89.97943	-87.56052	0.72491	0.35551	-0.01562	-0.30030	1.16055	0.99999	0.00524	0.00027	-0.00524	0.99997	0.00620	-0.00024	-0.00621	0.99998		-111.00251	-109.87520	-0.26553	-0.33317	0.34620	-0.65123	0.21166	0.99992	0.01137	-0.00604	-0.01140	0.99992	-0.00581	0.00598	0.00588	0.99996	
84	0.42000	90.02090	-87.53014	0.73689	0.37139	-0.01395	-0.30538	1.15861	0.99999	0.00533	0.00024	-0.00533	0.99996	0.00648	-0.00021	-0.00648	0.99998		-110.96347	-109.91628	-0.25394	-0.33932	0.35540	-0.64384	0.20930	0.99992	0.01124	-0.00620	-0.01127	0.99992	-0.00592	0.00614	0.00599	0.99996	
85	0.42500	89.95820	-87.47621	0.77756	0.39041	-0.00591	-0.31781	1.13841	0.99998	0.00555	0.00010	-0.00555	0.99996	0.00681	-0.00007	-0.00681	0.99998		-111.00591	-109.87320	-0.26703	-0.33872	0.36467	-0.65281	0.21186	0.99991	0.01139	-0.00636	-0.01143	0.99992	-0.00591	0.00630	0.00598	0.99996	
86	0.43000	89.97448	-87.46003	0.78416	0.40041	-0.00105	-0.31104	1.14298	0.99999	0.00543	0.00002	-0.00543	0.99996	0.00699	0.00002	-0.00699	0.99998		-111.05316	-109.87679	-0.27580	-0.34114	0.38053	-0.64792	0.21449	0.99991	0.01131	-0.00664	-0.01135	0.99992	-0.00595	0.00657	0.00603	0.99996	
87	0.43500	89.97107	-87.42746	0.80815	0.41800	0.00790	-0.31620	1.13769	0.99998	0.00552	-0.00014	-0.00552	0.99996	0.00730	0.00018	-0.00729	0.99997		-111.04284	-109.88105	-0.26055	-0.34200	0.39465	-0.65250	0.22214	0.99991	0.01139	-0.00689	-0.01143	0.99992	-0.00597	0.00682	0.00605	0.99996	
88	0.44000	89.91828	-87.39845	0.80468	0.43285	0.01411	-0.32181	1.13069	0.99998	0.00562	-0.00025	-0.00561	0.99996	0.00755	0.00029	-0.00755	0.99997		-111.11605	-109.85822	-0.29782	-0.34438	0.40556	-0.64955	0.21270	0.99991	0.01134	-0.00708	-0.01138	0.99992	-0.00601	0.00701	0.00609	0.99996	
89	0.44500	89.93448	-87.37186	0.82892	0.44482	0.02319	-0.31711	1.13538	0.99998	0.00553	-0.00040	-0.00553	0.99995	0.00776	0.00045	-0.00776	0.99997		-111.13180	-109.87029	-0.29033	-0.34638	0.41862	-0.64992	0.20904	0.99991	0.01134	-0.00731	-0.01139	0.99992	-0.00605	0.00724	0.00613	0.99996	
90	0.45000	89.90318	-87.35161	0.81634	0.46043	0.03177	-0.31477	1.13603	0.99998	0.00549	-0.00055	-0.00549	0.99995	0.00804	0.00060	-0.00803	0.99997		-111.14920	-109.85782	-0.29169	-0.34452	0.43695	-0.65263	0.22639	0.99991	0.01139	-0.00763	-0.01144	0.99992	-0.00601	0.00756	0.00610	0.99995	
91	0.45500	89.90992	-87.31079	0.81190	0.47724	0.03524	-0.31670	1.13269	0.99998	0.00553	-0.00062	-0.00552	0.99995	0.00833	0.00066	-0.00833	0.99997		-111.18109	-109.83583	-0.32123	-0.34562	0.44518	-0.64773	0.21370	0.99991	0.01130	-0.00777	-0.01135	0.99992	-0.00603	0.00770	0.00612	0.99995	
92	0.46000	89.89729	-87.28374	0.82186	0.49127	0.04544	-0.31743	1.14250	0.99998	0.00554	-0.00079	-0.00553	0.99995	0.00857	0.00084	-0.00857	0.99996		-111.13441	-109.84607	-0.32682	-0.34662	0.45329	-0.65168	0.22337	0.99990	0.01137	-0.00791	-0.01142	0.99992	-0.00605	0.00784	0.00614	0.99995	
93	0.46500	89.86799	-87.26577	0.83968	0.50707	0.05620	-0.31512	1.13320	0.99998	0.00550	-0.00098	-0.00549	0.99995	0.00885	0.00103	-0.00884	0.99996		-111.19590	-109.82198	-0.33605	-0.34472	0.47285	-0.65332	0.22795	0.99990	0.01140	-0.00825	-0.01145	0.99992	-0.00602	0.00818	0.00611	0.99995	
94	0.47000	89.81046	-87.23896	0.81745	0.52030	0.06511	-0.32101	1.12408	0.99998	0.00560	-0.00114	-0.00559	0.99994	0.00908	0.00119	-0.00907	0.99996		-111.23800	-109.81811	-0.35678	-0.34910	0.48095	-0.65254	0.21491	0.99990	0.01139	-0.00839	-0.01144	0.99992	-0.00609	0.00832	0.00619	0.99995	
95	0.47500	89.89770	-87.20406	0.80677	0.53758	0.06472	-0.31956	1.12486	0.99998	0.00558	-0.00113	-0.00557	0.99994	0.00938	0.00118	-0.00938	0.99996		-111.21741	-109.81426	-0.35415	-0.34807	0.49269	-0.65258	0.21930	0.99990	0.01139	-0.00860	-0.01144	0.99992	-0.00607	0.00853	0.00617	0.99994	
96	0.48000	89.86370	-87.17056	0.82564	0.55076	0.07755	-0.31392	1.15481	0.99998	0.00548	-0.00135	-0.00547	0.99994	0.00961	0.00141	-0.00960	0.99995		-111.22023	-109.81066	-0.34675	-0.34863	0.50312	-0.65519	0.20785	0.99990	0.01143	-0.00878	-0.01149	0.99992	-0.00608	0.00871	0.00618	0.99994	
97	0.48500	89.84126	-87.15200	0.82254	0.56067	0.08760	-0.31767	1.13690	0.99998	0.00554	-0.00153	-0.00553	0.99994	0.00979	0.00158	-0.00978	0.99995		-111.22621	-109.78455	-0.38096	-0.34631	0.50984	-0.65708	0.22210	0.99989	0.01147	-0.00890	-0.01152	0.99992	-0.00604	0.00883	0.00615	0.99994	
98	0.49000	89.85479	-87.12970	0.82624	0.57604	0.09132	-0.31504	1.15291	0.99998	0.00550	-0.00159	-0.00548	0.99993	0.01005	0.00165	-0.01004	0.99995		-111.28414	-109.80674	-0.37708	-0.34767	0.52951	-0.65454	0.22416	0.99989	0.01142	-0.00924	-0.01148	0.99992	-0.00607	0.00917	0.00617	0.99994	
99	0.49500	89.83309	-87.11988	0.79793	0.58810	0.09871	-0.31919	1.15083	0.99998	0.00557	-0.00172	-0.00555	0.99993	0.01026	0.00178	-0.01025	0.99995		-111.30393	-109.77977	-0.39885	-0.34606	0.54196	-0.65946	0.23090	0.99989	0.01151	-0.00946	-0.01157	0.99991	-0.00604	0.00939	0.00615	0.99994	
100	0.50000	89.82381	-87.09186	0.81719	0.59956	0.10805	-0.31638	1.14758	0.99998	0.00552	-0.00189	-0.00550	0.99993	0.01046	0.00194	-0.01045	0.99994		-111.32732	-109.80059	-0.41527	-0.35068	0.54730	-0.65921	0.23095	0.99989	0.01150	-0.00955	-0.01156	0.99991	-0.00612	0.00948	0.00623	0.99994	
101	0.50500	89.83414	-87.06800	0.79776	0.61682	0.11096	-0.31722	1.14825	0.99998	0.00554	-0.00194	-0.00552	0.99993	0.01077	0.00200	-0.01075	0.99994		-111.30704	-109.78477	-0.41279	-0.34693	0.55907	-0.65969	0.23311	0.99989	0.01151	-0.00976	-0.01157	0.99991	-0.00605	0.00969	0.00617	0.99993	
102	0.51000	89.77083	-87.04855	0.79086	0.62792	0.12366	-0.31692	1.14422	0.99998	0.00553	-0.00216	-0.00551	0.99992	0.01096	0.00222	-0.01095	0.99994		-111.34782	-109.77385	-0.43392	-0.34646	0.56865	-0.65696	0.21448	0.99989	0.01147	-0.00992	-0.01153	0.99992	-0.00605	0.00985	0.00616	0.99993	
103	0.51500	89.80061	-87.03281	0.78209	0.63736	0.12874	-0.31866	1.13906	0.99998	0.00556	-0.00225	-0.00554	0.99992	0.01112	0.00231	-0.01111	0.99994		-111.36730	-109.76128	-0.45102	-0.34522	0.57809	-0.65658	0.22418	0.99988	0.01146	-0.01009	-0.01152	0.99992	-0.00602	0.01002	0.00614	0.99993	
104	0.52000	89.75978	-87.00832	0.77734	0.65160	0.13718	-0.32012	1.15910	0.99998	0.00559	-0.00239	-0.00556	0.99992	0.01137	0.00246	-0.01136	0.99993		-111.38835	-109.76402	-0.45176	-0.34507	0.59236	-0.65768	0.23648	0.99988	0.01148	-0.01034	-0.01154	0.99992	-0.00602	0.01027	0.00614	0.99993	
105	0.52500	89.77674	-86.97546	0.75950	0.66342	0.14342	-0.32178	1.14496	0.99998	0.00562	-0.00250	-0.00559	0.99992	0.01158	0.00257	-0.01156	0.99993		-111.41160	-109.75823	-0.46874	-0.34457	0.60010	-0.65648	0.22521	0.99988	0.01146	-0.01047	-0.01152	0.99992	-0.00601	0.01040	0.00613	0.99993	
106	0.53000	89.77435	-86.95671	0.75106	0.67407	0.14909	-0.31747	1.14959	0.99998	0.00554	-0.00260	-0.00551	0.99992	0.01176	0.00267	-0.01175	0.99993		-111.42899	-109.74127	-0.47799	-0.34315	0.61169	-0.65573	0.23469	0.99988	0.01144	-0.01068	-0.01151	0.99992	-0.00599	0.01061	0.00611	0.99993	
107	0.53500	89.74628	-86.93790	0.74099	0.68880	0.15812	-0.31510	1.14452	0.99998	0.00550	-0.00276	-0.00547	0.99991	0.01202	0.00283	-0.01201	0.99992		-111.41967	-109.76149	-0.49540	-0.34386	0.62046	-0.65430	0.22296	0.99988	0.01142	-0.01083	-0.01148	0.99992	-0.00600	0.01076	0.00612	0.99992	
108	0.54000	89.76885	-86.90462	0.72127	0.70083	0.16073	-0.32065	1.15223	0.99998	0.00560	-0.00281	-0.00556	0.99991	0.01223	0.00287	-0.01222	0.99992		-111.44465	-109.74102	-0.51260	-0.33999	0.62859	-0.65396	0.22607	0.99987	0.01141	-0.01097	-0.01148	0.99992	-0.00593	0.01090	0.00606	0.99992	
109	0.54500	89.77925	-86.89775	0.72243	0.70884	0.16474	-0.31837	1.15106	0.99998	0.00556	-0.00288	-0.00552	0.99991	0.01237	0.00294	-0.01236	0.99992		-111.46889	-109.70870	-0.52153	-0.33543	0.63708	-0.65513	0.22661	0.99987	0.01143	-0.01112	-0.01150	0.99992	-0.00585	0.01105	0.00598	0.99992	
110	0.55000	89.79035	-86.87847	0.67758	0.72218	0.16793	-0.31664	1.14724	0.99998	0.00553	-0.00293	-0.00549	0.99991	0.01260	0.00300	-0.01259	0.99992		-111.43310	-109.72429	-0.53520	-0.33594	0.64229	-0.65464	0.22616	0.99987	0.01142	-0.01121	-0.01149	0.99992	-0.00586	0.01114	0.00599	0.99992	
111	0.55500	89.76914	-86.83128	0.68002	0.73552	0.17436	-0.31898	1.15876	0.99998	0.00557	-0.00304	-0.00553	0.99990	0.01284	0.00311	-0.01282	0.99991		-111.47156	-109.70486	-0.55662	-0.33112	0.65566	-0.65071	0.22566	0.99987	0.01136	-0.01144	-0.01142	0.99992	-0.00578	0.01138	0.00591	0.99992	
112	0.56000	89.75537	-86.81787	0.63033	0.74589	0.18150	-0.31564	1.16060	0.99998	0.00551	-0.00317	-0.00547	0.99990	0.01302	0.00324	-0.01300	0.99991		-111.46542	-109.68142	-0.56565	-0.32742	0.65933	-0.65429	0.23407	0.99987	0.01142	-0.01151	-0.01148	0.99992	-0.00571	0.01144	0.00585	0.99992	
113	0.56500	89.76022	-86.79782	0.62972	0.75563	0.18611	-0.31750	1.16025	0.99998	0.00554	-0.00325	-0.00550	0.99990	0.01319	0.00332	-0.01317	0.99991		-111.45602	-109.69238	-0.59151	-0.32505	0.66568	-0.65508	0.22886	0.99987	0.01143	-0.01162	-0.01150	0.99992	-0.00567	0.01155	0.00581	0.99992	
114	0.57000	89.78459	-86.78096	0.61186	0.76387	0.18669	-0.31498	1.15740	0.99998	0.00550	-0.00326	-0.00545	0.99990	0.01333	0.00333	-0.01331	0.99991		-111.50841	-109.66039	-0.60828	-0.32116	0.67122	-0.65784	0.22720	0.99987	0.01148	-0.01171	-0.01155	0.99992	-0.00560	0.01165	0.00574	0.99992	
115	0.57500	89.74530	-86.78596	0.58283	0.77116	0.18916	-0.31567	1.16000	0.99998	0.00551	-0.00330	-0.00546	0.99989	0.01346	0.00338	-0.01344	0.99990		-111.50519	-109.65023	-0.62182	-0.31611	0.67923	-0.65584	0.22843	0.99986	0.01145	-0.01185	-0.01151	0.99992	-0.00552	0.01179	0.00565	0.99991	
116	0.58000	89.77510	-86.76568	0.57147	0.77848	0.19308	-0.32017	1.15863	0.99998	0.00559	-0.00337	-0.00554	0.99989	0.01359	0.00345	-0.01357	0.99990		-111.49338	-109.64187	-0.62664	-0.31179	0.68074	-0.65540	0.22675	0.99986	0.01144	-0.01188	-0.01150	0.99992	-0.00544	0.01182	0.00558	0.99991	
117	0.58500	89.72639	-86.75330	0.54087	0.78456	0.20052	-0.31756	1.16506	0.99998	0.00554	-0.00350	-0.00549	0.99989	0.01369	0.00358	-0.01367	0.99990		-111.50484	-109.60871	-0.65656	-0.30713	0.68622	-0.65571	0.21495	0.99986	0.01144	-0.01198	-0.01151	0.99992	-0.00536	0.01191	0.00550	0.99991	
118	0.59000	89.78162	-86.74230	0.51687	0.79307	0.19648	-0.31862	1.14237	0.99998	0.00556	-0.00343	-0.00551	0.99989	0.01384	0.00351	-0.01382	0.99990		-111.53642	-109.58402	-0.68232	-0.29722	0.69245	-0.65862	0.21561	0.99986	0.01149	-0.01209	-0.01156	0.99992	-0.00519	0.01202	0.00533	0.99991	
119	0.59500	89.77353	-86.71189	0.49292	0.80092	0.19964	-0.31963	1.15649	0.99998	0.00558	-0.00348	-0.00553	0.99989	0.01398	0.00356	-0.01396	0.99990		-111.54181	-109.59011	-0.70344	-0.29615	0.69791	-0.65644	0.21835	0.99986	0.01146	-0.01218	-0.01152	0.99992	-0.00517	0.01212	0.00531	0.99991	
120	0.60000	89.76756	-86.72372	0.47862	0.80426	0.20139	-0.31685	1.16533	0.99998	0.00553	-0.00351	-0.00548	0.99989	0.01404	0.00359	-0.01402	0.99990		-111.57096	-109.56197	-0.70781	-0.29083	0.70242	-0.65657	0.22398	0.99986	0.01146	-0.01226	-0.01152	0.99992	-0.00508	0.01220	0.00522	0.99991	
121	0.60500	89.76117	-86.71690	0.44813	0.80883	0.20191	-0.31858	1.16889	0.99998	0.00556	-0.00352	-0.00551	0.99989	0.01412	0.00360	-0.01410	0.99989		-111.56631	-109.56638	-0.72907	-0.28743	0.70525	-0.65166	0.21690	0.99986	0.01137	-0.01231	-0.01143	0.99992	-0.00502	0.01225	0.00516	0.99991	
122	0.61000	89.76652	-86.70532	0.41543	0.81367	0.20253	-0.31415	1.17650	0.99998	0.00548	-0.00353	-0.00543	0.99988	0.01420	0.00361	-0.01418	0.99989		-111.53131	-109.55570	-0.73781	-0.28790	0.70000	-0.65335	0.22618	0.99986	0.01140	-0.01222	-0.01146	0.99992	-0.00502	0.01216	0.00516	0.99991	
123	0.61500	89.79081	-86.70688	0.41187	0.81929	0.20091	-0.32235	1.16248	0.99998	0.00563	-0.00351	-0.00558	0.99988	0.01430	0.00359	-0.01428	0.99989		-111.57009	-109.54163	-0.75902	-0.27953	0.70564	-0.65645	0.22389	0.99986	0.01146	-0.01232	-0.01152	0.99992	-0.00488	0.01226	0.00502	0.99991	
124	0.62000	89.79571	-86.69116	0.37876	0.82365	0.19993	-0.31722	1.16345	0.99998	0.00554	-0.00349	-0.00549	0.99988	0.01437	0.00357	-0.01436	0.99989		-111.53344	-109.51464	-0.77691	-0.27183	0.70388	-0.65850	0.22747	0.99986	0.01149	-0.01228	-0.01155	0.99992	-0.00474	0.01223	0.00489	0.99991	
125	0.62500	89.79526	-86.68574	0.34675	0.82453	0.20037	-0.31703	1.16000	0.99998	0.00553	-0.00350	-0.00548	0.99988	0.01439	0.00358	-0.01437	0.99989		-111.53963	-109.48852	-0.80618	-0.26824	0.70089	-0.66006	0.22249	0.99986	0.01152	-0.01223	-0.01158	0.99992	-0.00468	0.01218	0.00482	0.99991	
126	0.63000	89.80052	-86.68296	0.33408	0.82849	0.20015	-0.31438	1.17039	0.99998	0.00549	-0.00349	-0.00544	0.99988	0.01446	0.00357	-0.01444	0.99989		-111.55324	-109.49603	-0.81441	-0.26596	0.70312	-0.65052	0.20615	0.99986	0.01135	-0.01227	-0.01141	0.99992	-0.00464	0.01222	0.00478	0.99991	
127	0.63500	89.82800	-86.68386	0.30739	0.82872	0.19387	-0.31474	1.16171	0.99998	0.00549	-0.00338	-0.00544	0.99988	0.01446	0.00346	-0.01444	0.99989		-111.53827	-109.48008	-0.83575	-0.26013	0.69930	-0.65464	0.21449	0.99986	0.01142	-0.01220	-0.01148	0.99992	-0.00454	0.01215	0.00468	0.99992	
128	0.64000	89.84003	-86.67867	0.27577	0.82977	0.19127	-0.31445	1.16958	0.99998	0.00549	-0.00334	-0.00544	0.99988	0.01448	0.00342	-0.01446	0.99989		-111.53597	-109.46466	-0.85266	-0.25670	0.69868	-0.65059	0.20835	0.99986	0.01135	-0.01219	-0.01141	0.99992	-0.00448	0.01214	0.00462	0.99992	
129	0.64500	89.81201	-86.68003	0.26637	0.83002	0.19377	-0.31673	1.16323	0.99998	0.00553	-0.00338	-0.00548	0.99988	0.01449	0.00346	-0.01447	0.99989		-111.52234	-109.47699	-0.86531	-0.25324	0.69433	-0.65335	0.21897	0.99986	0.01140	-0.01212	-0.01146	0.99992	-0.00442	0.01207	0.00456	0.99992	
130	0.65000	89.87614	-86.66542	0.22446	0.83120	0.18964	-0.31634	1.15309	0.99998	0.00552	-0.00331	-0.00547	0.99988	0.01451	0.00339	-0.01449	0.99989		-111.50899	-109.45224	-0.89070	-0.24795	0.68645	-0.65302	0.20903	0.99986	0.01140	-0.01198	-0.01145	0.99993	-0.00433	0.01193	0.00446	0.99992	
131	0.65500	89.81874	-86.68566	0.22155	0.83125	0.18942	-0.31908	1.15133	0.99998	0.00557	-0.00331	-0.00552	0.99988	0.01451	0.00339	-0.01449	0.99989		-111.52066	-109.42404	-0.90772	-0.24149	0.68903	-0.65137	0.20692	0.99986	0.01137	-0.01203	-0.01142	0.99993	-0.00421	0.01198	0.00435	0.99992	
132	0.66000	89.86406	-86.66120	0.17130	0.83419	0.17927	-0.31769	1.16534	0.99998	0.00554	-0.00313	-0.00550	0.99988	0.01456	0.00321	-0.01454	0.99989		-111.49556	-109.42516	-0.91243	-0.23631	0.68468	-0.65839	0.22479	0.99986	0.01149	-0.01195	-0.01154	0.99992	-0.00412	0.01190	0.00426	0.99992	
133	0.66500	89.87863	-86.66846	0.15926	0.83228	0.17291	-0.31569	1.17187	0.99998	0.00551	-0.00302	-0.00547	0.99988	0.01453	0.00310	-0.01451	0.99989		-111.47627	-109.42797	-0.93736	-0.23414	0.67724	-0.65250	0.21041	0.99987	0.01139	-0.01182	-0.01144	0.99993	-0.00409	0.01177	0.00422	0.99992	
134	0.67000	89.89437	-86.68364	0.13283	0.82796	0.17179	-0.31709	1.15304	0.99998	0.00553	-0.00300	-0.00549	0.99988	0.01445	0.00308	-0.01443	0.99989		-111.45727	-109.40827	-0.95026	-0.22760	0.67248	-0.65215	0.21590	0.99987	0.01138	-0.01174	-0.01143	0.99993	-0.00397	0.01169	0.00411	0.99992	
135	0.67500	89.90366	-86.69736	0.11323	0.82609	0.16351	-0.32331	1.15460	0.99998	0.00564	-0.00285	-0.00560	0.99988	0.01442	0.00293	-0.01440	0.99989		-111.42356	-109.38828	-0.95511	-0.22191	0.66674	-0.65194	0.20892	0.99987	0.01138	-0.01164	-0.01142	0.99993	-0.00387	0.01159	0.00401	0.99992	
136	0.68000	89.86362	-86.69742	0.09113	0.81974	0.16583	-0.31598	1.16253	0.99998	0.00551	-0.00289	-0.00547	0.99988	0.01431	0.00297	-0.01429	0.99989		-111.40305	-109.37949	-0.97184	-0.21612	0.65653	-0.65282	0.20833	0.99987	0.01139	-0.01146	-0.01144	0.99993	-0.00377	0.01141	0.00390	0.99993	
