NO_OF_FRAMES	12038
NO_OF_CAMERAS	8
NO_OF_BODIES	2
FREQUENCY	200
NO_OF_ANALOG	0
ANALOG_FREQUENCY	0
DESCRIPTION	--
TIME_STAMP	2013-07-03, 13:59:43	19200.18239073
DATA_INCLUDED	6D
BODY_NAMES	Ice 1	Ice 2
Frame	Time	Ice 1 X	Y	Z	Roll	Pitch	Yaw	Residual	Rot[0]	Rot[1]	Rot[2]	Rot[3]	Rot[4]	Rot[5]	Rot[6]	Rot[7]	Rot[8]	Ice 2 X	Y	Z	Roll	Pitch	Yaw	Residual	Rot[0]	Rot[1]	Rot[2]	Rot[3]	Rot[4]	Rot[5]	Rot[6]	Rot[7]	Rot[8]	
1	0.00500	97.46417	-27.19142	0.71909	0.39061	0.05862	0.79317	0.99067	0.99990	-0.01384	-0.00102	0.01385	0.99988	0.00682	0.00093	-0.00683	0.99998		-93.75304	-103.28104	-0.66216	-0.36645	0.39056	-1.01590	0.25202	0.99982	0.01773	-0.00682	-0.01777	0.99982	-0.00640	0.00670	0.00652	0.99996	
2	0.01000	97.39209	-27.28950	0.73272	0.37385	0.07722	0.79564	0.98830	0.99990	-0.01389	-0.00135	0.01389	0.99988	0.00652	0.00126	-0.00654	0.99998		-93.75035	-103.27112	-0.67961	-0.36212	0.38937	-1.01442	0.20717	0.99982	0.01770	-0.00680	-0.01775	0.99982	-0.00632	0.00668	0.00644	0.99996	
3	0.01500	97.42623	-27.29238	0.72612	0.37306	0.07334	0.79695	0.98414	0.99990	-0.01391	-0.00128	0.01392	0.99988	0.00651	0.00119	-0.00653	0.99998		-93.74297	-103.28092	-0.65455	-0.36527	0.39024	-1.01792	0.20439	0.99982	0.01776	-0.00681	-0.01781	0.99982	-0.00638	0.00670	0.00650	0.99996	
4	0.02000	97.39544	-27.30741	0.73116	0.36887	0.07895	0.79307	0.97567	0.99990	-0.01384	-0.00138	0.01385	0.99988	0.00644	0.00129	-0.00646	0.99998		-93.74740	-103.29883	-0.62456	-0.36982	0.38660	-1.01414	0.19451	0.99982	0.01770	-0.00675	-0.01774	0.99982	-0.00645	0.00663	0.00657	0.99996	
5	0.02500	97.40830	-27.31073	0.74117	0.36687	0.07730	0.79671	0.98221	0.99990	-0.01390	-0.00135	0.01391	0.99988	0.00640	0.00126	-0.00642	0.99998		-93.77164	-103.30821	-0.61579	-0.37101	0.38978	-1.01493	0.20323	0.99982	0.01771	-0.00680	-0.01776	0.99982	-0.00648	0.00669	0.00659	0.99996	
6	0.03000	97.41056	-27.34036	0.72739	0.36257	0.08317	0.79881	0.98201	0.99990	-0.01394	-0.00145	0.01395	0.99988	0.00633	0.00136	-0.00635	0.99998		-93.77751	-103.29868	-0.60369	-0.36964	0.39376	-1.01820	0.20321	0.99982	0.01777	-0.00687	-0.01781	0.99982	-0.00645	0.00676	0.00657	0.99996	
7	0.03500	97.40634	-27.35381	0.73286	0.35788	0.08081	0.79672	0.97614	0.99990	-0.01391	-0.00141	0.01391	0.99988	0.00625	0.00132	-0.00627	0.99998		-93.74907	-103.33263	-0.58642	-0.37642	0.38934	-1.01320	0.18944	0.99982	0.01768	-0.00680	-0.01773	0.99982	-0.00657	0.00668	0.00669	0.99996	
8	0.04000	97.42386	-27.36198	0.73571	0.35761	0.08123	0.79881	0.98131	0.99990	-0.01394	-0.00142	0.01395	0.99988	0.00624	0.00133	-0.00626	0.99998		-93.74838	-103.34443	-0.56942	-0.37913	0.38927	-1.01279	0.19097	0.99982	0.01768	-0.00679	-0.01772	0.99982	-0.00662	0.00668	0.00674	0.99995	
9	0.04500	97.40520	-27.37462	0.72950	0.35401	0.08349	0.79738	0.97495	0.99990	-0.01392	-0.00146	0.01393	0.99988	0.00618	0.00137	-0.00620	0.99998		-93.76678	-103.34494	-0.54827	-0.37950	0.38889	-1.01751	0.19837	0.99982	0.01776	-0.00679	-0.01780	0.99982	-0.00662	0.00667	0.00674	0.99995	
10	0.05000	97.42336	-27.37617	0.73233	0.35287	0.08397	0.79830	0.98853	0.99990	-0.01393	-0.00147	0.01394	0.99988	0.00616	0.00138	-0.00618	0.99998		-93.72444	-103.34748	-0.53212	-0.37953	0.38874	-1.01708	0.20028	0.99982	0.01775	-0.00678	-0.01780	0.99982	-0.00662	0.00667	0.00674	0.99995	
11	0.05500	97.21193	-27.52086	0.82520	0.34920	0.08748	0.80745	1.05910	0.99990	-0.01409	-0.00153	0.01410	0.99988	0.00609	0.00144	-0.00612	0.99998		-93.75699	-103.35491	-0.52745	-0.38236	0.39411	-1.01614	0.21456	0.99982	0.01773	-0.00688	-0.01778	0.99982	-0.00667	0.00676	0.00679	0.99995	
12	0.06000	97.18753	-27.55122	0.83175	0.34666	0.09187	0.80189	1.05712	0.99990	-0.01400	-0.00160	0.01400	0.99988	0.00605	0.00152	-0.00607	0.99998		-93.77499	-103.37085	-0.51853	-0.38428	0.39311	-1.01304	0.20242	0.99982	0.01768	-0.00686	-0.01773	0.99982	-0.00671	0.00674	0.00683	0.99995	
13	0.06500	97.17801	-27.57106	0.83900	0.34312	0.09144	0.80793	1.07132	0.99990	-0.01410	-0.00160	0.01411	0.99988	0.00599	0.00151	-0.00601	0.99998		-93.75226	-103.36879	-0.48960	-0.38564	0.39295	-1.01213	0.20235	0.99982	0.01766	-0.00686	-0.01771	0.99982	-0.00673	0.00674	0.00685	0.99995	
14	0.07000	97.17662	-27.58756	0.84885	0.34208	0.09444	0.80914	1.08081	0.99990	-0.01412	-0.00165	0.01413	0.99988	0.00597	0.00156	-0.00599	0.99998		-93.75586	-103.36664	-0.48531	-0.38638	0.39165	-1.01183	0.19171	0.99982	0.01766	-0.00684	-0.01770	0.99982	-0.00674	0.00672	0.00686	0.99995	
15	0.07500	97.17166	-27.59562	0.84623	0.34110	0.09218	0.80583	1.06390	0.99990	-0.01406	-0.00161	0.01407	0.99988	0.00595	0.00152	-0.00598	0.99998		-93.77928	-103.38143	-0.48501	-0.38751	0.39676	-1.01741	0.21380	0.99982	0.01776	-0.00692	-0.01780	0.99982	-0.00676	0.00680	0.00689	0.99995	
16	0.08000	97.14693	-27.60932	0.84312	0.34026	0.09443	0.80548	1.06804	0.99990	-0.01406	-0.00165	0.01407	0.99988	0.00594	0.00156	-0.00596	0.99998		-93.75753	-103.37474	-0.46464	-0.38572	0.39658	-1.01751	0.21786	0.99982	0.01776	-0.00692	-0.01780	0.99982	-0.00673	0.00680	0.00685	0.99995	
17	0.08500	97.14682	-27.61693	0.84679	0.33799	0.09505	0.80672	1.06337	0.99990	-0.01408	-0.00166	0.01409	0.99988	0.00590	0.00158	-0.00592	0.99998		-93.78405	-103.36329	-0.44346	-0.38757	0.39879	-1.01855	0.21245	0.99982	0.01778	-0.00696	-0.01782	0.99982	-0.00676	0.00684	0.00689	0.99995	
18	0.09000	97.14965	-27.63440	0.84999	0.33621	0.09436	0.80943	1.07096	0.99990	-0.01413	-0.00165	0.01414	0.99988	0.00587	0.00156	-0.00589	0.99998		-93.74228	-103.38063	-0.44002	-0.38887	0.39802	-1.01845	0.18862	0.99982	0.01777	-0.00695	-0.01782	0.99982	-0.00679	0.00682	0.00691	0.99995	
19	0.09500	97.13744	-27.63508	0.86028	0.33731	0.09250	0.80678	1.07743	0.99990	-0.01408	-0.00161	0.01409	0.99988	0.00589	0.00153	-0.00591	0.99998		-93.74589	-103.37922	-0.43560	-0.39063	0.39938	-1.01428	0.20083	0.99982	0.01770	-0.00697	-0.01775	0.99982	-0.00682	0.00685	0.00694	0.99995	
20	0.10000	97.09766	-27.64671	0.87558	0.33511	0.09647	0.80883	1.07565	0.99990	-0.01412	-0.00168	0.01413	0.99988	0.00585	0.00160	-0.00587	0.99998		-93.76971	-103.39275	-0.42713	-0.39074	0.40198	-1.01624	0.18744	0.99982	0.01774	-0.00702	-0.01778	0.99982	-0.00682	0.00689	0.00694	0.99995	
21	0.10500	97.14542	-27.66285	0.87038	0.33296	0.09457	0.80993	1.07274	0.99990	-0.01414	-0.00165	0.01414	0.99988	0.00581	0.00157	-0.00583	0.99998		-93.75260	-103.38162	-0.41497	-0.39210	0.40334	-1.01480	0.18959	0.99982	0.01771	-0.00704	-0.01776	0.99982	-0.00684	0.00692	0.00697	0.99995	
22	0.11000	97.12406	-27.64717	0.88875	0.33606	0.09469	0.80194	1.06645	0.99990	-0.01400	-0.00165	0.01401	0.99988	0.00587	0.00157	-0.00589	0.99998		-93.79373	-103.39112	-0.41034	-0.39236	0.40786	-1.01775	0.19871	0.99982	0.01776	-0.00712	-0.01781	0.99982	-0.00685	0.00700	0.00697	0.99995	
23	0.11500	97.12327	-27.65057	0.87933	0.33726	0.09412	0.80671	1.08818	0.99990	-0.01408	-0.00164	0.01409	0.99988	0.00589	0.00156	-0.00591	0.99998		-93.75493	-103.38287	-0.39878	-0.38994	0.40822	-1.01430	0.18755	0.99982	0.01770	-0.00712	-0.01775	0.99982	-0.00681	0.00700	0.00693	0.99995	
24	0.12000	97.11602	-27.63773	0.87756	0.33605	0.09054	0.81035	1.08902	0.99990	-0.01414	-0.00158	0.01415	0.99988	0.00587	0.00150	-0.00589	0.99998		-93.76691	-103.38622	-0.39428	-0.39278	0.41155	-1.01400	0.19520	0.99982	0.01770	-0.00718	-0.01775	0.99982	-0.00686	0.00706	0.00698	0.99995	
25	0.12500	97.14743	-27.65391	0.86470	0.33727	0.08733	0.80995	1.08741	0.99990	-0.01414	-0.00152	0.01414	0.99988	0.00589	0.00144	-0.00591	0.99998		-93.76965	-103.36793	-0.37404	-0.38937	0.41466	-1.01658	0.20639	0.99982	0.01774	-0.00724	-0.01779	0.99982	-0.00680	0.00712	0.00692	0.99995	
26	0.13000	97.10608	-27.64926	0.88248	0.33773	0.08978	0.81087	1.09992	0.99990	-0.01415	-0.00157	0.01416	0.99988	0.00589	0.00148	-0.00592	0.99998		-93.76072	-103.37259	-0.37819	-0.39050	0.41257	-1.01566	0.19434	0.99982	0.01773	-0.00720	-0.01777	0.99982	-0.00682	0.00708	0.00694	0.99995	
27	0.13500	97.13576	-27.67022	0.87667	0.33590	0.08471	0.80657	1.09488	0.99990	-0.01408	-0.00148	0.01409	0.99988	0.00586	0.00140	-0.00588	0.99998		-93.77837	-103.37008	-0.36158	-0.39070	0.41939	-1.01960	0.21382	0.99981	0.01779	-0.00732	-0.01784	0.99982	-0.00682	0.00720	0.00695	0.99995	
28	0.14000	97.14596	-27.65456	0.88002	0.33966	0.08122	0.80886	1.08655	0.99990	-0.01412	-0.00142	0.01412	0.99988	0.00593	0.00133	-0.00595	0.99998		-93.77344	-103.36649	-0.36175	-0.39198	0.41849	-1.01957	0.19063	0.99982	0.01779	-0.00730	-0.01784	0.99982	-0.00684	0.00718	0.00697	0.99995	
29	0.14500	97.12091	-27.64293	0.88968	0.33761	0.08574	0.81067	1.09337	0.99990	-0.01415	-0.00150	0.01416	0.99988	0.00589	0.00141	-0.00591	0.99998		-93.77527	-103.36508	-0.34971	-0.39122	0.42359	-1.02178	0.19767	0.99981	0.01783	-0.00739	-0.01788	0.99982	-0.00683	0.00727	0.00696	0.99995	
30	0.15000	97.10315	-27.65548	0.91753	0.33922	0.08442	0.80596	1.08836	0.99990	-0.01407	-0.00147	0.01407	0.99988	0.00592	0.00139	-0.00594	0.99998		-93.78735	-103.36704	-0.32874	-0.39083	0.42390	-1.02185	0.18798	0.99981	0.01783	-0.00740	-0.01788	0.99982	-0.00682	0.00728	0.00695	0.99995	
31	0.15500	97.11747	-27.63339	0.90133	0.34045	0.07904	0.80973	1.09713	0.99990	-0.01413	-0.00138	0.01414	0.99988	0.00594	0.00130	-0.00596	0.99998		-93.79145	-103.35737	-0.34143	-0.39160	0.42760	-1.01844	0.18834	0.99981	0.01777	-0.00746	-0.01782	0.99982	-0.00683	0.00734	0.00697	0.99995	
32	0.16000	97.09308	-27.63032	0.91760	0.34506	0.07689	0.80265	1.08367	0.99990	-0.01401	-0.00134	0.01402	0.99988	0.00602	0.00126	-0.00604	0.99998		-93.74987	-103.35456	-0.33811	-0.39034	0.42747	-1.01785	0.19115	0.99981	0.01776	-0.00746	-0.01781	0.99982	-0.00681	0.00734	0.00694	0.99995	
33	0.16500	97.14628	-27.61880	0.91270	0.34395	0.07821	0.81191	1.09045	0.99990	-0.01417	-0.00137	0.01418	0.99988	0.00600	0.00128	-0.00602	0.99998		-93.79125	-103.33559	-0.32581	-0.38701	0.43488	-1.02411	0.19657	0.99981	0.01787	-0.00759	-0.01792	0.99982	-0.00675	0.00747	0.00689	0.99995	
34	0.17000	97.09799	-27.62158	0.92847	0.34413	0.07611	0.80472	1.08497	0.99990	-0.01404	-0.00133	0.01405	0.99988	0.00601	0.00124	-0.00602	0.99998		-93.76236	-103.34471	-0.32998	-0.39006	0.43071	-1.02263	0.19127	0.99981	0.01785	-0.00752	-0.01790	0.99982	-0.00681	0.00739	0.00694	0.99995	
35	0.17500	97.11093	-27.61164	0.92928	0.34713	0.07460	0.80716	1.09113	0.99990	-0.01409	-0.00130	0.01409	0.99988	0.00606	0.00122	-0.00608	0.99998		-93.79256	-103.32325	-0.32998	-0.38840	0.43580	-1.01863	0.19158	0.99981	0.01778	-0.00761	-0.01783	0.99982	-0.00678	0.00748	0.00691	0.99995	
36	0.18000	97.10578	-27.60164	0.93049	0.35029	0.07167	0.80483	1.09483	0.99990	-0.01405	-0.00125	0.01405	0.99988	0.00611	0.00116	-0.00613	0.99998		-93.77956	-103.32173	-0.32613	-0.38686	0.43501	-1.02044	0.19535	0.99981	0.01781	-0.00759	-0.01786	0.99982	-0.00675	0.00747	0.00689	0.99995	
37	0.18500	97.13802	-27.61076	0.92964	0.34809	0.06436	0.80809	1.08748	0.99990	-0.01410	-0.00112	0.01411	0.99988	0.00608	0.00104	-0.00609	0.99998		-93.79395	-103.30830	-0.31805	-0.38581	0.43877	-1.02199	0.19374	0.99981	0.01784	-0.00766	-0.01789	0.99982	-0.00673	0.00754	0.00687	0.99995	
38	0.19000	97.12268	-27.59274	0.93417	0.35319	0.06344	0.80421	1.08550	0.99990	-0.01404	-0.00111	0.01404	0.99988	0.00616	0.00102	-0.00618	0.99998		-93.79968	-103.29737	-0.32268	-0.38207	0.44215	-1.02290	0.19673	0.99981	0.01785	-0.00772	-0.01790	0.99982	-0.00667	0.00760	0.00681	0.99995	
39	0.19500	97.07406	-27.53730	0.98294	0.36276	0.06239	0.79380	1.05390	0.99990	-0.01385	-0.00109	0.01386	0.99988	0.00633	0.00100	-0.00635	0.99998		-93.76905	-103.29426	-0.31481	-0.38408	0.44257	-1.02000	0.19404	0.99981	0.01780	-0.00772	-0.01785	0.99982	-0.00670	0.00760	0.00684	0.99995	
40	0.20000	97.09437	-27.53200	0.96280	0.36450	0.05745	0.79377	1.07439	0.99990	-0.01385	-0.00100	0.01386	0.99988	0.00636	0.00091	-0.00637	0.99998		-93.79264	-103.28562	-0.31905	-0.38108	0.44568	-1.02606	0.20795	0.99981	0.01791	-0.00778	-0.01796	0.99982	-0.00665	0.00766	0.00679	0.99995	
41	0.20500	97.09625	-27.51659	0.97736	0.36797	0.05396	0.79216	1.07367	0.99990	-0.01383	-0.00094	0.01383	0.99988	0.00642	0.00085	-0.00643	0.99998		-93.76854	-103.29025	-0.31965	-0.38069	0.44680	-1.01958	0.19018	0.99981	0.01779	-0.00780	-0.01785	0.99982	-0.00664	0.00768	0.00678	0.99995	
42	0.21000	97.11065	-27.51122	0.97675	0.37045	0.04817	0.79573	1.08787	0.99990	-0.01389	-0.00084	0.01389	0.99988	0.00647	0.00075	-0.00648	0.99998		-93.79867	-103.26610	-0.31515	-0.37874	0.44719	-1.02011	0.19972	0.99981	0.01780	-0.00780	-0.01785	0.99982	-0.00661	0.00769	0.00675	0.99995	
43	0.21500	97.08284	-27.50343	0.99396	0.37102	0.04896	0.79511	1.06845	0.99990	-0.01388	-0.00085	0.01388	0.99988	0.00648	0.00076	-0.00649	0.99998		-93.77619	-103.24899	-0.31599	-0.37452	0.44679	-1.02451	0.18777	0.99981	0.01788	-0.00780	-0.01793	0.99982	-0.00654	0.00768	0.00667	0.99995	
44	0.22000	97.07996	-27.46022	0.97822	0.37806	0.04605	0.79407	1.08145	0.99990	-0.01386	-0.00080	0.01386	0.99988	0.00660	0.00071	-0.00661	0.99998		-93.80141	-103.23932	-0.31173	-0.37341	0.45042	-1.02391	0.19732	0.99981	0.01787	-0.00786	-0.01792	0.99982	-0.00652	0.00774	0.00666	0.99995	
45	0.22500	97.11438	-27.45542	0.99845	0.38108	0.03970	0.79281	1.08235	0.99990	-0.01384	-0.00069	0.01384	0.99988	0.00665	0.00060	-0.00666	0.99998		-93.77697	-103.23506	-0.31651	-0.37218	0.44940	-1.02041	0.18605	0.99981	0.01781	-0.00784	-0.01786	0.99982	-0.00650	0.00773	0.00663	0.99995	
46	0.23000	97.15308	-27.43728	0.99082	0.38436	0.03324	0.79086	1.07881	0.99990	-0.01380	-0.00058	0.01381	0.99988	0.00671	0.00049	-0.00672	0.99998		-93.76346	-103.21317	-0.31760	-0.36646	0.45570	-1.02172	0.20222	0.99981	0.01783	-0.00795	-0.01788	0.99982	-0.00640	0.00784	0.00654	0.99995	
47	0.23500	97.11697	-27.41526	1.00980	0.38830	0.03743	0.79340	1.07324	0.99990	-0.01385	-0.00065	0.01385	0.99988	0.00678	0.00056	-0.00679	0.99998		-93.77503	-103.20286	-0.31742	-0.36565	0.45150	-1.02432	0.18753	0.99981	0.01788	-0.00788	-0.01793	0.99982	-0.00638	0.00776	0.00652	0.99995	
48	0.24000	97.12415	-27.39753	1.00821	0.39182	0.03442	0.78836	1.07486	0.99991	-0.01376	-0.00060	0.01376	0.99988	0.00684	0.00051	-0.00685	0.99998		-93.77643	-103.19844	-0.31766	-0.36341	0.45393	-1.02493	0.19252	0.99981	0.01789	-0.00792	-0.01794	0.99982	-0.00634	0.00781	0.00648	0.99995	
49	0.24500	97.12598	-27.40017	1.01430	0.39342	0.03247	0.79482	1.08084	0.99990	-0.01387	-0.00057	0.01388	0.99988	0.00687	0.00047	-0.00687	0.99998		-93.78017	-103.19165	-0.30947	-0.36189	0.45477	-1.02519	0.19173	0.99981	0.01789	-0.00794	-0.01794	0.99982	-0.00632	0.00782	0.00646	0.99995	
50	0.25000	97.15919	-27.37066	1.02040	0.39740	0.02282	0.79251	1.06706	0.99990	-0.01383	-0.00040	0.01383	0.99988	0.00694	0.00030	-0.00694	0.99998		-93.77255	-103.18592	-0.31401	-0.35939	0.45513	-1.02273	0.19159	0.99981	0.01785	-0.00794	-0.01790	0.99982	-0.00627	0.00783	0.00641	0.99995	
51	0.25500	97.15702	-27.35222	1.02618	0.40145	0.02067	0.78946	1.07693	0.99991	-0.01378	-0.00036	0.01378	0.99988	0.00701	0.00026	-0.00701	0.99998		-93.77323	-103.14771	-0.31875	-0.35479	0.45583	-1.02265	0.18700	0.99981	0.01785	-0.00796	-0.01790	0.99982	-0.00619	0.00784	0.00633	0.99995	
52	0.26000	97.18080	-27.31025	1.03636	0.40893	0.01737	0.79064	1.08678	0.99990	-0.01380	-0.00030	0.01380	0.99988	0.00714	0.00020	-0.00714	0.99997		-93.78491	-103.16133	-0.31850	-0.35492	0.45571	-1.02632	0.18805	0.99981	0.01791	-0.00795	-0.01796	0.99982	-0.00619	0.00784	0.00634	0.99995	
53	0.26500	97.17255	-27.30214	1.04066	0.41230	0.01574	0.79355	1.08563	0.99990	-0.01385	-0.00027	0.01385	0.99988	0.00720	0.00018	-0.00720	0.99997		-93.77294	-103.12539	-0.32371	-0.34839	0.45795	-1.02855	0.19972	0.99981	0.01795	-0.00799	-0.01800	0.99982	-0.00608	0.00788	0.00622	0.99995	
54	0.27000	97.15643	-27.29299	1.04991	0.41522	0.01218	0.78986	1.08271	0.99990	-0.01379	-0.00021	0.01379	0.99988	0.00725	0.00011	-0.00725	0.99997		-93.74905	-103.11171	-0.32418	-0.34504	0.45713	-1.02608	0.20879	0.99981	0.01791	-0.00798	-0.01796	0.99982	-0.00602	0.00787	0.00616	0.99995	
55	0.27500	97.15972	-27.25692	1.05678	0.42048	0.01059	0.79265	1.08454	0.99990	-0.01383	-0.00018	0.01383	0.99988	0.00734	0.00008	-0.00734	0.99997		-93.78222	-103.08841	-0.33283	-0.33991	0.45992	-1.02997	0.19245	0.99981	0.01797	-0.00803	-0.01802	0.99982	-0.00593	0.00792	0.00608	0.99995	
56	0.28000	97.16393	-27.23892	1.06672	0.42599	0.00720	0.79259	1.08648	0.99990	-0.01383	-0.00013	0.01383	0.99988	0.00743	0.00002	-0.00744	0.99997		-93.76857	-103.07141	-0.33769	-0.33693	0.45914	-1.02966	0.18436	0.99981	0.01797	-0.00801	-0.01802	0.99982	-0.00588	0.00791	0.00602	0.99995	
57	0.28500	97.19627	-27.21572	1.05709	0.43008	0.00410	0.79574	1.09198	0.99990	-0.01389	-0.00007	0.01389	0.99988	0.00751	-0.00003	-0.00751	0.99997		-93.75860	-103.05509	-0.34209	-0.33327	0.45682	-1.02999	0.18047	0.99981	0.01798	-0.00797	-0.01802	0.99982	-0.00582	0.00787	0.00596	0.99995	
58	0.29000	97.17239	-27.19842	1.06935	0.43305	0.00438	0.79229	1.08713	0.99990	-0.01383	-0.00008	0.01383	0.99988	0.00756	-0.00003	-0.00756	0.99997		-93.77269	-103.03898	-0.33361	-0.32991	0.45543	-1.02935	0.18442	0.99981	0.01796	-0.00795	-0.01801	0.99982	-0.00576	0.00784	0.00590	0.99995	
59	0.29500	97.19203	-27.16641	1.07367	0.43935	-0.00022	0.79642	1.08581	0.99990	-0.01390	0.00000	0.01390	0.99987	0.00767	-0.00011	-0.00767	0.99997		-93.79123	-103.03336	-0.34202	-0.32644	0.45931	-1.02826	0.20634	0.99981	0.01795	-0.00802	-0.01799	0.99982	-0.00570	0.00791	0.00584	0.99995	
60	0.30000	97.16393	-27.17179	1.08250	0.44076	0.00071	0.78913	1.08927	0.99991	-0.01377	-0.00001	0.01377	0.99988	0.00769	-0.00009	-0.00769	0.99997		-93.80266	-102.99511	-0.34680	-0.32095	0.46024	-1.03015	0.19289	0.99981	0.01798	-0.00803	-0.01802	0.99982	-0.00560	0.00793	0.00575	0.99995	
61	0.30500	97.19223	-27.13689	1.08508	0.44832	-0.00528	0.78860	1.08551	0.99991	-0.01376	0.00009	0.01376	0.99987	0.00782	-0.00020	-0.00782	0.99997		-93.78502	-102.99873	-0.36360	-0.31853	0.45774	-1.02932	0.20346	0.99981	0.01796	-0.00799	-0.01801	0.99982	-0.00556	0.00789	0.00570	0.99995	
62	0.31000	97.17517	-27.10946	1.09760	0.45226	-0.00304	0.79057	1.08654	0.99990	-0.01380	0.00005	0.01380	0.99987	0.00789	-0.00016	-0.00789	0.99997		-93.77652	-102.96314	-0.34369	-0.31133	0.45816	-1.02971	0.18715	0.99981	0.01797	-0.00800	-0.01801	0.99982	-0.00543	0.00790	0.00558	0.99995	
63	0.31500	97.20921	-27.09655	1.10573	0.45900	-0.01224	0.78945	1.08412	0.99991	-0.01378	0.00021	0.01378	0.99987	0.00801	-0.00032	-0.00801	0.99997		-93.79903	-102.96198	-0.35145	-0.31055	0.45619	-1.02872	0.18961	0.99981	0.01795	-0.00796	-0.01800	0.99982	-0.00542	0.00786	0.00556	0.99995	
64	0.32000	97.22220	-27.06309	1.09875	0.46251	-0.01111	0.79370	1.10083	0.99990	-0.01385	0.00019	0.01385	0.99987	0.00807	-0.00031	-0.00807	0.99997		-93.75490	-102.90776	-0.37015	-0.30032	0.45851	-1.03568	0.20692	0.99980	0.01807	-0.00800	-0.01812	0.99982	-0.00524	0.00791	0.00539	0.99995	
65	0.32500	97.22672	-27.03214	1.11182	0.46831	-0.01040	0.79145	1.08976	0.99990	-0.01381	0.00018	0.01381	0.99987	0.00817	-0.00029	-0.00817	0.99997		-93.76918	-102.88325	-0.37047	-0.29381	0.45920	-1.03705	0.20914	0.99980	0.01810	-0.00801	-0.01814	0.99982	-0.00513	0.00792	0.00527	0.99995	
66	0.33000	97.20072	-27.01587	1.11468	0.47037	-0.01017	0.79238	1.10188	0.99990	-0.01383	0.00018	0.01383	0.99987	0.00821	-0.00029	-0.00821	0.99997		-93.76197	-102.87238	-0.37477	-0.29136	0.45747	-1.03730	0.20911	0.99980	0.01810	-0.00798	-0.01814	0.99982	-0.00509	0.00789	0.00523	0.99996	
67	0.33500	97.26391	-26.98026	1.13087	0.47815	-0.01715	0.79321	1.10392	0.99990	-0.01384	0.00030	0.01384	0.99987	0.00835	-0.00041	-0.00834	0.99997		-93.76274	-102.85833	-0.37493	-0.28731	0.45509	-1.03771	0.20270	0.99980	0.01811	-0.00794	-0.01815	0.99982	-0.00501	0.00785	0.00516	0.99996	
68	0.34000	97.23711	-26.96656	1.10625	0.48409	-0.02061	0.78626	1.08687	0.99991	-0.01372	0.00036	0.01372	0.99987	0.00845	-0.00048	-0.00844	0.99996		-93.75810	-102.82568	-0.37555	-0.28104	0.45172	-1.04249	0.19342	0.99980	0.01819	-0.00788	-0.01823	0.99982	-0.00490	0.00779	0.00505	0.99996	
69	0.34500	97.21017	-26.92743	1.12242	0.48830	-0.01460	0.79234	1.09573	0.99990	-0.01383	0.00025	0.01383	0.99987	0.00852	-0.00037	-0.00852	0.99996		-93.76598	-102.82596	-0.38354	-0.27900	0.45327	-1.03980	0.22600	0.99980	0.01815	-0.00791	-0.01819	0.99982	-0.00487	0.00782	0.00501	0.99996	
70	0.35000	97.26296	-26.91367	1.14781	0.49274	-0.02074	0.79181	1.09124	0.99990	-0.01382	0.00036	0.01382	0.99987	0.00860	-0.00048	-0.00859	0.99996		-93.76056	-102.80869	-0.37967	-0.27429	0.44926	-1.03672	0.19997	0.99981	0.01809	-0.00784	-0.01813	0.99982	-0.00479	0.00775	0.00493	0.99996	
71	0.35500	97.25246	-26.87507	1.14460	0.49822	-0.01874	0.79384	1.10109	0.99990	-0.01385	0.00033	0.01385	0.99987	0.00870	-0.00045	-0.00869	0.99996		-93.75568	-102.78536	-0.39272	-0.26890	0.44816	-1.04209	0.20813	0.99980	0.01819	-0.00782	-0.01822	0.99982	-0.00469	0.00773	0.00483	0.99996	
72	0.36000	97.25437	-26.84974	1.13602	0.50651	-0.02225	0.78903	1.09142	0.99991	-0.01377	0.00039	0.01377	0.99987	0.00884	-0.00051	-0.00883	0.99996		-93.74421	-102.76918	-0.39298	-0.26523	0.44552	-1.04244	0.20842	0.99980	0.01819	-0.00778	-0.01823	0.99982	-0.00463	0.00769	0.00477	0.99996	
73	0.36500	97.23730	-26.83650	1.14938	0.50945	-0.02251	0.79006	1.09838	0.99990	-0.01379	0.00039	0.01378	0.99987	0.00889	-0.00052	-0.00889	0.99996		-93.74665	-102.75315	-0.39319	-0.25989	0.44077	-1.04134	0.18815	0.99981	0.01817	-0.00769	-0.01821	0.99982	-0.00454	0.00761	0.00468	0.99996	
74	0.37000	97.23764	-26.78082	1.16167	0.51824	-0.02277	0.79355	1.09910	0.99990	-0.01385	0.00040	0.01385	0.99986	0.00904	-0.00052	-0.00904	0.99996		-93.72216	-102.73166	-0.39388	-0.25468	0.43991	-1.04487	0.20153	0.99980	0.01823	-0.00768	-0.01827	0.99982	-0.00444	0.00760	0.00458	0.99996	
75	0.37500	97.25918	-26.76649	1.15447	0.52241	-0.02291	0.79571	1.11058	0.99990	-0.01389	0.00040	0.01388	0.99986	0.00912	-0.00053	-0.00911	0.99996		-93.74651	-102.72290	-0.40177	-0.25211	0.43818	-1.04135	0.20081	0.99981	0.01817	-0.00765	-0.01821	0.99982	-0.00440	0.00757	0.00454	0.99996	
76	0.38000	97.23352	-26.74404	1.19063	0.52685	-0.01776	0.79703	1.10526	0.99990	-0.01391	0.00031	0.01391	0.99986	0.00920	-0.00044	-0.00919	0.99996		-93.76874	-102.70524	-0.40585	-0.24626	0.43824	-1.04487	0.21110	0.99980	0.01823	-0.00765	-0.01827	0.99982	-0.00430	0.00757	0.00444	0.99996	
77	0.38500	97.27027	-26.71592	1.17133	0.53434	-0.02500	0.78822	1.10085	0.99991	-0.01376	0.00044	0.01375	0.99986	0.00933	-0.00056	-0.00932	0.99996		-93.76082	-102.67949	-0.41075	-0.23916	0.43859	-1.04876	0.21542	0.99980	0.01830	-0.00765	-0.01834	0.99982	-0.00417	0.00758	0.00431	0.99996	
78	0.39000	97.26484	-26.70492	1.16717	0.53838	-0.02391	0.79067	1.09707	0.99990	-0.01380	0.00042	0.01379	0.99986	0.00940	-0.00055	-0.00939	0.99996		-93.73038	-102.68459	-0.41086	-0.23930	0.43357	-1.04201	0.20347	0.99981	0.01819	-0.00757	-0.01822	0.99983	-0.00418	0.00749	0.00431	0.99996	
79	0.39500	97.29335	-26.67933	1.17525	0.54197	-0.02090	0.79159	1.10476	0.99990	-0.01382	0.00036	0.01381	0.99986	0.00946	-0.00050	-0.00945	0.99996		-93.73600	-102.66657	-0.41514	-0.23340	0.42983	-1.04453	0.19836	0.99981	0.01823	-0.00750	-0.01826	0.99982	-0.00407	0.00743	0.00421	0.99996	
80	0.40000	97.29692	-26.64374	1.18163	0.55053	-0.02657	0.79134	1.10545	0.99990	-0.01381	0.00046	0.01381	0.99986	0.00961	-0.00060	-0.00960	0.99995		-93.76569	-102.63905	-0.42341	-0.22659	0.42920	-1.04170	0.19292	0.99981	0.01818	-0.00749	-0.01821	0.99983	-0.00395	0.00742	0.00409	0.99996	
81	0.40500	97.29073	-26.61787	1.17769	0.55493	-0.02478	0.79476	1.11168	0.99990	-0.01387	0.00043	0.01387	0.99986	0.00969	-0.00057	-0.00968	0.99995		-93.76229	-102.62421	-0.42354	-0.22229	0.42592	-1.04403	0.19668	0.99981	0.01822	-0.00743	-0.01825	0.99983	-0.00388	0.00736	0.00401	0.99996	
82	0.41000	97.30725	-26.56280	1.18396	0.56504	-0.02562	0.79293	1.11074	0.99990	-0.01384	0.00045	0.01383	0.99986	0.00986	-0.00058	-0.00985	0.99995		-93.75514	-102.59846	-0.43203	-0.21850	0.42471	-1.04617	0.21553	0.99981	0.01826	-0.00741	-0.01829	0.99983	-0.00381	0.00734	0.00395	0.99997	
83	0.41500	97.28922	-26.54521	1.19679	0.56813	-0.01912	0.79723	1.11084	0.99990	-0.01391	0.00033	0.01391	0.99985	0.00992	-0.00047	-0.00991	0.99995		-93.76193	-102.59130	-0.44067	-0.21269	0.42539	-1.04349	0.22021	0.99981	0.01821	-0.00742	-0.01824	0.99983	-0.00371	0.00736	0.00385	0.99997	
84	0.42000	97.31536	-26.52124	1.21126	0.57429	-0.02336	0.79944	1.12467	0.99990	-0.01395	0.00041	0.01395	0.99985	0.01002	-0.00055	-0.01002	0.99995		-93.75183	-102.57287	-0.43238	-0.20771	0.42047	-1.04386	0.21266	0.99981	0.01822	-0.00734	-0.01824	0.99983	-0.00363	0.00727	0.00376	0.99997	
85	0.42500	97.29037	-26.49527	1.19397	0.57962	-0.02077	0.79722	1.11954	0.99990	-0.01391	0.00036	0.01391	0.99985	0.01012	-0.00050	-0.01011	0.99995		-93.74995	-102.56904	-0.44907	-0.20389	0.41699	-1.04496	0.21488	0.99981	0.01824	-0.00728	-0.01826	0.99983	-0.00356	0.00721	0.00369	0.99997	
86	0.43000	97.32700	-26.46096	1.20328	0.58647	-0.02396	0.79452	1.11456	0.99990	-0.01387	0.00042	0.01386	0.99985	0.01024	-0.00056	-0.01023	0.99995		-93.75713	-102.53868	-0.45759	-0.19938	0.41420	-1.04201	0.20414	0.99981	0.01819	-0.00723	-0.01821	0.99983	-0.00348	0.00716	0.00361	0.99997	
87	0.43500	97.29625	-26.43320	1.20772	0.59218	-0.01729	0.79311	1.11368	0.99990	-0.01384	0.00030	0.01384	0.99985	0.01034	-0.00044	-0.01033	0.99995		-93.75564	-102.52343	-0.45343	-0.19583	0.41413	-1.04792	0.23224	0.99981	0.01829	-0.00723	-0.01831	0.99983	-0.00342	0.00716	0.00355	0.99997	
88	0.44000	97.33826	-26.41213	1.18668	0.59716	-0.02060	0.79533	1.11621	0.99990	-0.01388	0.00036	0.01388	0.99985	0.01042	-0.00050	-0.01042	0.99995		-93.74158	-102.52332	-0.46630	-0.19175	0.41000	-1.04931	0.21285	0.99981	0.01831	-0.00716	-0.01834	0.99983	-0.00335	0.00709	0.00348	0.99997	
89	0.44500	97.31375	-26.37317	1.20921	0.60373	-0.01713	0.79706	1.11982	0.99990	-0.01391	0.00030	0.01391	0.99985	0.01054	-0.00045	-0.01053	0.99994		-93.73344	-102.50147	-0.46655	-0.18685	0.40792	-1.04248	0.20716	0.99981	0.01819	-0.00712	-0.01822	0.99983	-0.00326	0.00706	0.00339	0.99997	
90	0.45000	97.30066	-26.35572	1.20562	0.61005	-0.01731	0.79325	1.11090	0.99990	-0.01384	0.00030	0.01384	0.99985	0.01065	-0.00045	-0.01064	0.99994		-93.73360	-102.48699	-0.48313	-0.18381	0.40324	-1.04737	0.21457	0.99981	0.01828	-0.00704	-0.01830	0.99983	-0.00321	0.00698	0.00334	0.99997	
91	0.45500	97.30763	-26.34853	1.20635	0.61269	-0.01638	0.79074	1.11693	0.99990	-0.01380	0.00029	0.01380	0.99985	0.01069	-0.00043	-0.01069	0.99994		-93.77131	-102.47787	-0.48323	-0.17672	0.40842	-1.04401	0.21171	0.99981	0.01822	-0.00713	-0.01824	0.99983	-0.00308	0.00707	0.00321	0.99997	
92	0.46000	97.31054	-26.30925	1.20372	0.62121	-0.01463	0.79225	1.12782	0.99990	-0.01383	0.00026	0.01382	0.99985	0.01084	-0.00041	-0.01084	0.99994		-93.72205	-102.46312	-0.48800	-0.17308	0.40175	-1.04498	0.20802	0.99981	0.01824	-0.00701	-0.01826	0.99983	-0.00302	0.00696	0.00315	0.99997	
93	0.46500	97.28096	-26.29542	1.21693	0.62476	-0.01336	0.79356	1.10729	0.99990	-0.01385	0.00023	0.01385	0.99984	0.01090	-0.00038	-0.01090	0.99994		-93.74226	-102.42001	-0.50108	-0.16233	0.40364	-1.04708	0.20943	0.99981	0.01827	-0.00704	-0.01829	0.99983	-0.00283	0.00699	0.00296	0.99997	
94	0.47000	97.32805	-26.26906	1.21174	0.63049	-0.01296	0.79256	1.12280	0.99990	-0.01383	0.00023	0.01383	0.99984	0.01100	-0.00038	-0.01100	0.99994		-93.70465	-102.43389	-0.50507	-0.16437	0.39725	-1.04791	0.22139	0.99981	0.01829	-0.00693	-0.01831	0.99983	-0.00287	0.00688	0.00300	0.99997	
95	0.47500	97.27308	-26.24599	1.22313	0.63654	-0.00640	0.79092	1.11724	0.99990	-0.01380	0.00011	0.01380	0.99984	0.01111	-0.00027	-0.01111	0.99994		-93.77911	-102.39399	-0.51759	-0.15490	0.40219	-1.04624	0.20976	0.99981	0.01826	-0.00702	-0.01828	0.99983	-0.00270	0.00697	0.00283	0.99997	
96	0.48000	97.28428	-26.22155	1.23800	0.64239	-0.00675	0.79186	1.12292	0.99990	-0.01382	0.00012	0.01382	0.99984	0.01121	-0.00027	-0.01121	0.99994		-93.74852	-102.39139	-0.51345	-0.15325	0.39734	-1.04319	0.21279	0.99981	0.01821	-0.00693	-0.01822	0.99983	-0.00267	0.00689	0.00280	0.99997	
97	0.48500	97.31166	-26.19142	1.21272	0.64566	-0.00655	0.79775	1.13291	0.99990	-0.01392	0.00011	0.01392	0.99984	0.01127	-0.00027	-0.01127	0.99994		-93.75310	-102.37612	-0.53464	-0.14673	0.39545	-1.04760	0.20903	0.99981	0.01828	-0.00690	-0.01830	0.99983	-0.00256	0.00685	0.00269	0.99997	
98	0.49000	97.30719	-26.18067	1.21699	0.64909	-0.00987	0.79575	1.13124	0.99990	-0.01389	0.00017	0.01389	0.99984	0.01133	-0.00033	-0.01133	0.99994		-93.72740	-102.37854	-0.52232	-0.14697	0.39437	-1.05030	0.22665	0.99981	0.01833	-0.00688	-0.01835	0.99983	-0.00257	0.00683	0.00269	0.99997	
99	0.49500	97.30284	-26.14735	1.20857	0.65640	-0.00658	0.79679	1.12754	0.99990	-0.01391	0.00011	0.01390	0.99984	0.01146	-0.00027	-0.01145	0.99993		-93.76358	-102.35887	-0.53485	-0.13980	0.39484	-1.05060	0.21028	0.99981	0.01834	-0.00689	-0.01835	0.99983	-0.00244	0.00685	0.00257	0.99997	
100	0.50000	97.31428	-26.13270	1.22662	0.66229	-0.00814	0.79069	1.11081	0.99990	-0.01380	0.00014	0.01380	0.99984	0.01156	-0.00030	-0.01156	0.99993		-93.74549	-102.34857	-0.55150	-0.13880	0.38832	-1.04510	0.19927	0.99981	0.01824	-0.00678	-0.01826	0.99983	-0.00242	0.00673	0.00255	0.99997	
101	0.50500	97.31598	-26.11305	1.22515	0.66447	-0.00589	0.79157	1.11312	0.99990	-0.01381	0.00010	0.01381	0.99984	0.01160	-0.00026	-0.01159	0.99993		-93.74183	-102.33409	-0.54779	-0.13426	0.38958	-1.04753	0.19594	0.99981	0.01828	-0.00680	-0.01830	0.99983	-0.00234	0.00676	0.00247	0.99997	
102	0.51000	97.25013	-26.10174	1.23072	0.67048	0.00317	0.78782	1.11202	0.99991	-0.01375	-0.00006	0.01375	0.99984	0.01170	-0.00011	-0.01170	0.99993		-93.77271	-102.32363	-0.55179	-0.13089	0.39423	-1.04520	0.21405	0.99981	0.01824	-0.00688	-0.01826	0.99983	-0.00228	0.00684	0.00241	0.99997	
103	0.51500	97.32016	-26.07007	1.22792	0.67749	-0.00390	0.79527	1.12102	0.99990	-0.01388	0.00007	0.01388	0.99983	0.01182	-0.00023	-0.01182	0.99993		-93.75316	-102.31772	-0.56038	-0.12962	0.38963	-1.04431	0.19620	0.99981	0.01823	-0.00680	-0.01824	0.99983	-0.00226	0.00676	0.00239	0.99997	
104	0.52000	97.33382	-26.04056	1.23233	0.68080	-0.00291	0.79602	1.12646	0.99990	-0.01389	0.00005	0.01389	0.99983	0.01188	-0.00022	-0.01188	0.99993		-93.76746	-102.30861	-0.56445	-0.12453	0.39003	-1.04782	0.21899	0.99981	0.01829	-0.00681	-0.01830	0.99983	-0.00217	0.00677	0.00230	0.99997	
105	0.52500	97.31885	-26.01542	1.23538	0.68785	-0.00015	0.78725	1.11675	0.99991	-0.01374	0.00000	0.01374	0.99983	0.01200	-0.00017	-0.01200	0.99993		-93.77320	-102.29173	-0.58154	-0.12266	0.39178	-1.05092	0.21220	0.99981	0.01834	-0.00684	-0.01836	0.99983	-0.00214	0.00680	0.00227	0.99997	
106	0.53000	97.27827	-25.99624	1.24091	0.69598	-0.00217	0.77927	1.10530	0.99991	-0.01360	0.00004	0.01360	0.99983	0.01215	-0.00020	-0.01215	0.99993		-93.75538	-102.27976	-0.57360	-0.11884	0.38959	-1.04793	0.20519	0.99981	0.01829	-0.00680	-0.01830	0.99983	-0.00207	0.00676	0.00220	0.99997	
107	0.53500	97.29232	-25.97455	1.24876	0.69987	-0.00200	0.78248	1.10319	0.99991	-0.01366	0.00003	0.01366	0.99983	0.01221	-0.00020	-0.01221	0.99993		-93.75324	-102.27241	-0.59451	-0.11629	0.38652	-1.04806	0.19628	0.99981	0.01829	-0.00675	-0.01830	0.99983	-0.00203	0.00671	0.00215	0.99998	
108	0.54000	97.27058	-25.95072	1.24880	0.70379	-0.00328	0.78524	1.10711	0.99991	-0.01370	0.00006	0.01370	0.99983	0.01228	-0.00023	-0.01228	0.99992		-93.75951	-102.27918	-0.60275	-0.11581	0.38743	-1.04258	0.19044	0.99981	0.01820	-0.00676	-0.01821	0.99983	-0.00202	0.00672	0.00214	0.99998	
109	0.54500	97.27810	-25.93059	1.25882	0.70879	-0.00201	0.78273	1.10377	0.99991	-0.01366	0.00004	0.01366	0.99983	0.01237	-0.00020	-0.01237	0.99992		-93.76240	-102.26215	-0.59917	-0.11061	0.39031	-1.04837	0.20506	0.99981	0.01830	-0.00681	-0.01831	0.99983	-0.00193	0.00678	0.00205	0.99997	
110	0.55000	97.26966	-25.91856	1.25997	0.71271	0.00128	0.78162	1.10982	0.99991	-0.01364	-0.00002	0.01364	0.99983	0.01244	-0.00015	-0.01244	0.99992		-93.74337	-102.27103	-0.61559	-0.11269	0.38599	-1.04769	0.20925	0.99981	0.01828	-0.00674	-0.01830	0.99983	-0.00197	0.00670	0.00209	0.99998	
111	0.55500	97.25380	-25.90960	1.26287	0.71311	0.00287	0.78319	1.10603	0.99991	-0.01367	-0.00005	0.01367	0.99983	0.01245	-0.00012	-0.01245	0.99992		-93.75697	-102.26146	-0.62406	-0.10958	0.38650	-1.04820	0.19663	0.99981	0.01829	-0.00675	-0.01831	0.99983	-0.00191	0.00671	0.00204	0.99998	
112	0.56000	97.23271	-25.88892	1.26429	0.72117	0.01009	0.77621	1.09729	0.99991	-0.01355	-0.00018	0.01355	0.99983	0.01259	0.00001	-0.01259	0.99992		-93.78865	-102.24084	-0.62436	-0.10679	0.39413	-1.04821	0.21160	0.99981	0.01829	-0.00688	-0.01831	0.99983	-0.00186	0.00684	0.00199	0.99997	
113	0.56500	97.25960	-25.87842	1.24780	0.72376	0.00328	0.77944	1.11838	0.99991	-0.01360	-0.00006	0.01360	0.99983	0.01263	-0.00011	-0.01263	0.99992		-93.78242	-102.24486	-0.63270	-0.10568	0.39237	-1.04535	0.20296	0.99981	0.01824	-0.00685	-0.01826	0.99983	-0.00184	0.00681	0.00197	0.99997	
114	0.57000	97.26204	-25.86388	1.24893	0.72669	0.00599	0.77991	1.10478	0.99991	-0.01361	-0.00010	0.01361	0.99983	0.01268	-0.00007	-0.01268	0.99992		-93.77654	-102.25293	-0.64529	-0.10424	0.39261	-1.04456	0.20959	0.99981	0.01823	-0.00685	-0.01824	0.99983	-0.00182	0.00682	0.00194	0.99997	
115	0.57500	97.26206	-25.84562	1.26253	0.73116	0.00834	0.77959	1.09843	0.99991	-0.01361	-0.00015	0.01361	0.99983	0.01276	-0.00003	-0.01276	0.99992		-93.77022	-102.25449	-0.64558	-0.10548	0.39369	-1.04660	0.19860	0.99981	0.01827	-0.00687	-0.01828	0.99983	-0.00184	0.00684	0.00197	0.99997	
116	0.58000	97.29107	-25.83327	1.23958	0.73285	0.00353	0.78037	1.10680	0.99991	-0.01362	-0.00006	0.01362	0.99983	0.01279	-0.00011	-0.01279	0.99992		-93.76320	-102.25000	-0.66213	-0.10359	0.38935	-1.04832	0.20052	0.99981	0.01830	-0.00680	-0.01831	0.99983	-0.00181	0.00676	0.00193	0.99998	
117	0.58500	97.28024	-25.80792	1.24380	0.73807	0.00576	0.78054	1.10227	0.99991	-0.01362	-0.00010	0.01362	0.99982	0.01288	-0.00007	-0.01288	0.99992		-93.76536	-102.24243	-0.67129	-0.10227	0.39714	-1.04904	0.20585	0.99981	0.01831	-0.00693	-0.01832	0.99983	-0.00178	0.00690	0.00191	0.99997	
118	0.59000	97.26210	-25.81696	1.25214	0.73878	0.00953	0.77833	1.10699	0.99991	-0.01358	-0.00017	0.01359	0.99982	0.01289	-0.00001	-0.01289	0.99992		-93.78454	-102.25385	-0.66683	-0.10196	0.39850	-1.04653	0.19992	0.99981	0.01826	-0.00696	-0.01828	0.99983	-0.00178	0.00692	0.00191	0.99997	
119	0.59500	97.25993	-25.81211	1.24069	0.74054	0.00554	0.77819	1.08197	0.99991	-0.01358	-0.00010	0.01358	0.99982	0.01292	-0.00008	-0.01292	0.99992		-93.79180	-102.24534	-0.67522	-0.10119	0.39800	-1.04648	0.18974	0.99981	0.01826	-0.00695	-0.01828	0.99983	-0.00177	0.00691	0.00189	0.99997	
120	0.60000	97.27395	-25.80895	1.23927	0.74157	0.00475	0.78096	1.11781	0.99991	-0.01363	-0.00008	0.01363	0.99982	0.01294	-0.00009	-0.01294	0.99992		-93.77953	-102.25069	-0.68788	-0.10206	0.39984	-1.04660	0.21011	0.99981	0.01827	-0.00698	-0.01828	0.99983	-0.00178	0.00694	0.00191	0.99997	
121	0.60500	97.25684	-25.79009	1.25247	0.74605	0.01157	0.77814	1.10686	0.99991	-0.01358	-0.00020	0.01358	0.99982	0.01302	0.00003	-0.01302	0.99992		-93.77095	-102.24352	-0.69657	-0.10125	0.40046	-1.04954	0.21237	0.99981	0.01832	-0.00699	-0.01833	0.99983	-0.00177	0.00696	0.00189	0.99997	
122	0.61000	97.25908	-25.78032	1.23129	0.74872	0.00970	0.77996	1.11079	0.99991	-0.01361	-0.00017	0.01361	0.99982	0.01307	-0.00001	-0.01307	0.99991		-93.77458	-102.24671	-0.71759	-0.10282	0.40374	-1.04763	0.20627	0.99981	0.01828	-0.00705	-0.01830	0.99983	-0.00179	0.00701	0.00192	0.99997	
123	0.61500	97.24344	-25.78148	1.25256	0.74897	0.01526	0.78037	1.11169	0.99991	-0.01362	-0.00027	0.01362	0.99982	0.01307	0.00009	-0.01307	0.99991		-93.79332	-102.24483	-0.71330	-0.10263	0.40345	-1.04949	0.20052	0.99981	0.01832	-0.00704	-0.01833	0.99983	-0.00179	0.00701	0.00192	0.99997	
124	0.62000	97.27041	-25.76837	1.25128	0.75014	0.01437	0.78385	1.10214	0.99991	-0.01368	-0.00025	0.01368	0.99982	0.01309	0.00007	-0.01309	0.99991		-93.79535	-102.24118	-0.73002	-0.10267	0.40644	-1.04386	0.20716	0.99981	0.01822	-0.00709	-0.01823	0.99983	-0.00179	0.00706	0.00192	0.99997	
125	0.62500	97.25392	-25.76027	1.22713	0.75561	0.01036	0.77916	1.11128	0.99991	-0.01360	-0.00018	0.01360	0.99982	0.01319	0.00000	-0.01319	0.99991		-93.79406	-102.25499	-0.72620	-0.10340	0.41036	-1.04522	0.20049	0.99981	0.01824	-0.00716	-0.01825	0.99983	-0.00180	0.00713	0.00194	0.99997	
126	0.63000	97.25324	-25.77162	1.24031	0.75316	0.01359	0.77997	1.10453	0.99991	-0.01361	-0.00024	0.01361	0.99982	0.01314	0.00006	-0.01315	0.99991		-93.80206	-102.26101	-0.73851	-0.10592	0.41003	-1.04770	0.20149	0.99981	0.01828	-0.00716	-0.01830	0.99983	-0.00185	0.00712	0.00198	0.99997	
127	0.63500	97.25875	-25.76393	1.22675	0.75596	0.01321	0.78291	1.11857	0.99991	-0.01366	-0.00023	0.01367	0.99982	0.01319	0.00005	-0.01320	0.99991		-93.78116	-102.25589	-0.76000	-0.10320	0.41197	-1.04703	0.21202	0.99981	0.01827	-0.00719	-0.01829	0.99983	-0.00180	0.00716	0.00193	0.99997	
128	0.64000	97.21892	-25.75904	1.21596	0.75582	0.01647	0.78285	1.11023	0.99991	-0.01366	-0.00029	0.01367	0.99982	0.01319	0.00011	-0.01319	0.99991		-93.82073	-102.25944	-0.75577	-0.10509	0.41893	-1.04570	0.20360	0.99981	0.01825	-0.00731	-0.01826	0.99983	-0.00183	0.00728	0.00197	0.99997	
129	0.64500	97.22290	-25.78476	1.21869	0.75413	0.01561	0.77561	1.10831	0.99991	-0.01354	-0.00027	0.01354	0.99982	0.01316	0.00009	-0.01316	0.99991		-93.77605	-102.27862	-0.78109	-0.10804	0.41540	-1.04571	0.19274	0.99981	0.01825	-0.00725	-0.01826	0.99983	-0.00189	0.00721	0.00202	0.99997	
130	0.65000	97.24655	-25.75421	1.21385	0.75778	0.01591	0.78284	1.11256	0.99991	-0.01366	-0.00028	0.01367	0.99982	0.01323	0.00010	-0.01323	0.99991		-93.79409	-102.27895	-0.77679	-0.10723	0.41700	-1.04441	0.18889	0.99981	0.01823	-0.00728	-0.01824	0.99983	-0.00187	0.00724	0.00200	0.99997	
131	0.65500	97.23661	-25.76977	1.19854	0.75420	0.01830	0.78339	1.11521	0.99991	-0.01367	-0.00032	0.01368	0.99982	0.01316	0.00014	-0.01317	0.99991		-93.81655	-102.29060	-0.78500	-0.11053	0.42498	-1.04862	0.22474	0.99981	0.01830	-0.00742	-0.01832	0.99983	-0.00193	0.00738	0.00206	0.99997	
132	0.66000	97.21234	-25.76425	1.21507	0.75657	0.02149	0.78351	1.12669	0.99991	-0.01367	-0.00038	0.01368	0.99982	0.01320	0.00019	-0.01321	0.99991		-93.82771	-102.29985	-0.78934	-0.11140	0.42941	-1.04717	0.21320	0.99980	0.01828	-0.00749	-0.01829	0.99983	-0.00194	0.00746	0.00208	0.99997	
133	0.66500	97.21197	-25.76157	1.21337	0.75701	0.02231	0.78128	1.10212	0.99991	-0.01364	-0.00039	0.01364	0.99982	0.01321	0.00021	-0.01322	0.99991		-93.81811	-102.30467	-0.80204	-0.11331	0.42990	-1.04965	0.21787	0.99980	0.01832	-0.00750	-0.01833	0.99983	-0.00198	0.00747	0.00211	0.99997	
134	0.67000	97.19818	-25.75871	1.18956	0.75690	0.02181	0.78514	1.10491	0.99991	-0.01370	-0.00038	0.01371	0.99982	0.01321	0.00020	-0.01321	0.99991		-93.80502	-102.31497	-0.79375	-0.11670	0.42926	-1.04077	0.19102	0.99981	0.01816	-0.00749	-0.01818	0.99983	-0.00204	0.00745	0.00217	0.99997	
135	0.67500	97.13905	-25.79872	1.20899	0.75269	0.02941	0.77987	1.09470	0.99991	-0.01361	-0.00051	0.01362	0.99982	0.01314	0.00033	-0.01314	0.99991		-93.83432	-102.32483	-0.80576	-0.11917	0.43134	-1.04416	0.20051	0.99981	0.01822	-0.00753	-0.01824	0.99983	-0.00208	0.00749	0.00222	0.99997	
136	0.68000	97.15841	-25.78388	1.17976	0.75549	0.02531	0.78209	1.12280	0.99991	-0.01365	-0.00044	0.01365	0.99982	0.01319	0.00026	-0.01319	0.99991		-93.84243	-102.32388	-0.81418	-0.11888	0.43322	-1.04434	0.19801	0.99981	0.01823	-0.00756	-0.01824	0.99983	-0.00207	0.00752	0.00221	0.99997	
137	0.68500	97.15062	-25.79892	1.17599	0.75087	0.03185	0.78316	1.10797	0.99991	-0.01367	-0.00056	0.01367	0.99982	0.01310	0.00038	-0.01311	0.99991		-93.84915	-102.34188	-0.82683	-0.12259	0.43945	-1.04144	0.20413	0.99981	0.01818	-0.00767	-0.01819	0.99983	-0.00214	0.00763	0.00228	0.99997	
