NO_OF_FRAMES	12037
NO_OF_CAMERAS	8
NO_OF_BODIES	2
FREQUENCY	200
NO_OF_ANALOG	0
ANALOG_FREQUENCY	0
DESCRIPTION	--
TIME_STAMP	2013-07-03, 12:16:04	12981.35243089
DATA_INCLUDED	6D
BODY_NAMES	Ice 1	Ice 2
Frame	Time	Ice 1 X	Y	Z	Roll	Pitch	Yaw	Residual	Rot[0]	Rot[1]	Rot[2]	Rot[3]	Rot[4]	Rot[5]	Rot[6]	Rot[7]	Rot[8]	Ice 2 X	Y	Z	Roll	Pitch	Yaw	Residual	Rot[0]	Rot[1]	Rot[2]	Rot[3]	Rot[4]	Rot[5]	Rot[6]	Rot[7]	Rot[8]	
1	0.00500	64.86783	-12.45028	0.49012	0.63448	-0.09083	0.96731	1.05413	0.99986	-0.01688	0.00159	0.01686	0.99980	0.01107	-0.00177	-0.01105	0.99994		-133.26360	-115.85262	-0.28894	-0.24714	0.33641	-0.57150	0.27649	0.99993	0.00997	-0.00587	-0.01000	0.99994	-0.00431	0.00583	0.00437	0.99997	
2	0.01000	64.86440	-12.47957	0.49598	0.62982	-0.08649	0.95715	1.00665	0.99986	-0.01670	0.00151	0.01669	0.99980	0.01099	-0.00169	-0.01097	0.99994		-133.31468	-115.81227	-0.27858	-0.22924	0.35130	-0.57008	0.22283	0.99993	0.00995	-0.00613	-0.00997	0.99994	-0.00400	0.00609	0.00406	0.99997	
3	0.01500	64.84776	-12.44982	0.48996	0.63066	-0.08332	0.96233	1.01781	0.99986	-0.01679	0.00145	0.01678	0.99980	0.01101	-0.00164	-0.01098	0.99994		-133.31464	-115.77745	-0.30920	-0.21264	0.35409	-0.57382	0.22495	0.99993	0.01001	-0.00618	-0.01004	0.99994	-0.00371	0.00614	0.00377	0.99997	
4	0.02000	64.85318	-12.47415	0.47390	0.62629	-0.08218	0.96227	1.01754	0.99986	-0.01679	0.00143	0.01678	0.99980	0.01093	-0.00162	-0.01090	0.99994		-133.33192	-115.78733	-0.31386	-0.20335	0.35822	-0.57258	0.21415	0.99993	0.00999	-0.00625	-0.01002	0.99994	-0.00355	0.00622	0.00361	0.99997	
5	0.02500	64.85780	-12.48261	0.45585	0.62333	-0.08376	0.95930	1.01808	0.99986	-0.01674	0.00146	0.01673	0.99980	0.01088	-0.00164	-0.01085	0.99994		-133.32284	-115.79085	-0.30177	-0.19259	0.35638	-0.57747	0.22946	0.99993	0.01008	-0.00622	-0.01010	0.99994	-0.00336	0.00619	0.00342	0.99997	
6	0.03000	64.86415	-12.48713	0.44870	0.62003	-0.07758	0.95548	1.01498	0.99986	-0.01668	0.00135	0.01666	0.99980	0.01082	-0.00153	-0.01080	0.99994		-133.34330	-115.76616	-0.31090	-0.17990	0.35721	-0.57683	0.19869	0.99993	0.01007	-0.00623	-0.01009	0.99994	-0.00314	0.00620	0.00320	0.99998	
7	0.03500	64.82250	-12.48968	0.44140	0.61504	-0.07355	0.95944	1.01632	0.99986	-0.01674	0.00128	0.01673	0.99980	0.01073	-0.00146	-0.01071	0.99994		-133.32310	-115.77292	-0.30732	-0.17167	0.35775	-0.57504	0.20883	0.99993	0.01004	-0.00624	-0.01005	0.99994	-0.00300	0.00621	0.00306	0.99998	
8	0.04000	64.83368	-12.50738	0.42948	0.61316	-0.07109	0.95663	1.01860	0.99986	-0.01670	0.00124	0.01668	0.99980	0.01070	-0.00142	-0.01068	0.99994		-133.33879	-115.77028	-0.32026	-0.16065	0.35937	-0.57860	0.21954	0.99993	0.01010	-0.00627	-0.01012	0.99994	-0.00280	0.00624	0.00287	0.99998	
9	0.04500	64.80198	-12.49948	0.43362	0.60842	-0.06824	0.95518	1.01020	0.99986	-0.01667	0.00119	0.01666	0.99980	0.01062	-0.00137	-0.01060	0.99994		-133.34971	-115.76560	-0.32074	-0.15419	0.36324	-0.57909	0.22830	0.99993	0.01011	-0.00634	-0.01012	0.99995	-0.00269	0.00631	0.00276	0.99998	
10	0.05000	64.79485	-12.51188	0.40350	0.60350	-0.06321	0.95432	1.01810	0.99986	-0.01666	0.00110	0.01664	0.99981	0.01053	-0.00128	-0.01051	0.99994		-133.31869	-115.76412	-0.32190	-0.14491	0.36393	-0.58112	0.21816	0.99993	0.01014	-0.00635	-0.01016	0.99995	-0.00253	0.00633	0.00259	0.99998	
11	0.05500	64.55944	-12.68142	0.52438	0.59629	-0.06416	0.96718	1.10097	0.99986	-0.01688	0.00112	0.01687	0.99980	0.01041	-0.00130	-0.01039	0.99995		-133.35918	-115.76107	-0.32202	-0.13714	0.36949	-0.57958	0.20449	0.99993	0.01012	-0.00645	-0.01013	0.99995	-0.00239	0.00642	0.00246	0.99998	
12	0.06000	64.55181	-12.69069	0.53884	0.59167	-0.06146	0.96573	1.09937	0.99986	-0.01685	0.00107	0.01684	0.99980	0.01033	-0.00125	-0.01031	0.99995		-133.35407	-115.75994	-0.32670	-0.13033	0.37174	-0.57893	0.22259	0.99993	0.01010	-0.00649	-0.01012	0.99995	-0.00227	0.00646	0.00234	0.99998	
13	0.06500	64.56946	-12.70559	0.52285	0.58703	-0.06233	0.96384	1.10438	0.99986	-0.01682	0.00109	0.01681	0.99981	0.01025	-0.00126	-0.01023	0.99995		-133.33505	-115.74278	-0.33185	-0.11990	0.37079	-0.58220	0.21363	0.99993	0.01016	-0.00647	-0.01017	0.99995	-0.00209	0.00645	0.00216	0.99998	
14	0.07000	64.52672	-12.70629	0.52350	0.58279	-0.05552	0.96893	1.11550	0.99986	-0.01691	0.00097	0.01690	0.99981	0.01017	-0.00114	-0.01015	0.99995		-133.37602	-115.74154	-0.32743	-0.11371	0.37434	-0.58053	0.21517	0.99993	0.01013	-0.00653	-0.01014	0.99995	-0.00198	0.00651	0.00205	0.99998	
15	0.07500	64.52853	-12.72283	0.52420	0.57825	-0.06050	0.96773	1.11509	0.99986	-0.01689	0.00106	0.01688	0.99981	0.01009	-0.00123	-0.01007	0.99995		-133.35869	-115.73188	-0.31588	-0.10583	0.37639	-0.58367	0.21761	0.99993	0.01019	-0.00657	-0.01020	0.99995	-0.00185	0.00655	0.00191	0.99998	
16	0.08000	64.51890	-12.73554	0.52417	0.57141	-0.05498	0.96499	1.10908	0.99986	-0.01684	0.00096	0.01683	0.99981	0.00997	-0.00113	-0.00996	0.99995		-133.38056	-115.72459	-0.31652	-0.09788	0.38028	-0.58597	0.20914	0.99993	0.01023	-0.00664	-0.01024	0.99995	-0.00171	0.00662	0.00178	0.99998	
17	0.08500	64.46659	-12.73548	0.52298	0.56549	-0.05279	0.96692	1.11215	0.99986	-0.01688	0.00092	0.01687	0.99981	0.00987	-0.00109	-0.00985	0.99995		-133.38953	-115.72768	-0.33292	-0.09450	0.38151	-0.58178	0.21590	0.99993	0.01015	-0.00666	-0.01016	0.99995	-0.00165	0.00664	0.00172	0.99998	
18	0.09000	64.49892	-12.75177	0.53661	0.55980	-0.05305	0.96789	1.11672	0.99986	-0.01689	0.00093	0.01688	0.99981	0.00977	-0.00109	-0.00975	0.99995		-133.39062	-115.70665	-0.32516	-0.08642	0.38352	-0.58227	0.22577	0.99993	0.01016	-0.00669	-0.01017	0.99995	-0.00151	0.00668	0.00158	0.99998	
19	0.09500	64.46805	-12.75961	0.52308	0.55248	-0.04764	0.96490	1.10305	0.99986	-0.01684	0.00083	0.01683	0.99981	0.00964	-0.00099	-0.00963	0.99995		-133.37916	-115.70731	-0.32562	-0.08121	0.38219	-0.58763	0.22090	0.99993	0.01026	-0.00667	-0.01027	0.99995	-0.00142	0.00666	0.00149	0.99998	
20	0.10000	64.52339	-12.77558	0.51357	0.54776	-0.05395	0.96637	1.12656	0.99986	-0.01687	0.00094	0.01686	0.99981	0.00956	-0.00110	-0.00954	0.99995		-133.37242	-115.71157	-0.32987	-0.08102	0.38273	-0.58588	0.21355	0.99993	0.01023	-0.00668	-0.01023	0.99995	-0.00141	0.00667	0.00148	0.99998	
21	0.10500	64.42597	-12.78846	0.53675	0.54212	-0.04583	0.96531	1.10927	0.99986	-0.01685	0.00080	0.01684	0.99981	0.00946	-0.00096	-0.00945	0.99995		-133.34128	-115.70701	-0.32262	-0.07518	0.38417	-0.59024	0.21967	0.99992	0.01030	-0.00671	-0.01031	0.99995	-0.00131	0.00669	0.00138	0.99998	
22	0.11000	64.45937	-12.78188	0.53593	0.53785	-0.04823	0.96597	1.10977	0.99986	-0.01686	0.00084	0.01685	0.99981	0.00939	-0.00100	-0.00937	0.99996		-133.39112	-115.70182	-0.30558	-0.07020	0.39010	-0.58798	0.22177	0.99992	0.01026	-0.00681	-0.01027	0.99995	-0.00123	0.00680	0.00130	0.99998	
23	0.11500	64.42441	-12.78658	0.53651	0.53183	-0.04568	0.96218	1.12635	0.99986	-0.01679	0.00080	0.01678	0.99982	0.00928	-0.00095	-0.00927	0.99996		-133.37688	-115.68937	-0.31843	-0.06945	0.38712	-0.58705	0.20772	0.99992	0.01025	-0.00676	-0.01025	0.99995	-0.00121	0.00674	0.00128	0.99998	
24	0.12000	64.42382	-12.80885	0.53492	0.52329	-0.04742	0.96530	1.11430	0.99986	-0.01685	0.00083	0.01684	0.99982	0.00913	-0.00098	-0.00912	0.99996		-133.39606	-115.70249	-0.31042	-0.06781	0.39563	-0.59221	0.22979	0.99992	0.01034	-0.00691	-0.01034	0.99995	-0.00118	0.00689	0.00125	0.99998	
25	0.12500	64.42548	-12.80837	0.55103	0.52076	-0.04694	0.96470	1.11614	0.99986	-0.01684	0.00082	0.01683	0.99982	0.00909	-0.00097	-0.00907	0.99996		-133.38850	-115.68916	-0.30655	-0.06573	0.39640	-0.59070	0.21959	0.99992	0.01031	-0.00692	-0.01032	0.99995	-0.00115	0.00691	0.00122	0.99998	
26	0.13000	64.38183	-12.81056	0.54868	0.51491	-0.04924	0.96312	1.12588	0.99986	-0.01681	0.00086	0.01680	0.99982	0.00899	-0.00101	-0.00897	0.99996		-133.40546	-115.67587	-0.31458	-0.06498	0.39603	-0.59263	0.23337	0.99992	0.01034	-0.00691	-0.01035	0.99995	-0.00113	0.00690	0.00121	0.99998	
27	0.13500	64.40896	-12.80610	0.56420	0.51125	-0.04557	0.96522	1.12315	0.99986	-0.01685	0.00080	0.01684	0.99982	0.00892	-0.00095	-0.00891	0.99996		-133.35166	-115.69337	-0.30299	-0.06310	0.39435	-0.59099	0.23130	0.99992	0.01031	-0.00688	-0.01032	0.99995	-0.00110	0.00687	0.00117	0.99998	
28	0.14000	64.39996	-12.81656	0.56083	0.50359	-0.04878	0.96441	1.12279	0.99986	-0.01683	0.00085	0.01682	0.99982	0.00879	-0.00100	-0.00877	0.99996		-133.38819	-115.70125	-0.30640	-0.06846	0.39637	-0.59030	0.22129	0.99992	0.01030	-0.00692	-0.01031	0.99995	-0.00119	0.00691	0.00127	0.99998	
29	0.14500	64.37844	-12.82159	0.56570	0.49970	-0.05064	0.96715	1.12882	0.99986	-0.01688	0.00088	0.01687	0.99982	0.00872	-0.00103	-0.00871	0.99996		-133.37505	-115.69652	-0.28998	-0.06921	0.39836	-0.58844	0.22393	0.99992	0.01027	-0.00695	-0.01028	0.99995	-0.00121	0.00694	0.00128	0.99998	
30	0.15000	64.39829	-12.82828	0.58645	0.49452	-0.04790	0.96112	1.10981	0.99986	-0.01677	0.00084	0.01677	0.99982	0.00863	-0.00098	-0.00862	0.99996		-133.35446	-115.70502	-0.29469	-0.06967	0.40034	-0.58503	0.22428	0.99992	0.01021	-0.00699	-0.01022	0.99995	-0.00122	0.00697	0.00129	0.99997	
31	0.15500	64.42104	-12.83295	0.57737	0.48747	-0.05016	0.96148	1.12140	0.99986	-0.01678	0.00088	0.01677	0.99982	0.00851	-0.00102	-0.00849	0.99996		-133.40268	-115.69527	-0.29782	-0.07246	0.39830	-0.58909	0.21338	0.99992	0.01028	-0.00695	-0.01029	0.99995	-0.00126	0.00694	0.00134	0.99998	
32	0.16000	64.38716	-12.85506	0.59647	0.48312	-0.04831	0.96614	1.12412	0.99986	-0.01686	0.00084	0.01685	0.99982	0.00843	-0.00099	-0.00842	0.99996		-133.38053	-115.70364	-0.29009	-0.07371	0.40260	-0.59182	0.22140	0.99992	0.01033	-0.00703	-0.01034	0.99995	-0.00129	0.00701	0.00136	0.99997	
33	0.16500	64.40911	-12.84414	0.59144	0.48019	-0.05790	0.96472	1.14075	0.99986	-0.01684	0.00101	0.01683	0.99982	0.00838	-0.00115	-0.00836	0.99996		-133.39814	-115.69832	-0.27306	-0.07900	0.40311	-0.59046	0.22774	0.99992	0.01031	-0.00704	-0.01032	0.99995	-0.00138	0.00702	0.00145	0.99997	
34	0.17000	64.40328	-12.83109	0.60787	0.47631	-0.05422	0.96660	1.13359	0.99986	-0.01687	0.00095	0.01686	0.99982	0.00831	-0.00109	-0.00830	0.99997		-133.39562	-115.68643	-0.28557	-0.08249	0.40371	-0.59192	0.22466	0.99992	0.01033	-0.00705	-0.01034	0.99995	-0.00144	0.00703	0.00151	0.99997	
35	0.17500	64.39081	-12.84652	0.63034	0.47088	-0.05535	0.96777	1.12017	0.99986	-0.01689	0.00097	0.01688	0.99982	0.00822	-0.00110	-0.00820	0.99997		-133.38939	-115.71713	-0.27302	-0.08919	0.40695	-0.59093	0.22406	0.99992	0.01031	-0.00710	-0.01032	0.99995	-0.00156	0.00709	0.00163	0.99997	
36	0.18000	64.41466	-12.87400	0.64511	0.46324	-0.05706	0.96683	1.11942	0.99986	-0.01687	0.00100	0.01686	0.99983	0.00809	-0.00113	-0.00807	0.99997		-133.38580	-115.70619	-0.27302	-0.09619	0.40555	-0.58928	0.20170	0.99992	0.01028	-0.00708	-0.01030	0.99995	-0.00168	0.00706	0.00175	0.99997	
37	0.18500	64.39685	-12.87521	0.65642	0.45929	-0.05744	0.96502	1.11638	0.99986	-0.01684	0.00100	0.01683	0.99983	0.00802	-0.00114	-0.00800	0.99997		-133.37072	-115.73056	-0.26458	-0.10142	0.40678	-0.59024	0.21956	0.99992	0.01030	-0.00710	-0.01031	0.99995	-0.00177	0.00708	0.00184	0.99997	
38	0.19000	64.41740	-12.88630	0.68179	0.45360	-0.05778	0.96871	1.11939	0.99986	-0.01691	0.00101	0.01690	0.99983	0.00792	-0.00114	-0.00790	0.99997		-133.40316	-115.70825	-0.27214	-0.10525	0.40639	-0.58904	0.22489	0.99992	0.01028	-0.00709	-0.01029	0.99995	-0.00184	0.00707	0.00191	0.99997	
39	0.19500	64.37643	-12.87021	0.71117	0.45209	-0.05601	0.95874	1.11272	0.99986	-0.01673	0.00098	0.01672	0.99983	0.00789	-0.00111	-0.00787	0.99997		-133.38933	-115.70378	-0.25999	-0.11005	0.40923	-0.59490	0.22782	0.99992	0.01038	-0.00714	-0.01040	0.99994	-0.00192	0.00712	0.00199	0.99997	
40	0.20000	64.37280	-12.89481	0.70692	0.44828	-0.05581	0.96503	1.12020	0.99986	-0.01684	0.00097	0.01683	0.99983	0.00782	-0.00111	-0.00781	0.99997		-133.37891	-115.72591	-0.25989	-0.11690	0.41190	-0.58924	0.22360	0.99992	0.01028	-0.00719	-0.01030	0.99994	-0.00204	0.00717	0.00211	0.99997	
41	0.20500	64.38000	-12.89827	0.73365	0.44585	-0.05680	0.96037	1.11917	0.99986	-0.01676	0.00099	0.01675	0.99983	0.00778	-0.00112	-0.00776	0.99997		-133.38505	-115.70996	-0.26367	-0.12392	0.41056	-0.58951	0.22517	0.99992	0.01029	-0.00717	-0.01030	0.99994	-0.00216	0.00714	0.00224	0.99997	
42	0.21000	64.40646	-12.89994	0.74693	0.44158	-0.06347	0.96235	1.12343	0.99986	-0.01680	0.00111	0.01679	0.99983	0.00771	-0.00124	-0.00769	0.99997		-133.39432	-115.72532	-0.26337	-0.13154	0.41341	-0.58946	0.22260	0.99992	0.01029	-0.00722	-0.01030	0.99994	-0.00230	0.00719	0.00237	0.99997	
43	0.21500	64.38474	-12.93423	0.73808	0.43682	-0.06073	0.96798	1.12713	0.99986	-0.01689	0.00106	0.01689	0.99983	0.00762	-0.00119	-0.00760	0.99997		-133.39335	-115.73493	-0.24620	-0.14119	0.41238	-0.58982	0.21561	0.99992	0.01029	-0.00720	-0.01031	0.99994	-0.00246	0.00717	0.00254	0.99997	
44	0.22000	64.34620	-12.91402	0.79508	0.43645	-0.05249	0.96588	1.12315	0.99986	-0.01686	0.00092	0.01685	0.99983	0.00762	-0.00104	-0.00760	0.99997		-133.39024	-115.72532	-0.24216	-0.14818	0.41570	-0.58734	0.21022	0.99992	0.01025	-0.00726	-0.01027	0.99994	-0.00259	0.00723	0.00266	0.99997	
45	0.22500	64.33986	-12.92330	0.77914	0.43403	-0.05928	0.96296	1.12049	0.99986	-0.01681	0.00103	0.01680	0.99983	0.00758	-0.00116	-0.00756	0.99997		-133.38168	-115.72192	-0.24627	-0.15448	0.41746	-0.58848	0.22009	0.99992	0.01027	-0.00729	-0.01029	0.99994	-0.00270	0.00726	0.00277	0.99997	
46	0.23000	64.38007	-12.91265	0.81181	0.43649	-0.06211	0.96602	1.13196	0.99986	-0.01686	0.00108	0.01685	0.99983	0.00762	-0.00121	-0.00760	0.99997		-133.37717	-115.73126	-0.24567	-0.16607	0.41592	-0.58676	0.21869	0.99992	0.01024	-0.00726	-0.01026	0.99994	-0.00290	0.00723	0.00297	0.99997	
47	0.23500	64.37419	-12.92716	0.81752	0.43339	-0.06620	0.96219	1.12640	0.99986	-0.01679	0.00116	0.01678	0.99983	0.00756	-0.00128	-0.00754	0.99997		-133.40466	-115.72681	-0.24107	-0.17161	0.41866	-0.58372	0.20737	0.99992	0.01019	-0.00731	-0.01021	0.99994	-0.00300	0.00728	0.00307	0.99997	
48	0.24000	64.37880	-12.93192	0.83471	0.43158	-0.06621	0.96274	1.12683	0.99986	-0.01680	0.00116	0.01679	0.99983	0.00753	-0.00128	-0.00751	0.99997		-133.33482	-115.75343	-0.22006	-0.18747	0.41403	-0.58754	0.22328	0.99992	0.01025	-0.00723	-0.01028	0.99994	-0.00327	0.00719	0.00335	0.99997	
49	0.24500	64.38842	-12.92006	0.85500	0.43556	-0.06725	0.96376	1.14939	0.99986	-0.01682	0.00117	0.01681	0.99983	0.00760	-0.00130	-0.00758	0.99997		-133.36621	-115.78406	-0.21081	-0.19882	0.41762	-0.59041	0.21838	0.99992	0.01030	-0.00729	-0.01033	0.99994	-0.00347	0.00725	0.00354	0.99997	
50	0.25000	64.35356	-12.92729	0.87009	0.43315	-0.06577	0.96474	1.13839	0.99986	-0.01684	0.00115	0.01683	0.99983	0.00756	-0.00127	-0.00754	0.99997		-133.36396	-115.75521	-0.22788	-0.20135	0.42105	-0.59047	0.22366	0.99992	0.01031	-0.00735	-0.01033	0.99994	-0.00351	0.00731	0.00359	0.99997	
51	0.25500	64.35503	-12.92397	0.90020	0.43165	-0.06077	0.96887	1.13083	0.99986	-0.01691	0.00106	0.01690	0.99983	0.00753	-0.00119	-0.00751	0.99997		-133.32796	-115.78976	-0.21024	-0.21964	0.41482	-0.59124	0.23032	0.99992	0.01032	-0.00724	-0.01035	0.99994	-0.00383	0.00720	0.00391	0.99997	
52	0.26000	64.33232	-12.94945	0.92302	0.43090	-0.06366	0.96082	1.13223	0.99986	-0.01677	0.00111	0.01676	0.99983	0.00752	-0.00124	-0.00750	0.99997		-133.35617	-115.78493	-0.20515	-0.23041	0.41654	-0.58992	0.22712	0.99992	0.01030	-0.00727	-0.01032	0.99994	-0.00402	0.00723	0.00410	0.99997	
53	0.26500	64.34125	-12.94183	0.90911	0.43300	-0.06707	0.96393	1.14865	0.99986	-0.01682	0.00117	0.01681	0.99983	0.00756	-0.00130	-0.00754	0.99997		-133.34825	-115.79432	-0.20500	-0.23751	0.41809	-0.59259	0.22951	0.99992	0.01034	-0.00730	-0.01037	0.99994	-0.00415	0.00725	0.00422	0.99996	
54	0.27000	64.36492	-12.93794	0.95080	0.43393	-0.06920	0.96613	1.13733	0.99986	-0.01686	0.00121	0.01685	0.99983	0.00757	-0.00134	-0.00755	0.99997		-133.38884	-115.77034	-0.22586	-0.24140	0.42678	-0.59354	0.23370	0.99992	0.01036	-0.00745	-0.01039	0.99994	-0.00421	0.00740	0.00429	0.99996	
55	0.27500	64.33641	-12.93960	0.94653	0.43502	-0.06891	0.96573	1.13029	0.99986	-0.01685	0.00120	0.01684	0.99983	0.00759	-0.00133	-0.00757	0.99997		-133.37535	-115.78035	-0.19982	-0.25645	0.42147	-0.59482	0.23371	0.99992	0.01038	-0.00736	-0.01041	0.99994	-0.00448	0.00731	0.00455	0.99996	
56	0.28000	64.34979	-12.94799	0.95016	0.44013	-0.07572	0.95707	1.13130	0.99986	-0.01670	0.00132	0.01669	0.99983	0.00768	-0.00145	-0.00766	0.99997		-133.33420	-115.79773	-0.21224	-0.26723	0.42039	-0.59147	0.23728	0.99992	0.01032	-0.00734	-0.01036	0.99994	-0.00466	0.00729	0.00474	0.99996	
57	0.28500	64.32624	-12.94358	0.99531	0.44038	-0.07165	0.96418	1.13229	0.99986	-0.01683	0.00125	0.01682	0.99983	0.00769	-0.00138	-0.00766	0.99997		-133.37951	-115.79313	-0.20707	-0.27711	0.42348	-0.59232	0.23655	0.99992	0.01034	-0.00739	-0.01037	0.99993	-0.00484	0.00734	0.00491	0.99996	
58	0.29000	64.35907	-12.95001	1.00016	0.44140	-0.07227	0.96478	1.15223	0.99986	-0.01684	0.00126	0.01683	0.99983	0.00770	-0.00139	-0.00768	0.99997		-133.34761	-115.81801	-0.20261	-0.28673	0.42148	-0.59070	0.22004	0.99992	0.01031	-0.00736	-0.01035	0.99993	-0.00500	0.00730	0.00508	0.99996	
59	0.29500	64.32824	-12.94012	1.00748	0.44359	-0.06992	0.96642	1.13725	0.99986	-0.01687	0.00122	0.01686	0.99983	0.00774	-0.00135	-0.00772	0.99997		-133.37493	-115.79759	-0.20630	-0.29469	0.42557	-0.59465	0.23204	0.99992	0.01038	-0.00743	-0.01042	0.99993	-0.00514	0.00737	0.00522	0.99996	
60	0.30000	64.41221	-12.93355	1.02599	0.44835	-0.07769	0.96304	1.15271	0.99986	-0.01681	0.00136	0.01680	0.99983	0.00783	-0.00149	-0.00780	0.99997		-133.39399	-115.81537	-0.20543	-0.30519	0.42653	-0.59986	0.24263	0.99992	0.01047	-0.00744	-0.01051	0.99993	-0.00533	0.00739	0.00540	0.99996	
61	0.30500	64.37440	-12.94991	1.03150	0.44808	-0.07130	0.96250	1.14084	0.99986	-0.01680	0.00124	0.01679	0.99983	0.00782	-0.00138	-0.00780	0.99997		-133.36629	-115.83620	-0.21358	-0.31593	0.42585	-0.59350	0.21950	0.99992	0.01036	-0.00743	-0.01040	0.99993	-0.00551	0.00737	0.00559	0.99996	
62	0.31000	64.33833	-12.95827	1.06281	0.45110	-0.07056	0.96196	1.15026	0.99986	-0.01679	0.00123	0.01678	0.99983	0.00787	-0.00136	-0.00785	0.99997		-133.41202	-115.82513	-0.21233	-0.32554	0.42679	-0.59434	0.22494	0.99992	0.01037	-0.00745	-0.01042	0.99993	-0.00568	0.00739	0.00576	0.99996	
63	0.31500	64.32511	-12.96807	1.07702	0.45528	-0.07184	0.96814	1.15317	0.99986	-0.01690	0.00125	0.01689	0.99983	0.00795	-0.00139	-0.00792	0.99997		-133.37300	-115.83083	-0.20866	-0.33236	0.42844	-0.59914	0.23605	0.99992	0.01046	-0.00748	-0.01050	0.99993	-0.00580	0.00742	0.00588	0.99996	
64	0.32000	64.36893	-12.97849	1.06397	0.45631	-0.07769	0.96371	1.14387	0.99986	-0.01682	0.00136	0.01681	0.99983	0.00796	-0.00149	-0.00794	0.99997		-133.37050	-115.85325	-0.22033	-0.34370	0.42893	-0.59672	0.24358	0.99992	0.01041	-0.00749	-0.01046	0.99993	-0.00600	0.00742	0.00608	0.99995	
65	0.32500	64.40769	-12.96215	1.07030	0.46311	-0.08348	0.96246	1.14685	0.99986	-0.01680	0.00146	0.01678	0.99983	0.00808	-0.00159	-0.00806	0.99997		-133.40724	-115.84294	-0.22349	-0.35142	0.42759	-0.59910	0.23008	0.99992	0.01046	-0.00746	-0.01050	0.99993	-0.00613	0.00740	0.00621	0.99995	
66	0.33000	64.37508	-12.96501	1.06858	0.46916	-0.08333	0.96329	1.16216	0.99986	-0.01681	0.00145	0.01680	0.99983	0.00819	-0.00159	-0.00816	0.99997		-133.36699	-115.85676	-0.23219	-0.35806	0.42840	-0.59826	0.23510	0.99992	0.01044	-0.00748	-0.01049	0.99993	-0.00625	0.00741	0.00633	0.99995	
67	0.33500	64.35434	-12.95773	1.10832	0.47200	-0.08090	0.96330	1.15673	0.99986	-0.01681	0.00141	0.01680	0.99982	0.00824	-0.00155	-0.00821	0.99997		-133.36413	-115.86411	-0.22713	-0.36931	0.42709	-0.59657	0.22561	0.99992	0.01041	-0.00745	-0.01046	0.99992	-0.00645	0.00739	0.00652	0.99995	
68	0.34000	64.34735	-12.95924	1.09701	0.47594	-0.08321	0.96681	1.17076	0.99986	-0.01687	0.00145	0.01686	0.99982	0.00831	-0.00159	-0.00828	0.99996		-133.41968	-115.86224	-0.24683	-0.37684	0.42948	-0.59400	0.22573	0.99992	0.01037	-0.00750	-0.01042	0.99992	-0.00658	0.00743	0.00665	0.99995	
69	0.34500	64.41159	-12.95359	1.10387	0.48227	-0.08717	0.96565	1.16295	0.99986	-0.01685	0.00152	0.01684	0.99982	0.00842	-0.00166	-0.00839	0.99996		-133.40252	-115.89288	-0.24181	-0.38597	0.42598	-0.59331	0.22849	0.99992	0.01035	-0.00743	-0.01040	0.99992	-0.00674	0.00736	0.00681	0.99995	
70	0.35000	64.36490	-12.95893	1.11199	0.48642	-0.08225	0.96688	1.17288	0.99986	-0.01687	0.00144	0.01686	0.99982	0.00849	-0.00158	-0.00846	0.99996		-133.43552	-115.87495	-0.24954	-0.39157	0.42837	-0.59636	0.22965	0.99992	0.01041	-0.00748	-0.01046	0.99992	-0.00683	0.00740	0.00691	0.99995	
71	0.35500	64.34766	-12.97078	1.10957	0.48884	-0.08165	0.96410	1.17217	0.99986	-0.01683	0.00143	0.01681	0.99982	0.00853	-0.00157	-0.00851	0.99996		-133.40421	-115.88483	-0.25385	-0.39854	0.42912	-0.59385	0.22979	0.99992	0.01036	-0.00749	-0.01042	0.99992	-0.00696	0.00742	0.00703	0.99995	
72	0.36000	64.37179	-12.98401	1.11338	0.49253	-0.08612	0.96418	1.18410	0.99986	-0.01683	0.00150	0.01681	0.99982	0.00860	-0.00165	-0.00857	0.99996		-133.44789	-115.89592	-0.26122	-0.40459	0.43279	-0.59507	0.23630	0.99992	0.01039	-0.00755	-0.01044	0.99992	-0.00706	0.00748	0.00714	0.99995	
73	0.36500	64.34955	-12.96457	1.10821	0.50015	-0.08312	0.96343	1.16951	0.99986	-0.01681	0.00145	0.01680	0.99982	0.00873	-0.00160	-0.00870	0.99996		-133.42835	-115.88456	-0.28179	-0.40936	0.42737	-0.59572	0.22918	0.99992	0.01040	-0.00746	-0.01045	0.99992	-0.00714	0.00738	0.00722	0.99995	
74	0.37000	64.33763	-12.96160	1.12444	0.50685	-0.08344	0.96546	1.18137	0.99986	-0.01685	0.00146	0.01684	0.99982	0.00885	-0.00161	-0.00882	0.99996		-133.44053	-115.90364	-0.27291	-0.41584	0.43036	-0.59322	0.22890	0.99992	0.01035	-0.00751	-0.01041	0.99992	-0.00726	0.00744	0.00734	0.99995	
75	0.37500	64.37086	-12.96604	1.12496	0.51032	-0.08672	0.96471	1.17436	0.99986	-0.01684	0.00151	0.01682	0.99982	0.00891	-0.00166	-0.00888	0.99996		-133.44370	-115.91290	-0.28482	-0.42122	0.42930	-0.59059	0.22976	0.99992	0.01031	-0.00749	-0.01036	0.99992	-0.00735	0.00742	0.00743	0.99994	
76	0.38000	64.34445	-12.95669	1.13846	0.51802	-0.08551	0.96204	1.17693	0.99986	-0.01679	0.00149	0.01678	0.99982	0.00904	-0.00164	-0.00901	0.99996		-133.44076	-115.89622	-0.28453	-0.42476	0.42792	-0.59361	0.23610	0.99992	0.01036	-0.00747	-0.01042	0.99992	-0.00741	0.00739	0.00749	0.99994	
77	0.38500	64.38887	-12.94451	1.11115	0.52512	-0.08859	0.96410	1.17344	0.99986	-0.01683	0.00155	0.01681	0.99982	0.00916	-0.00170	-0.00914	0.99996		-133.40179	-115.93308	-0.28876	-0.42969	0.42517	-0.59365	0.22678	0.99992	0.01036	-0.00742	-0.01042	0.99992	-0.00750	0.00734	0.00758	0.99994	
78	0.39000	64.37285	-12.94708	1.11867	0.52865	-0.09118	0.96381	1.18143	0.99986	-0.01682	0.00159	0.01681	0.99982	0.00923	-0.00175	-0.00920	0.99996		-133.43886	-115.91964	-0.30871	-0.43248	0.42300	-0.59604	0.23199	0.99992	0.01040	-0.00738	-0.01046	0.99992	-0.00755	0.00730	0.00762	0.99994	
79	0.39500	64.38233	-12.94122	1.11952	0.53179	-0.08627	0.96463	1.17486	0.99986	-0.01684	0.00151	0.01682	0.99982	0.00928	-0.00166	-0.00925	0.99996		-133.43269	-115.91534	-0.30908	-0.43324	0.42668	-0.59702	0.22692	0.99992	0.01042	-0.00745	-0.01048	0.99992	-0.00756	0.00737	0.00764	0.99994	
80	0.40000	64.36576	-12.96190	1.12632	0.53567	-0.08667	0.95929	1.16856	0.99986	-0.01674	0.00151	0.01673	0.99982	0.00935	-0.00167	-0.00932	0.99996		-133.40881	-115.93037	-0.31716	-0.43849	0.42621	-0.59427	0.23232	0.99992	0.01037	-0.00744	-0.01043	0.99992	-0.00765	0.00736	0.00773	0.99994	
81	0.40500	64.34945	-12.92836	1.10140	0.54654	-0.08982	0.96291	1.17980	0.99986	-0.01681	0.00157	0.01679	0.99981	0.00954	-0.00173	-0.00951	0.99995		-133.43985	-115.94264	-0.32920	-0.44063	0.42621	-0.59579	0.22279	0.99992	0.01040	-0.00744	-0.01046	0.99992	-0.00769	0.00736	0.00777	0.99994	
82	0.41000	64.35796	-12.94214	1.10738	0.54844	-0.08550	0.96316	1.17620	0.99986	-0.01681	0.00149	0.01679	0.99981	0.00957	-0.00165	-0.00955	0.99995		-133.43625	-115.93243	-0.32499	-0.43947	0.42321	-0.59862	0.22530	0.99992	0.01045	-0.00739	-0.01050	0.99992	-0.00767	0.00731	0.00775	0.99994	
83	0.41500	64.35501	-12.93198	1.09962	0.55383	-0.08313	0.96344	1.18258	0.99986	-0.01681	0.00145	0.01680	0.99981	0.00967	-0.00161	-0.00964	0.99995		-133.41840	-115.92637	-0.33357	-0.43894	0.42178	-0.60130	0.23208	0.99992	0.01049	-0.00736	-0.01055	0.99991	-0.00766	0.00728	0.00774	0.99994	
84	0.42000	64.33832	-12.94966	1.09558	0.55745	-0.08291	0.96079	1.18200	0.99986	-0.01677	0.00145	0.01675	0.99981	0.00973	-0.00161	-0.00970	0.99995		-133.43215	-115.92705	-0.34176	-0.43824	0.42226	-0.59872	0.22603	0.99992	0.01045	-0.00737	-0.01051	0.99992	-0.00765	0.00729	0.00773	0.99994	
85	0.42500	64.38785	-12.93726	1.07469	0.56267	-0.09146	0.96524	1.18956	0.99986	-0.01685	0.00160	0.01683	0.99981	0.00982	-0.00176	-0.00979	0.99995		-133.46650	-115.93376	-0.34959	-0.43884	0.42775	-0.59586	0.24078	0.99992	0.01040	-0.00747	-0.01046	0.99992	-0.00766	0.00739	0.00774	0.99994	
86	0.43000	64.36313	-12.93652	1.06836	0.56834	-0.08444	0.96441	1.17751	0.99986	-0.01683	0.00147	0.01682	0.99981	0.00992	-0.00164	-0.00989	0.99995		-133.46981	-115.93874	-0.35742	-0.43950	0.42111	-0.59476	0.21470	0.99992	0.01038	-0.00735	-0.01044	0.99992	-0.00767	0.00727	0.00775	0.99994	
87	0.43500	64.29901	-12.93947	1.06096	0.57108	-0.08194	0.96185	1.18030	0.99986	-0.01679	0.00143	0.01677	0.99981	0.00997	-0.00160	-0.00994	0.99995		-133.46652	-115.92879	-0.36199	-0.43605	0.42244	-0.59547	0.22233	0.99992	0.01039	-0.00737	-0.01045	0.99992	-0.00761	0.00729	0.00769	0.99994	
88	0.44000	64.34891	-12.94444	1.04625	0.57613	-0.08702	0.95945	1.18667	0.99986	-0.01674	0.00152	0.01673	0.99981	0.01006	-0.00169	-0.01003	0.99995		-133.45764	-115.93275	-0.37456	-0.43482	0.42010	-0.59609	0.22316	0.99992	0.01040	-0.00733	-0.01046	0.99992	-0.00759	0.00725	0.00766	0.99994	
89	0.44500	64.35544	-12.94721	1.03313	0.57896	-0.08865	0.96680	1.20050	0.99986	-0.01687	0.00155	0.01686	0.99981	0.01010	-0.00172	-0.01008	0.99995		-133.45205	-115.91551	-0.37917	-0.42882	0.41842	-0.59694	0.22009	0.99992	0.01042	-0.00730	-0.01047	0.99992	-0.00748	0.00722	0.00756	0.99995	
90	0.45000	64.36019	-12.95864	1.02129	0.58111	-0.08914	0.96391	1.18857	0.99986	-0.01682	0.00156	0.01681	0.99981	0.01014	-0.00173	-0.01011	0.99995		-133.41632	-115.92144	-0.38805	-0.42669	0.41653	-0.59534	0.21665	0.99992	0.01039	-0.00727	-0.01044	0.99992	-0.00745	0.00719	0.00752	0.99995	
91	0.45500	64.37304	-12.95191	1.02642	0.58597	-0.08994	0.96397	1.19515	0.99986	-0.01682	0.00157	0.01681	0.99981	0.01023	-0.00174	-0.01020	0.99995		-133.42867	-115.93576	-0.37930	-0.42407	0.41340	-0.59368	0.21924	0.99992	0.01036	-0.00722	-0.01041	0.99992	-0.00740	0.00714	0.00748	0.99995	
92	0.46000	64.37904	-12.95426	1.02135	0.58689	-0.08388	0.96543	1.19358	0.99986	-0.01685	0.00146	0.01683	0.99981	0.01024	-0.00164	-0.01022	0.99995		-133.45829	-115.93401	-0.39177	-0.42064	0.41738	-0.59428	0.22679	0.99992	0.01037	-0.00728	-0.01043	0.99992	-0.00734	0.00721	0.00742	0.99995	
93	0.46500	64.33939	-12.94788	1.00898	0.59257	-0.08449	0.96233	1.17844	0.99986	-0.01679	0.00147	0.01678	0.99981	0.01034	-0.00165	-0.01032	0.99995		-133.44283	-115.91251	-0.39256	-0.41154	0.41325	-0.60169	0.23076	0.99992	0.01050	-0.00721	-0.01055	0.99992	-0.00718	0.00714	0.00726	0.99995	
94	0.47000	64.36814	-12.95024	0.99187	0.59494	-0.08742	0.96050	1.17405	0.99986	-0.01676	0.00153	0.01675	0.99981	0.01038	-0.00170	-0.01036	0.99994		-133.40845	-115.92977	-0.39706	-0.40990	0.41121	-0.59892	0.22529	0.99992	0.01045	-0.00718	-0.01050	0.99992	-0.00715	0.00710	0.00723	0.99995	
95	0.47500	64.37419	-12.94320	0.96879	0.60028	-0.09147	0.96311	1.17817	0.99986	-0.01681	0.00160	0.01679	0.99980	0.01048	-0.00177	-0.01045	0.99994		-133.43310	-115.90563	-0.40981	-0.40052	0.41152	-0.60305	0.23219	0.99992	0.01052	-0.00718	-0.01057	0.99992	-0.00699	0.00711	0.00707	0.99995	
96	0.48000	64.40818	-12.95154	0.93255	0.59985	-0.09526	0.96738	1.19023	0.99986	-0.01688	0.00166	0.01686	0.99980	0.01047	-0.00184	-0.01044	0.99994		-133.43695	-115.92046	-0.40583	-0.39566	0.41081	-0.59892	0.22421	0.99992	0.01045	-0.00717	-0.01050	0.99992	-0.00691	0.00710	0.00698	0.99995	
97	0.48500	64.37842	-12.94330	0.93901	0.60562	-0.09343	0.96310	1.18479	0.99986	-0.01681	0.00163	0.01679	0.99980	0.01057	-0.00181	-0.01054	0.99994		-133.43537	-115.89157	-0.41454	-0.38731	0.40540	-0.60164	0.22013	0.99992	0.01050	-0.00708	-0.01055	0.99992	-0.00676	0.00700	0.00683	0.99995	
98	0.49000	64.36694	-12.95692	0.91169	0.60505	-0.09092	0.96229	1.18974	0.99986	-0.01679	0.00159	0.01678	0.99980	0.01056	-0.00176	-0.01053	0.99994		-133.41506	-115.90470	-0.41496	-0.38057	0.40599	-0.59972	0.23206	0.99992	0.01047	-0.00709	-0.01051	0.99992	-0.00664	0.00702	0.00672	0.99995	
99	0.49500	64.35228	-12.94713	0.90848	0.60800	-0.08795	0.95779	1.17367	0.99986	-0.01672	0.00154	0.01670	0.99980	0.01061	-0.00171	-0.01058	0.99994		-133.42489	-115.88834	-0.42391	-0.37172	0.40501	-0.60460	0.22955	0.99992	0.01055	-0.00707	-0.01060	0.99992	-0.00649	0.00700	0.00656	0.99995	
100	0.50000	64.38011	-12.93638	0.89828	0.60708	-0.08727	0.96289	1.16868	0.99986	-0.01680	0.00152	0.01679	0.99980	0.01060	-0.00170	-0.01057	0.99994		-133.44463	-115.89022	-0.41563	-0.36511	0.40580	-0.60376	0.22023	0.99992	0.01054	-0.00708	-0.01058	0.99992	-0.00637	0.00701	0.00645	0.99995	
101	0.50500	64.38736	-12.94808	0.87113	0.60967	-0.08940	0.96234	1.17390	0.99986	-0.01680	0.00156	0.01678	0.99980	0.01064	-0.00174	-0.01061	0.99994		-133.44060	-115.87955	-0.42027	-0.35648	0.40364	-0.60295	0.21992	0.99992	0.01052	-0.00704	-0.01057	0.99992	-0.00622	0.00698	0.00630	0.99996	
102	0.51000	64.36930	-12.92862	0.85699	0.61017	-0.08825	0.96684	1.17945	0.99986	-0.01687	0.00154	0.01686	0.99980	0.01065	-0.00172	-0.01062	0.99994		-133.43382	-115.87833	-0.42899	-0.34795	0.40045	-0.59913	0.21183	0.99992	0.01046	-0.00699	-0.01050	0.99993	-0.00607	0.00693	0.00615	0.99996	
103	0.51500	64.37457	-12.93097	0.84411	0.61113	-0.08748	0.96437	1.18027	0.99986	-0.01683	0.00153	0.01681	0.99980	0.01067	-0.00171	-0.01064	0.99994		-133.41179	-115.86059	-0.42586	-0.33742	0.39889	-0.60084	0.20861	0.99992	0.01049	-0.00696	-0.01053	0.99993	-0.00589	0.00690	0.00596	0.99996	
104	0.52000	64.35927	-12.94219	0.83351	0.60831	-0.08440	0.96722	1.17637	0.99986	-0.01688	0.00147	0.01686	0.99980	0.01062	-0.00165	-0.01059	0.99994		-133.42262	-115.84519	-0.43486	-0.32547	0.39996	-0.60776	0.22878	0.99992	0.01061	-0.00698	-0.01065	0.99993	-0.00568	0.00692	0.00575	0.99996	
105	0.52500	64.38544	-12.95099	0.80916	0.60945	-0.08651	0.96347	1.18184	0.99986	-0.01681	0.00151	0.01680	0.99980	0.01064	-0.00169	-0.01061	0.99994		-133.39832	-115.84295	-0.42297	-0.31560	0.39488	-0.60798	0.21878	0.99992	0.01061	-0.00689	-0.01065	0.99993	-0.00551	0.00683	0.00558	0.99996	
106	0.53000	64.39678	-12.96585	0.77222	0.60699	-0.08941	0.96177	1.15929	0.99986	-0.01679	0.00156	0.01677	0.99980	0.01059	-0.00174	-0.01057	0.99994		-133.41377	-115.84251	-0.43176	-0.30719	0.39686	-0.60919	0.21053	0.99992	0.01063	-0.00693	-0.01067	0.99993	-0.00536	0.00687	0.00543	0.99996	
107	0.53500	64.38825	-12.95731	0.78483	0.60832	-0.08606	0.95837	1.16402	0.99986	-0.01673	0.00150	0.01671	0.99980	0.01062	-0.00168	-0.01059	0.99994		-133.39995	-115.83707	-0.42377	-0.29865	0.39459	-0.60387	0.21400	0.99992	0.01054	-0.00689	-0.01058	0.99993	-0.00521	0.00683	0.00528	0.99996	
108	0.54000	64.32636	-12.95654	0.78777	0.60625	-0.07768	0.96192	1.17393	0.99986	-0.01679	0.00136	0.01677	0.99980	0.01058	-0.00153	-0.01056	0.99994		-133.43731	-115.81676	-0.43208	-0.28628	0.39233	-0.60910	0.21857	0.99992	0.01063	-0.00685	-0.01066	0.99993	-0.00500	0.00679	0.00507	0.99996	
109	0.54500	64.35981	-12.96364	0.74440	0.60557	-0.08619	0.96338	1.16961	0.99986	-0.01681	0.00150	0.01680	0.99980	0.01057	-0.00168	-0.01054	0.99994		-133.40123	-115.82242	-0.42893	-0.27668	0.39136	-0.60387	0.21239	0.99992	0.01054	-0.00683	-0.01057	0.99993	-0.00483	0.00678	0.00490	0.99996	
110	0.55000	64.36235	-12.97960	0.73619	0.60254	-0.08306	0.96076	1.16534	0.99986	-0.01677	0.00145	0.01675	0.99980	0.01052	-0.00163	-0.01049	0.99994		-133.39661	-115.81160	-0.42094	-0.26805	0.38908	-0.60302	0.21290	0.99992	0.01052	-0.00679	-0.01056	0.99993	-0.00468	0.00674	0.00475	0.99997	
111	0.55500	64.34112	-12.97006	0.71936	0.60178	-0.08172	0.96244	1.16229	0.99986	-0.01680	0.00143	0.01678	0.99980	0.01050	-0.00160	-0.01048	0.99994		-133.41774	-115.80808	-0.41254	-0.25927	0.38779	-0.60299	0.21270	0.99992	0.01052	-0.00677	-0.01055	0.99993	-0.00452	0.00672	0.00460	0.99997	
112	0.56000	64.38364	-12.97857	0.70266	0.59953	-0.08342	0.96294	1.16731	0.99986	-0.01681	0.00146	0.01679	0.99980	0.01046	-0.00163	-0.01044	0.99994		-133.43105	-115.79546	-0.42114	-0.24838	0.38458	-0.60430	0.20861	0.99992	0.01055	-0.00671	-0.01058	0.99993	-0.00433	0.00667	0.00441	0.99997	
113	0.56500	64.35985	-12.99119	0.69015	0.59594	-0.07963	0.95991	1.15935	0.99986	-0.01675	0.00139	0.01674	0.99981	0.01040	-0.00156	-0.01038	0.99994		-133.43396	-115.78014	-0.41781	-0.23535	0.38592	-0.61086	0.21909	0.99992	0.01066	-0.00674	-0.01069	0.99993	-0.00411	0.00669	0.00418	0.99997	
114	0.57000	64.36968	-12.97748	0.68769	0.59625	-0.07849	0.96200	1.16373	0.99986	-0.01679	0.00137	0.01677	0.99981	0.01041	-0.00154	-0.01038	0.99994		-133.43142	-115.77261	-0.41870	-0.22305	0.38778	-0.60640	0.20334	0.99992	0.01058	-0.00677	-0.01061	0.99994	-0.00389	0.00673	0.00396	0.99997	
115	0.57500	64.40014	-12.99879	0.66546	0.59117	-0.08374	0.96108	1.15389	0.99986	-0.01677	0.00146	0.01676	0.99981	0.01032	-0.00163	-0.01029	0.99995		-133.48367	-115.74989	-0.43093	-0.21227	0.38924	-0.60422	0.20709	0.99992	0.01055	-0.00679	-0.01057	0.99994	-0.00370	0.00675	0.00378	0.99997	
116	0.58000	64.38412	-12.98608	0.65245	0.59148	-0.08068	0.96267	1.16113	0.99986	-0.01680	0.00141	0.01679	0.99981	0.01032	-0.00158	-0.01030	0.99995		-133.41091	-115.75583	-0.41989	-0.20242	0.38461	-0.60699	0.20250	0.99992	0.01059	-0.00671	-0.01062	0.99994	-0.00353	0.00667	0.00360	0.99997	
117	0.58500	64.36148	-12.98223	0.63479	0.58843	-0.07744	0.96385	1.14901	0.99986	-0.01682	0.00135	0.01681	0.99981	0.01027	-0.00152	-0.01025	0.99995		-133.43463	-115.74654	-0.41155	-0.19439	0.38422	-0.60648	0.20428	0.99992	0.01058	-0.00671	-0.01061	0.99994	-0.00339	0.00667	0.00346	0.99997	
118	0.59000	64.37815	-12.98771	0.62783	0.58486	-0.08025	0.96279	1.16036	0.99986	-0.01680	0.00140	0.01679	0.99981	0.01021	-0.00157	-0.01018	0.99995		-133.46517	-115.72925	-0.41569	-0.18454	0.38538	-0.60515	0.20440	0.99992	0.01056	-0.00673	-0.01058	0.99994	-0.00322	0.00669	0.00329	0.99997	
119	0.59500	64.40547	-13.00096	0.62188	0.58279	-0.08330	0.96156	1.15168	0.99986	-0.01678	0.00145	0.01677	0.99981	0.01017	-0.00162	-0.01015	0.99995		-133.44674	-115.74414	-0.40371	-0.17521	0.38355	-0.60957	0.21140	0.99992	0.01064	-0.00669	-0.01066	0.99994	-0.00306	0.00666	0.00313	0.99997	
120	0.60000	64.32808	-12.99859	0.63524	0.57795	-0.07265	0.96025	1.13901	0.99986	-0.01676	0.00127	0.01675	0.99981	0.01009	-0.00144	-0.01006	0.99995		-133.40436	-115.72241	-0.39660	-0.16470	0.37970	-0.61034	0.20087	0.99992	0.01065	-0.00663	-0.01067	0.99994	-0.00287	0.00660	0.00295	0.99997	
121	0.60500	64.33513	-12.99772	0.63062	0.57579	-0.07444	0.96205	1.16078	0.99986	-0.01679	0.00130	0.01678	0.99981	0.01005	-0.00147	-0.01003	0.99995		-133.46253	-115.72654	-0.39564	-0.15912	0.38021	-0.61089	0.20910	0.99992	0.01066	-0.00664	-0.01068	0.99994	-0.00278	0.00661	0.00285	0.99997	
122	0.61000	64.37225	-13.00604	0.61855	0.57042	-0.07399	0.96389	1.16086	0.99986	-0.01682	0.00129	0.01681	0.99981	0.00996	-0.00146	-0.00993	0.99995		-133.40415	-115.73578	-0.37581	-0.15041	0.37408	-0.60890	0.19582	0.99992	0.01063	-0.00653	-0.01064	0.99994	-0.00263	0.00650	0.00269	0.99998	
123	0.61500	64.35921	-12.98981	0.61478	0.57234	-0.07263	0.96400	1.13269	0.99986	-0.01682	0.00127	0.01681	0.99981	0.00999	-0.00144	-0.00997	0.99995		-133.46122	-115.71053	-0.38398	-0.14104	0.37697	-0.61339	0.19774	0.99992	0.01071	-0.00658	-0.01072	0.99994	-0.00246	0.00655	0.00253	0.99998	
124	0.62000	64.33224	-12.98767	0.60156	0.56617	-0.07008	0.96203	1.15102	0.99986	-0.01679	0.00122	0.01678	0.99981	0.00988	-0.00139	-0.00986	0.99995		-133.48827	-115.69763	-0.37123	-0.13421	0.37799	-0.61488	0.21218	0.99992	0.01073	-0.00660	-0.01075	0.99994	-0.00234	0.00657	0.00241	0.99998	
125	0.62500	64.37140	-12.99843	0.60590	0.56476	-0.07310	0.96325	1.14513	0.99986	-0.01681	0.00128	0.01680	0.99981	0.00986	-0.00144	-0.00983	0.99995		-133.42591	-115.73415	-0.35129	-0.13023	0.37781	-0.60998	0.21642	0.99992	0.01065	-0.00659	-0.01066	0.99994	-0.00227	0.00657	0.00234	0.99998	
126	0.63000	64.31555	-13.01570	0.61046	0.55962	-0.06853	0.96100	1.13836	0.99986	-0.01677	0.00120	0.01676	0.99981	0.00977	-0.00136	-0.00975	0.99995		-133.46439	-115.69087	-0.35941	-0.12118	0.37273	-0.61459	0.20580	0.99992	0.01073	-0.00651	-0.01074	0.99994	-0.00212	0.00648	0.00218	0.99998	
127	0.63500	64.33140	-13.01893	0.58880	0.55351	-0.06430	0.96180	1.14506	0.99986	-0.01679	0.00112	0.01677	0.99981	0.00966	-0.00128	-0.00964	0.99995		-133.44670	-115.70126	-0.35598	-0.11678	0.37657	-0.61282	0.20312	0.99992	0.01070	-0.00657	-0.01071	0.99994	-0.00204	0.00655	0.00211	0.99998	
128	0.64000	64.37055	-13.01183	0.63225	0.55435	-0.06764	0.95968	1.14871	0.99986	-0.01675	0.00118	0.01674	0.99981	0.00967	-0.00134	-0.00965	0.99995		-133.43413	-115.72286	-0.33106	-0.11114	0.37651	-0.61066	0.20951	0.99992	0.01066	-0.00657	-0.01067	0.99994	-0.00194	0.00655	0.00201	0.99998	
129	0.64500	64.30147	-13.02771	0.61970	0.54913	-0.06448	0.96235	1.14798	0.99986	-0.01680	0.00113	0.01678	0.99981	0.00958	-0.00129	-0.00956	0.99995		-133.46932	-115.69266	-0.33056	-0.10601	0.37319	-0.61326	0.21531	0.99992	0.01070	-0.00651	-0.01072	0.99994	-0.00185	0.00649	0.00192	0.99998	
130	0.65000	64.35812	-13.02572	0.60053	0.54602	-0.06729	0.96050	1.14282	0.99986	-0.01676	0.00117	0.01675	0.99981	0.00953	-0.00133	-0.00951	0.99995		-133.44600	-115.70034	-0.33152	-0.09887	0.37548	-0.61237	0.21273	0.99992	0.01069	-0.00655	-0.01070	0.99994	-0.00173	0.00653	0.00180	0.99998	
131	0.65500	64.37405	-13.03671	0.61227	0.54430	-0.06829	0.96112	1.15015	0.99986	-0.01677	0.00119	0.01676	0.99981	0.00950	-0.00135	-0.00948	0.99995		-133.42671	-115.69689	-0.30684	-0.09491	0.37275	-0.61386	0.20003	0.99992	0.01071	-0.00651	-0.01072	0.99994	-0.00166	0.00649	0.00173	0.99998	
132	0.66000	64.29175	-13.02406	0.62178	0.53949	-0.06018	0.96058	1.14995	0.99986	-0.01676	0.00105	0.01675	0.99982	0.00942	-0.00121	-0.00940	0.99996		-133.44316	-115.66603	-0.31546	-0.08896	0.37451	-0.61659	0.20200	0.99992	0.01076	-0.00654	-0.01077	0.99994	-0.00155	0.00652	0.00162	0.99998	
133	0.66500	64.34586	-13.02109	0.62367	0.53819	-0.06219	0.96067	1.15455	0.99986	-0.01677	0.00109	0.01676	0.99982	0.00939	-0.00124	-0.00937	0.99996		-133.39928	-115.70018	-0.29087	-0.08798	0.37216	-0.61675	0.20358	0.99992	0.01076	-0.00650	-0.01077	0.99994	-0.00154	0.00648	0.00161	0.99998	
134	0.67000	64.33186	-13.02474	0.62563	0.53608	-0.06256	0.95579	1.14605	0.99986	-0.01668	0.00109	0.01667	0.99982	0.00936	-0.00125	-0.00934	0.99996		-133.43798	-115.67324	-0.29449	-0.08452	0.37220	-0.61522	0.20887	0.99992	0.01074	-0.00650	-0.01075	0.99994	-0.00148	0.00648	0.00154	0.99998	
135	0.67500	64.31428	-13.04908	0.62265	0.52977	-0.06074	0.95680	1.14721	0.99986	-0.01670	0.00106	0.01669	0.99982	0.00925	-0.00121	-0.00923	0.99996		-133.41120	-115.68521	-0.28246	-0.07949	0.37181	-0.61844	0.22690	0.99992	0.01079	-0.00649	-0.01080	0.99994	-0.00139	0.00647	0.00146	0.99998	
136	0.68000	64.32462	-13.04646	0.63953	0.52799	-0.06143	0.96394	1.17205	0.99986	-0.01682	0.00107	0.01681	0.99982	0.00922	-0.00123	-0.00920	0.99996		-133.40764	-115.69198	-0.28265	-0.07996	0.37292	-0.61484	0.20398	0.99992	0.01073	-0.00651	-0.01074	0.99994	-0.00140	0.00649	0.00147	0.99998	
