NO_OF_FRAMES	10477
NO_OF_CAMERAS	8
NO_OF_BODIES	2
FREQUENCY	200
NO_OF_ANALOG	0
ANALOG_FREQUENCY	0
DESCRIPTION	--
TIME_STAMP	2013-07-03, 16:13:42	27239.29806008
DATA_INCLUDED	6D
BODY_NAMES	Ice 1	Ice 2
Frame	Time	Ice 1 X	Y	Z	Roll	Pitch	Yaw	Residual	Rot[0]	Rot[1]	Rot[2]	Rot[3]	Rot[4]	Rot[5]	Rot[6]	Rot[7]	Rot[8]	Ice 2 X	Y	Z	Roll	Pitch	Yaw	Residual	Rot[0]	Rot[1]	Rot[2]	Rot[3]	Rot[4]	Rot[5]	Rot[6]	Rot[7]	Rot[8]	
1	0.00500	862.16531	582.27010	5.99963	0.54508	-0.06784	-15.92368	0.76163	0.96163	0.27436	0.00118	-0.27436	0.96158	0.00951	0.00147	-0.00947	0.99995		-998.45619	237.63933	6.44845	0.00281	-1.00207	-41.63463	1.45707	0.74728	0.66428	0.01749	-0.66438	0.74740	0.00005	-0.01304	-0.01166	0.99985	
2	0.01000	862.00034	582.21009	5.97358	0.51056	-0.05763	-15.93862	0.76787	0.96156	0.27461	0.00101	-0.27461	0.96152	0.00891	0.00148	-0.00884	0.99996		-998.70055	237.55314	6.52701	0.01415	-0.95207	-41.63346	1.41627	0.74731	0.66427	0.01662	-0.66437	0.74741	0.00025	-0.01225	-0.01122	0.99986	
3	0.01500	862.06708	582.24463	5.95261	0.48889	-0.06480	-15.94287	0.75838	0.96154	0.27468	0.00113	-0.27468	0.96150	0.00853	0.00126	-0.00852	0.99996		-998.71437	237.50786	6.56333	0.00625	-0.93049	-41.64122	1.45075	0.74722	0.66438	0.01624	-0.66447	0.74732	0.00011	-0.01206	-0.01087	0.99987	
4	0.02000	862.01469	582.24971	5.92733	0.46259	-0.05883	-15.94993	0.75355	0.96150	0.27480	0.00103	-0.27480	0.96147	0.00807	0.00123	-0.00804	0.99997		-998.75960	237.47841	6.61144	-0.00449	-0.91123	-41.64181	1.43462	0.74722	0.66439	0.01590	-0.66447	0.74731	-0.00008	-0.01194	-0.01051	0.99987	
5	0.02500	862.11002	582.28202	5.90792	0.44097	-0.06933	-15.95885	0.75863	0.96146	0.27495	0.00121	-0.27495	0.96143	0.00770	0.00095	-0.00773	0.99997		-998.84071	237.41320	6.66831	-0.00976	-0.87386	-41.64565	1.41682	0.74718	0.66444	0.01525	-0.66452	0.74727	-0.00017	-0.01151	-0.01001	0.99988	
6	0.03000	862.04728	582.27408	5.88731	0.41484	-0.06257	-15.96396	0.75651	0.96143	0.27503	0.00109	-0.27503	0.96141	0.00724	0.00094	-0.00726	0.99997		-999.93000	239.42796	6.02111	0.11677	-1.07012	-41.31922	2.32037	0.75091	0.66014	0.01868	-0.66028	0.75102	0.00204	-0.01268	-0.01386	0.99982	
7	0.03500	862.04462	582.29115	5.87050	0.39298	-0.06166	-15.96355	0.73923	0.96144	0.27503	0.00108	-0.27503	0.96141	0.00686	0.00085	-0.00689	0.99998		-999.90569	239.38325	6.03032	0.10255	-1.04860	-41.32541	2.32900	0.75085	0.66022	0.01830	-0.66036	0.75095	0.00179	-0.01256	-0.01343	0.99983	
8	0.04000	862.09810	582.32482	5.84144	0.37174	-0.06409	-15.97085	0.74264	0.96140	0.27515	0.00112	-0.27515	0.96138	0.00649	0.00071	-0.00655	0.99998		-999.98250	239.33472	6.07472	0.09348	-1.01050	-41.32350	2.33724	0.75088	0.66021	0.01764	-0.66033	0.75097	0.00163	-0.01217	-0.01287	0.99984	
9	0.04500	862.17284	582.34171	5.81574	0.34634	-0.07654	-15.97862	0.73848	0.96136	0.27528	0.00134	-0.27528	0.96134	0.00604	0.00038	-0.00618	0.99998		-1000.26466	239.15843	6.20609	0.09683	-0.91837	-41.33243	2.24936	0.75079	0.66034	0.01603	-0.66045	0.75087	0.00169	-0.01092	-0.01185	0.99987	
10	0.05000	862.12817	582.28468	5.81739	0.30916	-0.08391	-15.96013	0.76047	0.96145	0.27497	0.00146	-0.27497	0.96144	0.00540	0.00008	-0.00559	0.99998		-1000.22180	239.12585	6.22208	0.07671	-0.89376	-41.33893	2.27158	0.75072	0.66043	0.01560	-0.66053	0.75080	0.00134	-0.01083	-0.01131	0.99988	
11	0.05500	862.19100	582.28715	5.81276	0.28336	-0.08816	-15.96461	0.77057	0.96143	0.27504	0.00154	-0.27505	0.96142	0.00495	-0.00012	-0.00518	0.99999		-1000.31484	239.08210	6.21190	0.06968	-0.85697	-41.33914	2.25013	0.75073	0.66044	0.01496	-0.66053	0.75080	0.00122	-0.01043	-0.01079	0.99989	
12	0.06000	862.21366	582.29699	5.78918	0.26044	-0.08955	-15.96692	0.77514	0.96142	0.27508	0.00156	-0.27509	0.96141	0.00455	-0.00025	-0.00480	0.99999		-1000.32448	239.04163	6.24365	0.05479	-0.82169	-41.34293	2.26897	0.75069	0.66050	0.01434	-0.66057	0.75076	0.00096	-0.01013	-0.01019	0.99990	
13	0.06500	862.24392	582.32741	5.78057	0.23939	-0.09399	-15.97057	0.77278	0.96140	0.27514	0.00164	-0.27515	0.96139	0.00418	-0.00043	-0.00447	0.99999		-1000.38560	238.99692	6.25605	0.04594	-0.77948	-41.34856	2.28201	0.75063	0.66058	0.01360	-0.66065	0.75070	0.00080	-0.00968	-0.00959	0.99991	
14	0.07000	862.24949	582.33275	5.79349	0.21734	-0.08928	-15.97097	0.77607	0.96140	0.27515	0.00156	-0.27515	0.96139	0.00379	-0.00045	-0.00408	0.99999		-1000.44542	238.94158	6.26945	0.03658	-0.73752	-41.34978	2.28374	0.75063	0.66060	0.01287	-0.66066	0.75068	0.00064	-0.00924	-0.00898	0.99992	
15	0.07500	862.33513	582.36853	5.76553	0.19580	-0.10466	-15.97298	0.77099	0.96139	0.27518	0.00183	-0.27519	0.96138	0.00342	-0.00082	-0.00379	0.99999		-1000.50224	238.88272	6.26733	0.02210	-0.69293	-41.35055	2.27266	0.75063	0.66062	0.01209	-0.66067	0.75068	0.00039	-0.00882	-0.00828	0.99993	
16	0.08000	862.29492	582.40085	5.74459	0.18057	-0.10412	-15.97879	0.76228	0.96136	0.27528	0.00182	-0.27529	0.96136	0.00315	-0.00088	-0.00353	0.99999		-1000.54831	238.83542	6.24336	0.00944	-0.65089	-41.35490	2.26405	0.75058	0.66068	0.01136	-0.66072	0.75063	0.00016	-0.00842	-0.00763	0.99994	
17	0.08500	862.32247	582.40739	5.74047	0.15914	-0.10367	-15.97743	0.76315	0.96137	0.27526	0.00181	-0.27526	0.96137	0.00278	-0.00097	-0.00317	0.99999		-1000.54007	238.78826	6.23183	-0.00656	-0.61603	-41.35638	2.23837	0.75057	0.66070	0.01075	-0.66074	0.75062	-0.00011	-0.00815	-0.00702	0.99994	
18	0.09000	862.34592	582.44157	5.74249	0.14276	-0.10625	-15.97902	0.76536	0.96136	0.27528	0.00185	-0.27529	0.96136	0.00249	-0.00110	-0.00291	1.00000		-1000.63195	238.75215	6.16907	-0.01302	-0.57424	-41.35447	2.23604	0.75060	0.66068	0.01002	-0.66071	0.75064	-0.00023	-0.00767	-0.00645	0.99995	
19	0.09500	862.41657	582.48525	5.73848	0.12408	-0.11460	-15.98042	0.75630	0.96135	0.27531	0.00200	-0.27531	0.96135	0.00217	-0.00133	-0.00263	1.00000		-1000.70657	238.69969	6.15645	-0.02589	-0.52518	-41.35675	2.23501	0.75058	0.66072	0.00917	-0.66074	0.75061	-0.00045	-0.00718	-0.00572	0.99996	
20	0.10000	862.45343	582.51578	5.72756	0.10675	-0.12175	-15.98100	0.75319	0.96135	0.27532	0.00212	-0.27532	0.96135	0.00186	-0.00153	-0.00238	1.00000		-1000.75364	238.64484	6.11359	-0.03988	-0.48141	-41.35596	2.24784	0.75059	0.66071	0.00840	-0.66073	0.75062	-0.00070	-0.00677	-0.00503	0.99996	
21	0.10500	862.42167	582.51542	5.72439	0.08858	-0.11592	-15.98461	0.75072	0.96133	0.27538	0.00202	-0.27538	0.96133	0.00155	-0.00152	-0.00204	1.00000		-1000.84182	238.58520	6.09957	-0.05127	-0.43257	-41.36055	2.25916	0.75054	0.66078	0.00755	-0.66079	0.75057	-0.00089	-0.00626	-0.00432	0.99997	
22	0.11000	862.46620	582.58055	5.71411	0.07681	-0.12244	-15.98808	0.76091	0.96132	0.27544	0.00214	-0.27544	0.96132	0.00134	-0.00169	-0.00188	1.00000		-1000.93665	238.51528	6.06629	-0.06182	-0.37880	-41.36372	2.26513	0.75051	0.66082	0.00661	-0.66083	0.75053	-0.00108	-0.00567	-0.00356	0.99998	
23	0.11500	862.47069	582.60306	5.70754	0.06115	-0.12494	-15.99208	0.73906	0.96130	0.27550	0.00218	-0.27551	0.96130	0.00107	-0.00180	-0.00163	1.00000		-1001.01412	238.43517	6.05567	-0.07506	-0.32820	-41.36913	2.26332	0.75045	0.66090	0.00573	-0.66090	0.75047	-0.00131	-0.00516	-0.00280	0.99998	
24	0.12000	862.54568	582.71764	5.48911	0.06066	-0.13299	-15.99443	0.75564	0.96129	0.27554	0.00232	-0.27555	0.96129	0.00106	-0.00194	-0.00166	1.00000		-1001.09816	238.33919	6.01603	-0.09773	-0.27374	-41.37700	2.25271	0.75037	0.66100	0.00478	-0.66100	0.75038	-0.00171	-0.00471	-0.00188	0.99999	
25	0.12500	862.51788	582.72715	5.46153	0.04473	-0.13766	-15.99593	0.76767	0.96128	0.27557	0.00240	-0.27557	0.96128	0.00078	-0.00209	-0.00141	1.00000		-1001.09365	238.25712	5.97107	-0.11534	-0.22968	-41.38162	2.24147	0.75032	0.66107	0.00401	-0.66106	0.75033	-0.00201	-0.00434	-0.00114	0.99999	
26	0.13000	862.52712	582.74687	5.47216	0.02999	-0.13855	-16.00202	0.76012	0.96125	0.27567	0.00242	-0.27567	0.96125	0.00052	-0.00218	-0.00117	1.00000		-1001.15657	238.21911	5.92877	-0.12474	-0.18201	-41.38105	2.25050	0.75033	0.66106	0.00318	-0.66106	0.75033	-0.00218	-0.00382	-0.00047	0.99999	
27	0.13500	862.58478	582.79656	5.45626	0.01965	-0.14405	-16.01567	0.75887	0.96118	0.27590	0.00251	-0.27590	0.96119	0.00034	-0.00232	-0.00102	1.00000		-1001.19982	238.17388	5.85619	-0.13996	-0.14117	-41.38176	2.26277	0.75032	0.66107	0.00246	-0.66107	0.75032	-0.00244	-0.00346	0.00020	0.99999	
28	0.14000	862.57868	582.83539	5.45270	0.00682	-0.14549	-16.01458	0.75730	0.96119	0.27588	0.00254	-0.27588	0.96119	0.00012	-0.00241	-0.00081	1.00000		-1001.20076	238.09302	5.86004	-0.15768	-0.08692	-41.38855	2.19537	0.75024	0.66116	0.00152	-0.66116	0.75024	-0.00275	-0.00296	0.00106	1.00000	
29	0.14500	862.61327	582.82912	5.48526	-0.01186	-0.15850	-15.99946	0.79160	0.96126	0.27563	0.00277	-0.27563	0.96126	-0.00021	-0.00272	-0.00056	1.00000		-1001.20807	238.07210	5.80974	-0.17463	-0.04993	-41.38881	2.24572	0.75024	0.66117	0.00087	-0.66116	0.75024	-0.00305	-0.00267	0.00171	0.99999	
30	0.15000	862.62909	582.84265	5.48250	-0.02669	-0.16240	-15.99939	0.78045	0.96126	0.27563	0.00283	-0.27563	0.96126	-0.00047	-0.00285	-0.00033	1.00000		-1001.24158	238.01758	5.78215	-0.18739	-0.00135	-41.39903	2.21907	0.75012	0.66130	0.00002	-0.66130	0.75012	-0.00327	-0.00218	0.00244	0.99999	
31	0.15500	862.65377	582.87447	5.48029	-0.03776	-0.16475	-16.01026	0.79800	0.96121	0.27581	0.00288	-0.27581	0.96121	-0.00066	-0.00295	-0.00016	1.00000		-1001.35744	237.97631	5.69023	-0.19527	0.04171	-41.39158	2.21278	0.75021	0.66120	-0.00073	-0.66120	0.75020	-0.00341	-0.00171	0.00304	0.99999	
32	0.16000	862.62977	582.89205	5.48474	-0.04657	-0.16286	-16.01161	0.79789	0.96120	0.27583	0.00284	-0.27583	0.96121	-0.00081	-0.00296	-0.00000	1.00000		-1001.44680	237.93948	5.60719	-0.20218	0.08793	-41.39227	2.22663	0.75020	0.66121	-0.00153	-0.66121	0.75019	-0.00353	-0.00118	0.00366	0.99999	
33	0.16500	862.67509	582.94895	5.46874	-0.05675	-0.17089	-16.01766	0.79366	0.96117	0.27593	0.00298	-0.27593	0.96118	-0.00099	-0.00314	0.00013	1.00000		-1001.50762	237.87676	5.53840	-0.21336	0.13379	-41.39509	2.24203	0.75017	0.66125	-0.00234	-0.66125	0.75016	-0.00372	-0.00071	0.00434	0.99999	
34	0.17000	862.70087	582.99006	5.47502	-0.06190	-0.17096	-16.02316	0.79363	0.96115	0.27602	0.00298	-0.27602	0.96115	-0.00108	-0.00317	0.00021	0.99999		-1001.57695	237.82502	5.48472	-0.22664	0.17886	-41.40078	2.24127	0.75010	0.66132	-0.00312	-0.66133	0.75009	-0.00396	-0.00027	0.00503	0.99999	
35	0.17500	862.73319	583.03336	5.45641	-0.07049	-0.18187	-16.02614	0.78862	0.96113	0.27607	0.00317	-0.27607	0.96114	-0.00123	-0.00339	0.00031	0.99999		-1001.63418	237.76850	5.42528	-0.23869	0.22120	-41.40316	2.22033	0.75007	0.66135	-0.00386	-0.66136	0.75006	-0.00417	0.00014	0.00568	0.99998	
36	0.18000	862.77203	583.10346	5.46764	-0.07242	-0.18605	-16.02242	0.78017	0.96115	0.27601	0.00325	-0.27601	0.96115	-0.00126	-0.00347	0.00032	0.99999		-1001.64103	237.71976	5.36273	-0.25145	0.26132	-41.40444	2.21218	0.75005	0.66136	-0.00456	-0.66138	0.75004	-0.00439	0.00052	0.00631	0.99998	
37	0.18500	862.73437	583.13474	5.47856	-0.07604	-0.18239	-16.03251	0.78156	0.96110	0.27618	0.00318	-0.27618	0.96111	-0.00133	-0.00343	0.00040	0.99999		-1001.76669	237.70839	5.24126	-0.24540	0.30982	-41.40957	2.14962	0.74999	0.66143	-0.00541	-0.66145	0.74998	-0.00428	0.00122	0.00679	0.99998	
38	0.19000	862.80961	583.19132	5.48202	-0.08173	-0.18831	-16.03109	0.77992	0.96111	0.27616	0.00329	-0.27615	0.96111	-0.00143	-0.00355	0.00046	0.99999		-1001.77870	237.67622	5.14184	-0.25585	0.33981	-41.40944	2.14616	0.74999	0.66142	-0.00593	-0.66145	0.74998	-0.00447	0.00149	0.00727	0.99997	
39	0.19500	862.77710	583.22539	5.47820	-0.08450	-0.18797	-16.04020	0.79156	0.96106	0.27631	0.00328	-0.27631	0.96107	-0.00147	-0.00356	0.00051	0.99999		-1001.87346	237.65761	5.08191	-0.26467	0.37355	-41.40808	2.16943	0.75000	0.66140	-0.00652	-0.66143	0.74999	-0.00462	0.00183	0.00778	0.99997	
40	0.20000	862.76615	583.29451	5.47730	-0.08428	-0.19426	-16.04544	0.79883	0.96104	0.27640	0.00339	-0.27639	0.96104	-0.00147	-0.00366	0.00048	0.99999		-1001.89340	237.59004	5.00494	-0.27778	0.40328	-41.41375	2.17211	0.74993	0.66148	-0.00704	-0.66151	0.74992	-0.00485	0.00207	0.00829	0.99996	
41	0.20500	862.76911	583.31867	5.46940	-0.08772	-0.19497	-16.04839	0.78761	0.96102	0.27645	0.00340	-0.27644	0.96103	-0.00153	-0.00369	0.00053	0.99999		-1001.91820	237.54115	4.92623	-0.29003	0.43558	-41.41225	2.15557	0.74995	0.66145	-0.00760	-0.66149	0.74993	-0.00506	0.00235	0.00882	0.99996	
42	0.21000	862.83450	583.40254	5.48704	-0.08591	-0.20291	-16.05148	0.78589	0.96101	0.27650	0.00354	-0.27650	0.96101	-0.00150	-0.00382	0.00046	0.99999		-1001.92242	237.51101	4.85049	-0.30285	0.45954	-41.41711	2.15416	0.74989	0.66151	-0.00802	-0.66156	0.74987	-0.00529	0.00252	0.00927	0.99995	
43	0.21500	862.80468	583.45824	5.48640	-0.08372	-0.20144	-16.04856	0.78846	0.96102	0.27645	0.00352	-0.27645	0.96103	-0.00146	-0.00378	0.00043	0.99999		-1001.94015	237.48566	4.75585	-0.31228	0.48136	-41.42097	2.17122	0.74984	0.66156	-0.00840	-0.66161	0.74983	-0.00545	0.00269	0.00965	0.99995	
44	0.22000	862.82445	583.48841	5.47148	-0.08144	-0.20546	-16.05900	0.79127	0.96097	0.27663	0.00359	-0.27662	0.96098	-0.00142	-0.00384	0.00037	0.99999		-1001.98981	237.43321	4.68969	-0.32204	0.50857	-41.42373	2.16434	0.74981	0.66160	-0.00888	-0.66165	0.74979	-0.00562	0.00294	0.01009	0.99994	
45	0.22500	862.84340	583.57454	5.49729	-0.07492	-0.20870	-16.06240	0.78846	0.96095	0.27668	0.00364	-0.27668	0.96096	-0.00131	-0.00386	0.00025	0.99999		-1002.00733	237.43073	4.60994	-0.33045	0.52386	-41.42200	2.17193	0.74983	0.66157	-0.00914	-0.66163	0.74981	-0.00577	0.00304	0.01037	0.99994	
46	0.23000	862.83004	583.60745	5.47946	-0.07372	-0.20877	-16.06198	0.79471	0.96096	0.27668	0.00364	-0.27667	0.96096	-0.00129	-0.00386	0.00023	0.99999		-1002.05367	237.39874	4.52330	-0.33692	0.54557	-41.42475	2.18333	0.74979	0.66161	-0.00952	-0.66167	0.74978	-0.00588	0.00325	0.01071	0.99994	
47	0.23500	862.86471	583.68762	5.48933	-0.06304	-0.21850	-16.06942	0.79563	0.96092	0.27680	0.00381	-0.27680	0.96093	-0.00110	-0.00397	0.00000	0.99999		-1002.04871	237.37323	4.48793	-0.34451	0.56536	-41.43137	2.16747	0.74971	0.66169	-0.00987	-0.66175	0.74970	-0.00601	0.00342	0.01104	0.99993	
48	0.24000	862.86393	583.75869	5.49409	-0.05624	-0.21890	-16.06987	0.79125	0.96092	0.27681	0.00382	-0.27681	0.96093	-0.00098	-0.00394	-0.00011	0.99999		-1002.06294	237.34379	4.41275	-0.35087	0.58068	-41.43740	2.13524	0.74964	0.66177	-0.01013	-0.66184	0.74962	-0.00612	0.00354	0.01130	0.99993	
49	0.24500	862.86315	583.81783	5.49028	-0.04709	-0.22486	-16.07330	0.80656	0.96090	0.27686	0.00392	-0.27686	0.96091	-0.00082	-0.00400	-0.00030	0.99999		-1002.11824	237.31275	4.33229	-0.35358	0.59662	-41.43987	2.14447	0.74961	0.66180	-0.01041	-0.66187	0.74959	-0.00617	0.00372	0.01152	0.99993	
50	0.25000	862.89905	583.89072	5.50024	-0.03826	-0.22975	-16.07640	0.79864	0.96089	0.27692	0.00401	-0.27692	0.96089	-0.00067	-0.00404	-0.00047	0.99999		-1002.16430	237.29626	4.28241	-0.35808	0.61183	-41.44121	2.14003	0.74959	0.66181	-0.01068	-0.66189	0.74958	-0.00625	0.00387	0.01175	0.99992	
51	0.25500	862.87527	583.95507	5.49442	-0.02558	-0.23592	-16.07822	0.79879	0.96088	0.27695	0.00412	-0.27695	0.96088	-0.00045	-0.00408	-0.00071	0.99999		-1002.18997	237.26618	4.18113	-0.36372	0.61907	-41.44188	2.16459	0.74958	0.66182	-0.01080	-0.66190	0.74957	-0.00635	0.00390	0.01191	0.99992	
52	0.26000	862.85812	584.00865	5.50648	-0.01578	-0.23591	-16.07894	0.80685	0.96087	0.27696	0.00412	-0.27696	0.96088	-0.00028	-0.00403	-0.00088	0.99999		-1002.23103	237.24996	4.14519	-0.36510	0.63070	-41.44366	2.15513	0.74956	0.66184	-0.01101	-0.66192	0.74955	-0.00637	0.00403	0.01206	0.99992	
53	0.26500	862.84160	584.07456	5.50397	-0.00327	-0.23453	-16.08493	0.80183	0.96084	0.27706	0.00409	-0.27706	0.96085	-0.00006	-0.00395	-0.00108	0.99999		-1002.26623	237.24979	4.07949	-0.36701	0.63408	-41.44273	2.16039	0.74957	0.66183	-0.01107	-0.66191	0.74956	-0.00641	0.00406	0.01213	0.99992	
54	0.27000	862.88813	584.14346	5.49507	0.00984	-0.24753	-16.08596	0.80312	0.96084	0.27708	0.00432	-0.27708	0.96085	0.00017	-0.00410	-0.00136	0.99999		-1002.25523	237.24377	4.00032	-0.37100	0.63447	-41.44622	2.17924	0.74953	0.66188	-0.01107	-0.66196	0.74951	-0.00647	0.00401	0.01218	0.99992	
55	0.27500	862.88296	584.21404	5.50249	0.02446	-0.25043	-16.08735	0.79821	0.96083	0.27710	0.00437	-0.27710	0.96084	0.00043	-0.00408	-0.00162	0.99999		-1002.35297	237.19688	3.95686	-0.36973	0.64835	-41.44682	2.17352	0.74952	0.66188	-0.01132	-0.66197	0.74951	-0.00645	0.00421	0.01233	0.99992	
56	0.28000	862.84637	584.27768	5.50689	0.03927	-0.24948	-16.09417	0.81386	0.96080	0.27721	0.00435	-0.27722	0.96081	0.00069	-0.00399	-0.00187	0.99999		-1002.38772	237.19621	3.88670	-0.36627	0.64977	-41.44675	2.17978	0.74952	0.66188	-0.01134	-0.66196	0.74951	-0.00639	0.00427	0.01230	0.99992	
57	0.28500	862.82248	584.37144	5.48714	0.05937	-0.25458	-16.09754	0.78401	0.96078	0.27727	0.00444	-0.27728	0.96079	0.00104	-0.00398	-0.00223	0.99999		-1002.42740	237.19656	3.80846	-0.36471	0.64096	-41.44693	2.19243	0.74952	0.66188	-0.01119	-0.66197	0.74951	-0.00636	0.00417	0.01218	0.99992	
58	0.29000	862.84175	584.48017	5.45419	0.08532	-0.25061	-16.11734	0.79082	0.96069	0.27760	0.00437	-0.27761	0.96069	0.00149	-0.00379	-0.00264	0.99999		-1002.44151	237.20088	3.77517	-0.36379	0.63989	-41.44859	2.17779	0.74950	0.66191	-0.01117	-0.66199	0.74949	-0.00635	0.00417	0.01215	0.99992	
59	0.29500	862.84025	584.54391	5.45206	0.10173	-0.25807	-16.11883	0.78172	0.96068	0.27763	0.00450	-0.27764	0.96068	0.00178	-0.00383	-0.00296	0.99999		-1002.48623	237.16921	3.73887	-0.35791	0.64211	-41.45253	2.18748	0.74946	0.66196	-0.01121	-0.66204	0.74944	-0.00625	0.00426	0.01210	0.99992	
60	0.30000	862.83283	584.60799	5.46640	0.11869	-0.25758	-16.12144	0.77562	0.96067	0.27767	0.00450	-0.27768	0.96067	0.00207	-0.00374	-0.00324	0.99999		-1002.52819	237.15761	3.67271	-0.35409	0.63096	-41.45471	2.19780	0.74943	0.66199	-0.01101	-0.66207	0.74942	-0.00618	0.00416	0.01192	0.99992	
61	0.30500	862.82934	584.65362	5.44903	0.13546	-0.26339	-16.13166	0.77761	0.96062	0.27784	0.00460	-0.27786	0.96062	0.00236	-0.00376	-0.00355	0.99999		-1002.52463	237.18344	3.67236	-0.35034	0.62632	-41.45824	2.15548	0.74939	0.66203	-0.01093	-0.66211	0.74938	-0.00611	0.00414	0.01182	0.99992	
62	0.31000	862.80684	584.72168	5.44792	0.15430	-0.26464	-16.12886	0.80247	0.96063	0.27780	0.00462	-0.27781	0.96063	0.00269	-0.00369	-0.00387	0.99999		-1002.60287	237.18456	3.59632	-0.34279	0.61031	-41.46038	2.19982	0.74937	0.66206	-0.01065	-0.66214	0.74936	-0.00598	0.00402	0.01154	0.99993	
63	0.31500	862.79600	584.77796	5.46887	0.17576	-0.26470	-16.13714	0.79198	0.96059	0.27793	0.00462	-0.27795	0.96059	0.00307	-0.00359	-0.00423	0.99998		-1002.60807	237.20009	3.55731	-0.33574	0.59608	-41.46053	2.17741	0.74937	0.66207	-0.01040	-0.66214	0.74936	-0.00586	0.00392	0.01128	0.99993	
64	0.32000	862.76625	584.85478	5.45297	0.19564	-0.26532	-16.13817	0.79664	0.96058	0.27795	0.00463	-0.27797	0.96058	0.00341	-0.00350	-0.00457	0.99998		-1002.69462	237.18979	3.50059	-0.32812	0.58337	-41.45491	2.20522	0.74944	0.66200	-0.01018	-0.66206	0.74943	-0.00573	0.00384	0.01103	0.99993	
65	0.32500	862.76912	584.94377	5.43501	0.22088	-0.27453	-16.13982	0.79678	0.96058	0.27798	0.00479	-0.27800	0.96057	0.00386	-0.00353	-0.00504	0.99998		-1002.71233	237.18955	3.45349	-0.32146	0.56043	-41.45651	2.19499	0.74942	0.66202	-0.00978	-0.66208	0.74941	-0.00561	0.00362	0.01068	0.99994	
66	0.33000	862.72967	585.01554	5.44464	0.24168	-0.27728	-16.14042	0.80185	0.96057	0.27799	0.00484	-0.27801	0.96057	0.00422	-0.00348	-0.00540	0.99998		-1002.67958	237.20825	3.42272	-0.31332	0.52994	-41.46549	2.17789	0.74932	0.66214	-0.00925	-0.66220	0.74931	-0.00547	0.00331	0.01022	0.99994	
67	0.33500	862.74940	585.08231	5.44287	0.26220	-0.27718	-16.14391	0.79601	0.96056	0.27805	0.00484	-0.27807	0.96055	0.00458	-0.00337	-0.00574	0.99998		-1002.65603	237.21607	3.35909	-0.30555	0.50169	-41.47120	2.15406	0.74926	0.66222	-0.00876	-0.66227	0.74925	-0.00533	0.00303	0.00979	0.99995	
68	0.34000	862.71324	585.14778	5.43056	0.28387	-0.27976	-16.14597	0.79208	0.96054	0.27808	0.00488	-0.27811	0.96054	0.00495	-0.00331	-0.00612	0.99998		-1002.65077	237.24463	3.32265	-0.29754	0.47192	-41.47007	2.12934	0.74928	0.66221	-0.00824	-0.66225	0.74926	-0.00519	0.00273	0.00935	0.99995	
69	0.34500	862.71658	585.20216	5.44078	0.30569	-0.28255	-16.15266	0.80195	0.96051	0.27819	0.00493	-0.27822	0.96050	0.00534	-0.00325	-0.00650	0.99997		-1002.65513	237.23375	3.31606	-0.28874	0.45011	-41.47376	2.11608	0.74924	0.66226	-0.00786	-0.66230	0.74922	-0.00504	0.00255	0.00898	0.99996	
70	0.35000	862.68969	585.28091	5.41043	0.33134	-0.27845	-16.15867	0.80169	0.96048	0.27830	0.00486	-0.27832	0.96047	0.00578	-0.00306	-0.00691	0.99997		-1002.84050	237.23813	3.24153	-0.25936	0.43961	-41.47268	2.09378	0.74925	0.66224	-0.00767	-0.66228	0.74924	-0.00453	0.00275	0.00847	0.99996	
71	0.35500	862.64428	585.34970	5.41985	0.35623	-0.27674	-16.15463	0.80127	0.96050	0.27823	0.00483	-0.27825	0.96049	0.00622	-0.00291	-0.00732	0.99997		-1002.89834	237.27259	3.20985	-0.24374	0.40727	-41.47371	2.12051	0.74924	0.66226	-0.00711	-0.66229	0.74923	-0.00425	0.00251	0.00789	0.99997	
72	0.36000	862.64448	585.43717	5.42964	0.38061	-0.28336	-16.15661	0.79936	0.96049	0.27826	0.00495	-0.27829	0.96047	0.00664	-0.00290	-0.00776	0.99997		-1002.95903	237.28307	3.20407	-0.22868	0.38584	-41.47208	2.11706	0.74926	0.66224	-0.00673	-0.66227	0.74925	-0.00399	0.00240	0.00745	0.99997	
73	0.36500	862.64370	585.50507	5.39068	0.40145	-0.28846	-16.15995	0.80033	0.96048	0.27832	0.00503	-0.27835	0.96046	0.00701	-0.00289	-0.00813	0.99996		-1002.99151	237.29815	3.20563	-0.21686	0.35896	-41.47186	2.11427	0.74927	0.66224	-0.00626	-0.66227	0.74926	-0.00378	0.00219	0.00698	0.99997	
74	0.37000	862.62258	585.59121	5.40268	0.42809	-0.28357	-16.15912	0.79854	0.96048	0.27830	0.00495	-0.27833	0.96046	0.00747	-0.00267	-0.00855	0.99996		-1003.01364	237.31235	3.19069	-0.20505	0.32524	-41.46685	2.15041	0.74933	0.66218	-0.00568	-0.66220	0.74932	-0.00358	0.00188	0.00644	0.99998	
75	0.37500	862.65934	585.71482	5.35752	0.45951	-0.27688	-16.18764	0.77406	0.96034	0.27878	0.00483	-0.27881	0.96031	0.00802	-0.00240	-0.00905	0.99996		-1003.00960	237.34925	3.19830	-0.19232	0.29174	-41.46791	2.13804	0.74932	0.66219	-0.00509	-0.66221	0.74931	-0.00336	0.00159	0.00589	0.99998	
76	0.38000	862.60031	585.77168	5.32449	0.48058	-0.27679	-16.18533	0.78956	0.96035	0.27874	0.00483	-0.27877	0.96032	0.00839	-0.00230	-0.00940	0.99995		-1003.01583	237.36620	3.18169	-0.17974	0.25450	-41.47219	2.13458	0.74927	0.66225	-0.00444	-0.66226	0.74926	-0.00314	0.00125	0.00529	0.99999	
77	0.38500	862.57690	585.85259	5.33255	0.50348	-0.27846	-16.18934	0.77627	0.96033	0.27881	0.00486	-0.27884	0.96030	0.00879	-0.00222	-0.00979	0.99995		-1003.02536	237.38294	3.17928	-0.16697	0.21442	-41.47560	2.10358	0.74923	0.66230	-0.00374	-0.66231	0.74923	-0.00291	0.00087	0.00466	0.99999	
78	0.39000	862.54977	585.92532	5.32640	0.52370	-0.27692	-16.19045	0.79580	0.96033	0.27883	0.00483	-0.27886	0.96029	0.00914	-0.00209	-0.01013	0.99995		-1002.99083	237.39612	3.16792	-0.15516	0.17595	-41.48061	2.10525	0.74918	0.66236	-0.00307	-0.66237	0.74917	-0.00271	0.00051	0.00406	0.99999	
79	0.39500	862.52939	585.96804	5.32900	0.54140	-0.27220	-16.19472	0.79573	0.96031	0.27890	0.00475	-0.27893	0.96026	0.00945	-0.00193	-0.01040	0.99994		-1003.00829	237.41576	3.17703	-0.14070	0.13935	-41.48212	2.09206	0.74916	0.66238	-0.00243	-0.66239	0.74916	-0.00246	0.00020	0.00345	0.99999	
80	0.40000	862.51644	586.02472	5.30496	0.55788	-0.27027	-16.20072	0.80256	0.96028	0.27900	0.00472	-0.27903	0.96023	0.00974	-0.00181	-0.01067	0.99994		-1003.04010	237.41481	3.17039	-0.12622	0.10500	-41.48568	2.09190	0.74912	0.66243	-0.00183	-0.66243	0.74912	-0.00220	-0.00009	0.00286	1.00000	
81	0.40500	862.51681	586.11018	5.28318	0.57719	-0.26553	-16.19722	0.79446	0.96030	0.27894	0.00463	-0.27898	0.96025	0.01007	-0.00164	-0.01097	0.99994		-1003.05493	237.44061	3.19137	-0.10747	0.07236	-41.48576	2.11252	0.74912	0.66243	-0.00126	-0.66243	0.74912	-0.00188	-0.00030	0.00224	1.00000	
82	0.41000	862.51444	586.18173	5.27683	0.59668	-0.26402	-16.20024	0.79972	0.96028	0.27899	0.00461	-0.27903	0.96023	0.01041	-0.00152	-0.01129	0.99994		-1003.07485	237.46238	3.22418	-0.09195	0.04191	-41.48437	2.08908	0.74914	0.66242	-0.00073	-0.66242	0.74913	-0.00160	-0.00052	0.00169	1.00000	
83	0.41500	862.48907	586.27318	5.26145	0.61518	-0.26463	-16.20485	0.80179	0.96026	0.27907	0.00462	-0.27910	0.96020	0.01074	-0.00144	-0.01160	0.99993		-1003.13756	237.47690	3.23281	-0.07797	0.00397	-41.48202	2.12332	0.74916	0.66238	-0.00007	-0.66238	0.74916	-0.00136	-0.00085	0.00107	1.00000	
84	0.42000	862.46640	586.34983	5.25180	0.63243	-0.25998	-16.20600	0.80640	0.96025	0.27909	0.00454	-0.27912	0.96019	0.01104	-0.00128	-0.01187	0.99993		-1003.12770	237.48950	3.25113	-0.06336	-0.02838	-41.48425	2.10744	0.74914	0.66241	0.00050	-0.66241	0.74914	-0.00111	-0.00110	0.00050	1.00000	
85	0.42500	862.41572	586.40992	5.23979	0.64737	-0.25116	-16.21035	0.80692	0.96023	0.27916	0.00438	-0.27919	0.96017	0.01130	-0.00105	-0.01207	0.99993		-1003.12139	237.51070	3.26841	-0.04891	-0.06535	-41.48749	2.09721	0.74910	0.66246	0.00114	-0.66246	0.74910	-0.00085	-0.00142	-0.00012	1.00000	
86	0.43000	862.44076	586.48176	5.21054	0.66123	-0.24881	-16.21380	0.80379	0.96022	0.27922	0.00434	-0.27925	0.96015	0.01154	-0.00095	-0.01229	0.99992		-1003.11173	237.53274	3.27474	-0.03442	-0.10373	-41.48867	2.10086	0.74909	0.66247	0.00181	-0.66247	0.74909	-0.00060	-0.00175	-0.00075	1.00000	
87	0.43500	862.40751	586.55741	5.19627	0.67563	-0.24728	-16.22108	0.81566	0.96018	0.27934	0.00432	-0.27937	0.96011	0.01179	-0.00085	-0.01253	0.99992		-1003.10401	237.56576	3.29308	-0.02145	-0.14526	-41.48502	2.09495	0.74913	0.66242	0.00254	-0.66242	0.74913	-0.00037	-0.00215	-0.00140	1.00000	
88	0.44000	862.37111	586.64926	5.18589	0.69176	-0.23629	-16.21478	0.81357	0.96021	0.27924	0.00412	-0.27927	0.96014	0.01207	-0.00059	-0.01274	0.99992		-1003.11546	237.59520	3.30163	-0.00590	-0.18270	-41.48756	2.09332	0.74910	0.66245	0.00319	-0.66246	0.74910	-0.00010	-0.00246	-0.00204	0.99999	
89	0.44500	862.32669	586.71222	5.15615	0.70214	-0.23206	-16.22120	0.80966	0.96018	0.27934	0.00405	-0.27937	0.96010	0.01225	-0.00047	-0.01290	0.99992		-1003.10141	237.62400	3.32603	0.00862	-0.22105	-41.48885	2.09013	0.74908	0.66247	0.00386	-0.66247	0.74908	0.00015	-0.00279	-0.00267	0.99999	
90	0.45000	862.30608	586.79358	5.15305	0.71412	-0.22197	-16.22276	0.81518	0.96018	0.27937	0.00387	-0.27940	0.96009	0.01246	-0.00024	-0.01305	0.99991		-1003.07770	237.62733	3.35360	0.01835	-0.25592	-41.49327	2.08567	0.74903	0.66253	0.00447	-0.66253	0.74903	0.00032	-0.00313	-0.00320	0.99999	
91	0.45500	862.36109	586.93165	5.09177	0.73486	-0.21876	-16.24231	0.79068	0.96008	0.27970	0.00382	-0.27972	0.95999	0.01283	-0.00008	-0.01338	0.99991		-1003.08254	237.64053	3.39608	0.03384	-0.28430	-41.49754	2.04805	0.74898	0.66258	0.00496	-0.66259	0.74898	0.00059	-0.00333	-0.00373	0.99999	
92	0.46000	862.31135	587.00750	5.06808	0.74283	-0.21236	-16.24608	0.78140	0.96006	0.27976	0.00371	-0.27979	0.95997	0.01296	0.00007	-0.01348	0.99991		-1003.07297	237.64681	3.42101	0.04446	-0.32055	-41.49735	2.05825	0.74897	0.66258	0.00559	-0.66259	0.74898	0.00078	-0.00368	-0.00429	0.99998	
93	0.46500	862.26238	587.06035	5.05622	0.75022	-0.20450	-16.25013	0.78691	0.96004	0.27983	0.00357	-0.27985	0.95995	0.01309	0.00024	-0.01357	0.99991		-1003.06984	237.67519	3.45423	0.05662	-0.35034	-41.50081	2.03021	0.74893	0.66262	0.00611	-0.66263	0.74894	0.00099	-0.00392	-0.00479	0.99998	
94	0.47000	862.29306	587.14584	5.04000	0.75504	-0.20091	-16.25335	0.79774	0.96003	0.27988	0.00351	-0.27991	0.95994	0.01318	0.00032	-0.01363	0.99991		-1002.41829	235.60352	4.12529	-0.04103	-0.12586	-41.80638	1.24882	0.74540	0.66661	0.00220	-0.66661	0.74540	-0.00072	-0.00211	-0.00093	1.00000	
95	0.47500	862.20653	587.17528	5.02665	0.75616	-0.18457	-16.25802	0.79635	0.96001	0.27996	0.00322	-0.27998	0.95992	0.01320	0.00060	-0.01357	0.99991		-1002.62001	235.53696	4.18575	-0.02002	-0.12587	-41.79535	1.20172	0.74553	0.66647	0.00220	-0.66647	0.74553	-0.00035	-0.00187	-0.00120	1.00000	
96	0.48000	862.23820	587.27012	5.00896	0.75999	-0.18408	-16.25407	0.80275	0.96003	0.27990	0.00321	-0.27991	0.95993	0.01326	0.00063	-0.01363	0.99991		-1002.60451	235.58269	4.20594	-0.00888	-0.15838	-41.79778	1.20549	0.74550	0.66650	0.00276	-0.66650	0.74550	-0.00015	-0.00216	-0.00173	1.00000	
97	0.48500	862.21098	587.34840	4.97397	0.76551	-0.17783	-16.25711	0.79396	0.96001	0.27995	0.00310	-0.27996	0.95992	0.01336	0.00076	-0.01369	0.99991		-1002.54379	235.60905	4.23858	0.00164	-0.18991	-41.79978	1.22798	0.74547	0.66653	0.00331	-0.66653	0.74548	0.00003	-0.00245	-0.00223	0.99999	
98	0.49000	862.19833	587.41499	4.97318	0.76471	-0.17201	-16.25759	0.80506	0.96001	0.27995	0.00300	-0.27997	0.95992	0.01335	0.00085	-0.01365	0.99991		-1002.58675	235.63316	4.28756	0.01226	-0.21292	-41.80167	1.21459	0.74545	0.66655	0.00372	-0.66655	0.74546	0.00021	-0.00263	-0.00264	0.99999	
99	0.49500	862.20392	587.49169	4.94795	0.76423	-0.16594	-16.26240	0.79827	0.95999	0.28004	0.00290	-0.28005	0.95989	0.01334	0.00096	-0.01362	0.99991		-1002.60081	235.66333	4.30473	0.02416	-0.23686	-41.79875	1.22202	0.74548	0.66651	0.00413	-0.66652	0.74549	0.00042	-0.00280	-0.00307	0.99999	
100	0.50000	862.15080	587.55222	4.92288	0.76316	-0.15665	-16.26850	0.80726	0.95996	0.28014	0.00273	-0.28015	0.95986	0.01332	0.00111	-0.01355	0.99991		-1002.58926	235.69279	4.35094	0.03285	-0.26244	-41.80108	1.21329	0.74546	0.66654	0.00458	-0.66655	0.74546	0.00057	-0.00303	-0.00348	0.99999	
101	0.50500	862.16396	587.62764	4.93135	0.75977	-0.14981	-16.26584	0.82195	0.95997	0.28009	0.00261	-0.28010	0.95988	0.01326	0.00120	-0.01346	0.99991		-1002.59137	235.69428	4.38965	0.04235	-0.27954	-41.80683	1.25078	0.74539	0.66661	0.00488	-0.66662	0.74539	0.00074	-0.00314	-0.00380	0.99999	
102	0.51000	862.11853	587.70844	4.89310	0.75763	-0.14364	-16.26847	0.81460	0.95996	0.28014	0.00251	-0.28015	0.95987	0.01322	0.00130	-0.01340	0.99991		-1002.60025	235.71071	4.40939	0.04747	-0.29945	-41.80342	1.22866	0.74543	0.66657	0.00523	-0.66658	0.74543	0.00083	-0.00334	-0.00410	0.99999	
103	0.51500	862.14079	587.77391	4.88401	0.75004	-0.14032	-16.26374	0.80947	0.95998	0.28006	0.00245	-0.28007	0.95989	0.01309	0.00132	-0.01325	0.99991		-1002.57136	235.75077	4.43565	0.05680	-0.31958	-41.80596	1.21754	0.74540	0.66660	0.00558	-0.66661	0.74540	0.00099	-0.00350	-0.00446	0.99998	
104	0.52000	862.07645	587.85041	4.87428	0.74576	-0.13309	-16.27110	0.81666	0.95994	0.28018	0.00232	-0.28019	0.95986	0.01302	0.00142	-0.01314	0.99991		-1002.58889	235.76932	4.46845	0.06105	-0.33532	-41.80882	1.22556	0.74536	0.66664	0.00585	-0.66665	0.74537	0.00107	-0.00365	-0.00470	0.99998	
105	0.52500	862.04516	587.90254	4.84315	0.73893	-0.12778	-16.27312	0.80958	0.95993	0.28022	0.00223	-0.28022	0.95985	0.01290	0.00147	-0.01300	0.99991		-1002.62517	235.75855	4.50180	0.06698	-0.34315	-41.80788	1.22984	0.74537	0.66662	0.00599	-0.66664	0.74538	0.00117	-0.00368	-0.00486	0.99998	
106	0.53000	862.03474	587.96853	4.84011	0.73084	-0.11873	-16.27559	0.81575	0.95992	0.28026	0.00207	-0.28026	0.95984	0.01276	0.00159	-0.01282	0.99992		-1002.60102	235.77136	4.53685	0.07165	-0.35524	-41.81120	1.22780	0.74533	0.66667	0.00620	-0.66668	0.74534	0.00125	-0.00379	-0.00507	0.99998	
107	0.53500	862.02677	588.04068	4.80677	0.72278	-0.11508	-16.27584	0.82486	0.95992	0.28026	0.00201	-0.28026	0.95984	0.01261	0.00161	-0.01267	0.99992		-1002.61822	235.77674	4.57469	0.07417	-0.36271	-41.81488	1.23087	0.74529	0.66671	0.00633	-0.66673	0.74530	0.00129	-0.00386	-0.00519	0.99998	
108	0.54000	861.99964	588.10174	4.79078	0.71323	-0.10720	-16.28342	0.80735	0.95988	0.28039	0.00187	-0.28039	0.95981	0.01245	0.00169	-0.01247	0.99992		-1002.61696	235.79713	4.60208	0.07681	-0.36993	-41.81582	1.21607	0.74528	0.66672	0.00646	-0.66674	0.74529	0.00134	-0.00392	-0.00530	0.99998	
109	0.54500	862.00241	588.17032	4.79113	0.70180	-0.10112	-16.28093	0.83101	0.95990	0.28035	0.00176	-0.28035	0.95982	0.01225	0.00174	-0.01225	0.99992		-1002.69579	235.77654	4.64605	0.07946	-0.36862	-41.81607	1.19687	0.74527	0.66673	0.00643	-0.66675	0.74528	0.00139	-0.00387	-0.00532	0.99998	
110	0.55000	862.02795	588.26643	4.75397	0.69349	-0.10599	-16.28550	0.81335	0.95987	0.28042	0.00185	-0.28042	0.95980	0.01210	0.00162	-0.01214	0.99993		-1002.36217	235.83961	4.69045	0.05011	-0.41633	-41.82051	1.20156	0.74522	0.66678	0.00727	-0.66680	0.74523	0.00087	-0.00483	-0.00550	0.99997	
111	0.55500	862.00009	588.32746	4.73737	0.68235	-0.09795	-16.28525	0.80968	0.95988	0.28042	0.00171	-0.28042	0.95980	0.01191	0.00170	-0.01191	0.99993		-1002.31793	235.86865	4.70338	0.04554	-0.42713	-41.81823	1.20752	0.74524	0.66675	0.00745	-0.66677	0.74526	0.00079	-0.00503	-0.00556	0.99997	
112	0.56000	861.93717	588.38820	4.71662	0.67061	-0.09250	-16.28731	0.80145	0.95987	0.28045	0.00161	-0.28045	0.95980	0.01170	0.00173	-0.01169	0.99993		-1002.66553	235.81782	4.72058	0.07431	-0.37821	-41.81616	1.21746	0.74527	0.66673	0.00660	-0.66675	0.74528	0.00130	-0.00405	-0.00537	0.99998	
113	0.56500	861.91989	588.45269	4.70140	0.65758	-0.08485	-16.29091	0.79780	0.95985	0.28051	0.00148	-0.28051	0.95978	0.01148	0.00180	-0.01143	0.99993		-1002.39486	235.86051	4.77763	0.04105	-0.41945	-41.81871	1.20854	0.74524	0.66676	0.00732	-0.66678	0.74525	0.00072	-0.00498	-0.00542	0.99997	
114	0.57000	861.95104	588.54119	4.67665	0.64723	-0.08564	-16.29168	0.79199	0.95985	0.28053	0.00149	-0.28053	0.95978	0.01130	0.00173	-0.01126	0.99994		-1002.35151	235.88307	4.78222	0.03619	-0.42289	-41.82050	1.19027	0.74522	0.66678	0.00738	-0.66680	0.74523	0.00063	-0.00508	-0.00539	0.99997	
115	0.57500	861.93161	588.59751	4.66047	0.63314	-0.08421	-16.29670	0.79540	0.95982	0.28061	0.00147	-0.28061	0.95976	0.01105	0.00169	-0.01102	0.99994		-1002.31669	235.89691	4.80650	0.03136	-0.42182	-41.82430	1.20279	0.74517	0.66683	0.00736	-0.66685	0.74519	0.00055	-0.00512	-0.00532	0.99997	
116	0.58000	861.90630	588.67087	4.64591	0.61773	-0.07797	-16.29367	0.77263	0.95984	0.28056	0.00136	-0.28056	0.95978	0.01078	0.00172	-0.01073	0.99994		-1002.36492	235.88517	4.84263	0.02860	-0.40483	-41.82473	1.20909	0.74517	0.66684	0.00707	-0.66686	0.74519	0.00050	-0.00493	-0.00508	0.99997	
117	0.58500	861.84288	588.71900	4.64601	0.60117	-0.06303	-16.29827	0.79450	0.95981	0.28064	0.00110	-0.28063	0.95976	0.01049	0.00189	-0.01038	0.99994		-1002.35307	235.90492	4.85297	0.02167	-0.40112	-41.82941	1.20122	0.74512	0.66690	0.00700	-0.66692	0.74513	0.00038	-0.00496	-0.00495	0.99998	
118	0.59000	861.84261	588.77662	4.61517	0.58425	-0.06779	-16.29968	0.80260	0.95981	0.28066	0.00118	-0.28066	0.95975	0.01020	0.00173	-0.01012	0.99995		-1002.37696	235.89079	4.88513	0.01261	-0.38815	-41.82857	1.18969	0.74513	0.66689	0.00677	-0.66691	0.74514	0.00022	-0.00490	-0.00468	0.99998	
119	0.59500	861.85436	588.84019	4.58913	0.56666	-0.06643	-16.30926	0.79236	0.95976	0.28082	0.00116	-0.28082	0.95971	0.00989	0.00166	-0.00982	0.99995		-1002.40049	235.89563	4.89494	0.00552	-0.37385	-41.83169	1.18661	0.74509	0.66693	0.00652	-0.66695	0.74511	0.00010	-0.00480	-0.00442	0.99998	
120	0.60000	861.80539	588.87673	4.56283	0.54710	-0.06278	-16.31067	0.79740	0.95975	0.28085	0.00110	-0.28084	0.95971	0.00955	0.00163	-0.00947	0.99995		-1002.33123	235.93715	4.89842	-0.00859	-0.37488	-41.82913	1.17903	0.74512	0.66690	0.00654	-0.66691	0.74514	-0.00015	-0.00498	-0.00425	0.99998	
121	0.60500	861.76794	588.95499	4.56939	0.53197	-0.05486	-16.31025	0.78676	0.95975	0.28084	0.00096	-0.28083	0.95971	0.00928	0.00169	-0.00918	0.99996		-1002.37854	235.91569	4.91559	-0.01630	-0.35350	-41.82827	1.15750	0.74513	0.66689	0.00617	-0.66690	0.74515	-0.00028	-0.00479	-0.00390	0.99998	
122	0.61000	861.77148	588.99680	4.55640	0.51189	-0.05246	-16.31335	0.78886	0.95974	0.28089	0.00092	-0.28089	0.95970	0.00893	0.00163	-0.00883	0.99996		-1002.36944	235.92326	4.93966	-0.02733	-0.33584	-41.83722	1.18100	0.74503	0.66701	0.00586	-0.66701	0.74504	-0.00048	-0.00469	-0.00355	0.99998	
123	0.61500	861.72692	589.00906	4.58221	0.48731	-0.05283	-16.30752	0.79653	0.95977	0.28079	0.00092	-0.28079	0.95973	0.00851	0.00150	-0.00842	0.99996		-1002.38692	235.95549	4.95405	-0.03859	-0.32331	-41.83287	1.16107	0.74508	0.66695	0.00564	-0.66696	0.74510	-0.00067	-0.00465	-0.00326	0.99998	
124	0.62000	861.67185	589.03850	4.54865	0.46534	-0.04788	-16.31170	0.82492	0.95975	0.28086	0.00084	-0.28086	0.95971	0.00812	0.00148	-0.00803	0.99997		-1002.40809	235.92518	4.95840	-0.05110	-0.29836	-41.83748	1.17433	0.74503	0.66701	0.00521	-0.66702	0.74504	-0.00089	-0.00447	-0.00281	0.99999	
125	0.62500	861.66328	589.09644	4.55826	0.44813	-0.04194	-16.31367	0.82496	0.95974	0.28090	0.00073	-0.28089	0.95971	0.00782	0.00149	-0.00771	0.99997		-1002.41101	235.93721	4.96730	-0.06391	-0.27567	-41.83624	1.16541	0.74505	0.66700	0.00481	-0.66700	0.74506	-0.00112	-0.00433	-0.00238	0.99999	
126	0.63000	861.67425	589.18241	4.54090	0.43114	-0.04647	-16.31684	0.81407	0.95972	0.28095	0.00081	-0.28095	0.95969	0.00752	0.00134	-0.00745	0.99997		-1002.46307	235.90717	4.98776	-0.07883	-0.25056	-41.83873	1.14978	0.74502	0.66703	0.00437	-0.66703	0.74503	-0.00138	-0.00418	-0.00189	0.99999	
127	0.63500	861.63501	589.24790	4.53963	0.41577	-0.03772	-16.32759	0.82745	0.95967	0.28113	0.00066	-0.28113	0.95964	0.00726	0.00141	-0.00715	0.99997		-1002.35072	235.94550	4.97973	-0.09926	-0.24449	-41.84041	1.17760	0.74500	0.66705	0.00427	-0.66705	0.74501	-0.00173	-0.00433	-0.00156	0.99999	
128	0.64000	861.61593	589.30635	4.53903	0.39526	-0.03697	-16.32818	0.81659	0.95967	0.28114	0.00065	-0.28114	0.95964	0.00690	0.00132	-0.00680	0.99998		-1002.38875	235.93645	5.00539	-0.11282	-0.21555	-41.84814	1.19142	0.74491	0.66715	0.00376	-0.66715	0.74492	-0.00197	-0.00412	-0.00104	0.99999	
129	0.64500	861.64810	589.39417	4.51336	0.37920	-0.04997	-16.32356	0.81897	0.95969	0.28106	0.00087	-0.28106	0.95967	0.00662	0.00102	-0.00660	0.99998		-1002.39347	235.91588	5.00378	-0.12793	-0.18623	-41.85648	1.19425	0.74481	0.66726	0.00325	-0.66726	0.74482	-0.00223	-0.00391	-0.00051	0.99999	
130	0.65000	861.57046	589.44954	4.53204	0.36442	-0.03517	-16.33189	0.81090	0.95965	0.28120	0.00061	-0.28120	0.95963	0.00636	0.00120	-0.00628	0.99998		-1002.40205	235.92236	4.98619	-0.14566	-0.16589	-41.85476	1.21425	0.74484	0.66724	0.00290	-0.66724	0.74484	-0.00254	-0.00385	-0.00004	0.99999	
131	0.65500	861.64377	589.50151	4.51368	0.34654	-0.03979	-16.33751	0.82804	0.95962	0.28129	0.00069	-0.28129	0.95960	0.00605	0.00103	-0.00600	0.99998		-1002.42690	235.91608	5.00508	-0.16311	-0.13743	-41.85764	1.21983	0.74480	0.66728	0.00240	-0.66727	0.74481	-0.00285	-0.00369	0.00052	0.99999	
132	0.66000	861.59431	589.56926	4.49873	0.33083	-0.03846	-16.34636	0.82253	0.95958	0.28144	0.00067	-0.28144	0.95956	0.00577	0.00098	-0.00573	0.99998		-1002.48151	235.89936	5.01753	-0.17801	-0.10309	-41.85710	1.19627	0.74481	0.66727	0.00180	-0.66727	0.74481	-0.00311	-0.00341	0.00111	0.99999	
133	0.66500	861.57321	589.61356	4.51513	0.31082	-0.03109	-16.34081	0.81230	0.95961	0.28135	0.00054	-0.28135	0.95959	0.00542	0.00101	-0.00536	0.99999		-1002.47690	235.90522	5.00301	-0.19501	-0.07965	-41.86026	1.21225	0.74477	0.66732	0.00139	-0.66731	0.74477	-0.00340	-0.00331	0.00161	0.99999	
134	0.67000	861.54280	589.68371	4.50469	0.29564	-0.02847	-16.34308	0.80971	0.95959	0.28139	0.00050	-0.28139	0.95958	0.00516	0.00098	-0.00509	0.99999		-1002.48310	235.91963	4.99368	-0.21216	-0.05658	-41.86239	1.21508	0.74475	0.66734	0.00099	-0.66734	0.74475	-0.00370	-0.00321	0.00210	0.99999	
135	0.67500	861.56068	589.74900	4.48826	0.28023	-0.02824	-16.35396	0.82020	0.95954	0.28157	0.00049	-0.28157	0.95953	0.00489	0.00090	-0.00483	0.99999		-1002.52292	235.92863	5.00544	-0.22828	-0.02878	-41.86400	1.23450	0.74473	0.66736	0.00050	-0.66736	0.74473	-0.00398	-0.00303	0.00263	0.99999	
