NO_OF_FRAMES	12025
NO_OF_CAMERAS	8
NO_OF_BODIES	2
FREQUENCY	200
NO_OF_ANALOG	0
ANALOG_FREQUENCY	0
DESCRIPTION	--
TIME_STAMP	2013-07-03, 12:23:52	13449.40972197
DATA_INCLUDED	6D
BODY_NAMES	Ice 1	Ice 2
Frame	Time	Ice 1 X	Y	Z	Roll	Pitch	Yaw	Residual	Rot[0]	Rot[1]	Rot[2]	Rot[3]	Rot[4]	Rot[5]	Rot[6]	Rot[7]	Rot[8]	Ice 2 X	Y	Z	Roll	Pitch	Yaw	Residual	Rot[0]	Rot[1]	Rot[2]	Rot[3]	Rot[4]	Rot[5]	Rot[6]	Rot[7]	Rot[8]	
1	0.00500	70.38859	-41.08383	0.51054	0.43387	-0.03625	0.79527	0.95354	0.99990	-0.01388	0.00063	0.01387	0.99988	0.00757	-0.00074	-0.00756	0.99997		-126.94862	-91.51336	-0.35632	-0.13820	0.36395	-0.60197	0.21850	0.99992	0.01051	-0.00635	-0.01052	0.99994	-0.00241	0.00633	0.00248	0.99998	
2	0.01000	70.47997	-41.11632	0.50234	0.42591	-0.03262	0.81582	0.99315	0.99990	-0.01424	0.00057	0.01423	0.99987	0.00743	-0.00068	-0.00742	0.99997		-126.97705	-91.50584	-0.35288	-0.13744	0.37271	-0.59449	0.18334	0.99993	0.01038	-0.00651	-0.01039	0.99994	-0.00240	0.00648	0.00247	0.99998	
3	0.01500	70.43032	-41.10580	0.49090	0.42913	-0.01981	0.81286	0.97689	0.99990	-0.01419	0.00035	0.01418	0.99987	0.00749	-0.00045	-0.00748	0.99997		-126.99022	-91.48212	-0.36554	-0.13727	0.37436	-0.59851	0.19001	0.99992	0.01045	-0.00653	-0.01046	0.99994	-0.00240	0.00651	0.00246	0.99998	
4	0.02000	70.45391	-41.10342	0.49559	0.43132	-0.02082	0.81347	0.97868	0.99990	-0.01420	0.00036	0.01419	0.99987	0.00753	-0.00047	-0.00752	0.99997		-126.97702	-91.49964	-0.36175	-0.14064	0.38063	-0.59836	0.19513	0.99992	0.01044	-0.00664	-0.01046	0.99994	-0.00245	0.00662	0.00252	0.99997	
5	0.02500	70.43325	-41.10161	0.51052	0.43675	-0.01289	0.80878	0.97891	0.99990	-0.01412	0.00022	0.01411	0.99987	0.00762	-0.00033	-0.00762	0.99997		-126.96797	-91.51455	-0.36208	-0.14167	0.38280	-0.59951	0.19414	0.99992	0.01046	-0.00668	-0.01048	0.99994	-0.00247	0.00665	0.00254	0.99997	
6	0.03000	70.43815	-41.10507	0.47449	0.43686	-0.01294	0.81345	0.97833	0.99990	-0.01420	0.00023	0.01419	0.99987	0.00762	-0.00033	-0.00762	0.99997		-127.01686	-91.50765	-0.38234	-0.14478	0.38542	-0.59640	0.18706	0.99992	0.01041	-0.00673	-0.01043	0.99994	-0.00253	0.00670	0.00260	0.99997	
7	0.03500	70.43272	-41.09978	0.48459	0.44050	-0.00556	0.81246	0.98084	0.99990	-0.01418	0.00010	0.01418	0.99987	0.00769	-0.00021	-0.00769	0.99997		-126.98062	-91.50269	-0.37892	-0.14719	0.38716	-0.59629	0.18794	0.99992	0.01041	-0.00676	-0.01042	0.99994	-0.00257	0.00673	0.00264	0.99997	
8	0.04000	70.45943	-41.09654	0.49552	0.44480	-0.00064	0.81495	0.98228	0.99990	-0.01422	0.00001	0.01422	0.99987	0.00776	-0.00012	-0.00776	0.99997		-127.00745	-91.51694	-0.37879	-0.15128	0.39586	-0.59521	0.19296	0.99992	0.01039	-0.00691	-0.01041	0.99994	-0.00264	0.00688	0.00271	0.99997	
9	0.04500	70.50089	-41.06573	0.26665	0.44956	-0.03253	0.81049	1.18175	0.99990	-0.01415	0.00057	0.01414	0.99987	0.00785	-0.00068	-0.00784	0.99997		-127.02551	-91.51181	-0.38733	-0.15407	0.40084	-0.59906	0.19752	0.99992	0.01046	-0.00700	-0.01047	0.99994	-0.00269	0.00697	0.00276	0.99997	
10	0.05000	70.38675	-41.05730	0.51576	0.46125	0.00691	0.79710	0.96783	0.99990	-0.01391	-0.00012	0.01391	0.99987	0.00805	0.00001	-0.00805	0.99997		-127.01351	-91.53522	-0.39993	-0.16123	0.40301	-0.59720	0.18775	0.99992	0.01042	-0.00703	-0.01044	0.99994	-0.00281	0.00700	0.00289	0.99997	
11	0.05500	70.26901	-41.16155	0.31131	0.46778	-0.03778	0.80986	1.25848	0.99990	-0.01413	0.00066	0.01413	0.99987	0.00816	-0.00077	-0.00815	0.99997		-127.00153	-91.52389	-0.38815	-0.16339	0.40812	-0.59575	0.18792	0.99992	0.01040	-0.00712	-0.01042	0.99994	-0.00285	0.00709	0.00293	0.99997	
12	0.06000	70.14545	-41.19220	0.51470	0.46933	0.01418	0.82162	1.04685	0.99990	-0.01434	-0.00025	0.01434	0.99986	0.00819	0.00013	-0.00819	0.99997		-127.02504	-91.52803	-0.42091	-0.16863	0.40962	-0.59681	0.19990	0.99992	0.01042	-0.00715	-0.01044	0.99994	-0.00294	0.00712	0.00302	0.99997	
13	0.06500	70.13214	-41.17695	0.54980	0.47907	0.01915	0.81413	1.05295	0.99990	-0.01421	-0.00033	0.01421	0.99986	0.00836	0.00022	-0.00837	0.99997		-127.00836	-91.53323	-0.40083	-0.17128	0.41553	-0.59879	0.19472	0.99992	0.01045	-0.00725	-0.01047	0.99994	-0.00299	0.00722	0.00306	0.99997	
14	0.07000	70.14817	-41.17894	0.52834	0.48764	0.01918	0.81426	1.04716	0.99990	-0.01421	-0.00033	0.01421	0.99986	0.00851	0.00021	-0.00851	0.99996		-127.01890	-91.53694	-0.42979	-0.17618	0.41882	-0.59805	0.19461	0.99992	0.01044	-0.00731	-0.01046	0.99994	-0.00307	0.00728	0.00315	0.99997	
15	0.07500	70.09440	-41.19365	0.52986	0.48724	0.02522	0.81827	1.04017	0.99990	-0.01428	-0.00044	0.01428	0.99986	0.00850	0.00032	-0.00851	0.99996		-127.01718	-91.52219	-0.42612	-0.17982	0.42206	-0.60092	0.20690	0.99992	0.01049	-0.00737	-0.01051	0.99994	-0.00314	0.00733	0.00322	0.99997	
16	0.08000	70.10435	-41.18839	0.55225	0.49584	0.03234	0.81678	1.04068	0.99990	-0.01425	-0.00056	0.01426	0.99986	0.00865	0.00044	-0.00866	0.99996		-127.01604	-91.54357	-0.42588	-0.18562	0.42429	-0.59831	0.20138	0.99992	0.01044	-0.00741	-0.01047	0.99994	-0.00324	0.00737	0.00332	0.99997	
17	0.08500	70.10580	-41.19214	0.53850	0.50104	0.03192	0.82127	1.06345	0.99990	-0.01433	-0.00056	0.01434	0.99986	0.00874	0.00043	-0.00875	0.99996		-127.02418	-91.57122	-0.44600	-0.19399	0.42657	-0.59597	0.20005	0.99992	0.01040	-0.00745	-0.01043	0.99994	-0.00339	0.00741	0.00346	0.99997	
18	0.09000	70.18850	-41.15915	0.29134	0.50683	-0.01357	0.81591	1.27738	0.99990	-0.01424	0.00024	0.01424	0.99986	0.00885	-0.00036	-0.00884	0.99996		-127.01991	-91.55849	-0.45474	-0.19817	0.42919	-0.59679	0.19323	0.99992	0.01042	-0.00749	-0.01044	0.99994	-0.00346	0.00745	0.00354	0.99997	
19	0.09500	70.08118	-41.19797	0.52755	0.51210	0.03866	0.82160	1.05662	0.99990	-0.01434	-0.00067	0.01434	0.99986	0.00894	0.00055	-0.00895	0.99996		-127.01647	-91.55671	-0.45502	-0.20154	0.43384	-0.60036	0.19709	0.99992	0.01048	-0.00757	-0.01050	0.99994	-0.00352	0.00753	0.00360	0.99997	
20	0.10000	70.05853	-41.19414	0.51264	0.51898	0.04136	0.82117	1.06896	0.99990	-0.01433	-0.00072	0.01434	0.99986	0.00906	0.00059	-0.00907	0.99996		-127.00576	-91.57786	-0.45083	-0.21024	0.43668	-0.59501	0.19694	0.99992	0.01038	-0.00762	-0.01041	0.99994	-0.00367	0.00758	0.00375	0.99996	
21	0.10500	70.07218	-41.20871	0.53022	0.52408	0.04036	0.81933	1.04266	0.99990	-0.01430	-0.00070	0.01431	0.99986	0.00915	0.00057	-0.00916	0.99996		-127.03954	-91.56030	-0.46325	-0.21356	0.44347	-0.59597	0.20087	0.99992	0.01040	-0.00774	-0.01043	0.99994	-0.00373	0.00770	0.00381	0.99996	
22	0.11000	70.04069	-41.21391	0.52079	0.53065	0.04302	0.81676	1.06415	0.99990	-0.01425	-0.00075	0.01426	0.99986	0.00926	0.00062	-0.00927	0.99996		-127.02198	-91.57389	-0.47104	-0.22083	0.44016	-0.59551	0.19761	0.99992	0.01039	-0.00768	-0.01042	0.99994	-0.00385	0.00764	0.00393	0.99996	
23	0.11500	70.06259	-41.21207	0.52029	0.53497	0.04491	0.82058	1.06040	0.99990	-0.01432	-0.00078	0.01433	0.99985	0.00934	0.00065	-0.00935	0.99996		-127.03696	-91.58208	-0.46674	-0.22672	0.44446	-0.60049	0.20821	0.99991	0.01048	-0.00776	-0.01051	0.99994	-0.00396	0.00772	0.00404	0.99996	
24	0.12000	70.05288	-41.20347	0.51404	0.54381	0.04023	0.81958	1.06968	0.99990	-0.01430	-0.00070	0.01431	0.99985	0.00949	0.00057	-0.00950	0.99995		-127.04186	-91.57412	-0.48345	-0.23310	0.44710	-0.59998	0.21135	0.99991	0.01047	-0.00780	-0.01050	0.99994	-0.00407	0.00776	0.00415	0.99996	
25	0.12500	70.05254	-41.20588	0.50481	0.55245	0.04068	0.81745	1.06358	0.99990	-0.01427	-0.00071	0.01427	0.99985	0.00964	0.00057	-0.00965	0.99995		-127.00648	-91.58762	-0.49163	-0.23601	0.44363	-0.59445	0.20574	0.99992	0.01037	-0.00774	-0.01041	0.99994	-0.00412	0.00770	0.00420	0.99996	
26	0.13000	70.03690	-41.21166	0.52232	0.55601	0.04220	0.82242	1.05776	0.99990	-0.01435	-0.00074	0.01436	0.99985	0.00970	0.00060	-0.00971	0.99995		-127.03327	-91.58537	-0.48733	-0.24278	0.44884	-0.60027	0.19799	0.99991	0.01048	-0.00783	-0.01051	0.99994	-0.00424	0.00779	0.00432	0.99996	
27	0.13500	70.05156	-41.20679	0.52574	0.56256	0.04108	0.82248	1.06622	0.99990	-0.01435	-0.00072	0.01436	0.99985	0.00982	0.00058	-0.00983	0.99995		-127.04418	-91.57620	-0.49515	-0.24932	0.44808	-0.59507	0.19693	0.99992	0.01039	-0.00782	-0.01042	0.99994	-0.00435	0.00777	0.00443	0.99996	
28	0.14000	70.03206	-41.20228	0.50565	0.57113	0.04405	0.82175	1.07319	0.99990	-0.01434	-0.00077	0.01435	0.99985	0.00997	0.00063	-0.00998	0.99995		-127.01633	-91.60107	-0.50793	-0.25646	0.45135	-0.59611	0.19518	0.99991	0.01040	-0.00788	-0.01044	0.99994	-0.00448	0.00783	0.00456	0.99996	
29	0.14500	70.03176	-41.20596	0.50648	0.57528	0.04311	0.82341	1.06882	0.99990	-0.01437	-0.00075	0.01438	0.99985	0.01004	0.00061	-0.01005	0.99995		-127.04957	-91.59901	-0.51542	-0.26069	0.45046	-0.59550	0.19720	0.99992	0.01039	-0.00786	-0.01043	0.99994	-0.00455	0.00781	0.00463	0.99996	
30	0.15000	70.00769	-41.21385	0.51774	0.58021	0.04881	0.82150	1.06267	0.99990	-0.01434	-0.00085	0.01435	0.99985	0.01013	0.00071	-0.01014	0.99995		-127.04961	-91.59939	-0.51969	-0.26667	0.45631	-0.59417	0.20329	0.99991	0.01037	-0.00796	-0.01041	0.99993	-0.00465	0.00792	0.00474	0.99996	
31	0.15500	69.99014	-41.21990	0.52274	0.58341	0.04799	0.82626	1.06987	0.99990	-0.01442	-0.00084	0.01443	0.99984	0.01018	0.00069	-0.01019	0.99995		-127.03635	-91.61131	-0.51946	-0.27059	0.45105	-0.59531	0.19904	0.99992	0.01039	-0.00787	-0.01043	0.99993	-0.00472	0.00782	0.00480	0.99996	
32	0.16000	70.04658	-41.21320	0.49175	0.59244	0.03771	0.82911	1.07378	0.99990	-0.01447	-0.00066	0.01448	0.99984	0.01034	0.00051	-0.01035	0.99995		-127.08459	-91.58787	-0.51872	-0.27204	0.45401	-0.59416	0.19411	0.99991	0.01037	-0.00792	-0.01041	0.99993	-0.00475	0.00787	0.00483	0.99996	
33	0.16500	70.01227	-41.22649	0.50388	0.59588	0.03965	0.82733	1.07755	0.99990	-0.01444	-0.00069	0.01445	0.99984	0.01040	0.00054	-0.01041	0.99995		-127.06597	-91.60531	-0.53957	-0.27864	0.45734	-0.59426	0.20051	0.99991	0.01037	-0.00798	-0.01041	0.99993	-0.00486	0.00793	0.00495	0.99996	
34	0.17000	70.14918	-41.17782	0.26009	0.60053	-0.02035	0.82209	1.28433	0.99990	-0.01435	0.00036	0.01434	0.99984	0.01048	-0.00051	-0.01047	0.99995		-127.02497	-91.61309	-0.52730	-0.28341	0.45087	-0.59887	0.19424	0.99991	0.01045	-0.00787	-0.01049	0.99993	-0.00495	0.00782	0.00503	0.99996	
35	0.17500	70.18410	-41.16175	0.23852	0.60823	-0.02938	0.82642	1.31464	0.99990	-0.01442	0.00051	0.01442	0.99984	0.01062	-0.00067	-0.01061	0.99994		-127.05869	-91.60628	-0.54353	-0.28915	0.45754	-0.59674	0.20326	0.99991	0.01041	-0.00799	-0.01045	0.99993	-0.00505	0.00793	0.00513	0.99996	
36	0.18000	70.00573	-41.21743	0.48695	0.61173	0.03814	0.82352	1.06472	0.99990	-0.01437	-0.00067	0.01438	0.99984	0.01068	0.00051	-0.01068	0.99994		-127.03821	-91.62490	-0.54309	-0.29340	0.45286	-0.60026	0.20649	0.99991	0.01048	-0.00790	-0.01052	0.99993	-0.00512	0.00785	0.00520	0.99996	
37	0.18500	70.16807	-41.16408	0.24702	0.61495	-0.02758	0.82633	1.31266	0.99990	-0.01442	0.00048	0.01442	0.99984	0.01073	-0.00064	-0.01072	0.99994		-127.05718	-91.59925	-0.55143	-0.29409	0.45371	-0.60051	0.19335	0.99991	0.01048	-0.00792	-0.01052	0.99993	-0.00513	0.00786	0.00522	0.99996	
38	0.19000	70.04677	-41.19723	0.48056	0.62110	0.02705	0.83040	1.08097	0.99989	-0.01449	-0.00047	0.01450	0.99984	0.01084	0.00031	-0.01085	0.99994		-127.06489	-91.62501	-0.55069	-0.30118	0.45325	-0.59661	0.19413	0.99991	0.01041	-0.00791	-0.01045	0.99993	-0.00526	0.00786	0.00534	0.99995	
39	0.19500	70.16729	-41.21097	0.23228	0.62120	-0.03088	0.82355	1.29682	0.99990	-0.01437	0.00054	0.01437	0.99984	0.01084	-0.00069	-0.01083	0.99994		-127.04743	-91.63091	-0.55484	-0.30337	0.45186	-0.59892	0.20140	0.99991	0.01045	-0.00789	-0.01049	0.99993	-0.00529	0.00783	0.00538	0.99995	
40	0.20000	70.01547	-41.22105	0.47883	0.62443	0.02877	0.82742	1.08286	0.99990	-0.01444	-0.00050	0.01445	0.99984	0.01090	0.00034	-0.01090	0.99994		-127.01979	-91.63977	-0.56272	-0.31075	0.44414	-0.59916	0.20299	0.99992	0.01046	-0.00775	-0.01050	0.99993	-0.00542	0.00769	0.00550	0.99996	
41	0.20500	70.01735	-41.23877	0.47440	0.62877	0.02090	0.82513	1.08208	0.99990	-0.01440	-0.00036	0.01440	0.99984	0.01097	0.00021	-0.01098	0.99994		-127.02774	-91.63281	-0.56231	-0.31242	0.44431	-0.60169	0.20000	0.99991	0.01050	-0.00775	-0.01054	0.99993	-0.00545	0.00770	0.00553	0.99996	
42	0.21000	70.17083	-41.20287	0.21549	0.62890	-0.04435	0.82653	1.32546	0.99990	-0.01443	0.00077	0.01442	0.99984	0.01098	-0.00093	-0.01096	0.99994		-127.02133	-91.64317	-0.56654	-0.31359	0.44486	-0.59587	0.19951	0.99992	0.01040	-0.00776	-0.01044	0.99993	-0.00547	0.00771	0.00555	0.99995	
43	0.21500	70.03860	-41.21396	0.46885	0.63401	0.01512	0.83034	1.09369	0.99989	-0.01449	-0.00026	0.01449	0.99983	0.01107	0.00010	-0.01107	0.99994		-127.02065	-91.62855	-0.57019	-0.31596	0.43877	-0.59723	0.20056	0.99992	0.01042	-0.00766	-0.01047	0.99993	-0.00551	0.00760	0.00559	0.99996	
44	0.22000	70.05057	-41.23806	0.47165	0.63557	0.00760	0.82647	1.09591	0.99990	-0.01442	-0.00013	0.01442	0.99983	0.01109	-0.00003	-0.01109	0.99994		-127.02836	-91.68220	-0.54776	-0.32643	0.43566	-0.59793	0.20815	0.99992	0.01044	-0.00760	-0.01048	0.99993	-0.00570	0.00754	0.00578	0.99995	
45	0.22500	70.17782	-41.19097	0.20648	0.63943	-0.06083	0.82552	1.35747	0.99990	-0.01441	0.00106	0.01439	0.99983	0.01116	-0.00122	-0.01114	0.99994		-126.99405	-91.67186	-0.55184	-0.32823	0.42879	-0.60085	0.21714	0.99992	0.01049	-0.00748	-0.01053	0.99993	-0.00573	0.00742	0.00581	0.99996	
46	0.23000	70.15263	-41.19109	0.21858	0.64001	-0.05809	0.82488	1.32021	0.99990	-0.01440	0.00101	0.01438	0.99983	0.01117	-0.00117	-0.01115	0.99994		-127.02461	-91.65843	-0.58137	-0.32425	0.43299	-0.59901	0.20610	0.99992	0.01045	-0.00756	-0.01050	0.99993	-0.00566	0.00750	0.00574	0.99996	
47	0.23500	70.04173	-41.22257	0.46355	0.64276	-0.00630	0.82784	1.09651	0.99990	-0.01445	0.00011	0.01445	0.99983	0.01122	-0.00027	-0.01122	0.99994		-127.03011	-91.66726	-0.58069	-0.32660	0.42951	-0.59852	0.20123	0.99992	0.01045	-0.00750	-0.01049	0.99993	-0.00570	0.00744	0.00578	0.99996	
48	0.24000	70.03079	-41.21438	0.47420	0.64268	-0.00926	0.83155	1.11020	0.99989	-0.01451	0.00016	0.01451	0.99983	0.01122	-0.00032	-0.01121	0.99994		-126.98749	-91.68845	-0.55514	-0.33237	0.42252	-0.59987	0.21472	0.99992	0.01047	-0.00737	-0.01051	0.99993	-0.00580	0.00731	0.00588	0.99996	
49	0.24500	70.04568	-41.23833	0.47653	0.64123	-0.01668	0.82971	1.10303	0.99990	-0.01448	0.00029	0.01448	0.99983	0.01119	-0.00045	-0.01119	0.99994		-126.97564	-91.69608	-0.55497	-0.33415	0.41983	-0.59939	0.21688	0.99992	0.01046	-0.00733	-0.01050	0.99993	-0.00583	0.00727	0.00591	0.99996	
50	0.25000	70.03547	-41.23932	0.47333	0.63931	-0.01607	0.83177	1.10859	0.99989	-0.01452	0.00028	0.01451	0.99983	0.01116	-0.00044	-0.01115	0.99994		-126.97000	-91.69239	-0.55875	-0.33371	0.41389	-0.59731	0.20962	0.99992	0.01042	-0.00722	-0.01047	0.99993	-0.00582	0.00716	0.00590	0.99996	
51	0.25500	70.07229	-41.23255	0.46996	0.63903	-0.02100	0.83117	1.11959	0.99989	-0.01451	0.00037	0.01450	0.99983	0.01115	-0.00053	-0.01115	0.99994		-126.93130	-91.70515	-0.55060	-0.33424	0.40935	-0.60145	0.22164	0.99992	0.01050	-0.00714	-0.01054	0.99993	-0.00583	0.00708	0.00591	0.99996	
52	0.26000	70.04571	-41.23363	0.46709	0.64052	-0.02678	0.82824	1.11611	0.99990	-0.01446	0.00047	0.01445	0.99983	0.01118	-0.00063	-0.01117	0.99994		-126.99956	-91.69632	-0.55374	-0.33309	0.41101	-0.60152	0.21240	0.99992	0.01050	-0.00717	-0.01054	0.99993	-0.00581	0.00711	0.00589	0.99996	
53	0.26500	70.00844	-41.24603	0.46720	0.63501	-0.02581	0.83232	1.10283	0.99989	-0.01453	0.00045	0.01452	0.99983	0.01108	-0.00061	-0.01108	0.99994		-126.96175	-91.71265	-0.55766	-0.33489	0.40179	-0.59418	0.20044	0.99992	0.01037	-0.00701	-0.01041	0.99993	-0.00584	0.00695	0.00592	0.99996	
54	0.27000	70.04103	-41.25219	0.46521	0.63558	-0.03543	0.83326	1.11555	0.99989	-0.01454	0.00062	0.01453	0.99983	0.01109	-0.00078	-0.01108	0.99994		-126.95566	-91.72015	-0.54505	-0.33450	0.40026	-0.60052	0.21384	0.99992	0.01048	-0.00699	-0.01052	0.99993	-0.00584	0.00692	0.00591	0.99996	
55	0.27500	70.02953	-41.26127	0.45457	0.63197	-0.03835	0.82575	1.09862	0.99990	-0.01441	0.00067	0.01440	0.99984	0.01103	-0.00083	-0.01102	0.99994		-126.95416	-91.71616	-0.54874	-0.33309	0.39268	-0.60023	0.20203	0.99992	0.01048	-0.00685	-0.01052	0.99993	-0.00581	0.00679	0.00588	0.99996	
56	0.28000	70.06992	-41.27278	0.47307	0.62971	-0.04454	0.83026	1.10446	0.99989	-0.01449	0.00078	0.01448	0.99983	0.01099	-0.00094	-0.01098	0.99994		-126.93540	-91.71888	-0.54912	-0.32920	0.39232	-0.60157	0.21545	0.99992	0.01050	-0.00685	-0.01054	0.99993	-0.00575	0.00679	0.00582	0.99996	
57	0.28500	70.07530	-41.25888	0.48348	0.62669	-0.04647	0.82833	1.11080	0.99990	-0.01446	0.00081	0.01445	0.99984	0.01094	-0.00097	-0.01092	0.99994		-126.96239	-91.73661	-0.53134	-0.32978	0.38854	-0.60106	0.21857	0.99992	0.01049	-0.00678	-0.01053	0.99993	-0.00576	0.00672	0.00583	0.99996	
58	0.29000	70.05081	-41.25216	0.46028	0.62509	-0.05575	0.82504	1.10463	0.99990	-0.01440	0.00097	0.01439	0.99984	0.01091	-0.00113	-0.01089	0.99994		-126.95686	-91.72607	-0.53135	-0.32657	0.38479	-0.59674	0.20990	0.99992	0.01041	-0.00672	-0.01045	0.99993	-0.00570	0.00666	0.00577	0.99996	
59	0.29500	70.05579	-41.26883	0.47020	0.61900	-0.05531	0.83316	1.11910	0.99989	-0.01454	0.00097	0.01453	0.99984	0.01080	-0.00112	-0.01079	0.99994		-126.91250	-91.73320	-0.52747	-0.32381	0.37854	-0.60130	0.21762	0.99992	0.01049	-0.00661	-0.01053	0.99993	-0.00565	0.00655	0.00572	0.99996	
60	0.30000	70.06830	-41.26995	0.47644	0.61542	-0.06030	0.82409	1.11862	0.99990	-0.01438	0.00105	0.01437	0.99984	0.01074	-0.00121	-0.01072	0.99994		-126.94811	-91.73132	-0.52689	-0.32184	0.37699	-0.59963	0.22203	0.99992	0.01047	-0.00658	-0.01050	0.99993	-0.00562	0.00652	0.00569	0.99996	
61	0.30500	70.06414	-41.28433	0.47592	0.61137	-0.06442	0.82450	1.09727	0.99990	-0.01439	0.00112	0.01438	0.99984	0.01067	-0.00128	-0.01065	0.99994		-126.92980	-91.75256	-0.51800	-0.32391	0.36981	-0.59703	0.20400	0.99992	0.01042	-0.00645	-0.01046	0.99993	-0.00565	0.00640	0.00572	0.99996	
62	0.31000	70.04643	-41.27740	0.47471	0.60660	-0.06611	0.82894	1.11152	0.99989	-0.01447	0.00115	0.01445	0.99984	0.01059	-0.00131	-0.01057	0.99994		-126.91223	-91.74822	-0.52688	-0.31552	0.36681	-0.60057	0.20542	0.99992	0.01048	-0.00640	-0.01052	0.99993	-0.00551	0.00634	0.00557	0.99996	
63	0.31500	70.06401	-41.27702	0.47816	0.60341	-0.07382	0.82558	1.11017	0.99990	-0.01441	0.00129	0.01439	0.99984	0.01053	-0.00144	-0.01051	0.99994		-126.92940	-91.77005	-0.52625	-0.31467	0.36481	-0.59419	0.20210	0.99993	0.01037	-0.00637	-0.01041	0.99993	-0.00549	0.00631	0.00556	0.99996	
64	0.32000	70.05467	-41.28122	0.48807	0.59581	-0.07272	0.82838	1.12918	0.99989	-0.01446	0.00127	0.01444	0.99984	0.01040	-0.00142	-0.01038	0.99995		-126.91688	-91.75143	-0.52232	-0.30827	0.36185	-0.60191	0.22008	0.99992	0.01050	-0.00632	-0.01054	0.99993	-0.00538	0.00626	0.00545	0.99997	
65	0.32500	70.10021	-41.28775	0.49391	0.58996	-0.07955	0.83108	1.11270	0.99989	-0.01450	0.00139	0.01449	0.99984	0.01030	-0.00154	-0.01028	0.99995		-126.89249	-91.77836	-0.50540	-0.31035	0.35561	-0.60117	0.22010	0.99993	0.01049	-0.00621	-0.01053	0.99993	-0.00542	0.00615	0.00548	0.99997	
66	0.33000	70.02241	-41.29605	0.48853	0.58487	-0.07963	0.82337	1.11554	0.99990	-0.01437	0.00139	0.01436	0.99984	0.01021	-0.00154	-0.01019	0.99995		-126.91484	-91.77325	-0.50072	-0.30447	0.35263	-0.59894	0.22057	0.99993	0.01045	-0.00615	-0.01049	0.99993	-0.00531	0.00610	0.00538	0.99997	
67	0.33500	70.05801	-41.29510	0.50862	0.57867	-0.08846	0.82778	1.12859	0.99989	-0.01445	0.00154	0.01443	0.99984	0.01010	-0.00169	-0.01008	0.99995		-126.95256	-91.75200	-0.52569	-0.29697	0.35360	-0.59814	0.20368	0.99993	0.01044	-0.00617	-0.01047	0.99993	-0.00518	0.00612	0.00525	0.99997	
68	0.34000	70.07432	-41.30358	0.51166	0.57312	-0.08882	0.82481	1.12591	0.99990	-0.01440	0.00155	0.01438	0.99985	0.01000	-0.00169	-0.00998	0.99995		-126.90981	-91.77955	-0.50123	-0.29153	0.34867	-0.59775	0.20674	0.99993	0.01043	-0.00609	-0.01046	0.99993	-0.00509	0.00603	0.00515	0.99997	
69	0.34500	70.08003	-41.30959	0.50052	0.56661	-0.09322	0.82829	1.11777	0.99989	-0.01446	0.00163	0.01444	0.99985	0.00989	-0.00177	-0.00986	0.99995		-126.94943	-91.76092	-0.51342	-0.28663	0.35071	-0.59834	0.20723	0.99993	0.01044	-0.00612	-0.01047	0.99993	-0.00500	0.00607	0.00507	0.99997	
70	0.35000	70.09711	-41.30519	0.52335	0.55781	-0.09276	0.82968	1.12512	0.99989	-0.01448	0.00162	0.01446	0.99985	0.00974	-0.00176	-0.00971	0.99995		-126.90948	-91.78061	-0.48805	-0.28711	0.34088	-0.60050	0.21175	0.99993	0.01048	-0.00595	-0.01051	0.99993	-0.00501	0.00590	0.00507	0.99997	
71	0.35500	70.08559	-41.31436	0.52962	0.55106	-0.09347	0.83005	1.12819	0.99989	-0.01449	0.00163	0.01447	0.99985	0.00962	-0.00177	-0.00959	0.99995		-126.92426	-91.77319	-0.48844	-0.27821	0.34056	-0.60626	0.22102	0.99993	0.01058	-0.00594	-0.01061	0.99993	-0.00486	0.00589	0.00492	0.99997	
72	0.36000	70.05024	-41.32534	0.51264	0.54446	-0.09624	0.82993	1.12771	0.99989	-0.01448	0.00168	0.01447	0.99985	0.00950	-0.00182	-0.00948	0.99995		-126.90215	-91.78473	-0.47991	-0.27593	0.33217	-0.60325	0.21234	0.99993	0.01053	-0.00580	-0.01056	0.99993	-0.00482	0.00575	0.00488	0.99997	
73	0.36500	70.07732	-41.32996	0.53281	0.53840	-0.09944	0.82459	1.12206	0.99989	-0.01439	0.00174	0.01437	0.99985	0.00940	-0.00187	-0.00937	0.99995		-126.92700	-91.79523	-0.48371	-0.27337	0.33452	-0.59905	0.20486	0.99993	0.01046	-0.00584	-0.01048	0.99993	-0.00477	0.00579	0.00483	0.99997	
74	0.37000	70.08007	-41.33620	0.53784	0.53009	-0.10356	0.82624	1.09842	0.99989	-0.01442	0.00181	0.01440	0.99985	0.00925	-0.00194	-0.00922	0.99996		-126.89920	-91.78986	-0.46784	-0.26645	0.33429	-0.60245	0.21880	0.99993	0.01051	-0.00583	-0.01054	0.99993	-0.00465	0.00579	0.00471	0.99997	
75	0.37500	70.08950	-41.35330	0.53367	0.51949	-0.10630	0.83073	1.13312	0.99989	-0.01450	0.00186	0.01448	0.99985	0.00907	-0.00199	-0.00904	0.99996		-126.96836	-91.78776	-0.47938	-0.26181	0.33291	-0.60321	0.21891	0.99993	0.01053	-0.00581	-0.01055	0.99993	-0.00457	0.00576	0.00463	0.99997	
76	0.38000	70.09697	-41.35639	0.54019	0.51487	-0.10475	0.82824	1.12137	0.99989	-0.01445	0.00183	0.01444	0.99986	0.00899	-0.00196	-0.00896	0.99996		-126.91755	-91.79507	-0.46304	-0.25801	0.32724	-0.60047	0.21160	0.99993	0.01048	-0.00571	-0.01051	0.99993	-0.00450	0.00566	0.00456	0.99997	
77	0.38500	70.08536	-41.34972	0.55395	0.50769	-0.10625	0.82807	1.12870	0.99989	-0.01445	0.00185	0.01444	0.99986	0.00886	-0.00198	-0.00883	0.99996		-126.88402	-91.81226	-0.45123	-0.25422	0.32526	-0.60433	0.21596	0.99993	0.01055	-0.00568	-0.01057	0.99993	-0.00444	0.00563	0.00450	0.99997	
78	0.39000	70.08709	-41.36427	0.54935	0.50096	-0.10638	0.82340	1.11950	0.99990	-0.01437	0.00186	0.01435	0.99986	0.00874	-0.00198	-0.00872	0.99996		-126.88771	-91.81415	-0.45089	-0.25085	0.32063	-0.60077	0.21235	0.99993	0.01049	-0.00560	-0.01051	0.99994	-0.00438	0.00555	0.00444	0.99997	
79	0.39500	70.06292	-41.36068	0.56257	0.49261	-0.10304	0.82862	1.12221	0.99989	-0.01446	0.00180	0.01445	0.99986	0.00860	-0.00192	-0.00857	0.99996		-126.90118	-91.80914	-0.43438	-0.24471	0.32050	-0.60543	0.21279	0.99993	0.01057	-0.00559	-0.01059	0.99993	-0.00427	0.00555	0.00433	0.99998	
80	0.40000	70.09091	-41.35802	0.55775	0.48861	-0.10785	0.82521	1.11738	0.99989	-0.01440	0.00188	0.01439	0.99986	0.00853	-0.00200	-0.00850	0.99996		-126.88441	-91.81197	-0.43883	-0.24094	0.32058	-0.60328	0.21227	0.99993	0.01053	-0.00560	-0.01055	0.99994	-0.00421	0.00555	0.00426	0.99998	
81	0.40500	70.06835	-41.37715	0.58299	0.47785	-0.10140	0.83051	1.14710	0.99989	-0.01449	0.00177	0.01448	0.99986	0.00834	-0.00189	-0.00831	0.99996		-126.91891	-91.80763	-0.42600	-0.23519	0.32061	-0.60570	0.21125	0.99993	0.01057	-0.00560	-0.01059	0.99994	-0.00410	0.00555	0.00416	0.99998	
82	0.41000	70.07414	-41.37592	0.59021	0.47256	-0.10152	0.83170	1.12821	0.99989	-0.01452	0.00177	0.01450	0.99986	0.00825	-0.00189	-0.00822	0.99996		-126.91340	-91.81443	-0.42633	-0.23146	0.32057	-0.60365	0.21071	0.99993	0.01054	-0.00559	-0.01056	0.99994	-0.00404	0.00555	0.00410	0.99998	
83	0.41500	70.08578	-41.38852	0.58820	0.46431	-0.10260	0.83324	1.13835	0.99989	-0.01454	0.00179	0.01453	0.99986	0.00810	-0.00191	-0.00808	0.99997		-126.90262	-91.81372	-0.42257	-0.22595	0.31956	-0.60517	0.21712	0.99993	0.01056	-0.00558	-0.01058	0.99994	-0.00394	0.00554	0.00400	0.99998	
84	0.42000	70.06855	-41.40526	0.58459	0.45500	-0.10208	0.82702	1.13119	0.99989	-0.01443	0.00178	0.01442	0.99986	0.00794	-0.00190	-0.00791	0.99997		-126.91458	-91.82990	-0.42206	-0.22464	0.31903	-0.60505	0.21236	0.99993	0.01056	-0.00557	-0.01058	0.99994	-0.00392	0.00553	0.00398	0.99998	
85	0.42500	70.07266	-41.41411	0.58699	0.45234	-0.10138	0.82534	1.11054	0.99989	-0.01440	0.00177	0.01439	0.99987	0.00789	-0.00188	-0.00787	0.99997		-126.90175	-91.82725	-0.40996	-0.22082	0.31786	-0.60559	0.21366	0.99993	0.01057	-0.00555	-0.01059	0.99994	-0.00385	0.00551	0.00391	0.99998	
86	0.43000	70.13932	-41.37104	0.40175	0.44817	-0.13126	0.82513	1.30796	0.99989	-0.01440	0.00229	0.01438	0.99987	0.00782	-0.00240	-0.00779	0.99997		-126.88989	-91.83620	-0.40637	-0.21713	0.32125	-0.60729	0.23496	0.99993	0.01060	-0.00561	-0.01062	0.99994	-0.00379	0.00557	0.00385	0.99998	
87	0.43500	70.04068	-41.41639	0.61707	0.43900	-0.09490	0.83419	1.13356	0.99989	-0.01456	0.00166	0.01455	0.99986	0.00766	-0.00177	-0.00764	0.99997		-126.88024	-91.84453	-0.40618	-0.21620	0.31598	-0.60528	0.21465	0.99993	0.01056	-0.00551	-0.01058	0.99994	-0.00377	0.00547	0.00383	0.99998	
88	0.44000	70.10723	-41.41169	0.59647	0.43560	-0.09983	0.82544	1.13151	0.99989	-0.01441	0.00174	0.01439	0.99987	0.00760	-0.00185	-0.00758	0.99997		-126.89632	-91.84852	-0.39389	-0.21171	0.32120	-0.60787	0.23256	0.99993	0.01061	-0.00561	-0.01063	0.99994	-0.00369	0.00557	0.00375	0.99998	
89	0.44500	70.08704	-41.42460	0.62437	0.42933	-0.09480	0.82853	1.11575	0.99989	-0.01446	0.00165	0.01445	0.99987	0.00749	-0.00176	-0.00747	0.99997		-126.88789	-91.83949	-0.39411	-0.21086	0.31708	-0.60687	0.21686	0.99993	0.01059	-0.00553	-0.01061	0.99994	-0.00368	0.00549	0.00374	0.99998	
90	0.45000	70.13780	-41.39466	0.41394	0.42527	-0.12494	0.82582	1.30143	0.99989	-0.01441	0.00218	0.01440	0.99987	0.00742	-0.00229	-0.00739	0.99997		-126.89554	-91.85735	-0.40223	-0.20960	0.32022	-0.60418	0.21647	0.99993	0.01054	-0.00559	-0.01057	0.99994	-0.00366	0.00555	0.00372	0.99998	
91	0.45500	70.09727	-41.45699	0.60680	0.41141	-0.08660	0.83820	1.13680	0.99989	-0.01463	0.00151	0.01462	0.99987	0.00718	-0.00162	-0.00716	0.99997		-126.88204	-91.85631	-0.39447	-0.20608	0.31898	-0.60737	0.21813	0.99993	0.01060	-0.00557	-0.01062	0.99994	-0.00360	0.00553	0.00366	0.99998	
92	0.46000	70.08788	-41.42160	0.61957	0.41463	-0.08354	0.83138	1.12393	0.99989	-0.01451	0.00146	0.01450	0.99987	0.00724	-0.00156	-0.00721	0.99997		-126.88388	-91.86313	-0.39877	-0.20434	0.32106	-0.60681	0.21554	0.99993	0.01059	-0.00560	-0.01061	0.99994	-0.00357	0.00557	0.00363	0.99998	
93	0.46500	70.10356	-41.48365	0.58059	0.39984	-0.08063	0.84431	1.14932	0.99989	-0.01474	0.00141	0.01473	0.99987	0.00698	-0.00151	-0.00696	0.99997		-126.87857	-91.85962	-0.38228	-0.20445	0.32238	-0.60691	0.22261	0.99993	0.01059	-0.00563	-0.01061	0.99994	-0.00357	0.00559	0.00363	0.99998	
94	0.47000	70.09093	-41.48179	0.61384	0.39792	-0.07514	0.84579	1.14529	0.99989	-0.01476	0.00131	0.01475	0.99987	0.00694	-0.00141	-0.00692	0.99998		-126.86735	-91.86003	-0.38292	-0.20015	0.32366	-0.60589	0.21047	0.99993	0.01057	-0.00565	-0.01059	0.99994	-0.00349	0.00561	0.00355	0.99998	
95	0.47500	70.10287	-41.48555	0.60719	0.39357	-0.06983	0.84853	1.15795	0.99989	-0.01481	0.00122	0.01480	0.99987	0.00687	-0.00132	-0.00685	0.99998		-126.91798	-91.85955	-0.39503	-0.20025	0.33073	-0.60615	0.21661	0.99993	0.01058	-0.00577	-0.01060	0.99994	-0.00349	0.00573	0.00356	0.99998	
96	0.48000	70.11835	-41.48720	0.60526	0.39131	-0.06985	0.84648	1.13989	0.99989	-0.01477	0.00122	0.01476	0.99987	0.00683	-0.00132	-0.00681	0.99998		-126.89372	-91.88180	-0.40364	-0.20177	0.33147	-0.60423	0.21628	0.99993	0.01055	-0.00579	-0.01057	0.99994	-0.00352	0.00575	0.00358	0.99998	
97	0.48500	70.09888	-41.50305	0.59762	0.38794	-0.06012	0.84920	1.14665	0.99989	-0.01482	0.00105	0.01481	0.99987	0.00677	-0.00115	-0.00675	0.99998		-126.91336	-91.87902	-0.39116	-0.20026	0.33337	-0.60640	0.21158	0.99993	0.01058	-0.00582	-0.01060	0.99994	-0.00350	0.00578	0.00356	0.99998	
98	0.49000	70.07135	-41.49081	0.60802	0.38520	-0.05312	0.84857	1.14372	0.99989	-0.01481	0.00093	0.01480	0.99987	0.00672	-0.00103	-0.00671	0.99998		-126.90237	-91.87627	-0.39565	-0.20055	0.33324	-0.60108	0.20691	0.99993	0.01049	-0.00582	-0.01051	0.99994	-0.00350	0.00578	0.00356	0.99998	
99	0.49500	70.07362	-41.48322	0.62455	0.38429	-0.04962	0.84648	1.12303	0.99989	-0.01477	0.00087	0.01477	0.99987	0.00671	-0.00097	-0.00669	0.99998		-126.90107	-91.90558	-0.39149	-0.20274	0.33697	-0.60459	0.20981	0.99993	0.01055	-0.00588	-0.01057	0.99994	-0.00354	0.00584	0.00360	0.99998	
100	0.50000	70.18649	-41.49649	0.39853	0.37730	-0.08722	0.85115	1.34041	0.99989	-0.01485	0.00152	0.01484	0.99987	0.00659	-0.00162	-0.00656	0.99998		-126.89517	-91.88226	-0.40064	-0.20122	0.34102	-0.60418	0.20688	0.99993	0.01054	-0.00595	-0.01057	0.99994	-0.00351	0.00591	0.00357	0.99998	
101	0.50500	70.09453	-41.49561	0.62591	0.38244	-0.04475	0.84576	1.13654	0.99989	-0.01476	0.00078	0.01476	0.99987	0.00667	-0.00088	-0.00666	0.99998		-126.87695	-91.87603	-0.39256	-0.20070	0.33927	-0.60802	0.20904	0.99993	0.01061	-0.00592	-0.01063	0.99994	-0.00350	0.00588	0.00357	0.99998	
102	0.51000	70.09622	-41.50943	0.62101	0.37825	-0.03774	0.84930	1.15210	0.99989	-0.01482	0.00066	0.01482	0.99987	0.00660	-0.00076	-0.00659	0.99998		-126.87322	-91.90441	-0.39251	-0.20481	0.34275	-0.60196	0.20918	0.99993	0.01051	-0.00598	-0.01053	0.99994	-0.00357	0.00594	0.00364	0.99998	
103	0.51500	70.07699	-41.52065	0.61719	0.37784	-0.03932	0.84792	1.14784	0.99989	-0.01480	0.00069	0.01479	0.99987	0.00659	-0.00078	-0.00658	0.99998		-126.89970	-91.90479	-0.40517	-0.20565	0.35135	-0.60587	0.20833	0.99993	0.01057	-0.00613	-0.01060	0.99994	-0.00359	0.00609	0.00365	0.99997	
104	0.52000	70.06862	-41.52021	0.63604	0.37869	-0.03190	0.84668	1.13598	0.99989	-0.01478	0.00056	0.01477	0.99987	0.00661	-0.00065	-0.00660	0.99998		-126.86915	-91.90038	-0.40970	-0.20854	0.34974	-0.60376	0.20242	0.99993	0.01054	-0.00610	-0.01056	0.99994	-0.00364	0.00607	0.00370	0.99997	
105	0.52500	70.09640	-41.50821	0.62243	0.38172	-0.03258	0.84895	1.13641	0.99989	-0.01482	0.00057	0.01481	0.99987	0.00666	-0.00067	-0.00665	0.99998		-126.88478	-91.91274	-0.41827	-0.21010	0.35540	-0.60565	0.20164	0.99992	0.01057	-0.00620	-0.01059	0.99994	-0.00367	0.00616	0.00373	0.99997	
106	0.53000	70.05699	-41.52660	0.62548	0.37935	-0.02277	0.84759	1.14250	0.99989	-0.01479	0.00040	0.01479	0.99987	0.00662	-0.00050	-0.00661	0.99998		-126.90701	-91.91351	-0.41797	-0.21442	0.36133	-0.60257	0.20481	0.99992	0.01052	-0.00631	-0.01054	0.99994	-0.00374	0.00627	0.00381	0.99997	
107	0.53500	70.08201	-41.49427	0.62132	0.38372	-0.02212	0.85020	1.15246	0.99989	-0.01484	0.00039	0.01484	0.99987	0.00670	-0.00049	-0.00669	0.99998		-126.86683	-91.90604	-0.41483	-0.21502	0.36425	-0.60445	0.20456	0.99992	0.01055	-0.00636	-0.01057	0.99994	-0.00375	0.00632	0.00382	0.99997	
108	0.54000	70.06920	-41.52187	0.63310	0.38402	-0.01524	0.85036	1.13605	0.99989	-0.01484	0.00027	0.01484	0.99987	0.00670	-0.00037	-0.00670	0.99998		-126.88045	-91.90436	-0.41076	-0.21667	0.36788	-0.60558	0.21057	0.99992	0.01057	-0.00642	-0.01059	0.99994	-0.00378	0.00638	0.00385	0.99997	
109	0.54500	70.04033	-41.49661	0.61995	0.38951	-0.01203	0.84758	1.14042	0.99989	-0.01479	0.00021	0.01479	0.99987	0.00680	-0.00031	-0.00679	0.99998		-126.88893	-91.91207	-0.41903	-0.22141	0.37264	-0.60170	0.20633	0.99992	0.01050	-0.00650	-0.01053	0.99994	-0.00386	0.00646	0.00393	0.99997	
110	0.55000	70.05628	-41.51271	0.62666	0.38940	-0.00682	0.84660	1.11916	0.99989	-0.01478	0.00012	0.01477	0.99987	0.00680	-0.00022	-0.00679	0.99998		-126.89813	-91.90924	-0.41500	-0.22483	0.37547	-0.60221	0.19672	0.99992	0.01051	-0.00655	-0.01054	0.99994	-0.00392	0.00651	0.00399	0.99997	
111	0.55500	70.04710	-41.48664	0.64669	0.39350	0.00168	0.85284	1.12488	0.99989	-0.01488	-0.00003	0.01488	0.99987	0.00687	-0.00007	-0.00687	0.99998		-126.89798	-91.92733	-0.42343	-0.22858	0.38022	-0.60652	0.20987	0.99992	0.01059	-0.00664	-0.01061	0.99994	-0.00399	0.00659	0.00406	0.99997	
112	0.56000	70.16590	-41.45670	0.39684	0.39693	-0.05135	0.84622	1.33883	0.99989	-0.01477	0.00090	0.01476	0.99987	0.00693	-0.00100	-0.00691	0.99998		-126.89064	-91.91642	-0.41138	-0.23201	0.38427	-0.60766	0.20763	0.99992	0.01061	-0.00671	-0.01063	0.99994	-0.00405	0.00666	0.00412	0.99997	
113	0.56500	70.04632	-41.50879	0.62233	0.39817	0.00582	0.84851	1.13100	0.99989	-0.01481	-0.00010	0.01481	0.99987	0.00695	-0.00000	-0.00695	0.99998		-126.91822	-91.91345	-0.41519	-0.23665	0.38922	-0.60269	0.20719	0.99992	0.01052	-0.00679	-0.01055	0.99994	-0.00413	0.00675	0.00420	0.99997	
114	0.57000	70.04369	-41.49633	0.64285	0.40669	0.00505	0.84635	1.12220	0.99989	-0.01477	-0.00009	0.01477	0.99987	0.00710	-0.00002	-0.00710	0.99997		-126.90023	-91.92186	-0.44040	-0.24237	0.39030	-0.60216	0.20464	0.99992	0.01051	-0.00681	-0.01054	0.99994	-0.00423	0.00677	0.00430	0.99997	
115	0.57500	70.03374	-41.48254	0.62313	0.41014	0.01341	0.84470	1.12578	0.99989	-0.01474	-0.00023	0.01474	0.99987	0.00716	0.00013	-0.00716	0.99997		-126.89361	-91.91976	-0.44076	-0.24573	0.39427	-0.60082	0.18288	0.99992	0.01049	-0.00688	-0.01052	0.99994	-0.00429	0.00684	0.00436	0.99997	
116	0.58000	70.05771	-41.47762	0.61631	0.41708	0.00571	0.84746	1.14465	0.99989	-0.01479	-0.00010	0.01479	0.99986	0.00728	-0.00001	-0.00728	0.99997		-126.91018	-91.93355	-0.44041	-0.25088	0.39864	-0.60379	0.19961	0.99992	0.01054	-0.00696	-0.01057	0.99993	-0.00438	0.00691	0.00445	0.99997	
117	0.58500	69.99199	-41.47417	0.63000	0.42207	0.02062	0.84355	1.12604	0.99989	-0.01472	-0.00036	0.01472	0.99986	0.00737	0.00025	-0.00737	0.99997		-126.89493	-91.93614	-0.45310	-0.25733	0.40086	-0.60432	0.19891	0.99992	0.01055	-0.00700	-0.01058	0.99993	-0.00449	0.00695	0.00456	0.99997	
118	0.59000	70.01178	-41.46844	0.61543	0.42715	0.01925	0.84873	1.13016	0.99989	-0.01481	-0.00034	0.01481	0.99986	0.00746	0.00023	-0.00746	0.99997		-126.93332	-91.92323	-0.45307	-0.25964	0.40831	-0.60444	0.19702	0.99992	0.01055	-0.00713	-0.01058	0.99993	-0.00453	0.00708	0.00461	0.99996	
119	0.59500	70.00658	-41.48658	0.61983	0.42991	0.02758	0.84742	1.13009	0.99989	-0.01479	-0.00048	0.01479	0.99986	0.00750	0.00037	-0.00751	0.99997		-126.89026	-91.93559	-0.44953	-0.26603	0.40842	-0.60453	0.19207	0.99992	0.01055	-0.00713	-0.01058	0.99993	-0.00464	0.00708	0.00472	0.99996	
120	0.60000	70.06218	-41.46989	0.62912	0.43724	0.02401	0.84656	1.12533	0.99989	-0.01477	-0.00042	0.01478	0.99986	0.00763	0.00031	-0.00764	0.99997		-126.89570	-91.94524	-0.44067	-0.27529	0.41350	-0.60267	0.19504	0.99992	0.01052	-0.00722	-0.01055	0.99993	-0.00480	0.00717	0.00488	0.99996	
121	0.60500	69.96882	-41.46992	0.62297	0.44257	0.03561	0.84501	1.11815	0.99989	-0.01475	-0.00062	0.01475	0.99986	0.00772	0.00051	-0.00773	0.99997		-126.92226	-91.92856	-0.46553	-0.27798	0.41592	-0.60347	0.19573	0.99992	0.01053	-0.00726	-0.01057	0.99993	-0.00485	0.00721	0.00493	0.99996	
122	0.61000	70.00962	-41.45027	0.62377	0.45267	0.02687	0.83844	1.10657	0.99989	-0.01463	-0.00047	0.01464	0.99986	0.00790	0.00035	-0.00791	0.99997		-126.89407	-91.95983	-0.45291	-0.28567	0.41684	-0.60493	0.20055	0.99992	0.01056	-0.00728	-0.01059	0.99993	-0.00499	0.00722	0.00506	0.99996	
123	0.61500	69.96696	-41.45759	0.62993	0.45576	0.04027	0.83270	1.10742	0.99989	-0.01453	-0.00070	0.01454	0.99986	0.00795	0.00059	-0.00796	0.99997		-126.87539	-91.95907	-0.46979	-0.29144	0.41826	-0.60096	0.20130	0.99992	0.01049	-0.00730	-0.01053	0.99993	-0.00509	0.00725	0.00516	0.99996	
124	0.62000	69.94864	-41.41020	0.64520	0.47268	0.03596	0.82365	1.08898	0.99990	-0.01437	-0.00063	0.01438	0.99986	0.00825	0.00051	-0.00826	0.99997		-126.88072	-91.95205	-0.47806	-0.29687	0.42320	-0.60121	0.19941	0.99992	0.01049	-0.00739	-0.01053	0.99993	-0.00518	0.00733	0.00526	0.99996	
125	0.62500	69.92507	-41.42263	0.64410	0.47792	0.04032	0.82063	1.09553	0.99990	-0.01432	-0.00070	0.01433	0.99986	0.00834	0.00058	-0.00835	0.99996		-126.88608	-91.95379	-0.47393	-0.30143	0.42507	-0.59824	0.19759	0.99992	0.01044	-0.00742	-0.01048	0.99993	-0.00526	0.00736	0.00534	0.99996	
126	0.63000	69.95016	-41.39666	0.64229	0.48597	0.03648	0.82570	1.09944	0.99990	-0.01441	-0.00064	0.01442	0.99986	0.00848	0.00051	-0.00849	0.99996		-126.89045	-91.94534	-0.48631	-0.30776	0.42753	-0.60040	0.18779	0.99992	0.01048	-0.00746	-0.01052	0.99993	-0.00537	0.00741	0.00545	0.99996	
127	0.63500	70.02835	-41.38165	0.42175	0.49128	-0.00538	0.82385	1.29549	0.99990	-0.01438	0.00009	0.01438	0.99986	0.00857	-0.00022	-0.00857	0.99996		-126.90510	-91.95010	-0.47775	-0.31282	0.43188	-0.60615	0.21120	0.99992	0.01058	-0.00754	-0.01062	0.99993	-0.00546	0.00748	0.00554	0.99996	
128	0.64000	69.92741	-41.39204	0.65881	0.49960	0.04029	0.82154	1.08511	0.99990	-0.01434	-0.00070	0.01434	0.99986	0.00872	0.00058	-0.00873	0.99996		-126.88531	-91.96529	-0.47738	-0.32025	0.43269	-0.59962	0.19902	0.99992	0.01046	-0.00755	-0.01051	0.99993	-0.00559	0.00749	0.00567	0.99996	
129	0.64500	69.96349	-41.38504	0.65032	0.50560	0.03565	0.82327	1.10138	0.99990	-0.01437	-0.00062	0.01437	0.99986	0.00882	0.00050	-0.00883	0.99996		-126.89344	-91.94738	-0.49031	-0.32228	0.43564	-0.60270	0.19869	0.99992	0.01052	-0.00760	-0.01056	0.99993	-0.00562	0.00754	0.00570	0.99996	
130	0.65000	69.89638	-41.40219	0.66309	0.50968	0.04589	0.83108	1.09400	0.99989	-0.01450	-0.00080	0.01451	0.99986	0.00890	0.00067	-0.00891	0.99996		-126.92872	-91.95103	-0.49807	-0.32749	0.43982	-0.60214	0.19502	0.99992	0.01051	-0.00768	-0.01055	0.99993	-0.00572	0.00762	0.00580	0.99995	
131	0.65500	70.03024	-41.34689	0.42898	0.51971	-0.00915	0.82311	1.29091	0.99990	-0.01437	0.00016	0.01436	0.99986	0.00907	-0.00029	-0.00907	0.99996		-126.89856	-91.96111	-0.49377	-0.33376	0.43817	-0.60138	0.19182	0.99992	0.01050	-0.00765	-0.01054	0.99993	-0.00582	0.00759	0.00591	0.99995	
132	0.66000	69.93984	-41.39546	0.63922	0.52385	0.04150	0.81950	1.08045	0.99990	-0.01430	-0.00072	0.01431	0.99986	0.00914	0.00059	-0.00915	0.99996		-126.89420	-91.95707	-0.50626	-0.33891	0.43841	-0.60147	0.20237	0.99992	0.01050	-0.00765	-0.01054	0.99993	-0.00591	0.00759	0.00599	0.99995	
133	0.66500	69.92918	-41.37329	0.64373	0.53238	0.04080	0.82102	1.08590	0.99990	-0.01433	-0.00071	0.01434	0.99985	0.00929	0.00058	-0.00930	0.99996		-126.92596	-91.93951	-0.51034	-0.34016	0.44436	-0.60274	0.20267	0.99991	0.01052	-0.00776	-0.01057	0.99993	-0.00594	0.00769	0.00602	0.99995	
134	0.67000	69.91843	-41.37822	0.64258	0.53706	0.04082	0.82284	1.09421	0.99990	-0.01436	-0.00071	0.01437	0.99985	0.00937	0.00058	-0.00938	0.99996		-126.91890	-91.96217	-0.50154	-0.34833	0.44572	-0.59966	0.20104	0.99992	0.01047	-0.00778	-0.01051	0.99993	-0.00608	0.00772	0.00616	0.99995	
135	0.67500	70.03848	-41.35360	0.39441	0.54228	-0.01619	0.81771	1.31640	0.99990	-0.01427	0.00028	0.01427	0.99985	0.00946	-0.00042	-0.00946	0.99996		-126.93008	-91.93094	-0.52272	-0.34649	0.44681	-0.60494	0.19296	0.99991	0.01056	-0.00780	-0.01060	0.99993	-0.00605	0.00773	0.00613	0.99995	
136	0.68000	70.07904	-41.34836	0.39207	0.54983	-0.02875	0.81775	1.30937	0.99990	-0.01427	0.00050	0.01427	0.99985	0.00960	-0.00064	-0.00959	0.99995		-126.93156	-91.95493	-0.50964	-0.35401	0.44762	-0.60381	0.19867	0.99991	0.01054	-0.00781	-0.01059	0.99992	-0.00618	0.00775	0.00626	0.99995	
137	0.68500	69.92292	-41.37995	0.64203	0.55262	0.03884	0.82639	1.09428	0.99990	-0.01442	-0.00068	0.01443	0.99985	0.00964	0.00054	-0.00965	0.99995		-126.89284	-91.95749	-0.51805	-0.35852	0.44401	-0.60014	0.19235	0.99992	0.01047	-0.00775	-0.01052	0.99993	-0.00626	0.00768	0.00634	0.99995	
