NO_OF_FRAMES	12039
NO_OF_CAMERAS	8
NO_OF_BODIES	2
FREQUENCY	200
NO_OF_ANALOG	0
ANALOG_FREQUENCY	0
DESCRIPTION	--
TIME_STAMP	2013-07-03, 15:08:43	23340.03099622
DATA_INCLUDED	6D
BODY_NAMES	Ice 1	Ice 2
Frame	Time	Ice 1 X	Y	Z	Roll	Pitch	Yaw	Residual	Rot[0]	Rot[1]	Rot[2]	Rot[3]	Rot[4]	Rot[5]	Rot[6]	Rot[7]	Rot[8]	Ice 2 X	Y	Z	Roll	Pitch	Yaw	Residual	Rot[0]	Rot[1]	Rot[2]	Rot[3]	Rot[4]	Rot[5]	Rot[6]	Rot[7]	Rot[8]	
1	0.00500	34.87394	-69.63234	0.09760	0.90019	-0.10401	-0.09645	1.03134	1.00000	0.00168	0.00182	-0.00171	0.99988	0.01571	-0.00179	-0.01571	0.99987		-56.88641	-124.19420	-0.54089	-0.41911	0.30530	-2.11866	0.19540	0.99930	0.03697	-0.00533	-0.03701	0.99929	-0.00731	0.00505	0.00751	0.99996	
2	0.01000	34.78959	-69.68926	0.07379	0.88141	-0.08397	-0.09115	0.98926	1.00000	0.00159	0.00147	-0.00161	0.99988	0.01538	-0.00144	-0.01539	0.99988		-56.96671	-124.20365	-0.54938	-0.42185	0.32149	-2.11526	0.17675	0.99930	0.03691	-0.00561	-0.03695	0.99929	-0.00736	0.00534	0.00756	0.99996	
3	0.01500	34.78631	-69.69214	0.07761	0.87862	-0.08562	-0.09507	0.99205	1.00000	0.00166	0.00149	-0.00168	0.99988	0.01533	-0.00147	-0.01534	0.99988		-57.00991	-124.20275	-0.54813	-0.42971	0.32123	-2.11499	0.16601	0.99930	0.03690	-0.00561	-0.03695	0.99929	-0.00750	0.00533	0.00770	0.99996	
4	0.02000	34.82823	-69.72838	0.07473	0.86965	-0.08997	-0.09064	0.99733	1.00000	0.00158	0.00157	-0.00161	0.99988	0.01518	-0.00155	-0.01518	0.99988		-56.97041	-124.21356	-0.53590	-0.43284	0.31940	-2.11335	0.16092	0.99930	0.03688	-0.00557	-0.03692	0.99929	-0.00755	0.00529	0.00775	0.99996	
5	0.02500	34.76088	-69.72622	0.08463	0.86353	-0.08771	-0.09647	0.98707	1.00000	0.00168	0.00153	-0.00171	0.99988	0.01507	-0.00151	-0.01507	0.99989		-56.97013	-124.21804	-0.52234	-0.43965	0.31368	-2.12072	0.17149	0.99930	0.03700	-0.00547	-0.03705	0.99928	-0.00767	0.00519	0.00787	0.99996	
6	0.03000	34.82585	-69.73031	0.09028	0.86105	-0.09447	-0.08914	1.00016	1.00000	0.00156	0.00165	-0.00158	0.99989	0.01503	-0.00163	-0.01503	0.99989		-57.03517	-124.21783	-0.53390	-0.44218	0.31953	-2.11390	0.16744	0.99930	0.03689	-0.00558	-0.03693	0.99929	-0.00772	0.00529	0.00792	0.99995	
7	0.03500	34.81593	-69.75676	0.09657	0.84976	-0.09675	-0.08961	0.98914	1.00000	0.00156	0.00169	-0.00159	0.99989	0.01483	-0.00167	-0.01483	0.99989		-56.97758	-124.22140	-0.50078	-0.44668	0.31672	-2.11314	0.17282	0.99930	0.03687	-0.00553	-0.03691	0.99929	-0.00780	0.00524	0.00799	0.99995	
8	0.04000	34.75977	-69.76277	0.09680	0.84259	-0.09183	-0.09292	0.98026	1.00000	0.00162	0.00160	-0.00165	0.99989	0.01471	-0.00158	-0.01471	0.99989		-57.03771	-124.20575	-0.50786	-0.45149	0.31556	-2.11362	0.16449	0.99930	0.03688	-0.00551	-0.03692	0.99929	-0.00788	0.00521	0.00808	0.99995	
9	0.04500	34.81906	-69.78036	0.10456	0.83736	-0.09993	-0.08828	0.98934	1.00000	0.00154	0.00174	-0.00157	0.99989	0.01461	-0.00172	-0.01462	0.99989		-57.02723	-124.22543	-0.50361	-0.45478	0.31540	-2.11422	0.15514	0.99930	0.03689	-0.00550	-0.03693	0.99929	-0.00794	0.00521	0.00813	0.99995	
10	0.05000	34.77385	-69.80489	0.10494	0.82782	-0.09589	-0.09253	0.98925	1.00000	0.00161	0.00167	-0.00164	0.99989	0.01445	-0.00165	-0.01445	0.99989		-57.02273	-124.20873	-0.49082	-0.45724	0.31570	-2.11481	0.17200	0.99930	0.03690	-0.00551	-0.03694	0.99929	-0.00798	0.00521	0.00818	0.99995	
11	0.05500	34.52785	-69.98083	0.18365	0.81760	-0.09747	-0.08600	1.05453	1.00000	0.00150	0.00170	-0.00153	0.99990	0.01427	-0.00168	-0.01427	0.99990		-57.03904	-124.20604	-0.49039	-0.46106	0.31560	-2.11695	0.16542	0.99930	0.03694	-0.00551	-0.03698	0.99928	-0.00805	0.00521	0.00824	0.99995	
12	0.06000	34.51426	-70.01759	0.20812	0.80624	-0.09931	-0.08475	1.06330	1.00000	0.00148	0.00173	-0.00150	0.99990	0.01407	-0.00171	-0.01407	0.99990		-57.05080	-124.21049	-0.48619	-0.46199	0.31836	-2.11705	0.16223	0.99930	0.03694	-0.00556	-0.03698	0.99928	-0.00806	0.00525	0.00826	0.99995	
13	0.06500	34.51733	-70.06443	0.21872	0.79386	-0.10224	-0.08548	1.06333	1.00000	0.00149	0.00178	-0.00152	0.99990	0.01386	-0.00176	-0.01386	0.99990		-57.06945	-124.19307	-0.46913	-0.46457	0.31927	-2.11760	0.16760	0.99930	0.03695	-0.00557	-0.03699	0.99928	-0.00811	0.00527	0.00831	0.99995	
14	0.07000	34.47007	-70.09204	0.22500	0.78316	-0.09927	-0.08188	1.05695	1.00000	0.00143	0.00173	-0.00145	0.99991	0.01367	-0.00171	-0.01367	0.99991		-57.10111	-124.18334	-0.47745	-0.46540	0.32471	-2.11919	0.16381	0.99930	0.03698	-0.00567	-0.03702	0.99928	-0.00812	0.00536	0.00833	0.99995	
15	0.07500	34.44733	-70.13143	0.24316	0.76900	-0.09919	-0.08030	1.07916	1.00000	0.00140	0.00173	-0.00142	0.99991	0.01342	-0.00171	-0.01342	0.99991		-57.10158	-124.18648	-0.46871	-0.46821	0.32529	-2.11573	0.17471	0.99930	0.03692	-0.00568	-0.03696	0.99928	-0.00817	0.00537	0.00838	0.99995	
16	0.08000	34.46807	-70.14070	0.25187	0.75849	-0.10085	-0.07943	1.07928	1.00000	0.00139	0.00176	-0.00141	0.99991	0.01324	-0.00174	-0.01324	0.99991		-57.10680	-124.17409	-0.47298	-0.46862	0.32490	-2.11826	0.16870	0.99930	0.03696	-0.00567	-0.03701	0.99928	-0.00818	0.00536	0.00838	0.99995	
17	0.08500	34.46856	-70.19481	0.27108	0.74397	-0.10594	-0.07951	1.08148	1.00000	0.00139	0.00185	-0.00141	0.99991	0.01298	-0.00183	-0.01299	0.99991		-57.14864	-124.15750	-0.48496	-0.47039	0.32826	-2.11658	0.16704	0.99930	0.03693	-0.00573	-0.03698	0.99928	-0.00821	0.00542	0.00842	0.99995	
18	0.09000	34.39061	-70.21029	0.27988	0.73461	-0.10362	-0.08063	1.08498	1.00000	0.00141	0.00181	-0.00143	0.99992	0.01282	-0.00179	-0.01282	0.99992		-57.16005	-124.16204	-0.46819	-0.47134	0.33088	-2.11664	0.16513	0.99930	0.03693	-0.00577	-0.03698	0.99928	-0.00823	0.00547	0.00843	0.99995	
19	0.09500	34.45077	-70.24578	0.30639	0.71849	-0.10720	-0.07710	1.09578	1.00000	0.00135	0.00187	-0.00137	0.99992	0.01254	-0.00185	-0.01254	0.99992		-57.15317	-124.16540	-0.45609	-0.47171	0.33422	-2.11672	0.17459	0.99930	0.03693	-0.00583	-0.03698	0.99928	-0.00823	0.00552	0.00844	0.99995	
20	0.10000	34.37344	-70.27777	0.30087	0.70525	-0.10688	-0.08062	1.08006	1.00000	0.00141	0.00187	-0.00143	0.99992	0.01231	-0.00185	-0.01231	0.99992		-57.16689	-124.14983	-0.46012	-0.47057	0.33298	-2.11806	0.16681	0.99930	0.03696	-0.00581	-0.03701	0.99928	-0.00821	0.00550	0.00842	0.99995	
21	0.10500	34.37217	-70.32639	0.32701	0.68932	-0.10476	-0.07900	1.08609	1.00000	0.00138	0.00183	-0.00140	0.99993	0.01203	-0.00181	-0.01203	0.99993		-57.17184	-124.14277	-0.45210	-0.47182	0.33714	-2.11889	0.16245	0.99930	0.03697	-0.00588	-0.03702	0.99928	-0.00823	0.00558	0.00845	0.99995	
22	0.11000	34.38956	-70.34164	0.32714	0.67765	-0.10568	-0.07906	1.09316	1.00000	0.00138	0.00184	-0.00140	0.99993	0.01183	-0.00183	-0.01183	0.99993		-57.19243	-124.11293	-0.45648	-0.46810	0.33999	-2.12148	0.17409	0.99930	0.03702	-0.00593	-0.03707	0.99928	-0.00817	0.00563	0.00838	0.99995	
23	0.11500	34.36195	-70.36660	0.34256	0.66650	-0.10772	-0.07855	1.08953	1.00000	0.00137	0.00188	-0.00139	0.99993	0.01163	-0.00186	-0.01163	0.99993		-57.20666	-124.14838	-0.46017	-0.47197	0.34250	-2.11556	0.17138	0.99930	0.03691	-0.00598	-0.03696	0.99928	-0.00824	0.00567	0.00845	0.99995	
24	0.12000	34.36296	-70.39694	0.35740	0.64829	-0.10602	-0.08139	1.08685	1.00000	0.00142	0.00185	-0.00144	0.99993	0.01131	-0.00183	-0.01132	0.99993		-57.24775	-124.11568	-0.46879	-0.46800	0.34522	-2.11756	0.15271	0.99930	0.03695	-0.00603	-0.03700	0.99928	-0.00817	0.00572	0.00839	0.99995	
25	0.12500	34.33553	-70.43534	0.37391	0.63462	-0.10227	-0.07986	1.08494	1.00000	0.00139	0.00179	-0.00141	0.99994	0.01108	-0.00177	-0.01108	0.99994		-57.22840	-124.11558	-0.46144	-0.46588	0.35244	-2.12001	0.17319	0.99930	0.03699	-0.00615	-0.03704	0.99928	-0.00813	0.00585	0.00835	0.99995	
26	0.13000	34.28594	-70.45572	0.37998	0.62146	-0.09885	-0.07845	1.08509	1.00000	0.00137	0.00173	-0.00139	0.99994	0.01085	-0.00171	-0.01085	0.99994		-57.26419	-124.09015	-0.46568	-0.46233	0.35620	-2.11812	0.17556	0.99930	0.03696	-0.00622	-0.03701	0.99928	-0.00807	0.00591	0.00829	0.99995	
27	0.13500	34.31724	-70.47517	0.37999	0.60829	-0.10112	-0.08016	1.09748	1.00000	0.00140	0.00176	-0.00142	0.99994	0.01062	-0.00175	-0.01062	0.99994		-57.26856	-124.10425	-0.46585	-0.46214	0.35894	-2.12007	0.17700	0.99930	0.03699	-0.00626	-0.03704	0.99928	-0.00807	0.00596	0.00829	0.99995	
28	0.14000	34.32444	-70.54030	0.37784	0.59105	-0.10720	-0.07960	1.08811	1.00000	0.00139	0.00187	-0.00141	0.99995	0.01032	-0.00186	-0.01032	0.99995		-57.27804	-124.08470	-0.46669	-0.45633	0.36315	-2.11838	0.17141	0.99930	0.03696	-0.00634	-0.03701	0.99928	-0.00796	0.00604	0.00819	0.99995	
29	0.14500	34.26659	-70.54257	0.39133	0.57773	-0.10311	-0.07797	1.09825	1.00000	0.00136	0.00180	-0.00138	0.99995	0.01008	-0.00179	-0.01009	0.99995		-57.30318	-124.08214	-0.47065	-0.45608	0.36402	-2.11565	0.15678	0.99930	0.03692	-0.00635	-0.03697	0.99928	-0.00796	0.00605	0.00819	0.99995	
30	0.15000	34.27627	-70.57084	0.41835	0.56421	-0.09968	-0.07987	1.09134	1.00000	0.00139	0.00174	-0.00141	0.99995	0.00985	-0.00173	-0.00985	0.99995		-57.32471	-124.07176	-0.49626	-0.45140	0.36838	-2.11876	0.16006	0.99930	0.03697	-0.00643	-0.03702	0.99928	-0.00788	0.00613	0.00811	0.99995	
31	0.15500	34.24099	-70.61298	0.42163	0.54611	-0.09800	-0.08085	1.09646	1.00000	0.00141	0.00171	-0.00143	0.99995	0.00953	-0.00170	-0.00953	0.99995		-57.30419	-124.05874	-0.48890	-0.44768	0.37306	-2.11765	0.16907	0.99930	0.03695	-0.00651	-0.03700	0.99928	-0.00781	0.00622	0.00805	0.99995	
32	0.16000	34.30277	-70.68360	0.40674	0.52290	-0.10098	-0.06881	1.11838	1.00000	0.00120	0.00176	-0.00122	0.99996	0.00913	-0.00175	-0.00913	0.99996		-57.39005	-124.04140	-0.50969	-0.44186	0.38274	-2.11806	0.17505	0.99929	0.03696	-0.00668	-0.03701	0.99929	-0.00771	0.00639	0.00795	0.99995	
33	0.16500	34.26179	-70.70588	0.43601	0.50802	-0.09080	-0.06779	1.11642	1.00000	0.00118	0.00158	-0.00120	0.99996	0.00887	-0.00157	-0.00887	0.99996		-57.36464	-124.01959	-0.51917	-0.43734	0.38403	-2.12104	0.17425	0.99929	0.03701	-0.00670	-0.03706	0.99928	-0.00763	0.00642	0.00788	0.99995	
34	0.17000	34.28305	-70.75907	0.43519	0.48954	-0.09241	-0.06164	1.12342	1.00000	0.00108	0.00161	-0.00109	0.99996	0.00854	-0.00160	-0.00855	0.99996		-57.38041	-124.02196	-0.53229	-0.43241	0.38867	-2.11819	0.16636	0.99929	0.03696	-0.00678	-0.03701	0.99929	-0.00755	0.00650	0.00779	0.99995	
35	0.17500	34.29765	-70.79676	0.44329	0.47317	-0.09541	-0.06346	1.11754	1.00000	0.00111	0.00167	-0.00112	0.99997	0.00826	-0.00166	-0.00826	0.99996		-57.43409	-124.00041	-0.53687	-0.42540	0.39581	-2.12246	0.17116	0.99929	0.03703	-0.00691	-0.03709	0.99928	-0.00742	0.00663	0.00768	0.99995	
36	0.18000	34.27428	-70.82861	0.46290	0.45544	-0.09204	-0.05849	1.11600	1.00000	0.00102	0.00161	-0.00103	0.99997	0.00795	-0.00160	-0.00795	0.99997		-57.44122	-123.97101	-0.53793	-0.41610	0.40142	-2.12148	0.16963	0.99929	0.03702	-0.00701	-0.03707	0.99929	-0.00726	0.00673	0.00752	0.99995	
37	0.18500	34.27011	-70.84417	0.49551	0.44227	-0.09309	-0.05802	1.11734	1.00000	0.00101	0.00162	-0.00103	0.99997	0.00772	-0.00162	-0.00772	0.99997		-57.44698	-123.95656	-0.55172	-0.40894	0.40893	-2.12197	0.17093	0.99929	0.03703	-0.00714	-0.03708	0.99929	-0.00714	0.00687	0.00740	0.99995	
38	0.19000	34.26574	-70.88323	0.49064	0.42649	-0.09094	-0.05721	1.12648	1.00000	0.00100	0.00159	-0.00101	0.99997	0.00744	-0.00158	-0.00745	0.99997		-57.45954	-123.95714	-0.56420	-0.40617	0.40867	-2.11967	0.16191	0.99929	0.03699	-0.00713	-0.03704	0.99929	-0.00709	0.00687	0.00735	0.99995	
39	0.19500	34.27248	-70.91603	0.51395	0.41265	-0.09396	-0.06112	1.13457	1.00000	0.00107	0.00164	-0.00108	0.99997	0.00720	-0.00163	-0.00720	0.99997		-57.47302	-123.94388	-0.56535	-0.39925	0.41797	-2.11577	0.16523	0.99929	0.03692	-0.00729	-0.03697	0.99929	-0.00697	0.00703	0.00723	0.99995	
40	0.20000	34.25194	-70.96453	0.52040	0.39626	-0.09097	-0.05772	1.13737	1.00000	0.00101	0.00159	-0.00102	0.99998	0.00692	-0.00158	-0.00692	0.99997		-57.47294	-123.91292	-0.58339	-0.38950	0.42204	-2.12402	0.17510	0.99929	0.03706	-0.00737	-0.03711	0.99929	-0.00680	0.00711	0.00707	0.99995	
41	0.20500	34.23387	-70.99460	0.53307	0.38102	-0.08770	-0.05617	1.12701	1.00000	0.00098	0.00153	-0.00099	0.99998	0.00665	-0.00152	-0.00665	0.99998		-57.53185	-123.86867	-0.61381	-0.37526	0.42940	-2.12601	0.15525	0.99928	0.03710	-0.00749	-0.03715	0.99929	-0.00655	0.00725	0.00682	0.99995	
42	0.21000	34.21985	-71.00322	0.54801	0.36809	-0.08777	-0.05776	1.12878	1.00000	0.00101	0.00153	-0.00102	0.99998	0.00642	-0.00153	-0.00643	0.99998		-57.55265	-123.85238	-0.61925	-0.36753	0.44040	-2.12688	0.15320	0.99928	0.03711	-0.00769	-0.03716	0.99929	-0.00641	0.00744	0.00670	0.99995	
43	0.21500	34.19268	-71.02773	0.57467	0.35563	-0.08372	-0.05946	1.12775	1.00000	0.00104	0.00146	-0.00105	0.99998	0.00621	-0.00145	-0.00621	0.99998		-57.56514	-123.85801	-0.64440	-0.36381	0.43972	-2.12082	0.14668	0.99929	0.03701	-0.00767	-0.03705	0.99929	-0.00635	0.00743	0.00663	0.99995	
44	0.22000	34.18588	-71.06742	0.57369	0.34097	-0.08646	-0.05763	1.13773	1.00000	0.00101	0.00151	-0.00101	0.99998	0.00595	-0.00150	-0.00595	0.99998		-57.56771	-123.82640	-0.65845	-0.35357	0.44886	-2.12289	0.14671	0.99928	0.03704	-0.00783	-0.03709	0.99929	-0.00617	0.00760	0.00646	0.99995	
45	0.22500	34.16958	-71.07964	0.59959	0.32930	-0.08010	-0.05531	1.13621	1.00000	0.00097	0.00140	-0.00097	0.99998	0.00575	-0.00139	-0.00575	0.99998		-57.58188	-123.82425	-0.66353	-0.34546	0.45284	-2.12675	0.14533	0.99928	0.03711	-0.00790	-0.03716	0.99929	-0.00603	0.00767	0.00632	0.99995	
46	0.23000	34.15376	-71.11519	0.60631	0.31677	-0.07772	-0.05990	1.12644	1.00000	0.00105	0.00136	-0.00105	0.99998	0.00553	-0.00135	-0.00553	0.99998		-57.58497	-123.79555	-0.67714	-0.33716	0.46014	-2.12432	0.15434	0.99928	0.03707	-0.00803	-0.03711	0.99929	-0.00588	0.00781	0.00618	0.99995	
47	0.23500	34.17356	-71.13362	0.58408	0.30305	-0.07829	-0.05585	1.13901	1.00000	0.00097	0.00137	-0.00098	0.99999	0.00529	-0.00136	-0.00529	0.99999		-57.61470	-123.78428	-0.69049	-0.32891	0.46809	-2.12712	0.15803	0.99928	0.03712	-0.00817	-0.03716	0.99929	-0.00574	0.00795	0.00604	0.99995	
48	0.24000	34.10027	-71.15482	0.60756	0.29068	-0.06638	-0.06110	1.12600	1.00000	0.00107	0.00116	-0.00107	0.99999	0.00507	-0.00115	-0.00507	0.99999		-57.63544	-123.77344	-0.67888	-0.31968	0.47602	-2.12231	0.14498	0.99928	0.03703	-0.00831	-0.03708	0.99930	-0.00558	0.00810	0.00588	0.99995	
49	0.24500	34.06247	-71.19130	0.62528	0.27757	-0.06533	-0.05463	1.14478	1.00000	0.00095	0.00114	-0.00096	0.99999	0.00484	-0.00114	-0.00485	0.99999		-57.66547	-123.74279	-0.70480	-0.31020	0.48241	-2.12709	0.16965	0.99928	0.03711	-0.00842	-0.03716	0.99929	-0.00541	0.00821	0.00572	0.99995	
50	0.25000	34.10605	-71.19767	0.62758	0.27028	-0.06836	-0.05669	1.13172	1.00000	0.00099	0.00119	-0.00099	0.99999	0.00472	-0.00119	-0.00472	0.99999		-57.64442	-123.74451	-0.72638	-0.30494	0.48328	-2.12365	0.16545	0.99928	0.03705	-0.00843	-0.03710	0.99930	-0.00532	0.00823	0.00563	0.99995	
51	0.25500	34.06833	-71.22525	0.62985	0.25863	-0.06139	-0.05732	1.12323	1.00000	0.00100	0.00107	-0.00101	0.99999	0.00451	-0.00107	-0.00452	0.99999		-57.67406	-123.69879	-0.73190	-0.29211	0.48943	-2.13090	0.16264	0.99927	0.03718	-0.00854	-0.03723	0.99929	-0.00510	0.00835	0.00541	0.99995	
52	0.26000	34.02540	-71.25713	0.65290	0.24719	-0.05153	-0.05905	1.11737	1.00000	0.00103	0.00090	-0.00103	0.99999	0.00431	-0.00089	-0.00432	0.99999		-57.69352	-123.68731	-0.74515	-0.28390	0.49491	-2.13062	0.16105	0.99927	0.03718	-0.00864	-0.03722	0.99929	-0.00495	0.00845	0.00527	0.99995	
53	0.26500	34.02275	-71.26264	0.65201	0.23806	-0.05575	-0.05858	1.11824	1.00000	0.00102	0.00097	-0.00103	0.99999	0.00416	-0.00097	-0.00416	0.99999		-57.69065	-123.66555	-0.76305	-0.27514	0.50053	-2.12945	0.16941	0.99927	0.03716	-0.00874	-0.03720	0.99930	-0.00480	0.00855	0.00512	0.99995	
54	0.27000	34.00124	-71.26880	0.68300	0.23207	-0.04830	-0.05663	1.12688	1.00000	0.00099	0.00084	-0.00099	0.99999	0.00405	-0.00084	-0.00405	0.99999		-57.68749	-123.66136	-0.77249	-0.26718	0.50751	-2.12688	0.16293	0.99927	0.03711	-0.00886	-0.03715	0.99930	-0.00466	0.00868	0.00499	0.99995	
55	0.27500	34.00319	-71.29289	0.68177	0.22321	-0.05206	-0.05848	1.12605	1.00000	0.00102	0.00091	-0.00102	0.99999	0.00390	-0.00090	-0.00390	0.99999		-57.71966	-123.63175	-0.79009	-0.25787	0.51446	-2.13323	0.18038	0.99927	0.03722	-0.00898	-0.03726	0.99930	-0.00450	0.00881	0.00483	0.99995	
56	0.28000	33.96532	-71.31838	0.70034	0.21503	-0.04997	-0.05790	1.12569	1.00000	0.00101	0.00087	-0.00101	0.99999	0.00375	-0.00087	-0.00375	0.99999		-57.74666	-123.62257	-0.79490	-0.25019	0.52180	-2.13392	0.17287	0.99927	0.03723	-0.00911	-0.03727	0.99930	-0.00437	0.00894	0.00470	0.99995	
57	0.28500	33.96467	-71.34408	0.70025	0.20457	-0.04561	-0.05810	1.12101	1.00000	0.00101	0.00080	-0.00102	0.99999	0.00357	-0.00079	-0.00357	0.99999		-57.72048	-123.59736	-0.80465	-0.24085	0.52186	-2.13349	0.16234	0.99927	0.03723	-0.00911	-0.03727	0.99930	-0.00420	0.00895	0.00454	0.99995	
58	0.29000	33.91303	-71.37241	0.70835	0.19687	-0.03907	-0.05697	1.10180	1.00000	0.00099	0.00068	-0.00100	0.99999	0.00344	-0.00068	-0.00344	0.99999		-57.75113	-123.57877	-0.82588	-0.23132	0.52522	-2.13512	0.16941	0.99926	0.03725	-0.00917	-0.03729	0.99930	-0.00404	0.00901	0.00438	0.99995	
59	0.29500	33.91695	-71.37272	0.71318	0.19169	-0.03494	-0.05933	1.11368	1.00000	0.00104	0.00061	-0.00104	0.99999	0.00335	-0.00061	-0.00335	0.99999		-57.74850	-123.56514	-0.82704	-0.22117	0.53254	-2.13491	0.17513	0.99926	0.03725	-0.00929	-0.03729	0.99930	-0.00386	0.00914	0.00420	0.99995	
60	0.30000	33.92665	-71.36695	0.72989	0.18927	-0.03933	-0.05527	1.12470	1.00000	0.00096	0.00069	-0.00097	0.99999	0.00330	-0.00068	-0.00330	0.99999		-57.75120	-123.54086	-0.84455	-0.21433	0.53501	-2.13305	0.16618	0.99926	0.03722	-0.00934	-0.03725	0.99930	-0.00374	0.00919	0.00409	0.99995	
61	0.30500	33.91221	-71.40012	0.71704	0.18224	-0.03149	-0.05974	1.12306	1.00000	0.00104	0.00055	-0.00104	0.99999	0.00318	-0.00055	-0.00318	0.99999		-57.79210	-123.53581	-0.86981	-0.20788	0.54076	-2.13411	0.16470	0.99926	0.03724	-0.00944	-0.03727	0.99930	-0.00363	0.00930	0.00398	0.99995	
62	0.31000	33.90726	-71.40495	0.74819	0.17967	-0.02812	-0.05997	1.12254	1.00000	0.00105	0.00049	-0.00105	0.99999	0.00314	-0.00049	-0.00314	0.99999		-57.78229	-123.51630	-0.87050	-0.20012	0.54010	-2.13428	0.17000	0.99926	0.03724	-0.00943	-0.03727	0.99930	-0.00349	0.00929	0.00384	0.99995	
63	0.31500	33.92336	-71.40411	0.74236	0.17659	-0.03348	-0.05915	1.11973	1.00000	0.00103	0.00058	-0.00103	0.99999	0.00308	-0.00058	-0.00308	1.00000		-57.81863	-123.48991	-0.88371	-0.19045	0.54990	-2.13440	0.17744	0.99926	0.03724	-0.00960	-0.03728	0.99930	-0.00332	0.00947	0.00368	0.99995	
64	0.32000	33.87284	-71.42498	0.73995	0.17171	-0.02392	-0.06488	1.11588	1.00000	0.00113	0.00042	-0.00113	0.99999	0.00300	-0.00041	-0.00300	1.00000		-57.83269	-123.47437	-0.90129	-0.18133	0.55424	-2.13693	0.17895	0.99926	0.03729	-0.00967	-0.03732	0.99930	-0.00316	0.00955	0.00352	0.99995	
65	0.32500	33.87507	-71.43485	0.73288	0.17120	-0.02392	-0.06237	1.12103	1.00000	0.00109	0.00042	-0.00109	0.99999	0.00299	-0.00041	-0.00299	1.00000		-57.82536	-123.46914	-0.90972	-0.17607	0.55156	-2.13393	0.18229	0.99926	0.03723	-0.00963	-0.03726	0.99930	-0.00307	0.00951	0.00343	0.99995	
66	0.33000	33.89609	-71.43589	0.75824	0.16972	-0.02151	-0.05645	1.13320	1.00000	0.00099	0.00038	-0.00099	1.00000	0.00296	-0.00037	-0.00296	1.00000		-57.81226	-123.43981	-0.91535	-0.16649	0.55726	-2.13687	0.17967	0.99926	0.03729	-0.00973	-0.03731	0.99930	-0.00291	0.00961	0.00327	0.99995	
67	0.33500	33.82752	-71.43782	0.74693	0.16933	-0.01642	-0.05954	1.11895	1.00000	0.00104	0.00029	-0.00104	1.00000	0.00296	-0.00028	-0.00296	1.00000		-57.83249	-123.43294	-0.92400	-0.15978	0.55826	-2.13893	0.17105	0.99926	0.03732	-0.00974	-0.03735	0.99930	-0.00279	0.00963	0.00315	0.99995	
68	0.34000	33.78676	-71.45988	0.78140	0.16765	-0.00947	-0.05759	1.12329	1.00000	0.00101	0.00017	-0.00101	1.00000	0.00293	-0.00016	-0.00293	1.00000		-57.84520	-123.42668	-0.93673	-0.15420	0.56013	-2.13435	0.16367	0.99926	0.03724	-0.00978	-0.03727	0.99930	-0.00269	0.00967	0.00305	0.99995	
69	0.34500	33.81891	-71.43246	0.75897	0.17242	-0.01031	-0.06171	1.11598	1.00000	0.00108	0.00018	-0.00108	0.99999	0.00301	-0.00018	-0.00301	1.00000		-57.83095	-123.41594	-0.94597	-0.14596	0.56272	-2.13374	0.17601	0.99926	0.03723	-0.00982	-0.03726	0.99930	-0.00255	0.00972	0.00291	0.99995	
70	0.35000	33.77560	-71.47063	0.76825	0.16709	-0.00351	-0.05560	1.11870	1.00000	0.00097	0.00006	-0.00097	1.00000	0.00292	-0.00006	-0.00292	1.00000		-57.91684	-123.37998	-0.94545	-0.13840	0.56818	-2.13817	0.17961	0.99925	0.03731	-0.00992	-0.03733	0.99930	-0.00242	0.00982	0.00278	0.99995	
71	0.35500	33.75256	-71.45004	0.76735	0.17083	0.00238	-0.05665	1.12159	1.00000	0.00099	-0.00004	-0.00099	1.00000	0.00298	0.00004	-0.00298	1.00000		-57.86810	-123.37212	-0.97193	-0.13269	0.56780	-2.13823	0.16468	0.99925	0.03731	-0.00991	-0.03733	0.99930	-0.00232	0.00982	0.00268	0.99995	
72	0.36000	33.79085	-71.45241	0.75081	0.17671	-0.00189	-0.05626	1.13549	1.00000	0.00098	0.00003	-0.00098	0.99999	0.00308	-0.00003	-0.00308	1.00000		-57.90138	-123.34464	-0.97199	-0.12166	0.56720	-2.14260	0.16875	0.99925	0.03738	-0.00990	-0.03741	0.99930	-0.00212	0.00981	0.00249	0.99995	
73	0.36500	33.73261	-71.47076	0.75309	0.17778	0.00424	-0.06028	1.11411	1.00000	0.00105	-0.00007	-0.00105	0.99999	0.00310	0.00008	-0.00310	1.00000		-57.92568	-123.34178	-0.99311	-0.11749	0.57426	-2.13875	0.17684	0.99925	0.03732	-0.01002	-0.03734	0.99930	-0.00205	0.00994	0.00242	0.99995	
74	0.37000	33.72941	-71.47072	0.76096	0.18168	0.00842	-0.05783	1.13703	1.00000	0.00101	-0.00015	-0.00101	0.99999	0.00317	0.00015	-0.00317	0.99999		-57.88943	-123.34070	-0.98131	-0.11166	0.57194	-2.14134	0.17825	0.99925	0.03736	-0.00998	-0.03738	0.99930	-0.00195	0.00990	0.00232	0.99995	
75	0.37500	33.70021	-71.46825	0.75403	0.18564	0.01588	-0.05802	1.12539	1.00000	0.00101	-0.00028	-0.00101	0.99999	0.00324	0.00028	-0.00324	0.99999		-57.90012	-123.30704	-1.00690	-0.10508	0.57192	-2.14059	0.16719	0.99925	0.03735	-0.00998	-0.03737	0.99930	-0.00183	0.00991	0.00221	0.99995	
76	0.38000	33.72307	-71.45637	0.75945	0.19103	0.01604	-0.05534	1.14175	1.00000	0.00097	-0.00028	-0.00096	0.99999	0.00333	0.00028	-0.00333	0.99999		-57.90894	-123.28656	-1.01959	-0.09968	0.57107	-2.13407	0.16063	0.99926	0.03724	-0.00997	-0.03726	0.99930	-0.00174	0.00990	0.00211	0.99995	
77	0.38500	33.73914	-71.45018	0.75878	0.19839	0.02060	-0.05680	1.13697	1.00000	0.00099	-0.00036	-0.00099	0.99999	0.00346	0.00036	-0.00346	0.99999		-57.92181	-123.30185	-1.01138	-0.09558	0.57499	-2.13756	0.16305	0.99925	0.03730	-0.01004	-0.03732	0.99930	-0.00167	0.00997	0.00204	0.99995	
78	0.39000	33.67165	-71.44043	0.76647	0.20520	0.02483	-0.05904	1.12798	1.00000	0.00103	-0.00043	-0.00103	0.99999	0.00358	0.00044	-0.00358	0.99999		-57.94008	-123.26447	-1.01568	-0.08936	0.57474	-2.14029	0.16813	0.99925	0.03734	-0.01003	-0.03736	0.99930	-0.00156	0.00997	0.00193	0.99995	
79	0.39500	33.69326	-71.42729	0.75438	0.21162	0.02814	-0.05897	1.12834	1.00000	0.00103	-0.00049	-0.00103	0.99999	0.00369	0.00050	-0.00369	0.99999		-57.93459	-123.26618	-1.02829	-0.08565	0.57257	-2.13985	0.17641	0.99925	0.03734	-0.00999	-0.03735	0.99930	-0.00149	0.00993	0.00187	0.99995	
80	0.40000	33.66528	-71.42530	0.75739	0.21734	0.03475	-0.05433	1.14898	1.00000	0.00095	-0.00061	-0.00095	0.99999	0.00379	0.00061	-0.00379	0.99999		-57.91371	-123.24181	-1.05899	-0.07437	0.57320	-2.14006	0.15130	0.99925	0.03734	-0.01000	-0.03736	0.99930	-0.00130	0.00995	0.00167	0.99995	
81	0.40500	33.67533	-71.40559	0.73464	0.22787	0.03490	-0.06103	1.14277	1.00000	0.00107	-0.00061	-0.00106	0.99999	0.00398	0.00061	-0.00398	0.99999		-57.97675	-123.22646	-1.06207	-0.07183	0.57345	-2.13856	0.15478	0.99925	0.03731	-0.01001	-0.03733	0.99930	-0.00125	0.00995	0.00163	0.99995	
82	0.41000	33.63302	-71.39523	0.72992	0.23681	0.03988	-0.05965	1.15189	1.00000	0.00104	-0.00070	-0.00104	0.99999	0.00413	0.00070	-0.00413	0.99999		-57.94999	-123.25613	-1.04956	-0.07337	0.56885	-2.13977	0.14939	0.99925	0.03734	-0.00993	-0.03735	0.99930	-0.00128	0.00987	0.00165	0.99995	
83	0.41500	33.65884	-71.39807	0.72806	0.24442	0.03798	-0.05643	1.13592	1.00000	0.00098	-0.00066	-0.00098	0.99999	0.00427	0.00067	-0.00427	0.99999		-57.96240	-123.22549	-1.07104	-0.06502	0.57356	-2.13751	0.16315	0.99925	0.03730	-0.01001	-0.03731	0.99930	-0.00113	0.00996	0.00151	0.99995	
84	0.42000	33.61677	-71.39749	0.72469	0.25222	0.04416	-0.06376	1.14084	1.00000	0.00111	-0.00077	-0.00111	0.99999	0.00440	0.00078	-0.00440	0.99999		-57.96929	-123.23353	-1.06217	-0.06719	0.57059	-2.14183	0.16788	0.99925	0.03737	-0.00996	-0.03738	0.99930	-0.00117	0.00991	0.00154	0.99995	
85	0.42500	33.63361	-71.38736	0.72618	0.26070	0.04682	-0.06086	1.13583	1.00000	0.00106	-0.00082	-0.00106	0.99999	0.00455	0.00082	-0.00455	0.99999		-57.93176	-123.21303	-1.08017	-0.05777	0.57016	-2.14309	0.16024	0.99925	0.03739	-0.00995	-0.03741	0.99930	-0.00101	0.00991	0.00138	0.99995	
86	0.43000	33.61403	-71.37190	0.71507	0.27011	0.05366	-0.05668	1.14363	1.00000	0.00099	-0.00094	-0.00098	0.99999	0.00471	0.00094	-0.00471	0.99999		-57.94701	-123.22960	-1.06285	-0.06193	0.56918	-2.14079	0.15825	0.99925	0.03735	-0.00993	-0.03737	0.99930	-0.00108	0.00989	0.00145	0.99995	
87	0.43500	33.62315	-71.35381	0.71043	0.28038	0.05898	-0.05774	1.14676	1.00000	0.00101	-0.00103	-0.00100	0.99999	0.00489	0.00103	-0.00489	0.99999		-57.92200	-123.24119	-1.05844	-0.06070	0.56263	-2.13639	0.15163	0.99926	0.03728	-0.00982	-0.03729	0.99930	-0.00106	0.00977	0.00142	0.99995	
88	0.44000	33.65798	-71.33718	0.71719	0.29381	0.05459	-0.06189	1.15183	1.00000	0.00108	-0.00095	-0.00108	0.99999	0.00513	0.00096	-0.00513	0.99999		-57.95935	-123.19262	-1.08831	-0.04847	0.56818	-2.13969	0.16097	0.99925	0.03733	-0.00992	-0.03734	0.99930	-0.00085	0.00988	0.00122	0.99995	
89	0.44500	33.65040	-71.31119	0.67912	0.30639	0.05861	-0.06144	1.15059	1.00000	0.00107	-0.00102	-0.00107	0.99999	0.00535	0.00103	-0.00535	0.99999		-57.94216	-123.20871	-1.07516	-0.05275	0.55982	-2.13826	0.15746	0.99926	0.03731	-0.00977	-0.03732	0.99930	-0.00092	0.00973	0.00128	0.99995	
90	0.45000	33.63974	-71.30339	0.67493	0.31699	0.06536	-0.06520	1.14604	1.00000	0.00114	-0.00114	-0.00113	0.99998	0.00553	0.00115	-0.00553	0.99998		-57.95849	-123.22348	-1.07505	-0.05183	0.56280	-2.14247	0.16574	0.99925	0.03738	-0.00982	-0.03739	0.99930	-0.00090	0.00978	0.00127	0.99995	
91	0.45500	33.62999	-71.28400	0.66130	0.32946	0.06559	-0.05705	1.14846	1.00000	0.00100	-0.00114	-0.00099	0.99998	0.00575	0.00115	-0.00575	0.99998		-57.97953	-123.19663	-1.10010	-0.04607	0.56262	-2.13647	0.16318	0.99926	0.03728	-0.00982	-0.03729	0.99930	-0.00080	0.00978	0.00117	0.99995	
92	0.46000	33.64766	-71.25047	0.64035	0.34186	0.07149	-0.06045	1.15707	1.00000	0.00106	-0.00125	-0.00105	0.99998	0.00597	0.00125	-0.00597	0.99998		-57.93865	-123.19137	-1.09678	-0.04348	0.55985	-2.13714	0.14713	0.99926	0.03729	-0.00977	-0.03730	0.99930	-0.00076	0.00974	0.00112	0.99995	
93	0.46500	33.60320	-71.24609	0.63498	0.35362	0.08041	-0.05793	1.14280	1.00000	0.00101	-0.00140	-0.00100	0.99998	0.00617	0.00141	-0.00617	0.99998		-57.95401	-123.19535	-1.11746	-0.03921	0.56000	-2.14215	0.15903	0.99925	0.03738	-0.00977	-0.03739	0.99930	-0.00068	0.00974	0.00105	0.99995	
94	0.47000	33.60112	-71.22390	0.62608	0.36567	0.08186	-0.06527	1.15162	1.00000	0.00114	-0.00143	-0.00113	0.99998	0.00638	0.00144	-0.00638	0.99998		-57.97872	-123.19646	-1.12092	-0.04235	0.55662	-2.13984	0.14937	0.99926	0.03734	-0.00971	-0.03735	0.99930	-0.00074	0.00968	0.00110	0.99995	
95	0.47500	33.62887	-71.19240	0.62223	0.37899	0.08357	-0.05707	1.15782	1.00000	0.00100	-0.00146	-0.00099	0.99998	0.00661	0.00147	-0.00661	0.99998		-57.92633	-123.21233	-1.10488	-0.04011	0.55538	-2.13708	0.15078	0.99926	0.03729	-0.00969	-0.03730	0.99930	-0.00070	0.00966	0.00106	0.99995	
96	0.48000	33.61079	-71.18193	0.59851	0.39280	0.08665	-0.05741	1.15345	1.00000	0.00100	-0.00151	-0.00099	0.99998	0.00686	0.00152	-0.00685	0.99998		-57.94936	-123.20437	-1.12944	-0.03893	0.55127	-2.14072	0.15539	0.99926	0.03735	-0.00962	-0.03736	0.99930	-0.00068	0.00959	0.00104	0.99995	
97	0.48500	33.61978	-71.14646	0.58793	0.40827	0.09225	-0.05570	1.17269	1.00000	0.00097	-0.00161	-0.00096	0.99997	0.00713	0.00162	-0.00712	0.99997		-57.94030	-123.21212	-1.14224	-0.03947	0.55125	-2.14171	0.14501	0.99926	0.03737	-0.00962	-0.03738	0.99930	-0.00069	0.00959	0.00105	0.99995	
98	0.49000	33.61228	-71.10427	0.58268	0.42482	0.09600	-0.05817	1.16451	1.00000	0.00102	-0.00168	-0.00100	0.99997	0.00741	0.00168	-0.00741	0.99997		-57.91938	-123.22023	-1.13781	-0.04154	0.54656	-2.14101	0.15272	0.99926	0.03736	-0.00954	-0.03737	0.99930	-0.00072	0.00951	0.00108	0.99995	
99	0.49500	33.60623	-71.09926	0.55096	0.43863	0.09829	-0.05811	1.17613	1.00000	0.00101	-0.00172	-0.00100	0.99997	0.00766	0.00172	-0.00765	0.99997		-57.95137	-123.23478	-1.14135	-0.04007	0.54593	-2.14268	0.15022	0.99926	0.03739	-0.00953	-0.03739	0.99930	-0.00070	0.00950	0.00106	0.99995	
100	0.50000	33.62851	-71.07507	0.53686	0.45067	0.09612	-0.05683	1.17017	1.00000	0.00099	-0.00168	-0.00098	0.99997	0.00787	0.00169	-0.00786	0.99997		-57.93460	-123.25203	-1.14956	-0.04420	0.54212	-2.14121	0.14542	0.99926	0.03736	-0.00946	-0.03737	0.99930	-0.00077	0.00943	0.00112	0.99995	
101	0.50500	33.61900	-71.06086	0.53216	0.46427	0.10193	-0.05566	1.18084	1.00000	0.00097	-0.00178	-0.00096	0.99997	0.00810	0.00179	-0.00810	0.99997		-57.90028	-123.25913	-1.14975	-0.04642	0.54156	-2.14047	0.15210	0.99926	0.03735	-0.00945	-0.03736	0.99930	-0.00081	0.00942	0.00116	0.99995	
102	0.51000	33.62359	-71.03946	0.50770	0.47595	0.10128	-0.06059	1.16904	1.00000	0.00106	-0.00177	-0.00104	0.99996	0.00831	0.00178	-0.00831	0.99996		-57.89317	-123.26442	-1.16596	-0.04732	0.53277	-2.14150	0.14739	0.99926	0.03737	-0.00930	-0.03738	0.99930	-0.00083	0.00926	0.00117	0.99996	
103	0.51500	33.63335	-71.00928	0.48916	0.48747	0.11071	-0.05846	1.17055	1.00000	0.00102	-0.00193	-0.00100	0.99996	0.00851	0.00194	-0.00851	0.99996		-57.87215	-123.28363	-1.15765	-0.04930	0.53233	-2.14287	0.15849	0.99926	0.03739	-0.00929	-0.03740	0.99930	-0.00086	0.00925	0.00121	0.99996	
104	0.52000	33.62790	-70.99751	0.47640	0.50014	0.10962	-0.05763	1.16217	1.00000	0.00101	-0.00191	-0.00099	0.99996	0.00873	0.00192	-0.00873	0.99996		-57.87309	-123.27292	-1.17415	-0.04939	0.52824	-2.14080	0.15348	0.99926	0.03735	-0.00922	-0.03736	0.99930	-0.00086	0.00918	0.00121	0.99996	
105	0.52500	33.66118	-70.95421	0.46701	0.51670	0.11007	-0.05353	1.17086	1.00000	0.00093	-0.00192	-0.00092	0.99996	0.00902	0.00193	-0.00902	0.99996		-57.85453	-123.30543	-1.17396	-0.05569	0.52632	-2.14081	0.14695	0.99926	0.03735	-0.00919	-0.03736	0.99930	-0.00097	0.00914	0.00131	0.99996	
106	0.53000	33.66577	-70.95242	0.45025	0.52529	0.11125	-0.05665	1.16915	1.00000	0.00099	-0.00194	-0.00097	0.99996	0.00917	0.00195	-0.00917	0.99996		-57.81952	-123.33196	-1.17361	-0.06074	0.52080	-2.14409	0.16371	0.99926	0.03741	-0.00909	-0.03742	0.99930	-0.00106	0.00904	0.00140	0.99996	
107	0.53500	33.61086	-70.93432	0.43481	0.53982	0.12003	-0.05722	1.16506	1.00000	0.00100	-0.00209	-0.00098	0.99996	0.00942	0.00210	-0.00942	0.99995		-57.83812	-123.30963	-1.19068	-0.05757	0.52507	-2.14040	0.15690	0.99926	0.03735	-0.00916	-0.03736	0.99930	-0.00100	0.00912	0.00135	0.99996	
108	0.54000	33.61430	-70.90469	0.41333	0.55240	0.12299	-0.05786	1.17289	1.00000	0.00101	-0.00215	-0.00099	0.99995	0.00964	0.00216	-0.00964	0.99995		-57.82998	-123.39055	-1.18074	-0.07041	0.51787	-2.13598	0.16481	0.99926	0.03727	-0.00904	-0.03728	0.99930	-0.00123	0.00899	0.00156	0.99996	
109	0.54500	33.64054	-70.88152	0.39923	0.56618	0.12059	-0.05690	1.16538	1.00000	0.00099	-0.00210	-0.00097	0.99995	0.00988	0.00211	-0.00988	0.99995		-57.81084	-123.37489	-1.19846	-0.06727	0.52054	-2.14302	0.14824	0.99926	0.03739	-0.00908	-0.03740	0.99930	-0.00117	0.00903	0.00151	0.99996	
110	0.55000	33.68592	-70.84542	0.38622	0.57931	0.12018	-0.06017	1.17961	1.00000	0.00105	-0.00210	-0.00103	0.99995	0.01011	0.00211	-0.01011	0.99995		-57.79520	-123.39776	-1.21457	-0.07389	0.51503	-2.13994	0.15591	0.99926	0.03734	-0.00899	-0.03735	0.99930	-0.00129	0.00893	0.00162	0.99996	
111	0.55500	33.63479	-70.81868	0.34563	0.59241	0.12935	-0.05985	1.16966	1.00000	0.00104	-0.00226	-0.00102	0.99995	0.01034	0.00227	-0.01034	0.99994		-57.73746	-123.43385	-1.19350	-0.08083	0.50891	-2.14110	0.16724	0.99926	0.03736	-0.00888	-0.03737	0.99930	-0.00141	0.00882	0.00174	0.99996	
112	0.56000	33.64547	-70.79323	0.35044	0.60397	0.13142	-0.06097	1.18456	1.00000	0.00106	-0.00229	-0.00104	0.99994	0.01054	0.00230	-0.01054	0.99994		-57.75734	-123.43893	-1.19692	-0.08853	0.51014	-2.13816	0.17145	0.99926	0.03731	-0.00890	-0.03732	0.99930	-0.00154	0.00884	0.00188	0.99996	
113	0.56500	33.62148	-70.77724	0.33499	0.61616	0.13693	-0.06257	1.15707	1.00000	0.00109	-0.00239	-0.00107	0.99994	0.01075	0.00240	-0.01075	0.99994		-57.72564	-123.44160	-1.19717	-0.09014	0.50554	-2.14428	0.16858	0.99926	0.03741	-0.00882	-0.03743	0.99930	-0.00157	0.00876	0.00190	0.99996	
114	0.57000	33.68460	-70.75286	0.30559	0.62694	0.13118	-0.06033	1.17491	1.00000	0.00105	-0.00229	-0.00103	0.99994	0.01094	0.00230	-0.01094	0.99994		-57.71437	-123.47955	-1.21326	-0.09606	0.50018	-2.13883	0.15782	0.99927	0.03732	-0.00873	-0.03734	0.99930	-0.00168	0.00866	0.00200	0.99996	
115	0.57500	33.67200	-70.72065	0.29117	0.64251	0.12926	-0.06732	1.16655	1.00000	0.00117	-0.00226	-0.00115	0.99994	0.01121	0.00227	-0.01121	0.99993		-57.69037	-123.48689	-1.22161	-0.10151	0.50032	-2.14168	0.16977	0.99926	0.03737	-0.00873	-0.03739	0.99930	-0.00177	0.00866	0.00210	0.99996	
116	0.58000	33.59621	-70.65233	0.28533	0.66156	0.13048	-0.07879	1.13494	1.00000	0.00138	-0.00228	-0.00135	0.99993	0.01155	0.00229	-0.01154	0.99993		-57.65800	-123.53855	-1.22959	-0.11309	0.49801	-2.13783	0.16829	0.99927	0.03730	-0.00869	-0.03732	0.99930	-0.00197	0.00861	0.00230	0.99996	
117	0.58500	33.63353	-70.64521	0.26823	0.67119	0.12862	-0.08379	1.14321	1.00000	0.00146	-0.00224	-0.00144	0.99993	0.01171	0.00226	-0.01171	0.99993		-57.64993	-123.55138	-1.23352	-0.11610	0.49621	-2.13724	0.17069	0.99927	0.03729	-0.00866	-0.03731	0.99930	-0.00203	0.00858	0.00235	0.99996	
118	0.59000	33.63117	-70.60328	0.26762	0.68328	0.13486	-0.07504	1.14097	1.00000	0.00131	-0.00235	-0.00128	0.99993	0.01193	0.00237	-0.01192	0.99993		-57.62416	-123.56635	-1.25010	-0.12466	0.49387	-2.13880	0.16835	0.99927	0.03732	-0.00862	-0.03734	0.99930	-0.00218	0.00853	0.00250	0.99996	
119	0.59500	33.62193	-70.58406	0.24476	0.69344	0.13156	-0.07764	1.13272	1.00000	0.00136	-0.00230	-0.00133	0.99993	0.01210	0.00231	-0.01210	0.99992		-57.60983	-123.58587	-1.25418	-0.13083	0.49578	-2.13602	0.17602	0.99927	0.03727	-0.00865	-0.03729	0.99930	-0.00228	0.00856	0.00260	0.99996	
120	0.60000	33.65343	-70.57227	0.21419	0.70375	0.12902	-0.08606	1.12895	1.00000	0.00150	-0.00225	-0.00147	0.99992	0.01228	0.00227	-0.01228	0.99992		-57.57100	-123.62605	-1.27006	-0.14155	0.48503	-2.13742	0.16589	0.99927	0.03730	-0.00847	-0.03732	0.99930	-0.00247	0.00837	0.00278	0.99996	
121	0.60500	33.66190	-70.53690	0.21747	0.71265	0.13260	-0.07763	1.15192	1.00000	0.00135	-0.00231	-0.00133	0.99992	0.01244	0.00233	-0.01243	0.99992		-57.56410	-123.65642	-1.26557	-0.15019	0.48876	-2.13443	0.17203	0.99927	0.03724	-0.00853	-0.03727	0.99930	-0.00262	0.00843	0.00294	0.99996	
122	0.61000	33.63845	-70.53106	0.18615	0.72125	0.13227	-0.07492	1.13551	1.00000	0.00131	-0.00231	-0.00128	0.99992	0.01259	0.00232	-0.01258	0.99992		-57.56233	-123.66052	-1.28181	-0.15568	0.48451	-2.13697	0.16157	0.99927	0.03729	-0.00846	-0.03731	0.99930	-0.00272	0.00835	0.00303	0.99996	
123	0.61500	33.67378	-70.50400	0.17044	0.73035	0.12703	-0.07757	1.14854	1.00000	0.00135	-0.00222	-0.00133	0.99992	0.01275	0.00223	-0.01274	0.99992		-57.51773	-123.69430	-1.28939	-0.16871	0.47813	-2.13353	0.17869	0.99927	0.03723	-0.00834	-0.03725	0.99930	-0.00294	0.00823	0.00325	0.99996	
124	0.62000	33.73522	-70.50442	0.14589	0.73593	0.12564	-0.07677	1.13812	1.00000	0.00134	-0.00219	-0.00131	0.99992	0.01284	0.00221	-0.01284	0.99992		-57.46121	-123.72138	-1.28530	-0.17978	0.47345	-2.13549	0.16683	0.99927	0.03726	-0.00826	-0.03729	0.99930	-0.00314	0.00814	0.00344	0.99996	
125	0.62500	33.74629	-70.48077	0.12524	0.74576	0.11950	-0.07753	1.14197	1.00000	0.00135	-0.00209	-0.00133	0.99991	0.01302	0.00210	-0.01301	0.99991		-57.46200	-123.73047	-1.30578	-0.18590	0.47477	-2.13889	0.18082	0.99927	0.03732	-0.00829	-0.03735	0.99930	-0.00324	0.00816	0.00355	0.99996	
126	0.63000	33.74952	-70.45734	0.11873	0.75345	0.11676	-0.07308	1.14853	1.00000	0.00128	-0.00204	-0.00125	0.99991	0.01315	0.00205	-0.01315	0.99991		-57.44837	-123.75807	-1.32155	-0.19773	0.47052	-2.13598	0.18086	0.99927	0.03727	-0.00821	-0.03730	0.99930	-0.00345	0.00808	0.00375	0.99996	
127	0.63500	33.79116	-70.45343	0.10168	0.76083	0.11484	-0.07231	1.15865	1.00000	0.00126	-0.00200	-0.00124	0.99991	0.01328	0.00202	-0.01328	0.99991		-57.37597	-123.78842	-1.30965	-0.20590	0.46863	-2.13442	0.17359	0.99927	0.03724	-0.00818	-0.03727	0.99930	-0.00359	0.00804	0.00390	0.99996	
128	0.64000	33.76683	-70.43978	0.06515	0.76476	0.11009	-0.07953	1.14474	1.00000	0.00139	-0.00192	-0.00136	0.99991	0.01335	0.00194	-0.01334	0.99991		-57.40185	-123.79432	-1.32932	-0.21618	0.46699	-2.13665	0.17742	0.99927	0.03728	-0.00815	-0.03731	0.99930	-0.00377	0.00800	0.00407	0.99996	
129	0.64500	33.78530	-70.39846	0.05640	0.77601	0.11049	-0.07334	1.15599	1.00000	0.00128	-0.00193	-0.00125	0.99991	0.01354	0.00195	-0.01354	0.99991		-57.35520	-123.81911	-1.34189	-0.22662	0.46464	-2.13492	0.17894	0.99927	0.03725	-0.00811	-0.03728	0.99930	-0.00396	0.00796	0.00425	0.99996	
130	0.65000	33.83514	-70.41662	0.03978	0.77615	0.10373	-0.07151	1.15956	1.00000	0.00125	-0.00181	-0.00122	0.99991	0.01355	0.00183	-0.01354	0.99991		-57.32167	-123.86744	-1.33274	-0.23956	0.46256	-2.13523	0.19253	0.99927	0.03726	-0.00807	-0.03729	0.99930	-0.00418	0.00791	0.00448	0.99996	
131	0.65500	33.84784	-70.39577	0.01234	0.78458	0.09326	-0.07668	1.16028	1.00000	0.00134	-0.00163	-0.00132	0.99991	0.01369	0.00165	-0.01369	0.99990		-57.35484	-123.88047	-1.36484	-0.25268	0.46039	-2.13638	0.17572	0.99927	0.03728	-0.00804	-0.03731	0.99929	-0.00441	0.00787	0.00471	0.99996	
132	0.66000	33.82985	-70.39302	0.01354	0.78686	0.09710	-0.07457	1.15198	1.00000	0.00130	-0.00169	-0.00128	0.99990	0.01373	0.00171	-0.01373	0.99990		-57.29712	-123.89510	-1.35623	-0.26223	0.45333	-2.13725	0.17319	0.99927	0.03729	-0.00791	-0.03733	0.99929	-0.00458	0.00774	0.00487	0.99996	
133	0.66500	33.90961	-70.37857	-0.01357	0.79354	0.08455	-0.07319	1.16283	1.00000	0.00128	-0.00148	-0.00126	0.99990	0.01385	0.00149	-0.01385	0.99990		-57.28233	-123.91464	-1.36386	-0.27504	0.45195	-2.13709	0.18128	0.99927	0.03729	-0.00789	-0.03733	0.99929	-0.00480	0.00770	0.00509	0.99996	
134	0.67000	33.87567	-70.36404	-0.03308	0.79573	0.08293	-0.07307	1.16339	1.00000	0.00128	-0.00145	-0.00126	0.99990	0.01389	0.00146	-0.01389	0.99990		-57.26987	-123.94013	-1.37542	-0.28758	0.44579	-2.13616	0.16626	0.99927	0.03727	-0.00778	-0.03731	0.99929	-0.00502	0.00759	0.00531	0.99996	
135	0.67500	33.91571	-70.36242	-0.04764	0.79653	0.08298	-0.07007	1.16960	1.00000	0.00122	-0.00145	-0.00120	0.99990	0.01390	0.00147	-0.01390	0.99990		-57.20979	-123.97896	-1.36272	-0.30101	0.44515	-2.13388	0.17062	0.99928	0.03723	-0.00777	-0.03727	0.99929	-0.00525	0.00757	0.00554	0.99996	
136	0.68000	33.89960	-70.34859	-0.04252	0.80436	0.07772	-0.07785	1.14837	1.00000	0.00136	-0.00136	-0.00134	0.99990	0.01404	0.00138	-0.01404	0.99990		-57.19978	-123.98685	-1.37864	-0.31236	0.44257	-2.13673	0.17401	0.99927	0.03728	-0.00772	-0.03733	0.99929	-0.00545	0.00752	0.00574	0.99996	
137	0.68500	33.95599	-70.33601	-0.07616	0.80331	0.06700	-0.07367	1.16511	1.00000	0.00129	-0.00117	-0.00127	0.99990	0.01402	0.00119	-0.01402	0.99990		-57.17432	-124.00402	-1.39869	-0.32514	0.43399	-2.13823	0.15707	0.99928	0.03731	-0.00757	-0.03735	0.99929	-0.00567	0.00736	0.00595	0.99996	
