NO_OF_FRAMES	12032
NO_OF_CAMERAS	8
NO_OF_BODIES	2
FREQUENCY	200
NO_OF_ANALOG	0
ANALOG_FREQUENCY	0
DESCRIPTION	--
TIME_STAMP	2013-07-03, 14:05:19	19536.50527158
DATA_INCLUDED	6D
BODY_NAMES	Ice 1	Ice 2
Frame	Time	Ice 1 X	Y	Z	Roll	Pitch	Yaw	Residual	Rot[0]	Rot[1]	Rot[2]	Rot[3]	Rot[4]	Rot[5]	Rot[6]	Rot[7]	Rot[8]	Ice 2 X	Y	Z	Roll	Pitch	Yaw	Residual	Rot[0]	Rot[1]	Rot[2]	Rot[3]	Rot[4]	Rot[5]	Rot[6]	Rot[7]	Rot[8]	
1	0.00500	99.40101	-2.97523	0.83285	0.54866	-0.04381	0.80592	1.12100	0.99990	-0.01407	0.00076	0.01406	0.99986	0.00958	-0.00090	-0.00956	0.99995		-90.52438	-148.26495	-0.05234	-0.29107	0.38351	-0.61891	0.20965	0.99992	0.01080	-0.00669	-0.01084	0.99993	-0.00508	0.00664	0.00515	0.99996	
2	0.01000	99.26189	-2.96027	0.83391	0.55132	-0.02293	0.78619	1.04909	0.99991	-0.01372	0.00040	0.01372	0.99986	0.00962	-0.00053	-0.00962	0.99995		-90.64925	-148.20905	-0.10852	-0.27288	0.40883	-0.62388	0.17612	0.99992	0.01089	-0.00714	-0.01092	0.99993	-0.00476	0.00708	0.00484	0.99996	
3	0.01500	99.25679	-2.97025	0.82413	0.55106	-0.02715	0.78375	1.05493	0.99991	-0.01368	0.00047	0.01367	0.99986	0.00962	-0.00061	-0.00961	0.99995		-90.62130	-148.18044	-0.11750	-0.26640	0.40226	-0.62360	0.16092	0.99992	0.01088	-0.00702	-0.01092	0.99993	-0.00465	0.00697	0.00473	0.99996	
4	0.02000	99.24820	-2.96915	0.81283	0.55155	-0.02207	0.78216	1.05334	0.99991	-0.01365	0.00039	0.01365	0.99986	0.00963	-0.00052	-0.00962	0.99995		-90.62837	-148.17511	-0.12606	-0.26192	0.40570	-0.62248	0.17221	0.99992	0.01086	-0.00708	-0.01090	0.99993	-0.00457	0.00703	0.00465	0.99996	
5	0.02500	99.23328	-2.95942	0.81872	0.55307	-0.01874	0.78409	1.05789	0.99991	-0.01368	0.00033	0.01368	0.99986	0.00965	-0.00046	-0.00965	0.99995		-90.62001	-148.16951	-0.13036	-0.25851	0.40346	-0.62639	0.17879	0.99992	0.01093	-0.00704	-0.01096	0.99993	-0.00451	0.00699	0.00459	0.99997	
6	0.03000	99.23308	-2.95525	0.81301	0.55553	-0.01803	0.78514	1.05817	0.99991	-0.01370	0.00031	0.01370	0.99986	0.00970	-0.00045	-0.00969	0.99995		-90.62520	-148.16229	-0.15140	-0.25191	0.40109	-0.62163	0.16200	0.99992	0.01085	-0.00700	-0.01088	0.99993	-0.00440	0.00695	0.00447	0.99997	
7	0.03500	99.22781	-2.96209	0.80899	0.55439	-0.01779	0.78669	1.05325	0.99991	-0.01373	0.00031	0.01373	0.99986	0.00968	-0.00044	-0.00967	0.99995		-90.60974	-148.15011	-0.16456	-0.24786	0.39960	-0.62342	0.17019	0.99992	0.01088	-0.00697	-0.01091	0.99993	-0.00433	0.00693	0.00440	0.99997	
8	0.04000	99.24284	-2.95935	0.80421	0.55692	-0.01695	0.78589	1.04918	0.99991	-0.01372	0.00030	0.01371	0.99986	0.00972	-0.00043	-0.00972	0.99995		-90.63139	-148.14272	-0.16880	-0.24316	0.40171	-0.62666	0.16050	0.99992	0.01094	-0.00701	-0.01097	0.99993	-0.00424	0.00696	0.00432	0.99997	
9	0.04500	99.23277	-2.96357	0.81253	0.55700	-0.01417	0.78969	1.06528	0.99991	-0.01378	0.00025	0.01378	0.99986	0.00972	-0.00038	-0.00972	0.99995		-90.63923	-148.13545	-0.18573	-0.23736	0.40259	-0.62398	0.17078	0.99992	0.01089	-0.00703	-0.01092	0.99993	-0.00414	0.00698	0.00422	0.99997	
10	0.05000	99.22304	-2.96397	0.79689	0.55825	-0.01317	0.78603	1.06057	0.99991	-0.01372	0.00023	0.01372	0.99986	0.00974	-0.00036	-0.00974	0.99995		-90.67563	-148.12824	-0.20206	-0.23390	0.40595	-0.62158	0.17292	0.99992	0.01085	-0.00709	-0.01088	0.99993	-0.00408	0.00704	0.00416	0.99997	
11	0.05500	99.02942	-3.09248	0.86822	0.55966	-0.01485	0.79253	1.12897	0.99990	-0.01383	0.00026	0.01383	0.99986	0.00977	-0.00039	-0.00976	0.99995		-90.66228	-148.11915	-0.19878	-0.22730	0.40676	-0.62734	0.17565	0.99991	0.01095	-0.00710	-0.01098	0.99993	-0.00397	0.00706	0.00404	0.99997	
12	0.06000	99.01085	-3.09296	0.87386	0.56243	-0.01254	0.79429	1.13717	0.99990	-0.01386	0.00022	0.01386	0.99986	0.00982	-0.00035	-0.00981	0.99995		-90.66391	-148.08623	-0.22010	-0.22095	0.40486	-0.62637	0.16509	0.99992	0.01093	-0.00707	-0.01096	0.99993	-0.00386	0.00702	0.00393	0.99997	
13	0.06500	98.99046	-3.10491	0.86008	0.56308	-0.01219	0.79234	1.14290	0.99990	-0.01383	0.00021	0.01383	0.99986	0.00983	-0.00035	-0.00982	0.99995		-90.65533	-148.07226	-0.24151	-0.21565	0.40236	-0.62995	0.16578	0.99991	0.01099	-0.00702	-0.01102	0.99993	-0.00376	0.00698	0.00384	0.99997	
14	0.07000	99.02290	-3.10901	0.87946	0.56493	-0.01125	0.79862	1.15423	0.99990	-0.01394	0.00020	0.01394	0.99985	0.00986	-0.00033	-0.00986	0.99995		-90.67374	-148.08899	-0.25377	-0.21331	0.40536	-0.62282	0.16351	0.99992	0.01087	-0.00707	-0.01090	0.99993	-0.00372	0.00703	0.00380	0.99997	
15	0.07500	98.97631	-3.10566	0.86597	0.56733	-0.00665	0.79563	1.16469	0.99990	-0.01389	0.00012	0.01388	0.99985	0.00990	-0.00025	-0.00990	0.99995		-90.69081	-148.06193	-0.27080	-0.20610	0.40682	-0.62656	0.17473	0.99992	0.01093	-0.00710	-0.01096	0.99993	-0.00360	0.00706	0.00367	0.99997	
16	0.08000	98.98613	-3.13059	0.86486	0.56547	-0.00795	0.79924	1.15220	0.99990	-0.01395	0.00014	0.01395	0.99985	0.00987	-0.00028	-0.00987	0.99995		-90.66582	-148.06807	-0.27910	-0.20349	0.40008	-0.62477	0.16296	0.99992	0.01090	-0.00698	-0.01093	0.99993	-0.00355	0.00694	0.00363	0.99997	
17	0.08500	98.98953	-3.13507	0.86637	0.56850	-0.00414	0.79771	1.14536	0.99990	-0.01392	0.00007	0.01392	0.99985	0.00992	-0.00021	-0.00992	0.99995		-90.67962	-148.04451	-0.30915	-0.19676	0.40528	-0.62361	0.17452	0.99992	0.01088	-0.00707	-0.01091	0.99993	-0.00343	0.00704	0.00351	0.99997	
18	0.09000	98.93449	-3.12982	0.87369	0.56951	-0.00070	0.80282	1.14858	0.99990	-0.01401	0.00001	0.01401	0.99985	0.00994	-0.00015	-0.00994	0.99995		-90.65404	-148.04395	-0.31797	-0.19544	0.40160	-0.62728	0.16135	0.99992	0.01095	-0.00701	-0.01097	0.99993	-0.00341	0.00697	0.00349	0.99997	
19	0.09500	98.97245	-3.12097	0.85898	0.57215	0.00095	0.79993	1.15545	0.99990	-0.01396	-0.00002	0.01396	0.99985	0.00999	-0.00012	-0.00998	0.99995		-90.69524	-148.03117	-0.33428	-0.19071	0.40595	-0.62534	0.17703	0.99992	0.01091	-0.00709	-0.01094	0.99993	-0.00333	0.00705	0.00341	0.99997	
20	0.10000	98.91331	-3.15150	0.88560	0.57245	0.00693	0.80011	1.16803	0.99990	-0.01396	-0.00012	0.01396	0.99985	0.00999	-0.00002	-0.00999	0.99995		-90.68121	-148.01471	-0.35141	-0.18577	0.40481	-0.62312	0.17575	0.99992	0.01088	-0.00707	-0.01090	0.99994	-0.00324	0.00703	0.00332	0.99997	
21	0.10500	98.91141	-3.15692	0.87629	0.57300	0.00852	0.79821	1.16473	0.99990	-0.01393	-0.00015	0.01393	0.99985	0.01000	0.00001	-0.01000	0.99995		-90.69779	-148.00365	-0.36852	-0.18019	0.40566	-0.62763	0.16804	0.99991	0.01095	-0.00708	-0.01098	0.99993	-0.00314	0.00705	0.00322	0.99997	
22	0.11000	98.91620	-3.15440	0.86380	0.57619	0.00664	0.79938	1.16147	0.99990	-0.01395	-0.00012	0.01395	0.99985	0.01006	-0.00002	-0.01006	0.99995		-90.69627	-148.00787	-0.38524	-0.17999	0.40740	-0.62331	0.17690	0.99992	0.01088	-0.00711	-0.01090	0.99994	-0.00314	0.00708	0.00322	0.99997	
23	0.11500	98.93486	-3.16135	0.87551	0.57709	0.00554	0.80118	1.16879	0.99990	-0.01398	-0.00010	0.01398	0.99985	0.01007	-0.00004	-0.01007	0.99995		-90.69444	-148.01171	-0.39349	-0.17793	0.40393	-0.62226	0.16298	0.99992	0.01086	-0.00705	-0.01088	0.99994	-0.00311	0.00702	0.00318	0.99997	
24	0.12000	98.92177	-3.15368	0.87175	0.57796	0.00853	0.80371	1.16355	0.99990	-0.01403	-0.00015	0.01403	0.99985	0.01009	0.00001	-0.01009	0.99995		-90.70663	-147.99465	-0.42292	-0.17304	0.40414	-0.62494	0.17001	0.99992	0.01091	-0.00705	-0.01093	0.99994	-0.00302	0.00702	0.00310	0.99997	
25	0.12500	98.91870	-3.16096	0.87805	0.58071	0.00973	0.80307	1.16012	0.99990	-0.01402	-0.00017	0.01402	0.99985	0.01014	0.00003	-0.01014	0.99995		-90.73421	-147.98064	-0.44826	-0.16972	0.41037	-0.62502	0.17839	0.99991	0.01091	-0.00716	-0.01093	0.99994	-0.00296	0.00713	0.00304	0.99997	
26	0.13000	98.88880	-3.16445	0.88170	0.58010	0.01683	0.79890	1.16073	0.99990	-0.01394	-0.00029	0.01395	0.99985	0.01012	0.00015	-0.01013	0.99995		-90.71392	-147.97474	-0.45710	-0.16519	0.40742	-0.62359	0.16347	0.99992	0.01088	-0.00711	-0.01090	0.99994	-0.00288	0.00708	0.00296	0.99997	
27	0.13500	98.87440	-3.18367	0.86844	0.57988	0.01924	0.80497	1.16477	0.99990	-0.01405	-0.00034	0.01405	0.99985	0.01012	0.00019	-0.01012	0.99995		-90.71793	-147.97897	-0.46103	-0.16521	0.40574	-0.62717	0.17666	0.99992	0.01095	-0.00708	-0.01097	0.99994	-0.00288	0.00705	0.00296	0.99997	
28	0.14000	98.88424	-3.17999	0.86719	0.58231	0.01470	0.80498	1.15395	0.99990	-0.01405	-0.00026	0.01405	0.99985	0.01016	0.00011	-0.01017	0.99995		-90.70644	-147.95052	-0.48269	-0.15951	0.40563	-0.62613	0.16858	0.99992	0.01093	-0.00708	-0.01095	0.99994	-0.00278	0.00705	0.00286	0.99997	
29	0.14500	98.86648	-3.18190	0.87222	0.58413	0.01896	0.80305	1.14883	0.99990	-0.01402	-0.00033	0.01402	0.99985	0.01019	0.00019	-0.01020	0.99995		-90.70353	-147.95734	-0.50381	-0.15868	0.40921	-0.62645	0.16497	0.99991	0.01093	-0.00714	-0.01095	0.99994	-0.00277	0.00711	0.00285	0.99997	
30	0.15000	98.84747	-3.18310	0.87132	0.58488	0.02579	0.79847	1.14389	0.99990	-0.01394	-0.00045	0.01394	0.99985	0.01021	0.00031	-0.01021	0.99995		-90.72196	-147.95395	-0.52448	-0.15613	0.40817	-0.62593	0.16907	0.99991	0.01092	-0.00712	-0.01094	0.99994	-0.00272	0.00709	0.00280	0.99997	
31	0.15500	98.83207	-3.19323	0.88234	0.58458	0.02563	0.80168	1.15637	0.99990	-0.01399	-0.00045	0.01400	0.99985	0.01020	0.00030	-0.01021	0.99995		-90.73433	-147.94002	-0.54115	-0.15203	0.40845	-0.62563	0.17124	0.99991	0.01092	-0.00713	-0.01094	0.99994	-0.00265	0.00710	0.00273	0.99997	
32	0.16000	98.88476	-3.19078	0.87763	0.58776	0.02026	0.80375	1.17034	0.99990	-0.01403	-0.00035	0.01403	0.99985	0.01026	0.00021	-0.01026	0.99995		-90.74163	-147.92898	-0.55828	-0.15033	0.41260	-0.62620	0.17909	0.99991	0.01093	-0.00720	-0.01095	0.99994	-0.00262	0.00717	0.00270	0.99997	
33	0.16500	98.81244	-3.19205	0.88719	0.58716	0.03414	0.80801	1.15804	0.99990	-0.01410	-0.00060	0.01411	0.99985	0.01025	0.00045	-0.01026	0.99995		-90.74411	-147.93002	-0.59183	-0.15045	0.41310	-0.62782	0.17166	0.99991	0.01096	-0.00721	-0.01098	0.99994	-0.00263	0.00718	0.00270	0.99997	
34	0.17000	98.87309	-3.19729	0.88715	0.58746	0.02701	0.80567	1.15847	0.99990	-0.01406	-0.00047	0.01407	0.99985	0.01025	0.00033	-0.01026	0.99995		-90.73841	-147.94328	-0.58738	-0.15143	0.41149	-0.62501	0.18839	0.99991	0.01091	-0.00718	-0.01093	0.99994	-0.00264	0.00715	0.00272	0.99997	
35	0.17500	98.85389	-3.20899	0.88204	0.58914	0.03136	0.80649	1.15788	0.99990	-0.01408	-0.00055	0.01408	0.99985	0.01028	0.00040	-0.01029	0.99995		-90.74399	-147.92971	-0.60819	-0.14865	0.40800	-0.62801	0.17721	0.99991	0.01096	-0.00712	-0.01098	0.99994	-0.00259	0.00709	0.00267	0.99997	
36	0.18000	98.85595	-3.20243	0.90693	0.59195	0.03127	0.80985	1.16994	0.99990	-0.01413	-0.00055	0.01414	0.99985	0.01033	0.00040	-0.01034	0.99995		-90.76743	-147.93759	-0.62464	-0.15046	0.41329	-0.61958	0.17276	0.99992	0.01081	-0.00721	-0.01083	0.99994	-0.00263	0.00718	0.00270	0.99997	
37	0.18500	98.84267	-3.21041	0.90203	0.59077	0.03767	0.80528	1.15448	0.99990	-0.01405	-0.00066	0.01406	0.99985	0.01031	0.00051	-0.01032	0.99995		-90.74606	-147.93188	-0.65040	-0.14671	0.41250	-0.62280	0.16321	0.99992	0.01087	-0.00720	-0.01089	0.99994	-0.00256	0.00717	0.00264	0.99997	
38	0.19000	98.86623	-3.21704	0.90234	0.59164	0.03314	0.80535	1.16375	0.99990	-0.01406	-0.00058	0.01406	0.99985	0.01033	0.00043	-0.01033	0.99995		-90.74350	-147.93792	-0.65455	-0.14798	0.41210	-0.62725	0.17671	0.99991	0.01095	-0.00719	-0.01097	0.99994	-0.00258	0.00716	0.00266	0.99997	
39	0.19500	98.84514	-3.21105	0.90856	0.59256	0.03518	0.80288	1.16580	0.99990	-0.01401	-0.00061	0.01402	0.99985	0.01034	0.00047	-0.01035	0.99995		-90.75923	-147.93833	-0.66706	-0.14818	0.41551	-0.61827	0.16357	0.99992	0.01079	-0.00725	-0.01081	0.99994	-0.00259	0.00722	0.00266	0.99997	
40	0.20000	98.82712	-3.22770	0.92388	0.59224	0.03981	0.80654	1.16080	0.99990	-0.01408	-0.00069	0.01408	0.99985	0.01034	0.00055	-0.01035	0.99995		-90.73275	-147.93562	-0.68822	-0.14926	0.41456	-0.62077	0.18135	0.99992	0.01083	-0.00724	-0.01085	0.99994	-0.00261	0.00721	0.00268	0.99997	
41	0.20500	98.83841	-3.22342	0.91702	0.59201	0.03649	0.80462	1.16548	0.99990	-0.01404	-0.00064	0.01405	0.99985	0.01033	0.00049	-0.01034	0.99995		-90.73894	-147.93471	-0.70087	-0.14821	0.41320	-0.61736	0.15695	0.99992	0.01077	-0.00721	-0.01079	0.99994	-0.00259	0.00718	0.00266	0.99997	
42	0.21000	98.82018	-3.23481	0.90942	0.59276	0.03868	0.80584	1.17013	0.99990	-0.01406	-0.00068	0.01407	0.99985	0.01035	0.00053	-0.01035	0.99995		-90.73617	-147.93688	-0.71773	-0.14748	0.41464	-0.61766	0.16448	0.99992	0.01078	-0.00724	-0.01080	0.99994	-0.00257	0.00721	0.00265	0.99997	
43	0.21500	98.84905	-3.23644	0.93552	0.59423	0.03958	0.80685	1.16319	0.99990	-0.01408	-0.00069	0.01409	0.99985	0.01037	0.00054	-0.01038	0.99995		-90.73014	-147.91833	-0.73059	-0.14523	0.41373	-0.62356	0.16745	0.99991	0.01088	-0.00722	-0.01090	0.99994	-0.00253	0.00719	0.00261	0.99997	
44	0.22000	98.86347	-3.23183	0.94113	0.59475	0.04055	0.80680	1.16650	0.99990	-0.01408	-0.00071	0.01409	0.99985	0.01038	0.00056	-0.01039	0.99995		-90.76815	-147.92062	-0.74706	-0.14564	0.42253	-0.62103	0.19039	0.99991	0.01084	-0.00737	-0.01086	0.99994	-0.00254	0.00735	0.00262	0.99997	
45	0.22500	98.80554	-3.24189	0.94817	0.59410	0.04060	0.80651	1.17789	0.99990	-0.01408	-0.00071	0.01408	0.99985	0.01037	0.00056	-0.01038	0.99995		-90.77300	-147.92621	-0.76373	-0.14686	0.42357	-0.62094	0.18832	0.99991	0.01084	-0.00739	-0.01086	0.99994	-0.00256	0.00736	0.00264	0.99997	
46	0.23000	98.84369	-3.24189	0.94348	0.59482	0.03851	0.80513	1.16450	0.99990	-0.01405	-0.00067	0.01406	0.99985	0.01038	0.00053	-0.01039	0.99995		-90.75530	-147.92992	-0.77204	-0.14773	0.41946	-0.62438	0.18305	0.99991	0.01090	-0.00732	-0.01092	0.99994	-0.00258	0.00729	0.00266	0.99997	
47	0.23500	98.86212	-3.25802	0.93469	0.59177	0.03732	0.80628	1.17123	0.99990	-0.01407	-0.00065	0.01408	0.99985	0.01033	0.00051	-0.01034	0.99995		-90.75319	-147.93375	-0.77644	-0.15066	0.41927	-0.62315	0.16713	0.99991	0.01088	-0.00732	-0.01089	0.99994	-0.00263	0.00729	0.00271	0.99997	
48	0.24000	98.84713	-3.26724	0.96176	0.59108	0.04142	0.80815	1.15561	0.99990	-0.01410	-0.00072	0.01411	0.99985	0.01032	0.00058	-0.01033	0.99995		-90.78055	-147.94181	-0.79274	-0.15245	0.42558	-0.62122	0.18210	0.99991	0.01084	-0.00743	-0.01086	0.99994	-0.00266	0.00740	0.00274	0.99997	
49	0.24500	98.84800	-3.24596	0.96604	0.59435	0.03977	0.80761	1.18089	0.99990	-0.01410	-0.00069	0.01410	0.99985	0.01037	0.00055	-0.01038	0.99995		-90.77788	-147.94065	-0.79716	-0.15220	0.42496	-0.62215	0.16560	0.99991	0.01086	-0.00742	-0.01088	0.99994	-0.00266	0.00739	0.00274	0.99997	
50	0.25000	98.82679	-3.25653	0.95984	0.59446	0.04107	0.80699	1.17498	0.99990	-0.01408	-0.00072	0.01409	0.99985	0.01038	0.00057	-0.01038	0.99995		-90.80297	-147.92811	-0.81372	-0.15249	0.42887	-0.62426	0.18080	0.99991	0.01089	-0.00749	-0.01092	0.99994	-0.00266	0.00746	0.00274	0.99997	
51	0.25500	98.82421	-3.26898	0.97624	0.58978	0.04650	0.81160	1.16378	0.99990	-0.01416	-0.00081	0.01417	0.99985	0.01029	0.00067	-0.01030	0.99995		-90.78985	-147.93015	-0.81822	-0.15180	0.42795	-0.62534	0.17222	0.99991	0.01091	-0.00747	-0.01093	0.99994	-0.00265	0.00744	0.00273	0.99997	
52	0.26000	98.86221	-3.26661	0.98285	0.59350	0.03964	0.80340	1.17006	0.99990	-0.01402	-0.00069	0.01403	0.99985	0.01036	0.00055	-0.01037	0.99995		-90.76496	-147.95014	-0.84350	-0.15601	0.42682	-0.62102	0.16798	0.99991	0.01084	-0.00745	-0.01086	0.99994	-0.00272	0.00742	0.00280	0.99997	
53	0.26500	98.84081	-3.29773	0.97891	0.58772	0.04547	0.80638	1.15989	0.99990	-0.01407	-0.00079	0.01408	0.99985	0.01026	0.00065	-0.01027	0.99995		-90.79680	-147.93613	-0.85159	-0.15599	0.43254	-0.62488	0.17772	0.99991	0.01091	-0.00755	-0.01093	0.99994	-0.00272	0.00752	0.00280	0.99997	
54	0.27000	98.81661	-3.29340	0.99146	0.58923	0.04550	0.80880	1.16434	0.99990	-0.01412	-0.00079	0.01412	0.99985	0.01028	0.00065	-0.01029	0.99995		-90.78657	-147.93132	-0.86450	-0.15780	0.43296	-0.62384	0.17069	0.99991	0.01089	-0.00756	-0.01091	0.99994	-0.00275	0.00753	0.00284	0.99997	
55	0.27500	98.83142	-3.28135	0.98021	0.59179	0.03976	0.80689	1.18088	0.99990	-0.01408	-0.00069	0.01409	0.99985	0.01033	0.00055	-0.01034	0.99995		-90.81015	-147.94255	-0.86001	-0.16031	0.43848	-0.62462	0.18815	0.99991	0.01090	-0.00765	-0.01092	0.99994	-0.00280	0.00762	0.00288	0.99997	
56	0.28000	98.80568	-3.31483	1.00706	0.58650	0.04602	0.80636	1.17493	0.99990	-0.01407	-0.00080	0.01408	0.99985	0.01024	0.00066	-0.01025	0.99995		-90.79354	-147.95163	-0.87275	-0.16332	0.43710	-0.62141	0.16368	0.99991	0.01085	-0.00763	-0.01087	0.99994	-0.00285	0.00760	0.00293	0.99997	
57	0.28500	98.81570	-3.31943	1.00290	0.58609	0.04416	0.80299	1.18392	0.99990	-0.01401	-0.00077	0.01402	0.99985	0.01023	0.00063	-0.01024	0.99995		-90.81843	-147.96786	-0.87189	-0.16639	0.43575	-0.62343	0.17166	0.99991	0.01088	-0.00761	-0.01090	0.99994	-0.00290	0.00757	0.00299	0.99997	
58	0.29000	98.81555	-3.31650	1.00310	0.58540	0.04204	0.80565	1.17993	0.99990	-0.01406	-0.00073	0.01407	0.99985	0.01022	0.00059	-0.01023	0.99995		-90.81363	-147.96832	-0.88054	-0.16953	0.43741	-0.61878	0.15732	0.99991	0.01080	-0.00763	-0.01082	0.99994	-0.00296	0.00760	0.00304	0.99997	
59	0.29500	98.83400	-3.30951	1.01203	0.58614	0.03924	0.80612	1.17611	0.99990	-0.01407	-0.00068	0.01408	0.99985	0.01023	0.00054	-0.01024	0.99995		-90.83799	-147.97483	-0.89259	-0.17211	0.44089	-0.62229	0.17314	0.99991	0.01086	-0.00769	-0.01088	0.99994	-0.00300	0.00766	0.00309	0.99997	
60	0.30000	98.88469	-3.32061	1.00607	0.58479	0.03601	0.81115	1.18213	0.99990	-0.01416	-0.00063	0.01416	0.99985	0.01021	0.00048	-0.01021	0.99995		-90.81840	-147.96818	-0.89741	-0.17228	0.44146	-0.62431	0.17014	0.99991	0.01090	-0.00770	-0.01092	0.99994	-0.00301	0.00767	0.00309	0.99997	
61	0.30500	98.84786	-3.33774	1.02617	0.58214	0.03407	0.80498	1.18834	0.99990	-0.01405	-0.00059	0.01405	0.99985	0.01016	0.00045	-0.01017	0.99995		-90.80643	-147.96763	-0.89750	-0.17504	0.44180	-0.62663	0.17855	0.99991	0.01094	-0.00771	-0.01096	0.99994	-0.00305	0.00768	0.00314	0.99997	
62	0.31000	98.86918	-3.32391	1.01958	0.58427	0.03066	0.80527	1.18472	0.99990	-0.01405	-0.00054	0.01406	0.99985	0.01020	0.00039	-0.01020	0.99995		-90.85465	-147.94635	-0.92288	-0.17144	0.45034	-0.62151	0.15744	0.99991	0.01085	-0.00786	-0.01087	0.99994	-0.00299	0.00783	0.00308	0.99996	
63	0.31500	98.83861	-3.33440	1.04314	0.58092	0.03536	0.80528	1.17729	0.99990	-0.01405	-0.00062	0.01406	0.99985	0.01014	0.00047	-0.01015	0.99995		-90.83290	-147.99116	-0.89692	-0.18170	0.44561	-0.61958	0.16548	0.99991	0.01081	-0.00778	-0.01084	0.99994	-0.00317	0.00774	0.00326	0.99996	
64	0.32000	98.86919	-3.34864	1.02663	0.57932	0.02897	0.81037	1.18387	0.99990	-0.01414	-0.00051	0.01415	0.99985	0.01011	0.00036	-0.01012	0.99995		-90.82647	-148.01386	-0.90496	-0.18985	0.44706	-0.61649	0.16397	0.99991	0.01076	-0.00780	-0.01079	0.99994	-0.00331	0.00777	0.00340	0.99996	
65	0.32500	98.83044	-3.35685	1.04958	0.57781	0.03316	0.81145	1.18237	0.99990	-0.01416	-0.00058	0.01417	0.99985	0.01008	0.00044	-0.01009	0.99995		-90.84741	-147.97824	-0.93487	-0.18370	0.45200	-0.62066	0.16701	0.99991	0.01083	-0.00789	-0.01086	0.99994	-0.00321	0.00785	0.00329	0.99996	
66	0.33000	98.81872	-3.35694	1.04706	0.57630	0.03457	0.81078	1.17421	0.99990	-0.01415	-0.00060	0.01416	0.99985	0.01006	0.00046	-0.01007	0.99995		-90.81990	-147.99482	-0.91386	-0.18928	0.45094	-0.62059	0.16730	0.99991	0.01083	-0.00787	-0.01086	0.99994	-0.00330	0.00783	0.00339	0.99996	
67	0.33500	98.86554	-3.35426	1.03556	0.57665	0.02227	0.81018	1.18693	0.99990	-0.01414	-0.00039	0.01414	0.99985	0.01006	0.00025	-0.01007	0.99995		-90.83417	-148.01598	-0.91734	-0.19646	0.44999	-0.62223	0.16134	0.99991	0.01086	-0.00785	-0.01089	0.99993	-0.00343	0.00782	0.00351	0.99996	
68	0.34000	98.86736	-3.37165	1.05646	0.57319	0.02269	0.80676	1.18001	0.99990	-0.01408	-0.00040	0.01408	0.99985	0.01000	0.00026	-0.01001	0.99995		-90.87987	-147.99605	-0.93004	-0.19420	0.45603	-0.62429	0.15484	0.99991	0.01090	-0.00796	-0.01092	0.99993	-0.00339	0.00792	0.00348	0.99996	
69	0.34500	98.83943	-3.39050	1.07101	0.56868	0.02899	0.80755	1.18360	0.99990	-0.01409	-0.00051	0.01410	0.99985	0.00993	0.00037	-0.00993	0.99995		-90.83148	-148.03457	-0.91286	-0.20366	0.45228	-0.62228	0.16814	0.99991	0.01086	-0.00789	-0.01089	0.99993	-0.00355	0.00785	0.00364	0.99996	
70	0.35000	98.85920	-3.37992	1.06317	0.56819	0.02526	0.80836	1.17399	0.99990	-0.01411	-0.00044	0.01411	0.99985	0.00992	0.00030	-0.00992	0.99995		-90.83933	-148.04138	-0.90411	-0.21046	0.45286	-0.62518	0.17831	0.99991	0.01091	-0.00790	-0.01094	0.99993	-0.00367	0.00786	0.00376	0.99996	
71	0.35500	98.87124	-3.39082	1.06612	0.56845	0.01884	0.81023	1.17820	0.99990	-0.01414	-0.00033	0.01414	0.99985	0.00992	0.00019	-0.00992	0.99995		-90.82765	-148.05854	-0.90805	-0.21534	0.45273	-0.62252	0.17059	0.99991	0.01086	-0.00790	-0.01089	0.99993	-0.00376	0.00786	0.00384	0.99996	
72	0.36000	98.86796	-3.39885	1.07412	0.56469	0.01921	0.80966	1.18715	0.99990	-0.01413	-0.00034	0.01413	0.99985	0.00986	0.00020	-0.00986	0.99995		-90.84191	-148.06286	-0.91220	-0.21834	0.45634	-0.62230	0.17160	0.99991	0.01086	-0.00796	-0.01089	0.99993	-0.00381	0.00792	0.00390	0.99996	
73	0.36500	98.82366	-3.41778	1.08626	0.56325	0.02017	0.80248	1.15292	0.99990	-0.01401	-0.00035	0.01401	0.99985	0.00983	0.00021	-0.00983	0.99995		-90.81413	-148.07094	-0.90367	-0.22436	0.45088	-0.62123	0.16829	0.99991	0.01084	-0.00787	-0.01087	0.99993	-0.00392	0.00783	0.00400	0.99996	
74	0.37000	98.89725	-3.42231	1.07477	0.55714	0.01642	0.81220	1.17822	0.99990	-0.01418	-0.00029	0.01418	0.99985	0.00972	0.00015	-0.00973	0.99995		-90.81915	-148.09662	-0.90300	-0.22940	0.44943	-0.61761	0.16920	0.99991	0.01078	-0.00784	-0.01081	0.99993	-0.00400	0.00780	0.00409	0.99996	
75	0.37500	98.88410	-3.43329	1.08213	0.55687	0.01109	0.80784	1.18434	0.99990	-0.01410	-0.00019	0.01410	0.99985	0.00972	0.00006	-0.00972	0.99995		-90.84501	-148.08557	-0.89068	-0.22973	0.45843	-0.62272	0.17450	0.99991	0.01087	-0.00800	-0.01090	0.99993	-0.00401	0.00796	0.00410	0.99996	
76	0.38000	98.83522	-3.43414	1.09833	0.55444	0.01491	0.80609	1.17717	0.99990	-0.01407	-0.00026	0.01407	0.99985	0.00968	0.00012	-0.00968	0.99995		-90.82100	-148.09400	-0.89451	-0.23703	0.45163	-0.62424	0.17332	0.99991	0.01089	-0.00788	-0.01093	0.99993	-0.00414	0.00784	0.00422	0.99996	
77	0.38500	98.87039	-3.43822	1.09703	0.55356	0.01113	0.80574	1.17366	0.99990	-0.01406	-0.00019	0.01406	0.99985	0.00966	0.00006	-0.00966	0.99995		-90.84496	-148.11718	-0.88546	-0.24354	0.45506	-0.62226	0.16414	0.99991	0.01086	-0.00794	-0.01089	0.99993	-0.00425	0.00790	0.00434	0.99996	
78	0.39000	98.87853	-3.45446	1.10213	0.54876	0.00802	0.80656	1.17712	0.99990	-0.01408	-0.00014	0.01408	0.99986	0.00958	0.00001	-0.00958	0.99995		-90.80460	-148.13108	-0.88147	-0.24850	0.45080	-0.62434	0.16529	0.99991	0.01090	-0.00787	-0.01093	0.99993	-0.00434	0.00782	0.00442	0.99996	
79	0.39500	98.85611	-3.46046	1.09785	0.54671	0.00698	0.80773	1.18547	0.99990	-0.01410	-0.00012	0.01410	0.99986	0.00954	-0.00001	-0.00954	0.99995		-90.80873	-148.12979	-0.88132	-0.25115	0.45467	-0.62131	0.17367	0.99991	0.01084	-0.00794	-0.01088	0.99993	-0.00438	0.00789	0.00447	0.99996	
80	0.40000	98.88461	-3.46344	1.10191	0.54577	-0.00240	0.81049	1.18021	0.99990	-0.01415	0.00004	0.01414	0.99985	0.00953	-0.00018	-0.00952	0.99995		-90.81458	-148.14002	-0.85988	-0.25590	0.45182	-0.62316	0.16991	0.99991	0.01088	-0.00789	-0.01091	0.99993	-0.00447	0.00784	0.00455	0.99996	
81	0.40500	98.89855	-3.47379	1.11097	0.54533	-0.00614	0.80444	1.18396	0.99990	-0.01404	0.00011	0.01404	0.99986	0.00952	-0.00024	-0.00952	0.99995		-90.82417	-148.13520	-0.84749	-0.25769	0.45703	-0.62442	0.18268	0.99991	0.01090	-0.00798	-0.01093	0.99993	-0.00450	0.00793	0.00458	0.99996	
82	0.41000	98.87428	-3.48730	1.12104	0.53950	-0.00112	0.80807	1.17477	0.99990	-0.01410	0.00002	0.01410	0.99986	0.00942	-0.00015	-0.00941	0.99996		-90.82263	-148.15626	-0.85940	-0.26579	0.45491	-0.62390	0.17124	0.99991	0.01089	-0.00794	-0.01093	0.99993	-0.00464	0.00789	0.00473	0.99996	
83	0.41500	98.87848	-3.48861	1.13086	0.53758	-0.00311	0.80912	1.18056	0.99990	-0.01412	0.00005	0.01412	0.99986	0.00938	-0.00019	-0.00938	0.99996		-90.80124	-148.17154	-0.84213	-0.27143	0.45047	-0.62262	0.17743	0.99991	0.01087	-0.00786	-0.01090	0.99993	-0.00474	0.00781	0.00482	0.99996	
84	0.42000	98.90666	-3.49937	1.12341	0.53508	-0.01124	0.80740	1.17129	0.99990	-0.01409	0.00020	0.01409	0.99986	0.00934	-0.00033	-0.00934	0.99996		-90.81271	-148.18773	-0.84187	-0.27510	0.45311	-0.62227	0.17780	0.99991	0.01086	-0.00791	-0.01090	0.99993	-0.00480	0.00786	0.00489	0.99996	
85	0.42500	98.89662	-3.50408	1.13160	0.53237	-0.01132	0.81227	1.19135	0.99990	-0.01418	0.00020	0.01417	0.99986	0.00929	-0.00033	-0.00929	0.99996		-90.79136	-148.18315	-0.83778	-0.27833	0.44890	-0.61707	0.15990	0.99991	0.01077	-0.00783	-0.01081	0.99993	-0.00486	0.00778	0.00494	0.99996	
86	0.43000	98.89052	-3.52399	1.14026	0.52550	-0.00854	0.80931	1.18853	0.99990	-0.01412	0.00015	0.01412	0.99986	0.00917	-0.00028	-0.00917	0.99996		-90.80031	-148.18869	-0.81651	-0.28161	0.45161	-0.62314	0.18073	0.99991	0.01088	-0.00788	-0.01091	0.99993	-0.00491	0.00783	0.00500	0.99996	
87	0.43500	98.90512	-3.52738	1.13422	0.52713	-0.01770	0.80775	1.19126	0.99990	-0.01410	0.00031	0.01409	0.99986	0.00920	-0.00044	-0.00919	0.99996		-90.80277	-148.20805	-0.81192	-0.28814	0.45257	-0.62022	0.16764	0.99991	0.01082	-0.00790	-0.01086	0.99993	-0.00503	0.00784	0.00511	0.99996	
88	0.44000	98.90214	-3.52629	1.13093	0.52539	-0.01551	0.81190	1.19327	0.99990	-0.01417	0.00027	0.01417	0.99986	0.00917	-0.00040	-0.00916	0.99996		-90.79219	-148.20733	-0.80328	-0.29335	0.44875	-0.61955	0.16850	0.99991	0.01081	-0.00783	-0.01085	0.99993	-0.00512	0.00778	0.00520	0.99996	
89	0.44500	98.90172	-3.54306	1.15384	0.51909	-0.01988	0.80759	1.19398	0.99990	-0.01409	0.00035	0.01409	0.99986	0.00906	-0.00047	-0.00905	0.99996		-90.78321	-148.21780	-0.79062	-0.29671	0.44923	-0.61714	0.16190	0.99991	0.01077	-0.00784	-0.01081	0.99993	-0.00518	0.00778	0.00526	0.99996	
90	0.45000	98.94148	-3.53638	1.14834	0.51937	-0.02706	0.80967	1.19256	0.99990	-0.01413	0.00047	0.01413	0.99986	0.00906	-0.00060	-0.00906	0.99996		-90.78663	-148.23459	-0.78988	-0.30295	0.44569	-0.61874	0.15753	0.99991	0.01080	-0.00778	-0.01084	0.99993	-0.00529	0.00772	0.00537	0.99996	
91	0.45500	98.90720	-3.54986	1.15039	0.51437	-0.02624	0.80790	1.18631	0.99990	-0.01410	0.00046	0.01410	0.99986	0.00898	-0.00058	-0.00897	0.99996		-90.80473	-148.24138	-0.78117	-0.30649	0.45051	-0.62041	0.17816	0.99991	0.01083	-0.00786	-0.01087	0.99993	-0.00535	0.00780	0.00543	0.99995	
92	0.46000	98.95511	-3.56373	1.13569	0.51349	-0.03210	0.80736	1.19782	0.99990	-0.01409	0.00056	0.01408	0.99986	0.00896	-0.00069	-0.00895	0.99996		-90.77840	-148.24846	-0.77269	-0.31027	0.44482	-0.61858	0.17123	0.99991	0.01080	-0.00776	-0.01084	0.99993	-0.00542	0.00770	0.00550	0.99996	
93	0.46500	98.94161	-3.56788	1.14369	0.51012	-0.03557	0.80708	1.19108	0.99990	-0.01409	0.00062	0.01408	0.99986	0.00890	-0.00075	-0.00889	0.99996		-90.77243	-148.24972	-0.75589	-0.31352	0.44637	-0.61918	0.17265	0.99991	0.01081	-0.00779	-0.01085	0.99993	-0.00547	0.00773	0.00556	0.99995	
94	0.47000	98.92794	-3.58248	1.14023	0.50751	-0.03680	0.80804	1.19280	0.99990	-0.01410	0.00064	0.01410	0.99986	0.00886	-0.00077	-0.00885	0.99996		-90.80079	-148.26882	-0.75512	-0.31817	0.44834	-0.61927	0.17019	0.99991	0.01081	-0.00783	-0.01085	0.99993	-0.00555	0.00776	0.00564	0.99995	
95	0.47500	98.97391	-3.59292	1.14861	0.50359	-0.04635	0.80642	1.19718	0.99990	-0.01407	0.00081	0.01407	0.99986	0.00879	-0.00093	-0.00878	0.99996		-90.75895	-148.27852	-0.72600	-0.32022	0.44348	-0.61498	0.16984	0.99991	0.01073	-0.00774	-0.01078	0.99993	-0.00559	0.00768	0.00567	0.99995	
96	0.48000	98.92266	-3.58880	1.12907	0.50305	-0.04458	0.80904	1.19200	0.99990	-0.01412	0.00078	0.01411	0.99986	0.00878	-0.00090	-0.00877	0.99996		-90.76648	-148.27621	-0.72552	-0.32417	0.44128	-0.61533	0.17439	0.99991	0.01074	-0.00770	-0.01078	0.99993	-0.00566	0.00764	0.00574	0.99995	
97	0.48500	98.96122	-3.60256	1.14011	0.49879	-0.04885	0.80326	1.19039	0.99990	-0.01402	0.00085	0.01401	0.99986	0.00871	-0.00097	-0.00869	0.99996		-90.77768	-148.29724	-0.71225	-0.32928	0.43924	-0.61730	0.16912	0.99991	0.01077	-0.00767	-0.01082	0.99992	-0.00575	0.00760	0.00583	0.99995	
98	0.49000	98.97299	-3.61786	1.14108	0.49482	-0.05335	0.80352	1.19356	0.99990	-0.01402	0.00093	0.01401	0.99986	0.00864	-0.00105	-0.00862	0.99996		-90.73763	-148.28900	-0.69611	-0.33009	0.43769	-0.62179	0.16655	0.99991	0.01085	-0.00764	-0.01090	0.99992	-0.00576	0.00758	0.00584	0.99995	
99	0.49500	98.98505	-3.60965	1.13803	0.49438	-0.05397	0.80873	1.19362	0.99990	-0.01411	0.00094	0.01411	0.99986	0.00863	-0.00106	-0.00861	0.99996		-90.76345	-148.30398	-0.69091	-0.33506	0.43680	-0.61711	0.16490	0.99991	0.01077	-0.00762	-0.01081	0.99992	-0.00585	0.00756	0.00593	0.99995	
100	0.50000	98.93982	-3.60486	1.13993	0.49276	-0.05422	0.80853	1.19007	0.99990	-0.01411	0.00095	0.01410	0.99986	0.00860	-0.00107	-0.00859	0.99996		-90.75378	-148.32601	-0.66126	-0.33896	0.43683	-0.61829	0.17548	0.99991	0.01079	-0.00762	-0.01084	0.99992	-0.00592	0.00756	0.00600	0.99995	
101	0.50500	98.93759	-3.63336	1.14440	0.48741	-0.05441	0.80804	1.18034	0.99990	-0.01410	0.00095	0.01409	0.99986	0.00851	-0.00107	-0.00849	0.99996		-90.74320	-148.30687	-0.65737	-0.33865	0.43534	-0.62206	0.18266	0.99991	0.01086	-0.00760	-0.01090	0.99992	-0.00591	0.00753	0.00599	0.99995	
102	0.51000	98.94557	-3.63116	1.12978	0.48501	-0.05930	0.81070	1.17415	0.99990	-0.01415	0.00103	0.01414	0.99986	0.00846	-0.00115	-0.00845	0.99996		-90.76467	-148.32423	-0.65203	-0.34418	0.43355	-0.62008	0.18310	0.99991	0.01082	-0.00757	-0.01087	0.99992	-0.00601	0.00750	0.00609	0.99995	
103	0.51500	99.02228	-3.63455	1.11934	0.48268	-0.06808	0.80648	1.18356	0.99990	-0.01408	0.00119	0.01406	0.99987	0.00842	-0.00131	-0.00841	0.99996		-90.74393	-148.31814	-0.63561	-0.34289	0.42870	-0.61917	0.17094	0.99991	0.01081	-0.00748	-0.01085	0.99992	-0.00598	0.00742	0.00606	0.99995	
104	0.52000	98.96677	-3.63965	1.13483	0.48019	-0.06143	0.80726	1.18828	0.99990	-0.01409	0.00107	0.01408	0.99987	0.00838	-0.00119	-0.00836	0.99996		-90.72382	-148.35355	-0.61820	-0.34903	0.42365	-0.61614	0.16562	0.99991	0.01075	-0.00739	-0.01080	0.99992	-0.00609	0.00733	0.00617	0.99995	
105	0.52500	98.96336	-3.64471	1.13559	0.47743	-0.06405	0.80465	1.18286	0.99990	-0.01404	0.00112	0.01403	0.99987	0.00833	-0.00123	-0.00832	0.99996		-90.72725	-148.34710	-0.60117	-0.35085	0.42279	-0.61465	0.17605	0.99992	0.01073	-0.00738	-0.01077	0.99992	-0.00612	0.00731	0.00620	0.99995	
106	0.53000	98.95291	-3.63589	1.12500	0.47611	-0.06757	0.80561	1.19408	0.99990	-0.01406	0.00118	0.01405	0.99987	0.00831	-0.00130	-0.00829	0.99996		-90.71777	-148.35454	-0.59298	-0.35138	0.42276	-0.61561	0.16928	0.99992	0.01074	-0.00738	-0.01079	0.99992	-0.00613	0.00731	0.00621	0.99995	
107	0.53500	98.97133	-3.62816	1.13216	0.47585	-0.06950	0.80906	1.20389	0.99990	-0.01412	0.00121	0.01411	0.99987	0.00831	-0.00133	-0.00829	0.99996		-90.72102	-148.34520	-0.58883	-0.35126	0.42407	-0.61745	0.17986	0.99991	0.01078	-0.00740	-0.01082	0.99992	-0.00613	0.00733	0.00621	0.99995	
108	0.54000	98.97721	-3.62804	1.12155	0.47486	-0.07501	0.80635	1.19719	0.99990	-0.01407	0.00131	0.01406	0.99987	0.00829	-0.00143	-0.00827	0.99996		-90.70569	-148.37201	-0.57569	-0.35456	0.41755	-0.61474	0.16457	0.99992	0.01073	-0.00729	-0.01077	0.99992	-0.00619	0.00722	0.00627	0.99995	
109	0.54500	98.96748	-3.63799	1.10786	0.47397	-0.07519	0.80792	1.19596	0.99990	-0.01410	0.00131	0.01409	0.99987	0.00827	-0.00143	-0.00825	0.99996		-90.70046	-148.37884	-0.54995	-0.35940	0.41478	-0.61267	0.17866	0.99992	0.01069	-0.00724	-0.01074	0.99992	-0.00627	0.00717	0.00635	0.99995	
110	0.55000	98.98171	-3.64444	1.12244	0.47046	-0.07755	0.80602	1.19987	0.99990	-0.01407	0.00135	0.01406	0.99987	0.00821	-0.00147	-0.00819	0.99997		-90.68518	-148.39052	-0.54119	-0.36135	0.40854	-0.61305	0.17133	0.99992	0.01070	-0.00713	-0.01074	0.99992	-0.00631	0.00706	0.00638	0.99995	
111	0.55500	98.97826	-3.64275	1.09479	0.46910	-0.08183	0.80885	1.20270	0.99990	-0.01412	0.00143	0.01410	0.99987	0.00819	-0.00154	-0.00817	0.99997		-90.67479	-148.37123	-0.52918	-0.35781	0.40884	-0.61632	0.17434	0.99992	0.01076	-0.00714	-0.01080	0.99992	-0.00624	0.00707	0.00632	0.99996	
112	0.56000	98.99138	-3.64628	1.10194	0.46696	-0.08038	0.80155	1.18384	0.99990	-0.01399	0.00140	0.01398	0.99987	0.00815	-0.00152	-0.00813	0.99997		-90.67668	-148.39263	-0.51147	-0.36219	0.40221	-0.61543	0.17870	0.99992	0.01074	-0.00702	-0.01079	0.99992	-0.00632	0.00695	0.00640	0.99996	
113	0.56500	98.99366	-3.63778	1.08979	0.46440	-0.08223	0.80511	1.20024	0.99990	-0.01405	0.00144	0.01404	0.99987	0.00811	-0.00155	-0.00808	0.99997		-90.72020	-148.40087	-0.50279	-0.36112	0.40918	-0.61125	0.17435	0.99992	0.01067	-0.00714	-0.01071	0.99992	-0.00630	0.00707	0.00638	0.99995	
114	0.57000	99.02450	-3.62917	1.09569	0.46677	-0.08692	0.80855	1.20029	0.99990	-0.01411	0.00152	0.01410	0.99987	0.00815	-0.00163	-0.00812	0.99997		-90.70494	-148.40939	-0.50234	-0.36223	0.40311	-0.61236	0.17320	0.99992	0.01069	-0.00704	-0.01073	0.99992	-0.00632	0.00697	0.00640	0.99996	
115	0.57500	98.98968	-3.62157	1.08316	0.46644	-0.08641	0.80659	1.19468	0.99990	-0.01408	0.00151	0.01406	0.99987	0.00814	-0.00162	-0.00812	0.99997		-90.68731	-148.41316	-0.48971	-0.36311	0.39926	-0.61469	0.17008	0.99992	0.01073	-0.00697	-0.01077	0.99992	-0.00634	0.00690	0.00641	0.99996	
116	0.58000	99.02598	-3.63829	1.07916	0.46244	-0.09269	0.80555	1.20470	0.99990	-0.01406	0.00162	0.01405	0.99987	0.00807	-0.00173	-0.00805	0.99997		-90.65938	-148.41111	-0.48134	-0.36274	0.39270	-0.61267	0.18661	0.99992	0.01069	-0.00685	-0.01074	0.99992	-0.00633	0.00679	0.00640	0.99996	
117	0.58500	98.98720	-3.62992	1.06913	0.46408	-0.08895	0.80897	1.20565	0.99990	-0.01412	0.00155	0.01411	0.99987	0.00810	-0.00167	-0.00808	0.99997		-90.65830	-148.41279	-0.46468	-0.36307	0.39263	-0.61538	0.17846	0.99992	0.01074	-0.00685	-0.01078	0.99992	-0.00634	0.00678	0.00641	0.99996	
118	0.59000	98.98854	-3.62250	1.06557	0.46080	-0.08845	0.80782	1.20503	0.99990	-0.01410	0.00154	0.01409	0.99987	0.00804	-0.00166	-0.00802	0.99997		-90.66266	-148.43647	-0.44699	-0.36481	0.38824	-0.60985	0.17083	0.99992	0.01064	-0.00678	-0.01069	0.99992	-0.00637	0.00671	0.00644	0.99996	
119	0.59500	98.98913	-3.62470	1.07142	0.46384	-0.08870	0.80101	1.18972	0.99990	-0.01398	0.00155	0.01397	0.99987	0.00810	-0.00166	-0.00807	0.99997		-90.66570	-148.42909	-0.44327	-0.36102	0.38847	-0.61637	0.18101	0.99992	0.01076	-0.00678	-0.01080	0.99992	-0.00630	0.00671	0.00637	0.99996	
120	0.60000	98.96652	-3.62620	1.04738	0.46089	-0.08875	0.80842	1.18402	0.99990	-0.01411	0.00155	0.01410	0.99987	0.00804	-0.00166	-0.00802	0.99997		-90.64708	-148.43177	-0.43028	-0.36090	0.38163	-0.61010	0.17270	0.99992	0.01065	-0.00666	-0.01069	0.99992	-0.00630	0.00659	0.00637	0.99996	
121	0.60500	99.00857	-3.62165	1.05152	0.46120	-0.09577	0.80656	1.19237	0.99990	-0.01408	0.00167	0.01406	0.99987	0.00805	-0.00178	-0.00803	0.99997		-90.64795	-148.46456	-0.41706	-0.36423	0.38125	-0.61204	0.17659	0.99992	0.01068	-0.00665	-0.01072	0.99992	-0.00636	0.00659	0.00643	0.99996	
122	0.61000	98.97524	-3.60467	1.03617	0.46203	-0.09116	0.80433	1.20087	0.99990	-0.01404	0.00159	0.01402	0.99987	0.00806	-0.00170	-0.00804	0.99997		-90.62082	-148.44835	-0.41329	-0.36150	0.37733	-0.60866	0.17846	0.99992	0.01062	-0.00659	-0.01066	0.99992	-0.00631	0.00652	0.00638	0.99996	
123	0.61500	98.99872	-3.62423	1.03085	0.46085	-0.09339	0.80410	1.19784	0.99990	-0.01403	0.00163	0.01402	0.99987	0.00804	-0.00174	-0.00802	0.99997		-90.65326	-148.48154	-0.40769	-0.36471	0.37222	-0.60768	0.17169	0.99992	0.01061	-0.00650	-0.01065	0.99992	-0.00637	0.00643	0.00643	0.99996	
124	0.62000	98.94524	-3.61977	1.01802	0.46033	-0.09018	0.80411	1.18795	0.99990	-0.01403	0.00157	0.01402	0.99987	0.00803	-0.00169	-0.00801	0.99997		-90.64426	-148.45528	-0.40021	-0.35841	0.37492	-0.60871	0.16990	0.99992	0.01062	-0.00654	-0.01066	0.99992	-0.00626	0.00648	0.00632	0.99996	
125	0.62500	99.00274	-3.60087	1.00079	0.46185	-0.09613	0.80726	1.20253	0.99990	-0.01409	0.00168	0.01407	0.99987	0.00806	-0.00179	-0.00804	0.99997		-90.63366	-148.47358	-0.38266	-0.36092	0.36743	-0.60691	0.18216	0.99992	0.01059	-0.00641	-0.01063	0.99992	-0.00630	0.00635	0.00637	0.99996	
126	0.63000	98.97214	-3.59968	0.99268	0.46066	-0.09630	0.80277	1.18366	0.99990	-0.01401	0.00168	0.01400	0.99987	0.00804	-0.00179	-0.00802	0.99997		-90.59534	-148.46302	-0.37494	-0.35818	0.36330	-0.60793	0.17861	0.99992	0.01061	-0.00634	-0.01065	0.99992	-0.00625	0.00627	0.00632	0.99996	
127	0.63500	98.99243	-3.59446	0.98628	0.46117	-0.09729	0.80564	1.19067	0.99990	-0.01406	0.00170	0.01405	0.99987	0.00805	-0.00181	-0.00802	0.99997		-90.62079	-148.47104	-0.36586	-0.35533	0.36115	-0.60818	0.18528	0.99992	0.01061	-0.00630	-0.01065	0.99992	-0.00620	0.00624	0.00627	0.99996	
128	0.64000	99.00441	-3.57068	0.99444	0.46489	-0.09480	0.80593	1.19490	0.99990	-0.01407	0.00165	0.01405	0.99987	0.00811	-0.00177	-0.00809	0.99997		-90.61186	-148.48080	-0.36157	-0.35677	0.35657	-0.60855	0.16194	0.99992	0.01062	-0.00622	-0.01066	0.99992	-0.00623	0.00616	0.00629	0.99996	
129	0.64500	98.96262	-3.59936	0.98046	0.46381	-0.09277	0.80459	1.18946	0.99990	-0.01404	0.00162	0.01403	0.99987	0.00809	-0.00173	-0.00807	0.99997		-90.64531	-148.47860	-0.36534	-0.35325	0.36130	-0.60552	0.19345	0.99992	0.01057	-0.00631	-0.01061	0.99992	-0.00617	0.00624	0.00623	0.99996	
130	0.65000	98.98717	-3.57623	0.95787	0.46421	-0.09269	0.80860	1.17602	0.99990	-0.01411	0.00162	0.01410	0.99987	0.00810	-0.00173	-0.00808	0.99997		-90.62097	-148.45526	-0.35754	-0.34800	0.35567	-0.60514	0.17818	0.99992	0.01056	-0.00621	-0.01060	0.99993	-0.00607	0.00614	0.00614	0.99996	
131	0.65500	98.98565	-3.56093	0.96193	0.46774	-0.09540	0.80557	1.17353	0.99990	-0.01406	0.00167	0.01405	0.99987	0.00816	-0.00178	-0.00814	0.99997		-90.62149	-148.44266	-0.35379	-0.34298	0.35554	-0.61061	0.18576	0.99992	0.01066	-0.00621	-0.01069	0.99992	-0.00599	0.00614	0.00605	0.99996	
132	0.66000	98.94920	-3.57388	0.93957	0.46822	-0.09514	0.80352	1.17051	0.99990	-0.01402	0.00166	0.01401	0.99987	0.00817	-0.00177	-0.00815	0.99997		-90.62559	-148.48113	-0.33601	-0.34607	0.35053	-0.60315	0.17057	0.99993	0.01053	-0.00612	-0.01056	0.99993	-0.00604	0.00605	0.00610	0.99996	
133	0.66500	98.99695	-3.54569	0.91992	0.47326	-0.09654	0.80150	1.16702	0.99990	-0.01399	0.00168	0.01397	0.99987	0.00826	-0.00180	-0.00824	0.99996		-90.62282	-148.47373	-0.34038	-0.34226	0.34955	-0.60563	0.18737	0.99993	0.01057	-0.00610	-0.01061	0.99993	-0.00597	0.00604	0.00604	0.99996	
134	0.67000	98.96278	-3.53744	0.92717	0.47288	-0.09296	0.81213	1.19202	0.99990	-0.01417	0.00162	0.01416	0.99987	0.00825	-0.00174	-0.00823	0.99996		-90.58513	-148.49681	-0.31547	-0.34317	0.34488	-0.60495	0.17114	0.99993	0.01056	-0.00602	-0.01059	0.99993	-0.00599	0.00596	0.00605	0.99996	
135	0.67500	98.98296	-3.52511	0.91617	0.47653	-0.09051	0.80663	1.18826	0.99990	-0.01408	0.00158	0.01406	0.99987	0.00832	-0.00170	-0.00829	0.99996		-90.61257	-148.46651	-0.32364	-0.33774	0.34420	-0.60478	0.17352	0.99993	0.01056	-0.00601	-0.01059	0.99993	-0.00589	0.00594	0.00596	0.99996	
136	0.68000	98.95791	-3.54691	0.91667	0.47409	-0.08854	0.80696	1.17230	0.99990	-0.01408	0.00155	0.01407	0.99987	0.00827	-0.00166	-0.00825	0.99996		-90.61086	-148.46642	-0.32365	-0.33478	0.34095	-0.60400	0.16986	0.99993	0.01054	-0.00595	-0.01058	0.99993	-0.00584	0.00589	0.00591	0.99997	
137	0.68500	98.98196	-3.51780	0.87019	0.47910	-0.09139	0.80493	1.16296	0.99990	-0.01405	0.00160	0.01403	0.99987	0.00836	-0.00171	-0.00834	0.99996		-90.62944	-148.46760	-0.32363	-0.33088	0.34453	-0.60471	0.18827	0.99993	0.01055	-0.00601	-0.01059	0.99993	-0.00577	0.00595	0.00584	0.99997	
