NO_OF_FRAMES	12029
NO_OF_CAMERAS	8
NO_OF_BODIES	2
FREQUENCY	200
NO_OF_ANALOG	0
ANALOG_FREQUENCY	0
DESCRIPTION	--
TIME_STAMP	2013-07-03, 12:42:03	14540.17860302
DATA_INCLUDED	6D
BODY_NAMES	Ice 1	Ice 2
Frame	Time	Ice 1 X	Y	Z	Roll	Pitch	Yaw	Residual	Rot[0]	Rot[1]	Rot[2]	Rot[3]	Rot[4]	Rot[5]	Rot[6]	Rot[7]	Rot[8]	Ice 2 X	Y	Z	Roll	Pitch	Yaw	Residual	Rot[0]	Rot[1]	Rot[2]	Rot[3]	Rot[4]	Rot[5]	Rot[6]	Rot[7]	Rot[8]	
1	0.00500	94.80668	30.15650	0.79724	0.58941	0.01632	0.77223	1.05006	0.99991	-0.01348	-0.00028	0.01348	0.99986	0.01029	0.00015	-0.01029	0.99995		-89.90686	-154.08388	-0.45979	-0.48506	0.44118	-0.25435	0.20018	0.99996	0.00444	-0.00770	-0.00450	0.99995	-0.00847	0.00766	0.00850	0.99993	
2	0.01000	94.76075	30.16541	0.80068	0.59336	0.02294	0.75929	1.03532	0.99991	-0.01325	-0.00040	0.01326	0.99986	0.01036	0.00026	-0.01036	0.99995		-89.99715	-154.08955	-0.44245	-0.48607	0.44994	-0.25298	0.19224	0.99996	0.00442	-0.00785	-0.00448	0.99995	-0.00848	0.00782	0.00852	0.99993	
3	0.01500	94.73214	30.15098	0.80555	0.60007	0.02627	0.75271	1.02242	0.99991	-0.01314	-0.00046	0.01314	0.99986	0.01047	0.00032	-0.01048	0.99995		-90.00725	-154.09259	-0.44700	-0.48440	0.45640	-0.25081	0.17870	0.99996	0.00438	-0.00797	-0.00444	0.99995	-0.00845	0.00793	0.00849	0.99993	
4	0.02000	94.72530	30.14629	0.79568	0.60427	0.02663	0.75391	1.01938	0.99991	-0.01316	-0.00046	0.01316	0.99986	0.01055	0.00033	-0.01055	0.99994		-89.99992	-154.07066	-0.42637	-0.48354	0.45568	-0.25190	0.18598	0.99996	0.00440	-0.00795	-0.00446	0.99995	-0.00844	0.00792	0.00847	0.99993	
5	0.02500	94.75138	30.17175	0.80589	0.61318	0.02513	0.75650	1.02477	0.99991	-0.01320	-0.00044	0.01321	0.99986	0.01070	0.00030	-0.01071	0.99994		-89.99366	-154.10208	-0.40948	-0.48430	0.45767	-0.24982	0.18598	0.99996	0.00436	-0.00799	-0.00443	0.99995	-0.00845	0.00795	0.00849	0.99993	
6	0.03000	94.75473	30.14923	0.79808	0.61516	0.02554	0.75317	1.03482	0.99991	-0.01314	-0.00045	0.01315	0.99986	0.01074	0.00030	-0.01074	0.99994		-90.04334	-154.08165	-0.40109	-0.48107	0.46230	-0.25251	0.17751	0.99996	0.00441	-0.00807	-0.00447	0.99995	-0.00840	0.00803	0.00843	0.99993	
7	0.03500	94.72258	30.14686	0.79935	0.62239	0.02592	0.74819	1.02703	0.99991	-0.01306	-0.00045	0.01306	0.99986	0.01086	0.00031	-0.01087	0.99994		-90.02254	-154.08036	-0.39735	-0.47753	0.45930	-0.25289	0.18125	0.99996	0.00441	-0.00802	-0.00448	0.99996	-0.00833	0.00798	0.00837	0.99993	
8	0.04000	94.71709	30.15911	0.78976	0.62508	0.02453	0.75635	1.03987	0.99991	-0.01320	-0.00043	0.01320	0.99985	0.01091	0.00028	-0.01091	0.99994		-90.04056	-154.06226	-0.39470	-0.46777	0.46924	-0.25520	0.17806	0.99996	0.00445	-0.00819	-0.00452	0.99996	-0.00816	0.00815	0.00820	0.99993	
9	0.04500	94.70143	30.13997	0.79194	0.62989	0.02612	0.75139	1.02500	0.99991	-0.01311	-0.00046	0.01312	0.99985	0.01099	0.00031	-0.01100	0.99994		-90.08397	-154.06803	-0.37724	-0.46641	0.47185	-0.25437	0.18156	0.99996	0.00444	-0.00824	-0.00451	0.99996	-0.00814	0.00820	0.00818	0.99993	
10	0.05000	94.72744	30.14359	0.77449	0.63375	0.02311	0.75084	1.03724	0.99991	-0.01310	-0.00040	0.01311	0.99985	0.01106	0.00026	-0.01107	0.99994		-90.05870	-154.06860	-0.36072	-0.46534	0.46846	-0.25711	0.18446	0.99996	0.00449	-0.00818	-0.00455	0.99996	-0.00812	0.00814	0.00816	0.99993	
11	0.05500	94.50598	29.99685	0.92074	0.63382	0.02714	0.75808	1.10450	0.99991	-0.01323	-0.00047	0.01323	0.99985	0.01106	0.00033	-0.01107	0.99994		-90.03524	-154.08748	-0.35279	-0.46409	0.46901	-0.25156	0.17063	0.99996	0.00439	-0.00819	-0.00446	0.99996	-0.00810	0.00815	0.00814	0.99993	
12	0.06000	94.49203	29.97236	0.93370	0.63579	0.02792	0.76487	1.10497	0.99991	-0.01335	-0.00049	0.01335	0.99985	0.01110	0.00034	-0.01110	0.99994		-90.06224	-154.07117	-0.34024	-0.45772	0.46751	-0.25447	0.17485	0.99996	0.00444	-0.00816	-0.00451	0.99996	-0.00799	0.00812	0.00802	0.99993	
13	0.06500	94.49558	29.96985	0.93393	0.63997	0.02488	0.76074	1.12175	0.99991	-0.01328	-0.00043	0.01328	0.99985	0.01117	0.00029	-0.01117	0.99994		-90.06358	-154.03365	-0.33356	-0.44351	0.47390	-0.25502	0.17935	0.99996	0.00445	-0.00827	-0.00451	0.99996	-0.00774	0.00824	0.00778	0.99994	
14	0.07000	94.46225	29.94250	0.93285	0.63983	0.02769	0.75855	1.10205	0.99991	-0.01324	-0.00048	0.01324	0.99985	0.01117	0.00034	-0.01117	0.99994		-90.02337	-154.07355	-0.32931	-0.44605	0.46824	-0.25601	0.18313	0.99996	0.00447	-0.00817	-0.00453	0.99996	-0.00778	0.00814	0.00782	0.99994	
15	0.07500	94.43049	29.94156	0.94518	0.64415	0.02922	0.76531	1.13070	0.99991	-0.01336	-0.00051	0.01336	0.99985	0.01124	0.00036	-0.01125	0.99994		-90.07291	-154.03936	-0.32981	-0.43450	0.47410	-0.25622	0.17084	0.99996	0.00447	-0.00827	-0.00453	0.99996	-0.00758	0.00824	0.00762	0.99994	
16	0.08000	94.44451	29.91533	0.95366	0.64407	0.03212	0.76423	1.12841	0.99991	-0.01334	-0.00056	0.01334	0.99985	0.01124	0.00041	-0.01125	0.99994		-90.06630	-154.03219	-0.30956	-0.42747	0.47410	-0.25810	0.17170	0.99996	0.00450	-0.00827	-0.00457	0.99996	-0.00746	0.00824	0.00750	0.99994	
17	0.08500	94.45221	29.92227	0.96104	0.64793	0.02727	0.76333	1.12711	0.99991	-0.01332	-0.00048	0.01333	0.99985	0.01131	0.00033	-0.01131	0.99994		-90.08204	-154.00960	-0.30596	-0.41734	0.47431	-0.25600	0.17194	0.99996	0.00447	-0.00828	-0.00453	0.99996	-0.00728	0.00825	0.00732	0.99994	
18	0.09000	94.43364	29.91284	0.95027	0.64759	0.02564	0.76291	1.14263	0.99991	-0.01331	-0.00045	0.01332	0.99985	0.01130	0.00030	-0.01131	0.99994		-90.07220	-153.98753	-0.30677	-0.40600	0.47101	-0.26013	0.18394	0.99996	0.00454	-0.00822	-0.00460	0.99996	-0.00709	0.00819	0.00712	0.99994	
19	0.09500	94.43154	29.89116	0.96173	0.64958	0.02474	0.75707	1.13572	0.99991	-0.01321	-0.00043	0.01322	0.99985	0.01134	0.00028	-0.01134	0.99994		-90.08532	-153.99678	-0.28198	-0.39961	0.47720	-0.25563	0.17918	0.99996	0.00446	-0.00833	-0.00452	0.99997	-0.00697	0.00830	0.00701	0.99994	
20	0.10000	94.39584	29.89102	0.96954	0.64953	0.02708	0.76363	1.14248	0.99991	-0.01333	-0.00047	0.01333	0.99985	0.01134	0.00032	-0.01134	0.99994		-90.09628	-153.97139	-0.29497	-0.38993	0.47414	-0.25767	0.17122	0.99996	0.00450	-0.00828	-0.00455	0.99997	-0.00681	0.00824	0.00684	0.99994	
21	0.10500	94.41221	29.89167	0.95743	0.65172	0.02280	0.76829	1.15040	0.99991	-0.01341	-0.00040	0.01341	0.99985	0.01137	0.00025	-0.01138	0.99994		-90.03921	-153.98416	-0.27946	-0.38281	0.47107	-0.25854	0.17130	0.99996	0.00451	-0.00822	-0.00457	0.99997	-0.00668	0.00819	0.00672	0.99994	
22	0.11000	94.41115	29.88703	0.98981	0.65192	0.02246	0.76402	1.14352	0.99991	-0.01333	-0.00039	0.01334	0.99985	0.01138	0.00024	-0.01138	0.99994		-90.08276	-153.95932	-0.27552	-0.37035	0.47264	-0.26058	0.16855	0.99996	0.00455	-0.00825	-0.00460	0.99997	-0.00646	0.00822	0.00650	0.99995	
23	0.11500	94.42851	29.87826	0.96733	0.65194	0.01593	0.76605	1.16879	0.99991	-0.01337	-0.00028	0.01337	0.99985	0.01138	0.00013	-0.01138	0.99994		-90.08033	-153.94398	-0.27571	-0.36381	0.46938	-0.26098	0.17155	0.99996	0.00455	-0.00819	-0.00461	0.99997	-0.00635	0.00816	0.00639	0.99995	
24	0.12000	94.40552	29.86360	0.97721	0.65189	0.01791	0.76033	1.14731	0.99991	-0.01327	-0.00031	0.01327	0.99985	0.01138	0.00016	-0.01138	0.99994		-90.09343	-153.93805	-0.27666	-0.35185	0.47506	-0.26021	0.16888	0.99996	0.00454	-0.00829	-0.00459	0.99997	-0.00614	0.00826	0.00618	0.99995	
25	0.12500	94.35282	29.84672	0.98366	0.64867	0.02129	0.76149	1.14856	0.99991	-0.01329	-0.00037	0.01329	0.99985	0.01132	0.00022	-0.01133	0.99994		-90.10810	-153.93468	-0.28485	-0.34426	0.47000	-0.25924	0.16852	0.99996	0.00452	-0.00820	-0.00457	0.99997	-0.00601	0.00818	0.00605	0.99995	
26	0.13000	94.38724	29.83821	0.98044	0.64578	0.01583	0.76206	1.16330	0.99991	-0.01330	-0.00028	0.01330	0.99985	0.01127	0.00013	-0.01127	0.99994		-90.04851	-153.91365	-0.26183	-0.33108	0.47160	-0.26476	0.18277	0.99996	0.00462	-0.00823	-0.00467	0.99997	-0.00578	0.00820	0.00582	0.99995	
27	0.13500	94.38464	29.82658	0.98195	0.64496	0.01385	0.76266	1.16326	0.99991	-0.01331	-0.00024	0.01331	0.99985	0.01126	0.00009	-0.01126	0.99994		-90.06313	-153.92577	-0.26577	-0.32387	0.46817	-0.26263	0.16619	0.99996	0.00458	-0.00817	-0.00463	0.99997	-0.00565	0.00814	0.00569	0.99995	
28	0.14000	94.35924	29.83090	0.98547	0.64024	0.01439	0.76128	1.16499	0.99991	-0.01329	-0.00025	0.01329	0.99985	0.01117	0.00010	-0.01118	0.99994		-90.08355	-153.89414	-0.28303	-0.31363	0.46997	-0.26240	0.17374	0.99996	0.00458	-0.00820	-0.00462	0.99997	-0.00547	0.00818	0.00551	0.99995	
29	0.14500	94.37531	29.82184	1.00156	0.63890	0.01294	0.76394	1.16130	0.99991	-0.01333	-0.00023	0.01333	0.99985	0.01115	0.00008	-0.01115	0.99994		-90.01051	-153.90032	-0.26778	-0.30375	0.46541	-0.26522	0.17073	0.99996	0.00463	-0.00812	-0.00467	0.99998	-0.00530	0.00810	0.00534	0.99995	
30	0.15000	94.42082	29.80685	0.99027	0.63599	0.00334	0.76391	1.16285	0.99991	-0.01333	-0.00006	0.01333	0.99985	0.01110	-0.00009	-0.01110	0.99994		-90.02846	-153.89005	-0.27201	-0.29464	0.46110	-0.26453	0.17120	0.99996	0.00462	-0.00805	-0.00466	0.99998	-0.00514	0.00802	0.00518	0.99995	
31	0.15500	94.35714	29.81444	0.98165	0.63219	0.00800	0.76341	1.15946	0.99991	-0.01332	-0.00014	0.01332	0.99985	0.01103	-0.00001	-0.01103	0.99994		-90.08132	-153.87781	-0.27980	-0.28627	0.46263	-0.25924	0.17547	0.99996	0.00452	-0.00807	-0.00456	0.99998	-0.00500	0.00805	0.00503	0.99995	
32	0.16000	94.40057	29.78590	1.01134	0.62575	0.00605	0.76394	1.14206	0.99991	-0.01333	-0.00011	0.01333	0.99985	0.01092	-0.00004	-0.01092	0.99994		-90.02171	-153.88135	-0.26891	-0.27373	0.46066	-0.26275	0.16784	0.99996	0.00459	-0.00804	-0.00462	0.99998	-0.00478	0.00802	0.00481	0.99996	
33	0.16500	94.39882	29.79690	0.99676	0.62247	0.00159	0.76390	1.17082	0.99991	-0.01333	-0.00003	0.01333	0.99985	0.01086	-0.00012	-0.01086	0.99994		-90.06155	-153.86381	-0.27676	-0.26740	0.45735	-0.25885	0.16206	0.99996	0.00452	-0.00798	-0.00455	0.99998	-0.00467	0.00796	0.00470	0.99996	
34	0.17000	94.35901	29.79064	1.01276	0.61665	0.00608	0.76447	1.15436	0.99991	-0.01334	-0.00011	0.01334	0.99985	0.01076	-0.00004	-0.01076	0.99994		-90.05490	-153.86158	-0.27304	-0.25734	0.45662	-0.26483	0.18007	0.99996	0.00462	-0.00797	-0.00466	0.99998	-0.00449	0.00795	0.00453	0.99996	
35	0.17500	94.40776	29.78844	1.01607	0.61285	-0.00027	0.76880	1.16804	0.99991	-0.01342	0.00000	0.01342	0.99985	0.01070	-0.00015	-0.01069	0.99994		-90.04591	-153.85023	-0.26954	-0.24533	0.45507	-0.26176	0.17189	0.99996	0.00457	-0.00794	-0.00460	0.99998	-0.00428	0.00792	0.00432	0.99996	
36	0.18000	94.42287	29.79491	1.00003	0.60833	-0.00729	0.76650	1.17794	0.99991	-0.01338	0.00013	0.01338	0.99985	0.01062	-0.00027	-0.01061	0.99994		-90.05572	-153.81374	-0.28257	-0.23517	0.45226	-0.26498	0.16813	0.99996	0.00462	-0.00789	-0.00466	0.99998	-0.00410	0.00787	0.00414	0.99996	
37	0.18500	94.33500	29.76767	1.01173	0.59929	-0.00312	0.76295	1.16038	0.99991	-0.01332	0.00005	0.01331	0.99986	0.01046	-0.00019	-0.01046	0.99995		-90.08041	-153.81544	-0.28249	-0.22633	0.45395	-0.26719	0.18737	0.99996	0.00466	-0.00792	-0.00469	0.99998	-0.00395	0.00790	0.00399	0.99996	
38	0.19000	94.34632	29.75539	1.03615	0.59385	-0.00390	0.76043	1.15687	0.99991	-0.01327	0.00007	0.01327	0.99986	0.01036	-0.00021	-0.01036	0.99995		-90.04169	-153.83400	-0.29141	-0.21875	0.44972	-0.26317	0.18366	0.99996	0.00459	-0.00785	-0.00462	0.99998	-0.00382	0.00783	0.00385	0.99996	
39	0.19500	94.39519	29.76140	1.01656	0.58807	-0.01143	0.76473	1.16300	0.99991	-0.01335	0.00020	0.01334	0.99986	0.01026	-0.00034	-0.01026	0.99995		-90.05662	-153.78326	-0.29987	-0.20774	0.44401	-0.26634	0.18117	0.99996	0.00465	-0.00775	-0.00468	0.99998	-0.00363	0.00773	0.00366	0.99996	
40	0.20000	94.34438	29.76454	1.04279	0.58031	-0.00718	0.76021	1.15826	0.99991	-0.01327	0.00013	0.01327	0.99986	0.01013	-0.00026	-0.01013	0.99995		-90.06077	-153.79955	-0.29997	-0.19897	0.44254	-0.26824	0.19269	0.99996	0.00468	-0.00772	-0.00471	0.99998	-0.00347	0.00771	0.00351	0.99996	
41	0.20500	94.41079	29.76188	1.02746	0.57462	-0.01755	0.76294	1.15794	0.99991	-0.01332	0.00031	0.01331	0.99986	0.01003	-0.00044	-0.01002	0.99995		-90.00170	-153.80238	-0.29677	-0.19196	0.43465	-0.26685	0.17635	0.99996	0.00466	-0.00759	-0.00468	0.99998	-0.00335	0.00757	0.00339	0.99997	
42	0.21000	94.36563	29.75133	1.01956	0.56668	-0.01403	0.76631	1.15749	0.99991	-0.01337	0.00024	0.01337	0.99986	0.00989	-0.00038	-0.00989	0.99995		-90.03405	-153.78498	-0.31335	-0.18414	0.43657	-0.26520	0.18134	0.99996	0.00463	-0.00762	-0.00465	0.99998	-0.00321	0.00760	0.00325	0.99997	
43	0.21500	94.35613	29.75466	1.03745	0.56165	-0.01698	0.76659	1.16422	0.99991	-0.01338	0.00030	0.01338	0.99986	0.00980	-0.00043	-0.00980	0.99995		-90.04655	-153.76748	-0.32197	-0.17419	0.43348	-0.27036	0.17892	0.99996	0.00472	-0.00757	-0.00474	0.99998	-0.00304	0.00755	0.00308	0.99997	
44	0.22000	94.38332	29.74321	1.05556	0.55048	-0.02166	0.76221	1.16764	0.99991	-0.01330	0.00038	0.01330	0.99987	0.00961	-0.00051	-0.00960	0.99995		-90.01892	-153.74218	-0.33508	-0.16309	0.42855	-0.26783	0.18014	0.99996	0.00467	-0.00748	-0.00470	0.99998	-0.00285	0.00747	0.00288	0.99997	
45	0.22500	94.32910	29.75170	1.05911	0.54405	-0.01608	0.76525	1.15093	0.99991	-0.01336	0.00028	0.01335	0.99987	0.00950	-0.00041	-0.00949	0.99995		-89.99682	-153.75927	-0.34760	-0.16075	0.42219	-0.26961	0.17957	0.99996	0.00471	-0.00737	-0.00473	0.99998	-0.00281	0.00736	0.00284	0.99997	
46	0.23000	94.33618	29.73276	1.05596	0.53369	-0.01764	0.76323	1.15858	0.99991	-0.01332	0.00031	0.01332	0.99987	0.00931	-0.00043	-0.00931	0.99996		-90.02198	-153.75125	-0.36433	-0.15178	0.42423	-0.26987	0.17928	0.99996	0.00471	-0.00740	-0.00473	0.99999	-0.00265	0.00739	0.00268	0.99997	
47	0.23500	94.34383	29.73089	1.06524	0.52551	-0.02112	0.76349	1.14074	0.99991	-0.01332	0.00037	0.01332	0.99987	0.00917	-0.00049	-0.00917	0.99996		-90.03783	-153.73574	-0.36022	-0.14442	0.42233	-0.27009	0.18266	0.99996	0.00471	-0.00737	-0.00473	0.99999	-0.00252	0.00736	0.00256	0.99997	
48	0.24000	94.32760	29.72326	1.05997	0.51675	-0.02376	0.76322	1.14035	0.99991	-0.01332	0.00041	0.01332	0.99987	0.00902	-0.00053	-0.00901	0.99996		-90.01323	-153.74060	-0.38976	-0.13807	0.41775	-0.26858	0.17409	0.99996	0.00469	-0.00729	-0.00471	0.99999	-0.00241	0.00728	0.00244	0.99997	
49	0.24500	94.40187	29.71917	1.06271	0.50856	-0.03555	0.76549	1.14298	0.99991	-0.01336	0.00062	0.01335	0.99987	0.00888	-0.00074	-0.00887	0.99996		-90.01954	-153.74243	-0.38116	-0.13767	0.41654	-0.26577	0.17044	0.99996	0.00464	-0.00727	-0.00466	0.99999	-0.00240	0.00726	0.00244	0.99997	
50	0.25000	94.32726	29.71483	1.07744	0.49843	-0.02686	0.76686	1.14788	0.99991	-0.01338	0.00047	0.01338	0.99987	0.00870	-0.00059	-0.00869	0.99996		-90.03953	-153.71763	-0.39395	-0.12697	0.41791	-0.26735	0.17549	0.99996	0.00467	-0.00729	-0.00468	0.99999	-0.00222	0.00728	0.00225	0.99997	
51	0.25500	94.35289	29.71103	1.07039	0.49054	-0.03354	0.76158	1.13904	0.99991	-0.01329	0.00059	0.01329	0.99988	0.00856	-0.00070	-0.00855	0.99996		-90.04804	-153.71807	-0.41860	-0.12228	0.41179	-0.26872	0.19193	0.99996	0.00469	-0.00719	-0.00471	0.99999	-0.00213	0.00718	0.00217	0.99997	
52	0.26000	94.34335	29.70068	1.08654	0.48067	-0.03114	0.76427	1.14347	0.99991	-0.01334	0.00054	0.01333	0.99988	0.00839	-0.00066	-0.00838	0.99996		-90.03535	-153.70469	-0.41478	-0.11800	0.41101	-0.27096	0.18823	0.99996	0.00473	-0.00717	-0.00474	0.99999	-0.00206	0.00716	0.00209	0.99997	
53	0.26500	94.31863	29.68671	1.08751	0.46925	-0.03315	0.76366	1.13629	0.99991	-0.01333	0.00058	0.01332	0.99988	0.00819	-0.00069	-0.00818	0.99997		-90.01885	-153.69830	-0.44013	-0.11241	0.40627	-0.26706	0.18971	0.99996	0.00466	-0.00709	-0.00467	0.99999	-0.00196	0.00708	0.00199	0.99997	
54	0.27000	94.36799	29.68698	1.09176	0.46128	-0.03979	0.76880	1.14604	0.99991	-0.01342	0.00069	0.01341	0.99988	0.00805	-0.00080	-0.00804	0.99997		-90.05561	-153.70084	-0.45210	-0.11036	0.40704	-0.26542	0.17647	0.99996	0.00463	-0.00710	-0.00465	0.99999	-0.00193	0.00710	0.00196	0.99997	
55	0.27500	94.37914	29.69797	1.10576	0.45302	-0.04124	0.76092	1.13805	0.99991	-0.01328	0.00072	0.01327	0.99988	0.00791	-0.00082	-0.00790	0.99997		-90.02667	-153.70180	-0.46472	-0.10938	0.40258	-0.26683	0.17747	0.99996	0.00466	-0.00703	-0.00467	0.99999	-0.00191	0.00702	0.00194	0.99997	
56	0.28000	94.37067	29.67788	1.08286	0.44319	-0.04542	0.76465	1.13361	0.99991	-0.01335	0.00079	0.01334	0.99988	0.00774	-0.00090	-0.00772	0.99997		-90.03146	-153.69745	-0.46097	-0.10420	0.40285	-0.27067	0.17704	0.99996	0.00472	-0.00703	-0.00474	0.99999	-0.00182	0.00702	0.00185	0.99997	
57	0.28500	94.33266	29.66427	1.11713	0.43486	-0.03922	0.76398	1.13925	0.99991	-0.01333	0.00068	0.01333	0.99988	0.00759	-0.00079	-0.00758	0.99997		-90.02644	-153.68324	-0.50238	-0.10114	0.39697	-0.27154	0.19418	0.99996	0.00474	-0.00693	-0.00475	0.99999	-0.00177	0.00692	0.00180	0.99997	
58	0.29000	94.34347	29.67751	1.12071	0.42756	-0.04223	0.75953	1.13919	0.99991	-0.01326	0.00074	0.01325	0.99988	0.00746	-0.00084	-0.00745	0.99997		-90.00465	-153.69978	-0.49402	-0.09971	0.39328	-0.26692	0.18475	0.99997	0.00466	-0.00686	-0.00467	0.99999	-0.00174	0.00686	0.00177	0.99997	
59	0.29500	94.36574	29.65758	1.12570	0.41694	-0.04788	0.76190	1.12488	0.99991	-0.01330	0.00084	0.01329	0.99989	0.00728	-0.00093	-0.00727	0.99997		-89.98849	-153.69767	-0.52339	-0.09918	0.38953	-0.26825	0.17291	0.99997	0.00468	-0.00680	-0.00469	0.99999	-0.00173	0.00679	0.00176	0.99998	
60	0.30000	94.37721	29.67751	1.11882	0.41114	-0.04919	0.76230	1.14387	0.99991	-0.01330	0.00086	0.01330	0.99989	0.00718	-0.00095	-0.00716	0.99997		-90.03812	-153.67914	-0.53550	-0.09754	0.39200	-0.27084	0.19212	0.99997	0.00473	-0.00684	-0.00474	0.99999	-0.00170	0.00683	0.00173	0.99998	
61	0.30500	94.37886	29.67827	1.12804	0.40563	-0.05460	0.76348	1.14450	0.99991	-0.01332	0.00095	0.01332	0.99989	0.00708	-0.00105	-0.00707	0.99997		-90.01601	-153.69636	-0.54802	-0.09790	0.39338	-0.26858	0.18999	0.99997	0.00469	-0.00687	-0.00470	0.99999	-0.00171	0.00686	0.00174	0.99997	
62	0.31000	94.34343	29.66323	1.13698	0.39599	-0.04791	0.76324	1.11860	0.99991	-0.01332	0.00084	0.01331	0.99989	0.00691	-0.00093	-0.00690	0.99998		-90.01560	-153.67591	-0.56486	-0.09559	0.38893	-0.26799	0.19026	0.99997	0.00468	-0.00679	-0.00469	0.99999	-0.00167	0.00678	0.00170	0.99998	
63	0.31500	94.31619	29.65576	1.13377	0.38999	-0.04875	0.76234	1.13562	0.99991	-0.01330	0.00085	0.01330	0.99989	0.00681	-0.00094	-0.00679	0.99998		-90.02138	-153.66644	-0.57315	-0.09468	0.38802	-0.26638	0.19212	0.99997	0.00465	-0.00677	-0.00466	0.99999	-0.00165	0.00676	0.00168	0.99998	
64	0.32000	94.32618	29.68018	1.14169	0.38574	-0.05036	0.76246	1.15489	0.99991	-0.01331	0.00088	0.01330	0.99989	0.00673	-0.00097	-0.00672	0.99998		-89.98363	-153.69709	-0.58965	-0.09835	0.38116	-0.26794	0.17943	0.99997	0.00468	-0.00665	-0.00469	0.99999	-0.00172	0.00664	0.00175	0.99998	
65	0.32500	94.35001	29.67307	1.14236	0.38013	-0.05261	0.76199	1.13524	0.99991	-0.01330	0.00092	0.01329	0.99989	0.00663	-0.00101	-0.00662	0.99998		-90.00885	-153.67419	-0.61015	-0.09875	0.38082	-0.26799	0.19079	0.99997	0.00468	-0.00665	-0.00469	0.99999	-0.00172	0.00664	0.00175	0.99998	
66	0.33000	94.33493	29.67158	1.14141	0.37373	-0.05075	0.76260	1.13754	0.99991	-0.01331	0.00089	0.01330	0.99989	0.00652	-0.00097	-0.00651	0.99998		-89.99332	-153.68645	-0.63093	-0.10242	0.37973	-0.26542	0.18176	0.99997	0.00463	-0.00663	-0.00464	0.99999	-0.00179	0.00662	0.00182	0.99998	
67	0.33500	94.31921	29.66291	1.15012	0.36956	-0.05336	0.76034	1.12110	0.99991	-0.01327	0.00093	0.01326	0.99989	0.00645	-0.00102	-0.00644	0.99998		-89.98705	-153.67519	-0.63126	-0.10193	0.37857	-0.26756	0.18397	0.99997	0.00467	-0.00661	-0.00468	0.99999	-0.00178	0.00660	0.00181	0.99998	
68	0.34000	94.33929	29.67201	1.14752	0.36539	-0.05490	0.75854	1.12846	0.99991	-0.01324	0.00096	0.01323	0.99989	0.00638	-0.00104	-0.00636	0.99998		-89.99596	-153.67668	-0.64302	-0.10457	0.37658	-0.26935	0.18538	0.99997	0.00470	-0.00657	-0.00471	0.99999	-0.00183	0.00656	0.00186	0.99998	
69	0.34500	94.34955	29.67746	1.13860	0.36188	-0.05786	0.76253	1.12123	0.99991	-0.01331	0.00101	0.01330	0.99989	0.00632	-0.00109	-0.00630	0.99998		-89.98624	-153.69818	-0.63864	-0.11161	0.37444	-0.26689	0.19714	0.99997	0.00466	-0.00654	-0.00467	0.99999	-0.00195	0.00653	0.00198	0.99998	
70	0.35000	94.31220	29.67631	1.13908	0.35855	-0.05430	0.75760	1.12490	0.99991	-0.01322	0.00095	0.01322	0.99989	0.00626	-0.00103	-0.00624	0.99998		-89.97202	-153.68356	-0.65967	-0.11325	0.37462	-0.26639	0.19575	0.99997	0.00465	-0.00654	-0.00466	0.99999	-0.00198	0.00653	0.00201	0.99998	
71	0.35500	94.32385	29.67183	1.17008	0.35525	-0.05582	0.75523	1.12279	0.99991	-0.01318	0.00097	0.01317	0.99989	0.00620	-0.00106	-0.00619	0.99998		-89.98979	-153.68799	-0.67557	-0.11696	0.36965	-0.26656	0.18173	0.99997	0.00465	-0.00645	-0.00467	0.99999	-0.00204	0.00644	0.00207	0.99998	
72	0.36000	94.32489	29.69025	1.16347	0.35431	-0.05455	0.76266	1.12033	0.99991	-0.01331	0.00095	0.01330	0.99989	0.00618	-0.00103	-0.00617	0.99998		-89.98929	-153.68908	-0.67179	-0.12102	0.37508	-0.26715	0.17592	0.99997	0.00466	-0.00655	-0.00468	0.99999	-0.00211	0.00654	0.00214	0.99998	
73	0.36500	94.31607	29.68703	1.13628	0.35232	-0.05287	0.75809	1.12101	0.99991	-0.01323	0.00092	0.01322	0.99989	0.00615	-0.00100	-0.00614	0.99998		-89.96127	-153.68236	-0.69266	-0.12567	0.36976	-0.26917	0.18842	0.99997	0.00470	-0.00645	-0.00471	0.99999	-0.00219	0.00644	0.00222	0.99998	
74	0.37000	94.34521	29.69531	1.14358	0.35115	-0.05931	0.76367	1.14139	0.99991	-0.01333	0.00104	0.01332	0.99989	0.00613	-0.00112	-0.00611	0.99998		-89.95513	-153.70618	-0.70454	-0.13238	0.36603	-0.26311	0.16994	0.99997	0.00459	-0.00639	-0.00461	0.99999	-0.00231	0.00638	0.00234	0.99998	
75	0.37500	94.35241	29.70245	1.15450	0.35191	-0.05830	0.75810	1.12626	0.99991	-0.01323	0.00102	0.01322	0.99989	0.00614	-0.00110	-0.00613	0.99998		-89.97384	-153.69360	-0.71676	-0.13683	0.36946	-0.26661	0.18213	0.99997	0.00465	-0.00645	-0.00467	0.99999	-0.00239	0.00644	0.00242	0.99998	
76	0.38000	94.32806	29.70076	1.14981	0.35206	-0.05414	0.75837	1.11341	0.99991	-0.01324	0.00094	0.01323	0.99989	0.00614	-0.00103	-0.00613	0.99998		-89.98427	-153.70092	-0.72447	-0.14512	0.36825	-0.25987	0.17866	0.99997	0.00454	-0.00643	-0.00455	0.99999	-0.00253	0.00642	0.00256	0.99998	
77	0.38500	94.31340	29.70509	1.16000	0.34958	-0.05248	0.75766	1.12118	0.99991	-0.01322	0.00092	0.01322	0.99989	0.00610	-0.00100	-0.00609	0.99998		-89.94508	-153.72070	-0.73290	-0.15013	0.36659	-0.26340	0.19006	0.99997	0.00460	-0.00640	-0.00461	0.99999	-0.00262	0.00639	0.00265	0.99998	
78	0.39000	94.29705	29.70912	1.16543	0.35289	-0.05275	0.75759	1.14106	0.99991	-0.01322	0.00092	0.01322	0.99989	0.00616	-0.00100	-0.00615	0.99998		-89.98990	-153.71186	-0.73678	-0.15664	0.37384	-0.26386	0.18532	0.99997	0.00461	-0.00652	-0.00462	0.99999	-0.00273	0.00651	0.00276	0.99997	
79	0.39500	94.27646	29.71576	1.14822	0.35245	-0.04684	0.76103	1.12293	0.99991	-0.01328	0.00082	0.01328	0.99989	0.00615	-0.00090	-0.00614	0.99998		-89.96435	-153.70912	-0.75323	-0.16141	0.36646	-0.26103	0.17435	0.99997	0.00456	-0.00640	-0.00457	0.99999	-0.00282	0.00638	0.00285	0.99998	
80	0.40000	94.31095	29.72999	1.14592	0.35821	-0.04979	0.75505	1.12708	0.99991	-0.01318	0.00087	0.01317	0.99989	0.00625	-0.00095	-0.00624	0.99998		-89.95246	-153.74192	-0.76129	-0.17271	0.36925	-0.26031	0.17351	0.99997	0.00454	-0.00644	-0.00456	0.99998	-0.00301	0.00643	0.00304	0.99997	
81	0.40500	94.28995	29.72450	1.15012	0.36068	-0.04997	0.75275	1.11145	0.99991	-0.01314	0.00087	0.01313	0.99989	0.00629	-0.00095	-0.00628	0.99998		-89.97707	-153.73036	-0.77705	-0.17903	0.36705	-0.25565	0.17267	0.99997	0.00446	-0.00641	-0.00448	0.99999	-0.00312	0.00639	0.00315	0.99997	
82	0.41000	94.32682	29.75479	1.13823	0.36738	-0.05306	0.75841	1.13073	0.99991	-0.01324	0.00093	0.01323	0.99989	0.00641	-0.00101	-0.00640	0.99998		-89.97782	-153.72914	-0.78132	-0.18370	0.37055	-0.26179	0.17475	0.99997	0.00457	-0.00647	-0.00459	0.99998	-0.00321	0.00645	0.00324	0.99997	
83	0.41500	94.29921	29.74512	1.13183	0.37013	-0.04634	0.75297	1.13124	0.99991	-0.01314	0.00081	0.01314	0.99989	0.00646	-0.00089	-0.00645	0.99998		-89.95188	-153.74174	-0.78094	-0.19489	0.36611	-0.26093	0.17147	0.99997	0.00455	-0.00639	-0.00458	0.99998	-0.00340	0.00637	0.00343	0.99997	
84	0.42000	94.24908	29.74523	1.13986	0.37255	-0.04005	0.75476	1.11738	0.99991	-0.01317	0.00070	0.01317	0.99989	0.00650	-0.00078	-0.00649	0.99998		-89.97909	-153.74089	-0.79678	-0.20239	0.36662	-0.26091	0.17762	0.99997	0.00455	-0.00640	-0.00458	0.99998	-0.00353	0.00638	0.00356	0.99997	
85	0.42500	94.29513	29.75379	1.11930	0.38030	-0.04268	0.75837	1.14614	0.99991	-0.01324	0.00074	0.01323	0.99989	0.00664	-0.00083	-0.00663	0.99998		-89.95038	-153.75143	-0.78880	-0.20950	0.36805	-0.25999	0.16984	0.99997	0.00454	-0.00642	-0.00456	0.99998	-0.00366	0.00641	0.00369	0.99997	
86	0.43000	94.27009	29.74069	1.13651	0.38169	-0.03797	0.76205	1.12662	0.99991	-0.01330	0.00066	0.01330	0.99989	0.00666	-0.00075	-0.00665	0.99998		-89.95651	-153.76589	-0.79603	-0.21939	0.36597	-0.25819	0.17773	0.99997	0.00451	-0.00639	-0.00453	0.99998	-0.00383	0.00637	0.00386	0.99997	
87	0.43500	94.27161	29.76975	1.11307	0.39087	-0.04032	0.75310	1.12818	0.99991	-0.01314	0.00070	0.01314	0.99989	0.00682	-0.00079	-0.00681	0.99998		-89.96577	-153.76489	-0.79535	-0.22984	0.36536	-0.25508	0.17589	0.99997	0.00445	-0.00638	-0.00448	0.99998	-0.00401	0.00636	0.00404	0.99997	
88	0.44000	94.30317	29.77922	1.10347	0.39958	-0.04114	0.75694	1.14407	0.99991	-0.01321	0.00072	0.01321	0.99989	0.00697	-0.00081	-0.00696	0.99998		-89.89821	-153.78630	-0.79595	-0.23704	0.36209	-0.25940	0.17523	0.99997	0.00453	-0.00632	-0.00455	0.99998	-0.00414	0.00630	0.00417	0.99997	
89	0.44500	94.28865	29.78117	1.10505	0.40897	-0.04030	0.75329	1.13629	0.99991	-0.01315	0.00070	0.01314	0.99989	0.00714	-0.00080	-0.00713	0.99997		-89.98076	-153.77973	-0.81094	-0.24595	0.36641	-0.25743	0.18186	0.99997	0.00449	-0.00639	-0.00452	0.99998	-0.00429	0.00638	0.00432	0.99997	
90	0.45000	94.28216	29.81777	1.10159	0.41662	-0.03433	0.76036	1.14749	0.99991	-0.01327	0.00060	0.01327	0.99989	0.00727	-0.00070	-0.00726	0.99997		-89.96875	-153.78329	-0.79814	-0.25597	0.36781	-0.25434	0.17616	0.99997	0.00444	-0.00642	-0.00447	0.99998	-0.00447	0.00640	0.00450	0.99997	
91	0.45500	94.26670	29.80455	1.09770	0.42485	-0.03356	0.75846	1.15177	0.99991	-0.01324	0.00059	0.01323	0.99988	0.00741	-0.00068	-0.00741	0.99997		-89.91777	-153.80274	-0.79861	-0.26271	0.36842	-0.25684	0.17856	0.99997	0.00448	-0.00643	-0.00451	0.99998	-0.00458	0.00641	0.00461	0.99997	
92	0.46000	94.26033	29.82483	1.08542	0.43789	-0.03206	0.75953	1.15233	0.99991	-0.01326	0.00056	0.01325	0.99988	0.00764	-0.00066	-0.00763	0.99997		-89.98600	-153.78977	-0.80556	-0.27228	0.36972	-0.25603	0.17905	0.99997	0.00447	-0.00645	-0.00450	0.99998	-0.00475	0.00643	0.00478	0.99997	
93	0.46500	94.28389	29.84243	1.08105	0.44553	-0.02986	0.76095	1.14583	0.99991	-0.01328	0.00052	0.01328	0.99988	0.00778	-0.00062	-0.00777	0.99997		-89.94449	-153.81039	-0.79704	-0.28080	0.36574	-0.25639	0.18713	0.99997	0.00447	-0.00638	-0.00451	0.99998	-0.00490	0.00636	0.00493	0.99997	
94	0.47000	94.27116	29.83757	1.09070	0.45812	-0.02270	0.75594	1.14402	0.99991	-0.01319	0.00040	0.01319	0.99988	0.00800	-0.00050	-0.00799	0.99997		-89.93167	-153.81633	-0.80103	-0.28928	0.36647	-0.25682	0.17026	0.99997	0.00448	-0.00640	-0.00451	0.99998	-0.00505	0.00637	0.00508	0.99997	
95	0.47500	94.25676	29.85722	1.07492	0.46561	-0.02424	0.76659	1.15560	0.99991	-0.01338	0.00042	0.01338	0.99988	0.00813	-0.00053	-0.00812	0.99997		-89.96648	-153.80327	-0.81281	-0.29729	0.36687	-0.25424	0.16369	0.99997	0.00444	-0.00640	-0.00447	0.99998	-0.00519	0.00638	0.00522	0.99997	
96	0.48000	94.24696	29.86751	1.07057	0.47615	-0.01340	0.76172	1.15596	0.99991	-0.01329	0.00023	0.01329	0.99988	0.00831	-0.00034	-0.00831	0.99997		-89.96275	-153.80294	-0.80424	-0.30222	0.36961	-0.25924	0.17896	0.99997	0.00452	-0.00645	-0.00456	0.99998	-0.00527	0.00643	0.00530	0.99997	
97	0.48500	94.25715	29.87824	1.07981	0.48997	-0.01491	0.75838	1.15922	0.99991	-0.01324	0.00026	0.01323	0.99988	0.00855	-0.00037	-0.00855	0.99996		-89.96782	-153.83689	-0.79512	-0.31411	0.37152	-0.25854	0.17567	0.99997	0.00451	-0.00648	-0.00455	0.99997	-0.00548	0.00646	0.00551	0.99996	
98	0.49000	94.22494	29.88717	1.07107	0.50050	-0.01312	0.75470	1.14483	0.99991	-0.01317	0.00023	0.01317	0.99988	0.00874	-0.00034	-0.00873	0.99996		-89.96683	-153.81787	-0.79867	-0.32159	0.36644	-0.26286	0.17602	0.99997	0.00459	-0.00640	-0.00462	0.99997	-0.00561	0.00637	0.00564	0.99996	
99	0.49500	94.24659	29.89582	1.03430	0.51168	-0.01479	0.75453	1.14917	0.99991	-0.01317	0.00026	0.01317	0.99987	0.00893	-0.00038	-0.00893	0.99996		-89.96370	-153.84777	-0.77730	-0.33232	0.37111	-0.25965	0.18115	0.99997	0.00453	-0.00648	-0.00457	0.99997	-0.00580	0.00645	0.00583	0.99996	
100	0.50000	94.19931	29.91629	1.05392	0.52516	-0.00630	0.75784	1.14571	0.99991	-0.01323	0.00011	0.01322	0.99987	0.00917	-0.00023	-0.00916	0.99996		-89.96983	-153.82720	-0.78940	-0.33746	0.36723	-0.25702	0.16963	0.99997	0.00449	-0.00641	-0.00452	0.99997	-0.00589	0.00638	0.00592	0.99996	
101	0.50500	94.22806	29.93466	1.00446	0.53507	-0.01134	0.75961	1.16120	0.99991	-0.01326	0.00020	0.01325	0.99987	0.00934	-0.00032	-0.00934	0.99996		-89.97146	-153.83804	-0.78917	-0.34691	0.37141	-0.26245	0.17984	0.99997	0.00458	-0.00648	-0.00462	0.99997	-0.00605	0.00645	0.00608	0.99996	
102	0.51000	94.25256	29.91731	1.04664	0.54683	-0.00560	0.75942	1.16134	0.99991	-0.01325	0.00010	0.01325	0.99987	0.00954	-0.00022	-0.00954	0.99995		-89.98487	-153.85407	-0.78810	-0.35309	0.37018	-0.25850	0.17183	0.99997	0.00451	-0.00646	-0.00455	0.99997	-0.00616	0.00643	0.00619	0.99996	
103	0.51500	94.25576	29.95185	1.02055	0.56009	-0.01067	0.75551	1.16398	0.99991	-0.01319	0.00019	0.01318	0.99987	0.00978	-0.00032	-0.00977	0.99995		-89.99028	-153.86323	-0.77467	-0.36377	0.36825	-0.25604	0.18449	0.99997	0.00447	-0.00643	-0.00451	0.99997	-0.00635	0.00640	0.00638	0.99996	
104	0.52000	94.21967	29.94973	1.03017	0.56985	-0.00618	0.76030	1.16324	0.99991	-0.01327	0.00011	0.01327	0.99986	0.00995	-0.00024	-0.00994	0.99995		-89.96805	-153.86732	-0.76653	-0.36935	0.37139	-0.26191	0.19502	0.99997	0.00457	-0.00648	-0.00461	0.99997	-0.00645	0.00645	0.00648	0.99996	
105	0.52500	94.23376	29.94678	1.02859	0.58164	-0.00103	0.76117	1.15561	0.99991	-0.01328	0.00002	0.01328	0.99986	0.01015	-0.00015	-0.01015	0.99995		-89.98557	-153.86340	-0.76603	-0.37622	0.36956	-0.26204	0.17139	0.99997	0.00457	-0.00645	-0.00462	0.99997	-0.00657	0.00642	0.00660	0.99996	
106	0.53000	94.26115	29.97582	1.02296	0.59391	0.00153	0.75860	1.16716	0.99991	-0.01324	-0.00003	0.01324	0.99986	0.01037	-0.00011	-0.01037	0.99995		-89.98826	-153.87003	-0.75311	-0.38198	0.37091	-0.25762	0.16693	0.99997	0.00450	-0.00647	-0.00454	0.99997	-0.00667	0.00644	0.00670	0.99996	
107	0.53500	94.23845	29.96566	1.01822	0.60365	-0.00257	0.75291	1.16995	0.99991	-0.01314	0.00004	0.01314	0.99986	0.01054	-0.00018	-0.01053	0.99994		-89.99127	-153.89220	-0.75205	-0.39238	0.37023	-0.25588	0.17074	0.99997	0.00447	-0.00646	-0.00451	0.99997	-0.00685	0.00643	0.00688	0.99996	
108	0.54000	94.20970	29.95421	1.01346	0.61330	0.00617	0.75009	1.15974	0.99991	-0.01309	-0.00011	0.01309	0.99986	0.01070	-0.00003	-0.01070	0.99994		-90.01419	-153.89233	-0.74765	-0.39661	0.37610	-0.25501	0.17300	0.99997	0.00445	-0.00656	-0.00450	0.99997	-0.00692	0.00653	0.00695	0.99995	
109	0.54500	94.22668	29.98096	1.01719	0.62438	0.00522	0.76015	1.17796	0.99991	-0.01327	-0.00009	0.01327	0.99985	0.01090	-0.00005	-0.01090	0.99994		-89.98774	-153.87088	-0.74817	-0.39870	0.37392	-0.26043	0.18328	0.99997	0.00455	-0.00653	-0.00459	0.99997	-0.00696	0.00649	0.00699	0.99995	
110	0.55000	94.21584	29.96331	1.01541	0.63494	0.00823	0.75415	1.16067	0.99991	-0.01316	-0.00014	0.01316	0.99985	0.01108	-0.00000	-0.01108	0.99994		-90.01822	-153.91247	-0.72522	-0.41194	0.37450	-0.25176	0.19033	0.99997	0.00439	-0.00654	-0.00444	0.99996	-0.00719	0.00650	0.00722	0.99995	
111	0.55500	94.22274	29.97198	1.01352	0.64426	0.01132	0.75846	1.19111	0.99991	-0.01324	-0.00020	0.01324	0.99985	0.01124	0.00005	-0.01125	0.99994		-90.00786	-153.90991	-0.71689	-0.41554	0.37274	-0.25125	0.17027	0.99997	0.00439	-0.00651	-0.00443	0.99996	-0.00725	0.00647	0.00728	0.99995	
112	0.56000	94.23185	29.99062	0.99894	0.65469	0.01254	0.76031	1.18806	0.99991	-0.01327	-0.00022	0.01327	0.99985	0.01143	0.00007	-0.01143	0.99993		-89.99614	-153.91203	-0.71270	-0.41886	0.37312	-0.25642	0.18695	0.99997	0.00448	-0.00651	-0.00452	0.99996	-0.00731	0.00648	0.00734	0.99995	
113	0.56500	94.20648	29.98930	1.00432	0.66452	0.01413	0.75549	1.18034	0.99991	-0.01319	-0.00025	0.01319	0.99985	0.01160	0.00009	-0.01160	0.99993		-90.02272	-153.89793	-0.70429	-0.42108	0.37774	-0.25564	0.18148	0.99997	0.00446	-0.00659	-0.00451	0.99996	-0.00735	0.00656	0.00738	0.99995	
114	0.57000	94.22574	29.99139	0.98014	0.67297	0.01379	0.76042	1.18867	0.99991	-0.01327	-0.00024	0.01327	0.99984	0.01175	0.00008	-0.01175	0.99993		-90.00690	-153.90377	-0.70001	-0.42534	0.37715	-0.25763	0.18945	0.99997	0.00450	-0.00658	-0.00455	0.99996	-0.00742	0.00655	0.00745	0.99995	
115	0.57500	94.21935	29.98686	0.99041	0.68165	0.01480	0.75972	1.20585	0.99991	-0.01326	-0.00026	0.01326	0.99984	0.01190	0.00010	-0.01190	0.99993		-90.05603	-153.92828	-0.69033	-0.43162	0.37884	-0.25129	0.17075	0.99997	0.00439	-0.00661	-0.00444	0.99996	-0.00753	0.00658	0.00756	0.99995	
116	0.58000	94.19874	29.99748	1.00289	0.69128	0.02083	0.76120	1.19400	0.99991	-0.01328	-0.00036	0.01329	0.99984	0.01206	0.00020	-0.01207	0.99993		-90.05743	-153.91685	-0.67363	-0.43320	0.38008	-0.25215	0.17730	0.99997	0.00440	-0.00663	-0.00445	0.99996	-0.00756	0.00660	0.00759	0.99995	
117	0.58500	94.17425	30.00362	0.99446	0.69883	0.02294	0.75134	1.19052	0.99991	-0.01311	-0.00040	0.01312	0.99984	0.01220	0.00024	-0.01220	0.99993		-90.02422	-153.93904	-0.66125	-0.43879	0.37977	-0.25508	0.18938	0.99997	0.00445	-0.00663	-0.00450	0.99996	-0.00766	0.00659	0.00769	0.99995	
118	0.59000	94.15293	30.00881	1.01044	0.70878	0.02708	0.75368	1.19099	0.99991	-0.01315	-0.00047	0.01316	0.99984	0.01237	0.00031	-0.01238	0.99992		-90.05249	-153.90746	-0.65294	-0.43609	0.38237	-0.25552	0.17412	0.99997	0.00446	-0.00667	-0.00451	0.99996	-0.00761	0.00664	0.00764	0.99995	
119	0.59500	94.18038	30.02740	0.99449	0.71787	0.02586	0.75763	1.20523	0.99991	-0.01322	-0.00045	0.01323	0.99983	0.01253	0.00029	-0.01253	0.99992		-90.07120	-153.93164	-0.62715	-0.44282	0.38458	-0.25304	0.17994	0.99997	0.00442	-0.00671	-0.00447	0.99996	-0.00773	0.00668	0.00776	0.99995	
120	0.60000	94.20562	30.01185	0.98718	0.72106	0.02161	0.75655	1.19428	0.99991	-0.01320	-0.00038	0.01321	0.99983	0.01258	0.00021	-0.01259	0.99992		-90.06350	-153.94114	-0.62254	-0.44497	0.38293	-0.25324	0.18585	0.99997	0.00442	-0.00668	-0.00447	0.99996	-0.00777	0.00665	0.00780	0.99995	
121	0.60500	94.17986	30.02840	0.98595	0.73122	0.02652	0.75855	1.18941	0.99991	-0.01324	-0.00046	0.01324	0.99983	0.01276	0.00029	-0.01277	0.99992		-90.09044	-153.91352	-0.62326	-0.44073	0.38941	-0.25429	0.18336	0.99997	0.00444	-0.00680	-0.00449	0.99996	-0.00769	0.00676	0.00772	0.99995	
122	0.61000	94.17819	30.03276	0.97877	0.73610	0.02632	0.75139	1.18504	0.99991	-0.01311	-0.00046	0.01312	0.99983	0.01285	0.00029	-0.01285	0.99992		-90.07741	-153.91878	-0.60223	-0.44288	0.38903	-0.25203	0.17441	0.99997	0.00440	-0.00679	-0.00445	0.99996	-0.00773	0.00676	0.00776	0.99995	
123	0.61500	94.14940	30.03126	0.98652	0.74051	0.02813	0.75363	1.18675	0.99991	-0.01315	-0.00049	0.01316	0.99983	0.01292	0.00032	-0.01293	0.99992		-90.09050	-153.90811	-0.61064	-0.44169	0.38979	-0.25057	0.17586	0.99997	0.00437	-0.00680	-0.00443	0.99996	-0.00771	0.00677	0.00774	0.99995	
124	0.62000	94.16105	30.00862	0.98757	0.74424	0.02708	0.75246	1.19514	0.99991	-0.01313	-0.00047	0.01314	0.99983	0.01299	0.00030	-0.01299	0.99992		-90.07867	-153.89516	-0.59027	-0.44162	0.39008	-0.25553	0.17425	0.99997	0.00446	-0.00681	-0.00451	0.99996	-0.00771	0.00677	0.00774	0.99995	
125	0.62500	94.11900	30.07063	1.01392	0.75867	0.02453	0.73632	1.17285	0.99992	-0.01285	-0.00043	0.01286	0.99983	0.01324	0.00026	-0.01325	0.99991		-90.05831	-153.89530	-0.57840	-0.43808	0.39191	-0.25506	0.17815	0.99997	0.00445	-0.00684	-0.00450	0.99996	-0.00765	0.00681	0.00768	0.99995	
126	0.63000	94.11855	30.07130	0.97944	0.76164	0.02214	0.74218	1.16147	0.99992	-0.01295	-0.00039	0.01296	0.99983	0.01329	0.00021	-0.01330	0.99991		-90.11122	-153.90684	-0.57734	-0.43843	0.39175	-0.25322	0.18005	0.99997	0.00442	-0.00684	-0.00447	0.99996	-0.00765	0.00680	0.00768	0.99995	
127	0.63500	94.11502	30.07707	1.00760	0.76503	0.02335	0.74049	1.14857	0.99992	-0.01292	-0.00041	0.01293	0.99983	0.01335	0.00023	-0.01336	0.99991		-90.09631	-153.89385	-0.56962	-0.43809	0.39602	-0.25444	0.18128	0.99997	0.00444	-0.00691	-0.00449	0.99996	-0.00765	0.00688	0.00768	0.99995	
128	0.64000	94.09877	30.08923	1.00233	0.77015	0.02364	0.73813	1.16335	0.99992	-0.01288	-0.00041	0.01289	0.99983	0.01344	0.00024	-0.01345	0.99991		-90.06703	-153.90631	-0.54907	-0.43652	0.39327	-0.25724	0.17119	0.99997	0.00449	-0.00686	-0.00454	0.99996	-0.00762	0.00683	0.00765	0.99995	
129	0.64500	94.11225	30.06941	0.99748	0.76931	0.01708	0.73474	1.16350	0.99992	-0.01282	-0.00030	0.01283	0.99983	0.01343	0.00013	-0.01343	0.99991		-90.11519	-153.89824	-0.54041	-0.43409	0.39703	-0.25604	0.18038	0.99997	0.00447	-0.00693	-0.00452	0.99996	-0.00758	0.00690	0.00761	0.99995	
130	0.65000	94.10436	30.09464	1.00360	0.77255	0.01807	0.73589	1.15412	0.99992	-0.01284	-0.00032	0.01285	0.99983	0.01348	0.00014	-0.01349	0.99991		-90.06712	-153.89463	-0.52011	-0.43384	0.39341	-0.25495	0.18114	0.99997	0.00445	-0.00687	-0.00450	0.99996	-0.00757	0.00683	0.00760	0.99995	
131	0.65500	94.09614	30.08240	1.02023	0.77119	0.02293	0.74206	1.17707	0.99992	-0.01295	-0.00040	0.01296	0.99983	0.01346	0.00023	-0.01346	0.99991		-90.09858	-153.88422	-0.50457	-0.42294	0.40360	-0.25533	0.16917	0.99997	0.00446	-0.00704	-0.00451	0.99996	-0.00738	0.00701	0.00741	0.99995	
132	0.66000	94.07775	30.08311	1.03192	0.77074	0.02208	0.73792	1.16442	0.99992	-0.01288	-0.00039	0.01288	0.99983	0.01345	0.00021	-0.01346	0.99991		-90.11092	-153.88375	-0.49110	-0.42647	0.40008	-0.25178	0.17472	0.99997	0.00439	-0.00698	-0.00445	0.99996	-0.00744	0.00695	0.00747	0.99995	
133	0.66500	94.09330	30.07997	1.03437	0.76916	0.02266	0.74127	1.16131	0.99992	-0.01294	-0.00040	0.01294	0.99983	0.01342	0.00022	-0.01343	0.99991		-90.07894	-153.87950	-0.50077	-0.41855	0.40094	-0.25647	0.17544	0.99997	0.00448	-0.00700	-0.00453	0.99996	-0.00730	0.00696	0.00734	0.99995	
134	0.67000	94.10017	30.07442	1.03979	0.76607	0.01927	0.74690	1.17458	0.99991	-0.01304	-0.00034	0.01304	0.99983	0.01337	0.00016	-0.01337	0.99991		-90.09208	-153.88972	-0.47537	-0.41799	0.40105	-0.25581	0.19331	0.99997	0.00446	-0.00700	-0.00452	0.99996	-0.00729	0.00697	0.00733	0.99995	
135	0.67500	94.09412	30.07339	1.03769	0.76554	0.01629	0.74008	1.14976	0.99992	-0.01292	-0.00028	0.01292	0.99983	0.01336	0.00011	-0.01336	0.99991		-90.13660	-153.86911	-0.46280	-0.41153	0.40633	-0.25404	0.18375	0.99997	0.00443	-0.00709	-0.00448	0.99996	-0.00718	0.00706	0.00721	0.99995	
136	0.68000	94.06346	30.06977	1.05812	0.76069	0.01787	0.74305	1.16738	0.99992	-0.01297	-0.00031	0.01297	0.99983	0.01328	0.00014	-0.01328	0.99991		-90.10170	-153.88831	-0.45918	-0.41034	0.40420	-0.24888	0.17743	0.99997	0.00434	-0.00705	-0.00439	0.99996	-0.00716	0.00702	0.00719	0.99995	
137	0.68500	94.09368	30.06259	1.04099	0.75529	0.01500	0.73843	1.15270	0.99992	-0.01289	-0.00026	0.01289	0.99983	0.01318	0.00009	-0.01318	0.99991		-90.14268	-153.86440	-0.46814	-0.40181	0.41075	-0.25499	0.18185	0.99996	0.00445	-0.00717	-0.00450	0.99997	-0.00701	0.00714	0.00704	0.99995	
138	0.69000	94.10059	30.05520	1.06952	0.75051	0.01192	0.73866	1.16058	0.99992	-0.01289	-0.00021	0.01289	0.99983	0.01310	0.00004	-0.01310	0.99991		-90.15614	-153.82351	-0.45668	-0.39047	0.41349	-0.25400	0.16329	0.99996	0.00443	-0.00722	-0.00448	0.99997	-0.00681	0.00719	0.00685	0.99995	
