NO_OF_FRAMES	12033
NO_OF_CAMERAS	8
NO_OF_BODIES	2
FREQUENCY	200
NO_OF_ANALOG	0
ANALOG_FREQUENCY	0
DESCRIPTION	--
TIME_STAMP	2013-07-03, 14:55:01	22518.26499020
DATA_INCLUDED	6D
BODY_NAMES	Ice 1	Ice 2
Frame	Time	Ice 1 X	Y	Z	Roll	Pitch	Yaw	Residual	Rot[0]	Rot[1]	Rot[2]	Rot[3]	Rot[4]	Rot[5]	Rot[6]	Rot[7]	Rot[8]	Ice 2 X	Y	Z	Roll	Pitch	Yaw	Residual	Rot[0]	Rot[1]	Rot[2]	Rot[3]	Rot[4]	Rot[5]	Rot[6]	Rot[7]	Rot[8]	
1	0.00500	21.70426	-23.87188	0.50325	0.46538	-0.04610	-0.36805	1.00367	0.99998	0.00642	0.00080	-0.00643	0.99995	0.00812	-0.00075	-0.00813	0.99997		-91.18387	-145.18636	-0.89135	-0.54477	0.41509	-1.77059	0.20030	0.99950	0.03090	-0.00724	-0.03097	0.99948	-0.00951	0.00695	0.00973	0.99993	
2	0.01000	21.58419	-23.92991	0.52624	0.45569	-0.02097	-0.36620	0.96209	0.99998	0.00639	0.00037	-0.00639	0.99995	0.00795	-0.00032	-0.00796	0.99997		-91.20694	-145.16548	-0.88384	-0.53212	0.41376	-1.76745	0.16686	0.99950	0.03084	-0.00722	-0.03091	0.99948	-0.00929	0.00693	0.00951	0.99993	
3	0.01500	21.54203	-23.90107	0.58145	0.46627	-0.02314	-0.37738	0.94684	0.99998	0.00659	0.00040	-0.00659	0.99995	0.00814	-0.00035	-0.00814	0.99997		-91.21857	-145.13122	-0.87647	-0.51731	0.41218	-1.76482	0.15404	0.99950	0.03080	-0.00719	-0.03086	0.99948	-0.00903	0.00691	0.00925	0.99993	
4	0.02000	21.56163	-23.89256	0.59179	0.47146	-0.02834	-0.37945	0.95550	0.99998	0.00662	0.00049	-0.00663	0.99994	0.00823	-0.00044	-0.00823	0.99997		-91.22652	-145.11191	-0.86859	-0.50505	0.40744	-1.76474	0.15763	0.99950	0.03079	-0.00711	-0.03086	0.99948	-0.00881	0.00684	0.00903	0.99994	
5	0.02500	21.55741	-23.88895	0.64857	0.47550	-0.02461	-0.38360	0.94334	0.99998	0.00670	0.00043	-0.00670	0.99994	0.00830	-0.00037	-0.00830	0.99997		-91.16418	-145.10992	-0.83210	-0.49299	0.39799	-1.76849	0.16347	0.99950	0.03086	-0.00695	-0.03092	0.99948	-0.00860	0.00668	0.00881	0.99994	
6	0.03000	21.55066	-23.88672	0.66822	0.48044	-0.02701	-0.38201	0.94863	0.99998	0.00667	0.00047	-0.00667	0.99994	0.00839	-0.00042	-0.00839	0.99996		-91.22872	-145.06356	-0.83679	-0.47383	0.39880	-1.76823	0.15932	0.99950	0.03086	-0.00696	-0.03091	0.99949	-0.00827	0.00670	0.00848	0.99994	
7	0.03500	21.50143	-23.89629	0.70928	0.48108	-0.01785	-0.37964	0.95342	0.99998	0.00663	0.00031	-0.00663	0.99994	0.00840	-0.00026	-0.00840	0.99996		-91.19046	-145.06734	-0.80827	-0.46553	0.39037	-1.76901	0.13800	0.99950	0.03087	-0.00681	-0.03092	0.99949	-0.00812	0.00656	0.00833	0.99994	
8	0.04000	21.55424	-23.89308	0.74211	0.48543	-0.01772	-0.38010	0.94477	0.99998	0.00663	0.00031	-0.00664	0.99994	0.00847	-0.00025	-0.00847	0.99996		-91.17420	-145.03809	-0.78456	-0.45027	0.38941	-1.76677	0.15319	0.99950	0.03083	-0.00680	-0.03088	0.99949	-0.00786	0.00655	0.00806	0.99995	
9	0.04500	21.52353	-23.90985	0.75300	0.48634	-0.01758	-0.38113	0.95025	0.99998	0.00665	0.00031	-0.00665	0.99994	0.00849	-0.00025	-0.00849	0.99996		-91.21515	-145.00279	-0.78086	-0.43253	0.38712	-1.76737	0.16409	0.99950	0.03084	-0.00676	-0.03089	0.99949	-0.00755	0.00652	0.00775	0.99995	
10	0.05000	21.51999	-23.90469	0.80167	0.49272	-0.01809	-0.38054	0.95848	0.99998	0.00664	0.00032	-0.00664	0.99994	0.00860	-0.00026	-0.00860	0.99996		-91.20117	-144.97608	-0.76146	-0.41501	0.38364	-1.77055	0.13737	0.99950	0.03090	-0.00670	-0.03094	0.99949	-0.00724	0.00647	0.00745	0.99995	
11	0.05500	21.27455	-24.05610	0.95560	0.49230	-0.00917	-0.36448	1.02219	0.99998	0.00636	0.00016	-0.00636	0.99994	0.00859	-0.00011	-0.00859	0.99996		-91.20389	-144.93972	-0.74171	-0.39636	0.38218	-1.77382	0.14999	0.99950	0.03095	-0.00667	-0.03100	0.99950	-0.00692	0.00645	0.00712	0.99995	
12	0.06000	21.28719	-24.07082	0.99014	0.49647	-0.00890	-0.36498	1.03212	0.99998	0.00637	0.00016	-0.00637	0.99994	0.00867	-0.00010	-0.00867	0.99996		-91.20576	-144.90309	-0.70878	-0.38036	0.37582	-1.76944	0.14132	0.99950	0.03088	-0.00656	-0.03092	0.99950	-0.00664	0.00635	0.00684	0.99996	
13	0.06500	21.29857	-24.07511	1.02798	0.50175	-0.01064	-0.36432	1.03575	0.99998	0.00636	0.00019	-0.00636	0.99994	0.00876	-0.00013	-0.00876	0.99996		-91.18631	-144.86805	-0.69347	-0.36083	0.37132	-1.77554	0.15455	0.99950	0.03098	-0.00648	-0.03102	0.99950	-0.00630	0.00628	0.00650	0.99996	
14	0.07000	21.26925	-24.09582	1.05497	0.50350	-0.00358	-0.36430	1.03559	0.99998	0.00636	0.00006	-0.00636	0.99994	0.00879	-0.00001	-0.00879	0.99996		-91.21235	-144.82596	-0.66952	-0.34082	0.37491	-1.77515	0.17437	0.99950	0.03098	-0.00654	-0.03102	0.99950	-0.00595	0.00636	0.00615	0.99996	
15	0.07500	21.25152	-24.11865	1.08538	0.50564	-0.00382	-0.36163	1.04772	0.99998	0.00631	0.00007	-0.00631	0.99994	0.00883	-0.00001	-0.00883	0.99996		-91.17672	-144.80968	-0.64123	-0.32580	0.36665	-1.77652	0.16175	0.99950	0.03100	-0.00640	-0.03104	0.99950	-0.00569	0.00622	0.00588	0.99996	
16	0.08000	21.23908	-24.11664	1.13621	0.51107	-0.00110	-0.36483	1.05664	0.99998	0.00637	0.00002	-0.00637	0.99994	0.00892	0.00004	-0.00892	0.99996		-91.17480	-144.75023	-0.63446	-0.30396	0.36417	-1.78244	0.16466	0.99950	0.03110	-0.00636	-0.03114	0.99950	-0.00531	0.00619	0.00550	0.99997	
17	0.08500	21.23672	-24.12801	1.13718	0.51695	-0.00318	-0.36432	1.04676	0.99998	0.00636	0.00006	-0.00636	0.99994	0.00902	0.00000	-0.00902	0.99996		-91.17164	-144.73832	-0.59735	-0.28896	0.36078	-1.77897	0.17033	0.99950	0.03104	-0.00630	-0.03108	0.99950	-0.00504	0.00614	0.00524	0.99997	
18	0.09000	21.20618	-24.12975	1.17208	0.52183	-0.00111	-0.36417	1.06544	0.99998	0.00636	0.00002	-0.00636	0.99994	0.00911	0.00004	-0.00911	0.99996		-91.17020	-144.69935	-0.58191	-0.26848	0.36037	-1.78425	0.17914	0.99950	0.03114	-0.00629	-0.03117	0.99950	-0.00469	0.00614	0.00488	0.99997	
19	0.09500	21.21260	-24.12305	1.21065	0.52626	-0.00068	-0.36291	1.06337	0.99998	0.00633	0.00001	-0.00633	0.99994	0.00918	0.00005	-0.00918	0.99996		-91.15904	-144.68006	-0.56564	-0.25229	0.35028	-1.78428	0.16068	0.99950	0.03114	-0.00611	-0.03116	0.99950	-0.00440	0.00597	0.00459	0.99997	
20	0.10000	21.15265	-24.14153	1.21855	0.53153	0.00841	-0.36331	1.06991	0.99998	0.00634	-0.00015	-0.00634	0.99994	0.00928	0.00021	-0.00928	0.99996		-91.15082	-144.65189	-0.53740	-0.23443	0.34823	-1.78108	0.16236	0.99950	0.03108	-0.00608	-0.03111	0.99951	-0.00409	0.00595	0.00428	0.99997	
21	0.10500	21.21957	-24.13140	1.23606	0.53551	0.00430	-0.36159	1.07953	0.99998	0.00631	-0.00008	-0.00631	0.99994	0.00935	0.00013	-0.00935	0.99996		-91.16602	-144.61754	-0.51736	-0.21540	0.34677	-1.78568	0.15932	0.99950	0.03116	-0.00605	-0.03118	0.99951	-0.00376	0.00593	0.00395	0.99997	
22	0.11000	21.18979	-24.14338	1.27073	0.53775	0.00907	-0.35780	1.07563	0.99998	0.00624	-0.00016	-0.00624	0.99994	0.00939	0.00022	-0.00938	0.99996		-91.15575	-144.59431	-0.49719	-0.19982	0.34216	-1.78933	0.15966	0.99949	0.03122	-0.00597	-0.03125	0.99951	-0.00349	0.00586	0.00367	0.99998	
23	0.11500	21.17883	-24.15481	1.29194	0.54341	0.00947	-0.35732	1.08189	0.99998	0.00624	-0.00017	-0.00623	0.99994	0.00948	0.00022	-0.00948	0.99996		-91.19166	-144.57394	-0.47682	-0.18384	0.34561	-1.78990	0.16499	0.99949	0.03123	-0.00603	-0.03125	0.99951	-0.00321	0.00593	0.00340	0.99998	
24	0.12000	21.20340	-24.15752	1.29795	0.54564	0.01019	-0.35767	1.06414	0.99998	0.00624	-0.00018	-0.00624	0.99994	0.00952	0.00024	-0.00952	0.99995		-91.17653	-144.55456	-0.45265	-0.16673	0.34419	-1.78675	0.17203	0.99950	0.03118	-0.00601	-0.03120	0.99951	-0.00291	0.00591	0.00310	0.99998	
25	0.12500	21.21895	-24.15230	1.33439	0.55290	0.00708	-0.35511	1.08908	0.99998	0.00620	-0.00012	-0.00620	0.99993	0.00965	0.00018	-0.00965	0.99995		-91.15004	-144.53672	-0.44064	-0.15256	0.33577	-1.78933	0.16958	0.99950	0.03122	-0.00586	-0.03124	0.99951	-0.00266	0.00577	0.00284	0.99998	
26	0.13000	21.20244	-24.15924	1.33347	0.55655	0.00770	-0.36039	1.06595	0.99998	0.00629	-0.00013	-0.00629	0.99993	0.00971	0.00020	-0.00971	0.99995		-91.17472	-144.52464	-0.40374	-0.13605	0.34095	-1.78735	0.18292	0.99950	0.03119	-0.00595	-0.03120	0.99951	-0.00237	0.00587	0.00256	0.99998	
27	0.13500	21.19252	-24.16258	1.36010	0.56022	0.01033	-0.36108	1.08283	0.99998	0.00630	-0.00018	-0.00630	0.99993	0.00978	0.00024	-0.00978	0.99995		-91.19045	-144.46897	-0.40005	-0.11673	0.33556	-1.78989	0.17960	0.99949	0.03123	-0.00586	-0.03125	0.99951	-0.00204	0.00579	0.00222	0.99998	
28	0.14000	21.17181	-24.18866	1.37669	0.56195	0.01419	-0.36126	1.08835	0.99998	0.00631	-0.00025	-0.00630	0.99993	0.00981	0.00031	-0.00981	0.99995		-91.19358	-144.46213	-0.37575	-0.10244	0.33831	-1.78636	0.17052	0.99950	0.03117	-0.00590	-0.03118	0.99951	-0.00179	0.00585	0.00197	0.99998	
29	0.14500	21.18317	-24.18181	1.38933	0.56562	0.01415	-0.35841	1.08574	0.99998	0.00626	-0.00025	-0.00625	0.99993	0.00987	0.00031	-0.00987	0.99995		-91.17929	-144.43589	-0.34762	-0.08498	0.33479	-1.78685	0.15266	0.99950	0.03118	-0.00584	-0.03119	0.99951	-0.00148	0.00579	0.00166	0.99998	
30	0.15000	21.16929	-24.19826	1.40727	0.56854	0.01738	-0.35664	1.08326	0.99998	0.00622	-0.00030	-0.00622	0.99993	0.00992	0.00037	-0.00992	0.99995		-91.19500	-144.40385	-0.32690	-0.07066	0.33442	-1.78613	0.16369	0.99950	0.03117	-0.00584	-0.03118	0.99951	-0.00123	0.00580	0.00141	0.99998	
31	0.15500	21.12900	-24.19935	1.41403	0.57066	0.02223	-0.35690	1.08805	0.99998	0.00623	-0.00039	-0.00622	0.99993	0.00996	0.00045	-0.00996	0.99995		-91.17966	-144.38667	-0.30284	-0.05405	0.33278	-1.78838	0.15480	0.99950	0.03121	-0.00581	-0.03121	0.99951	-0.00094	0.00578	0.00112	0.99998	
32	0.16000	21.16055	-24.21442	1.42102	0.57347	0.02050	-0.35792	1.08055	0.99998	0.00625	-0.00036	-0.00624	0.99993	0.01001	0.00042	-0.01001	0.99995		-91.18813	-144.37161	-0.29086	-0.03985	0.33718	-1.78686	0.17013	0.99950	0.03118	-0.00588	-0.03119	0.99951	-0.00070	0.00586	0.00088	0.99998	
33	0.16500	21.15482	-24.21800	1.43911	0.57568	0.02041	-0.35703	1.07978	0.99998	0.00623	-0.00036	-0.00623	0.99993	0.01005	0.00042	-0.01004	0.99995		-91.21874	-144.32056	-0.27495	-0.02023	0.33743	-1.78981	0.15702	0.99949	0.03123	-0.00589	-0.03124	0.99951	-0.00035	0.00588	0.00054	0.99998	
34	0.17000	21.16638	-24.23867	1.43748	0.57803	0.01861	-0.35884	1.08824	0.99998	0.00626	-0.00032	-0.00626	0.99993	0.01009	0.00039	-0.01009	0.99995		-91.18496	-144.32370	-0.25867	-0.01325	0.33535	-1.78869	0.17082	0.99950	0.03121	-0.00585	-0.03121	0.99951	-0.00023	0.00584	0.00041	0.99998	
35	0.17500	21.18032	-24.22023	1.45660	0.58312	0.02267	-0.35442	1.08917	0.99998	0.00619	-0.00040	-0.00618	0.99993	0.01018	0.00046	-0.01017	0.99995		-91.21255	-144.28332	-0.24307	0.00635	0.33911	-1.78860	0.16105	0.99950	0.03121	-0.00592	-0.03121	0.99951	0.00011	0.00592	0.00007	0.99998	
36	0.18000	21.16763	-24.23043	1.45994	0.58365	0.02155	-0.35544	1.10191	0.99998	0.00620	-0.00038	-0.00620	0.99993	0.01019	0.00044	-0.01018	0.99995		-91.22257	-144.26405	-0.21839	0.02031	0.34171	-1.79132	0.16483	0.99949	0.03126	-0.00596	-0.03126	0.99951	0.00035	0.00597	-0.00017	0.99998	
37	0.18500	21.16666	-24.23561	1.46076	0.58774	0.01852	-0.35884	1.09932	0.99998	0.00626	-0.00032	-0.00626	0.99993	0.01026	0.00039	-0.01026	0.99995		-91.25691	-144.24812	-0.20650	0.03038	0.34815	-1.79139	0.15806	0.99949	0.03126	-0.00608	-0.03126	0.99951	0.00053	0.00609	-0.00034	0.99998	
38	0.19000	21.15863	-24.22618	1.45030	0.59172	0.02194	-0.35239	1.10325	0.99998	0.00615	-0.00038	-0.00615	0.99993	0.01033	0.00045	-0.01032	0.99995		-91.23920	-144.23622	-0.18220	0.04162	0.34694	-1.79494	0.14932	0.99949	0.03132	-0.00606	-0.03132	0.99951	0.00073	0.00608	-0.00054	0.99998	
39	0.19500	21.11283	-24.24420	1.46012	0.59139	0.02785	-0.35724	1.08835	0.99998	0.00623	-0.00049	-0.00623	0.99993	0.01032	0.00055	-0.01032	0.99995		-91.25297	-144.22880	-0.17809	0.05162	0.34840	-1.79240	0.15287	0.99949	0.03128	-0.00608	-0.03127	0.99951	0.00090	0.00611	-0.00071	0.99998	
40	0.20000	21.14460	-24.25386	1.46464	0.59150	0.02508	-0.35765	1.09435	0.99998	0.00624	-0.00044	-0.00624	0.99993	0.01032	0.00050	-0.01032	0.99995		-91.23557	-144.21425	-0.16655	0.06058	0.34994	-1.79078	0.15874	0.99949	0.03125	-0.00611	-0.03124	0.99951	0.00106	0.00614	-0.00087	0.99998	
41	0.20500	21.15682	-24.26352	1.46631	0.59224	0.02325	-0.35193	1.10061	0.99998	0.00614	-0.00041	-0.00614	0.99993	0.01034	0.00047	-0.01033	0.99995		-91.29011	-144.19653	-0.14938	0.07162	0.35416	-1.79584	0.17844	0.99949	0.03134	-0.00618	-0.03133	0.99951	0.00125	0.00622	-0.00106	0.99998	
42	0.21000	21.12275	-24.26586	1.44695	0.59178	0.02386	-0.35220	1.09430	0.99998	0.00615	-0.00042	-0.00614	0.99993	0.01033	0.00048	-0.01033	0.99995		-91.25306	-144.19083	-0.13797	0.07767	0.35402	-1.79594	0.15719	0.99949	0.03134	-0.00618	-0.03133	0.99951	0.00136	0.00622	-0.00116	0.99998	
43	0.21500	21.13299	-24.27514	1.45039	0.59547	0.02550	-0.35925	1.10455	0.99998	0.00627	-0.00045	-0.00627	0.99993	0.01039	0.00051	-0.01039	0.99995		-91.27457	-144.16193	-0.13410	0.08930	0.35525	-1.79422	0.15562	0.99949	0.03131	-0.00620	-0.03130	0.99951	0.00156	0.00625	-0.00136	0.99998	
44	0.22000	21.18698	-24.27380	1.43658	0.59611	0.01854	-0.35300	1.10960	0.99998	0.00616	-0.00032	-0.00616	0.99993	0.01040	0.00039	-0.01040	0.99995		-91.27180	-144.16011	-0.12607	0.09510	0.35591	-1.79593	0.15632	0.99949	0.03134	-0.00621	-0.03133	0.99951	0.00166	0.00626	-0.00146	0.99998	
45	0.22500	21.17128	-24.29709	1.43782	0.59511	0.02268	-0.35265	1.10056	0.99998	0.00615	-0.00040	-0.00615	0.99993	0.01039	0.00046	-0.01038	0.99995		-91.28960	-144.16506	-0.11395	0.10065	0.36329	-1.79521	0.15409	0.99949	0.03133	-0.00634	-0.03132	0.99951	0.00176	0.00639	-0.00156	0.99998	
46	0.23000	21.17692	-24.29184	1.42376	0.59650	0.02116	-0.35289	1.09732	0.99998	0.00616	-0.00037	-0.00615	0.99993	0.01041	0.00043	-0.01041	0.99995		-91.26211	-144.14323	-0.10630	0.10583	0.36153	-1.79228	0.14607	0.99949	0.03128	-0.00631	-0.03126	0.99951	0.00185	0.00636	-0.00165	0.99998	
47	0.23500	21.16331	-24.30792	1.42193	0.59421	0.02192	-0.35113	1.09904	0.99998	0.00613	-0.00038	-0.00612	0.99993	0.01037	0.00045	-0.01037	0.99995		-91.30530	-144.13423	-0.08944	0.11188	0.36594	-1.79629	0.15192	0.99949	0.03135	-0.00639	-0.03133	0.99951	0.00195	0.00644	-0.00175	0.99998	
48	0.24000	21.17954	-24.30893	1.40151	0.59507	0.01481	-0.35557	1.09724	0.99998	0.00621	-0.00026	-0.00620	0.99993	0.01039	0.00032	-0.01038	0.99995		-91.30832	-144.13069	-0.10670	0.11646	0.37289	-1.79487	0.16369	0.99949	0.03132	-0.00651	-0.03131	0.99951	0.00203	0.00657	-0.00183	0.99998	
49	0.24500	21.16505	-24.32185	1.39433	0.59360	0.01836	-0.35140	1.10351	0.99998	0.00613	-0.00032	-0.00613	0.99993	0.01036	0.00038	-0.01036	0.99995		-91.29628	-144.13218	-0.09441	0.11936	0.37190	-1.79396	0.14984	0.99949	0.03130	-0.00649	-0.03129	0.99951	0.00208	0.00655	-0.00188	0.99998	
50	0.25000	21.15155	-24.33467	1.38055	0.59251	0.01662	-0.35526	1.09678	0.99998	0.00620	-0.00029	-0.00620	0.99993	0.01034	0.00035	-0.01034	0.99995		-91.30369	-144.12132	-0.09474	0.12107	0.37601	-1.79455	0.15738	0.99949	0.03132	-0.00656	-0.03130	0.99951	0.00211	0.00663	-0.00191	0.99998	
51	0.25500	21.16810	-24.33250	1.36210	0.59157	0.01749	-0.35208	1.09984	0.99998	0.00614	-0.00031	-0.00614	0.99993	0.01032	0.00037	-0.01032	0.99995		-91.34206	-144.10975	-0.09063	0.12480	0.38227	-1.79468	0.15633	0.99949	0.03132	-0.00667	-0.03130	0.99951	0.00218	0.00674	-0.00197	0.99998	
52	0.26000	21.14685	-24.35706	1.36485	0.58694	0.01922	-0.35595	1.09071	0.99998	0.00621	-0.00034	-0.00621	0.99993	0.01024	0.00040	-0.01024	0.99995		-91.33775	-144.13410	-0.08656	0.12250	0.38290	-1.79431	0.14279	0.99949	0.03131	-0.00668	-0.03130	0.99951	0.00214	0.00675	-0.00193	0.99998	
53	0.26500	21.16959	-24.37613	1.35330	0.58467	0.01837	-0.35434	1.11027	0.99998	0.00618	-0.00032	-0.00618	0.99993	0.01020	0.00038	-0.01020	0.99995		-91.33882	-144.12334	-0.08701	0.12332	0.38833	-1.79315	0.16096	0.99949	0.03129	-0.00678	-0.03128	0.99951	0.00215	0.00684	-0.00194	0.99997	
54	0.27000	21.17846	-24.38143	1.33162	0.58233	0.01476	-0.35332	1.11136	0.99998	0.00617	-0.00026	-0.00616	0.99993	0.01016	0.00032	-0.01016	0.99995		-91.38022	-144.12581	-0.09925	0.12265	0.39312	-1.79701	0.16222	0.99948	0.03136	-0.00686	-0.03134	0.99951	0.00214	0.00692	-0.00192	0.99997	
55	0.27500	21.13208	-24.39118	1.30248	0.58151	0.02033	-0.35705	1.09644	0.99998	0.00623	-0.00035	-0.00623	0.99993	0.01015	0.00042	-0.01015	0.99995		-91.32196	-144.13630	-0.09175	0.12119	0.39382	-1.79303	0.16563	0.99949	0.03129	-0.00687	-0.03127	0.99951	0.00212	0.00694	-0.00190	0.99997	
56	0.28000	21.19020	-24.37987	1.29204	0.58136	0.00753	-0.35340	1.12014	0.99998	0.00617	-0.00013	-0.00617	0.99993	0.01015	0.00019	-0.01015	0.99995		-91.36569	-144.12124	-0.09212	0.12167	0.40211	-1.79937	0.15420	0.99948	0.03140	-0.00702	-0.03138	0.99951	0.00212	0.00708	-0.00190	0.99997	
57	0.28500	21.20083	-24.40073	1.27179	0.57588	0.00219	-0.34817	1.10529	0.99998	0.00608	-0.00004	-0.00608	0.99993	0.01005	0.00010	-0.01005	0.99995		-91.38231	-144.14149	-0.08771	0.11711	0.40589	-1.79625	0.16195	0.99948	0.03134	-0.00708	-0.03133	0.99951	0.00204	0.00714	-0.00182	0.99997	
58	0.29000	21.16208	-24.42192	1.25780	0.57348	0.00998	-0.35698	1.08793	0.99998	0.00623	-0.00017	-0.00623	0.99993	0.01001	0.00024	-0.01001	0.99995		-91.37416	-144.16094	-0.10023	0.11184	0.40682	-1.79798	0.15194	0.99948	0.03137	-0.00710	-0.03136	0.99951	0.00195	0.00716	-0.00173	0.99997	
59	0.29500	21.20064	-24.41441	1.22624	0.57161	-0.00161	-0.35044	1.10826	0.99998	0.00612	0.00003	-0.00612	0.99993	0.00998	0.00003	-0.00998	0.99995		-91.36389	-144.15563	-0.10894	0.10723	0.41042	-1.79502	0.15993	0.99948	0.03132	-0.00716	-0.03131	0.99951	0.00187	0.00722	-0.00165	0.99997	
60	0.30000	21.20437	-24.40965	1.19832	0.57276	-0.00282	-0.35002	1.10375	0.99998	0.00611	0.00005	-0.00611	0.99993	0.01000	0.00001	-0.01000	0.99995		-91.34941	-144.17833	-0.11747	0.10163	0.41442	-1.79416	0.15954	0.99948	0.03131	-0.00723	-0.03130	0.99951	0.00177	0.00728	-0.00155	0.99997	
61	0.30500	21.20354	-24.43627	1.18558	0.56578	-0.00294	-0.35237	1.10111	0.99998	0.00615	0.00005	-0.00615	0.99993	0.00987	0.00001	-0.00987	0.99995		-91.39395	-144.17130	-0.11323	0.09691	0.42126	-1.79633	0.16810	0.99948	0.03135	-0.00735	-0.03133	0.99951	0.00169	0.00740	-0.00146	0.99997	
62	0.31000	21.19671	-24.45564	1.17929	0.55960	-0.00277	-0.34849	1.09714	0.99998	0.00608	0.00005	-0.00608	0.99993	0.00977	0.00001	-0.00977	0.99995		-91.39231	-144.19752	-0.13386	0.08887	0.42145	-1.79310	0.15559	0.99948	0.03129	-0.00736	-0.03128	0.99951	0.00155	0.00740	-0.00132	0.99997	
63	0.31500	21.19229	-24.44012	1.16271	0.55964	-0.00826	-0.35608	1.09965	0.99998	0.00621	0.00014	-0.00622	0.99993	0.00977	-0.00008	-0.00977	0.99995		-91.40117	-144.21608	-0.13831	0.08223	0.43119	-1.79094	0.16598	0.99948	0.03125	-0.00753	-0.03124	0.99951	0.00144	0.00757	-0.00120	0.99997	
64	0.32000	21.21656	-24.45923	1.12700	0.55483	-0.00882	-0.35567	1.09646	0.99998	0.00621	0.00015	-0.00621	0.99993	0.00968	-0.00009	-0.00968	0.99995		-91.40234	-144.22487	-0.14621	0.07198	0.43332	-1.78852	0.16888	0.99948	0.03121	-0.00756	-0.03120	0.99951	0.00126	0.00760	-0.00102	0.99997	
65	0.32500	21.18300	-24.47645	1.10773	0.55133	-0.00898	-0.35329	1.09347	0.99998	0.00617	0.00016	-0.00617	0.99993	0.00962	-0.00010	-0.00962	0.99995		-91.44189	-144.22246	-0.15030	0.06626	0.43904	-1.79494	0.17189	0.99948	0.03132	-0.00766	-0.03131	0.99951	0.00116	0.00770	-0.00092	0.99997	
66	0.33000	21.22699	-24.46120	1.09563	0.54927	-0.01452	-0.35106	1.10260	0.99998	0.00613	0.00025	-0.00613	0.99994	0.00959	-0.00019	-0.00959	0.99995		-91.43785	-144.25552	-0.16244	0.05374	0.44164	-1.79213	0.16277	0.99948	0.03127	-0.00771	-0.03127	0.99951	0.00094	0.00773	-0.00070	0.99997	
67	0.33500	21.21726	-24.49016	1.07207	0.54224	-0.01589	-0.35699	1.08571	0.99998	0.00623	0.00028	-0.00623	0.99994	0.00946	-0.00022	-0.00947	0.99996		-91.45222	-144.26716	-0.16705	0.04754	0.45061	-1.79265	0.15937	0.99948	0.03128	-0.00786	-0.03128	0.99951	0.00083	0.00789	-0.00058	0.99997	
68	0.34000	21.18500	-24.51339	1.04477	0.53621	-0.01535	-0.35217	1.10033	0.99998	0.00615	0.00027	-0.00615	0.99994	0.00936	-0.00021	-0.00936	0.99996		-91.43358	-144.28326	-0.18784	0.03474	0.45060	-1.79488	0.16646	0.99948	0.03132	-0.00786	-0.03132	0.99951	0.00061	0.00788	-0.00036	0.99997	
69	0.34500	21.22708	-24.50847	1.02748	0.53207	-0.02140	-0.34671	1.09674	0.99998	0.00605	0.00037	-0.00605	0.99994	0.00929	-0.00032	-0.00929	0.99996		-91.41477	-144.31091	-0.19639	0.02302	0.45716	-1.79240	0.17013	0.99948	0.03128	-0.00798	-0.03128	0.99951	0.00040	0.00799	-0.00015	0.99997	
70	0.35000	21.23408	-24.51446	0.98254	0.52697	-0.02696	-0.34668	1.10754	0.99998	0.00605	0.00047	-0.00605	0.99994	0.00920	-0.00041	-0.00920	0.99996		-91.42841	-144.33018	-0.21655	0.00885	0.45537	-1.79478	0.15916	0.99948	0.03132	-0.00795	-0.03132	0.99951	0.00015	0.00795	0.00009	0.99997	
71	0.35500	21.21237	-24.53459	0.97750	0.52243	-0.02534	-0.35739	1.09432	0.99998	0.00624	0.00044	-0.00624	0.99994	0.00912	-0.00039	-0.00912	0.99996		-91.42218	-144.34983	-0.22491	-0.00353	0.46029	-1.78991	0.15791	0.99948	0.03123	-0.00803	-0.03124	0.99951	-0.00006	0.00803	0.00031	0.99997	
72	0.36000	21.24581	-24.54230	0.95481	0.51669	-0.02799	-0.35185	1.09056	0.99998	0.00614	0.00049	-0.00615	0.99994	0.00902	-0.00043	-0.00902	0.99996		-91.45416	-144.37370	-0.24106	-0.01405	0.46658	-1.79600	0.15830	0.99948	0.03134	-0.00814	-0.03134	0.99951	-0.00025	0.00813	0.00050	0.99997	
73	0.36500	21.20867	-24.55545	0.91657	0.51087	-0.02872	-0.35186	1.09165	0.99998	0.00614	0.00050	-0.00615	0.99994	0.00892	-0.00045	-0.00892	0.99996		-91.46403	-144.38339	-0.26592	-0.02642	0.47107	-1.79464	0.16253	0.99948	0.03132	-0.00822	-0.03132	0.99951	-0.00046	0.00820	0.00072	0.99997	
74	0.37000	21.18428	-24.57054	0.90399	0.50585	-0.02596	-0.35672	1.08201	0.99998	0.00623	0.00045	-0.00623	0.99994	0.00883	-0.00040	-0.00883	0.99996		-91.44781	-144.42901	-0.29057	-0.04395	0.47144	-1.79300	0.15227	0.99948	0.03129	-0.00823	-0.03129	0.99951	-0.00077	0.00820	0.00102	0.99997	
75	0.37500	21.24334	-24.56710	0.86749	0.50383	-0.03818	-0.35487	1.08950	0.99998	0.00619	0.00067	-0.00620	0.99994	0.00879	-0.00061	-0.00880	0.99996		-91.47580	-144.45132	-0.29822	-0.05918	0.48018	-1.78873	0.16373	0.99948	0.03121	-0.00838	-0.03122	0.99951	-0.00103	0.00834	0.00129	0.99996	
76	0.38000	21.21190	-24.56779	0.83868	0.49924	-0.03839	-0.35447	1.09153	0.99998	0.00619	0.00067	-0.00619	0.99994	0.00871	-0.00062	-0.00872	0.99996		-91.48206	-144.50242	-0.31371	-0.07735	0.47851	-1.78953	0.15664	0.99948	0.03123	-0.00835	-0.03124	0.99951	-0.00135	0.00831	0.00161	0.99996	
77	0.38500	21.21850	-24.56277	0.83293	0.49292	-0.03902	-0.35370	1.08582	0.99998	0.00617	0.00068	-0.00618	0.99994	0.00860	-0.00063	-0.00861	0.99996		-91.51343	-144.49678	-0.33844	-0.08736	0.48571	-1.79028	0.15582	0.99948	0.03124	-0.00848	-0.03125	0.99951	-0.00152	0.00843	0.00179	0.99996	
78	0.39000	21.22580	-24.59014	0.81013	0.48656	-0.04233	-0.35544	1.07681	0.99998	0.00620	0.00074	-0.00621	0.99994	0.00849	-0.00069	-0.00850	0.99996		-91.45984	-144.55010	-0.34658	-0.10729	0.48472	-1.78759	0.15567	0.99948	0.03119	-0.00846	-0.03121	0.99951	-0.00187	0.00840	0.00214	0.99996	
79	0.39500	21.17602	-24.59655	0.80677	0.48132	-0.03707	-0.35132	1.08498	0.99998	0.00613	0.00065	-0.00614	0.99995	0.00840	-0.00060	-0.00840	0.99996		-91.49369	-144.56832	-0.36219	-0.12184	0.49040	-1.79298	0.17437	0.99947	0.03129	-0.00856	-0.03131	0.99951	-0.00213	0.00849	0.00239	0.99996	
80	0.40000	21.20360	-24.62303	0.76626	0.47340	-0.04515	-0.35416	1.07313	0.99998	0.00618	0.00079	-0.00619	0.99995	0.00826	-0.00074	-0.00827	0.99997		-91.48730	-144.58741	-0.38263	-0.13655	0.49095	-1.79018	0.16465	0.99948	0.03124	-0.00857	-0.03126	0.99951	-0.00238	0.00849	0.00265	0.99996	
81	0.40500	21.21616	-24.61447	0.74845	0.47107	-0.04864	-0.35291	1.08085	0.99998	0.00616	0.00085	-0.00617	0.99995	0.00822	-0.00080	-0.00823	0.99997		-91.50204	-144.62938	-0.40650	-0.15348	0.49389	-1.78845	0.16433	0.99948	0.03121	-0.00862	-0.03123	0.99951	-0.00268	0.00853	0.00295	0.99996	
82	0.41000	21.20235	-24.60566	0.71112	0.46625	-0.04593	-0.35234	1.08668	0.99998	0.00615	0.00080	-0.00616	0.99995	0.00814	-0.00075	-0.00814	0.99997		-91.49147	-144.66305	-0.42669	-0.17151	0.49378	-1.78532	0.16588	0.99948	0.03115	-0.00862	-0.03118	0.99951	-0.00299	0.00852	0.00326	0.99996	
83	0.41500	21.20663	-24.64674	0.70753	0.45317	-0.04412	-0.34823	1.09430	0.99998	0.00608	0.00077	-0.00608	0.99995	0.00791	-0.00072	-0.00791	0.99997		-91.48222	-144.68657	-0.44690	-0.18795	0.49669	-1.78913	0.17706	0.99947	0.03122	-0.00867	-0.03125	0.99951	-0.00328	0.00856	0.00355	0.99996	
84	0.42000	21.28201	-24.69036	0.66737	0.44384	-0.05181	-0.33918	1.10605	0.99998	0.00592	0.00090	-0.00593	0.99995	0.00775	-0.00086	-0.00775	0.99997		-91.44160	-144.73752	-0.46275	-0.20898	0.49176	-1.78304	0.15816	0.99948	0.03111	-0.00858	-0.03115	0.99951	-0.00365	0.00847	0.00391	0.99996	
85	0.42500	21.26864	-24.68544	0.62916	0.44230	-0.05728	-0.34404	1.09882	0.99998	0.00600	0.00100	-0.00601	0.99995	0.00772	-0.00095	-0.00773	0.99997		-91.47374	-144.74922	-0.49134	-0.22088	0.49877	-1.78362	0.15865	0.99948	0.03112	-0.00871	-0.03116	0.99951	-0.00385	0.00858	0.00412	0.99995	
86	0.43000	21.25983	-24.70962	0.63425	0.43128	-0.05148	-0.33692	1.10556	0.99998	0.00588	0.00090	-0.00589	0.99995	0.00753	-0.00085	-0.00753	0.99997		-91.44512	-144.80680	-0.49866	-0.24118	0.49648	-1.78333	0.16207	0.99948	0.03112	-0.00867	-0.03116	0.99951	-0.00421	0.00853	0.00448	0.99995	
87	0.43500	21.25388	-24.70626	0.59276	0.42778	-0.05280	-0.34113	1.09973	0.99998	0.00595	0.00092	-0.00596	0.99995	0.00747	-0.00088	-0.00747	0.99997		-91.45375	-144.81335	-0.52726	-0.25490	0.50120	-1.78608	0.17250	0.99948	0.03117	-0.00875	-0.03121	0.99950	-0.00445	0.00860	0.00472	0.99995	
88	0.44000	21.25886	-24.70307	0.59248	0.42397	-0.05775	-0.33930	1.09992	0.99998	0.00592	0.00101	-0.00593	0.99996	0.00740	-0.00096	-0.00741	0.99997		-91.48573	-144.83965	-0.53840	-0.27145	0.50612	-1.78297	0.17011	0.99948	0.03111	-0.00883	-0.03116	0.99950	-0.00474	0.00868	0.00501	0.99995	
89	0.44500	21.25188	-24.73308	0.56263	0.41265	-0.05482	-0.34080	1.09849	0.99998	0.00595	0.00096	-0.00595	0.99996	0.00720	-0.00091	-0.00721	0.99997		-91.49553	-144.87585	-0.56678	-0.28789	0.51028	-1.78072	0.16477	0.99948	0.03107	-0.00891	-0.03112	0.99950	-0.00502	0.00875	0.00530	0.99995	
90	0.45000	21.25356	-24.73684	0.55205	0.40881	-0.05615	-0.34446	1.09800	0.99998	0.00601	0.00098	-0.00602	0.99996	0.00714	-0.00094	-0.00714	0.99997		-91.52330	-144.92397	-0.58992	-0.30786	0.50922	-1.77801	0.16170	0.99948	0.03103	-0.00889	-0.03107	0.99950	-0.00537	0.00872	0.00565	0.99995	
91	0.45500	21.27024	-24.72701	0.51924	0.40655	-0.06478	-0.33926	1.10275	0.99998	0.00592	0.00113	-0.00593	0.99996	0.00710	-0.00109	-0.00710	0.99997		-91.50703	-144.94786	-0.61811	-0.32648	0.51093	-1.77981	0.18156	0.99948	0.03106	-0.00892	-0.03111	0.99950	-0.00570	0.00874	0.00597	0.99994	
92	0.46000	21.25644	-24.75849	0.51604	0.39741	-0.06085	-0.34065	1.09240	0.99998	0.00595	0.00106	-0.00595	0.99996	0.00694	-0.00102	-0.00694	0.99998		-91.50757	-144.96906	-0.64649	-0.33995	0.50820	-1.78330	0.16746	0.99948	0.03112	-0.00887	-0.03117	0.99950	-0.00593	0.00868	0.00621	0.99994	
93	0.46500	21.24230	-24.75919	0.51399	0.39173	-0.05700	-0.33778	1.10337	0.99998	0.00590	0.00099	-0.00590	0.99996	0.00684	-0.00095	-0.00684	0.99998		-91.50538	-145.00967	-0.66220	-0.35824	0.51207	-1.78086	0.16550	0.99948	0.03108	-0.00894	-0.03113	0.99950	-0.00625	0.00874	0.00653	0.99994	
94	0.47000	21.29472	-24.74103	0.49442	0.39108	-0.06351	-0.34247	1.09908	0.99998	0.00598	0.00111	-0.00598	0.99996	0.00683	-0.00107	-0.00683	0.99998		-91.50946	-145.03174	-0.67363	-0.37282	0.51276	-1.77700	0.15618	0.99948	0.03101	-0.00895	-0.03107	0.99950	-0.00651	0.00874	0.00678	0.99994	
95	0.47500	21.26159	-24.74777	0.48272	0.38643	-0.06304	-0.33830	1.09823	0.99998	0.00590	0.00110	-0.00591	0.99996	0.00674	-0.00106	-0.00675	0.99998		-91.53151	-145.06768	-0.67641	-0.38958	0.51496	-1.77666	0.15604	0.99948	0.03100	-0.00899	-0.03106	0.99949	-0.00680	0.00877	0.00707	0.99994	
96	0.48000	21.29107	-24.74466	0.45649	0.38176	-0.06697	-0.34129	1.09977	0.99998	0.00596	0.00117	-0.00596	0.99996	0.00666	-0.00113	-0.00667	0.99998		-91.51758	-145.09426	-0.71697	-0.40514	0.51156	-1.77880	0.16274	0.99948	0.03104	-0.00893	-0.03110	0.99949	-0.00707	0.00870	0.00734	0.99994	
97	0.48500	21.27198	-24.74931	0.46058	0.37729	-0.06481	-0.34022	1.10429	0.99998	0.00594	0.00113	-0.00595	0.99996	0.00658	-0.00109	-0.00659	0.99998		-91.52468	-145.14069	-0.72391	-0.42193	0.51467	-1.77377	0.16099	0.99948	0.03095	-0.00898	-0.03102	0.99949	-0.00736	0.00875	0.00764	0.99993	
98	0.49000	21.25246	-24.72445	0.43029	0.37702	-0.06252	-0.34087	1.09723	0.99998	0.00595	0.00109	-0.00596	0.99996	0.00658	-0.00105	-0.00659	0.99998		-91.53009	-145.16084	-0.75189	-0.43636	0.51105	-1.77598	0.15554	0.99948	0.03099	-0.00892	-0.03106	0.99949	-0.00762	0.00868	0.00789	0.99993	
99	0.49500	21.26727	-24.75131	0.42735	0.36915	-0.06634	-0.33820	1.09900	0.99998	0.00590	0.00116	-0.00591	0.99996	0.00644	-0.00112	-0.00645	0.99998		-91.48530	-145.20095	-0.75487	-0.45292	0.50461	-1.76835	0.14121	0.99948	0.03086	-0.00881	-0.03093	0.99949	-0.00790	0.00856	0.00817	0.99993	
100	0.50000	21.27797	-24.76986	0.43105	0.36581	-0.06338	-0.33564	1.09569	0.99998	0.00586	0.00111	-0.00586	0.99996	0.00638	-0.00107	-0.00639	0.99998		-91.51118	-145.20479	-0.77883	-0.46632	0.50866	-1.77145	0.15633	0.99948	0.03091	-0.00888	-0.03098	0.99949	-0.00814	0.00862	0.00841	0.99993	
101	0.50500	21.25935	-24.73974	0.42887	0.36296	-0.06214	-0.33678	1.09703	0.99998	0.00588	0.00108	-0.00588	0.99996	0.00633	-0.00105	-0.00634	0.99998		-91.52604	-145.23603	-0.80706	-0.47867	0.51091	-1.77055	0.15235	0.99948	0.03090	-0.00892	-0.03097	0.99949	-0.00835	0.00865	0.00863	0.99993	
102	0.51000	21.26458	-24.74545	0.40413	0.35944	-0.06571	-0.33934	1.10005	0.99998	0.00592	0.00115	-0.00593	0.99996	0.00627	-0.00111	-0.00628	0.99998		-91.50741	-145.28873	-0.82176	-0.49838	0.50600	-1.76281	0.15335	0.99949	0.03076	-0.00883	-0.03084	0.99949	-0.00870	0.00856	0.00897	0.99992	
103	0.51500	21.23659	-24.74868	0.42243	0.35730	-0.05785	-0.33878	1.10065	0.99998	0.00591	0.00101	-0.00592	0.99996	0.00624	-0.00097	-0.00624	0.99998		-91.53501	-145.29934	-0.83323	-0.51003	0.51207	-1.76529	0.16551	0.99949	0.03080	-0.00894	-0.03088	0.99948	-0.00890	0.00866	0.00917	0.99992	
104	0.52000	21.22050	-24.74457	0.41644	0.35598	-0.06111	-0.33913	1.09376	0.99998	0.00592	0.00107	-0.00593	0.99996	0.00621	-0.00103	-0.00622	0.99998		-91.50019	-145.33513	-0.87009	-0.52326	0.50770	-1.76753	0.15669	0.99948	0.03084	-0.00886	-0.03092	0.99948	-0.00913	0.00857	0.00940	0.99992	
105	0.52500	21.24986	-24.73552	0.41923	0.35465	-0.06233	-0.33963	1.10712	0.99998	0.00593	0.00109	-0.00593	0.99996	0.00619	-0.00105	-0.00620	0.99998		-91.52109	-145.33888	-0.88132	-0.53392	0.50757	-1.76508	0.16519	0.99949	0.03080	-0.00886	-0.03088	0.99948	-0.00932	0.00857	0.00959	0.99992	
106	0.53000	21.27214	-24.73063	0.40203	0.35310	-0.06360	-0.33844	1.09860	0.99998	0.00591	0.00111	-0.00591	0.99996	0.00616	-0.00107	-0.00617	0.99998		-91.51437	-145.36859	-0.90125	-0.54486	0.50703	-1.76423	0.15956	0.99949	0.03079	-0.00885	-0.03087	0.99948	-0.00951	0.00855	0.00978	0.99992	
107	0.53500	21.30465	-24.74456	0.38895	0.34890	-0.06948	-0.33443	1.11007	0.99998	0.00584	0.00121	-0.00584	0.99996	0.00609	-0.00118	-0.00610	0.99998		-91.49179	-145.40376	-0.91280	-0.55922	0.50313	-1.76428	0.15098	0.99949	0.03079	-0.00878	-0.03087	0.99948	-0.00976	0.00848	0.01003	0.99991	
108	0.54000	21.24466	-24.72400	0.41057	0.34769	-0.05859	-0.33568	1.10404	0.99998	0.00586	0.00102	-0.00586	0.99996	0.00607	-0.00099	-0.00607	0.99998		-91.50428	-145.43060	-0.92800	-0.57187	0.50292	-1.76490	0.15261	0.99949	0.03080	-0.00878	-0.03088	0.99947	-0.00998	0.00847	0.01025	0.99991	
109	0.54500	21.26990	-24.70642	0.42250	0.34776	-0.06086	-0.33832	1.10904	0.99998	0.00590	0.00106	-0.00591	0.99996	0.00607	-0.00103	-0.00608	0.99998		-91.50809	-145.44829	-0.94379	-0.57998	0.50470	-1.76365	0.16017	0.99949	0.03078	-0.00881	-0.03086	0.99947	-0.01012	0.00849	0.01039	0.99991	
110	0.55000	21.25461	-24.71789	0.41312	0.34414	-0.05943	-0.33739	1.10402	0.99998	0.00589	0.00104	-0.00589	0.99996	0.00601	-0.00100	-0.00601	0.99998		-91.48480	-145.47125	-0.95062	-0.59402	0.49676	-1.76273	0.16179	0.99949	0.03076	-0.00867	-0.03085	0.99947	-0.01037	0.00835	0.01063	0.99991	
111	0.55500	21.27851	-24.70198	0.40764	0.34606	-0.05900	-0.33801	1.10257	0.99998	0.00590	0.00103	-0.00591	0.99996	0.00604	-0.00099	-0.00605	0.99998		-91.52366	-145.47490	-0.97935	-0.59713	0.50113	-1.76112	0.15857	0.99949	0.03073	-0.00875	-0.03082	0.99947	-0.01042	0.00842	0.01069	0.99991	
112	0.56000	21.25169	-24.69900	0.41805	0.34445	-0.05331	-0.33886	1.10094	0.99998	0.00591	0.00093	-0.00592	0.99996	0.00601	-0.00089	-0.00602	0.99998		-91.47470	-145.51811	-0.97394	-0.61218	0.49390	-1.76168	0.16794	0.99949	0.03074	-0.00862	-0.03083	0.99947	-0.01068	0.00829	0.01094	0.99991	
113	0.56500	21.25731	-24.68454	0.41931	0.34673	-0.05361	-0.33725	1.11088	0.99998	0.00589	0.00094	-0.00589	0.99996	0.00605	-0.00090	-0.00606	0.99998		-91.47182	-145.51538	-0.98575	-0.61942	0.48763	-1.76346	0.15295	0.99949	0.03077	-0.00851	-0.03086	0.99947	-0.01081	0.00817	0.01107	0.99991	
114	0.57000	21.29524	-24.68560	0.42688	0.34720	-0.05504	-0.34068	1.11619	0.99998	0.00595	0.00096	-0.00595	0.99996	0.00606	-0.00092	-0.00607	0.99998		-91.45254	-145.54438	-0.99382	-0.62651	0.49058	-1.76224	0.15590	0.99949	0.03075	-0.00856	-0.03084	0.99946	-0.01093	0.00822	0.01119	0.99990	
115	0.57500	21.28448	-24.65170	0.42999	0.34979	-0.05300	-0.34069	1.09273	0.99998	0.00595	0.00093	-0.00595	0.99996	0.00610	-0.00089	-0.00611	0.99998		-91.46875	-145.56078	-1.00493	-0.63393	0.48803	-1.76081	0.15544	0.99949	0.03073	-0.00852	-0.03082	0.99946	-0.01106	0.00817	0.01132	0.99990	
116	0.58000	21.29818	-24.65687	0.42962	0.34914	-0.05711	-0.33800	1.12435	0.99998	0.00590	0.00100	-0.00591	0.99996	0.00609	-0.00096	-0.00610	0.99998		-91.45461	-145.55165	-1.02539	-0.63931	0.48395	-1.76187	0.16285	0.99949	0.03074	-0.00845	-0.03084	0.99946	-0.01116	0.00810	0.01141	0.99990	
117	0.58500	21.27805	-24.64540	0.42611	0.34965	-0.05096	-0.33546	1.11466	0.99998	0.00585	0.00089	-0.00586	0.99996	0.00610	-0.00085	-0.00611	0.99998		-91.44512	-145.59095	-1.01620	-0.64639	0.48141	-1.75892	0.15790	0.99949	0.03069	-0.00840	-0.03079	0.99946	-0.01128	0.00805	0.01153	0.99990	
118	0.59000	21.24949	-24.63744	0.44875	0.35067	-0.04681	-0.33712	1.10376	0.99998	0.00588	0.00082	-0.00589	0.99996	0.00612	-0.00078	-0.00613	0.99998		-91.46518	-145.57647	-1.04904	-0.64860	0.48015	-1.76138	0.16304	0.99949	0.03074	-0.00838	-0.03083	0.99946	-0.01132	0.00803	0.01157	0.99990	
119	0.59500	21.24533	-24.63196	0.43766	0.35154	-0.04440	-0.33002	1.11501	0.99998	0.00576	0.00077	-0.00576	0.99996	0.00614	-0.00074	-0.00614	0.99998		-91.44534	-145.59841	-1.06104	-0.65447	0.47843	-1.76775	0.17798	0.99949	0.03085	-0.00835	-0.03094	0.99946	-0.01142	0.00799	0.01167	0.99990	
120	0.60000	21.23973	-24.61865	0.45336	0.35512	-0.04059	-0.33195	1.10310	0.99998	0.00579	0.00071	-0.00580	0.99996	0.00620	-0.00067	-0.00620	0.99998		-91.42273	-145.62170	-1.06078	-0.65883	0.47522	-1.75855	0.15785	0.99949	0.03069	-0.00829	-0.03078	0.99946	-0.01150	0.00794	0.01175	0.99990	
121	0.60500	21.24409	-24.59348	0.45180	0.35712	-0.03945	-0.33424	1.10509	0.99998	0.00583	0.00069	-0.00584	0.99996	0.00623	-0.00065	-0.00624	0.99998		-91.44055	-145.61925	-1.06437	-0.66184	0.47292	-1.76363	0.15187	0.99949	0.03078	-0.00825	-0.03087	0.99946	-0.01155	0.00789	0.01180	0.99990	
122	0.61000	21.26910	-24.59057	0.46255	0.35979	-0.04158	-0.33234	1.12243	0.99998	0.00580	0.00073	-0.00580	0.99996	0.00628	-0.00069	-0.00628	0.99998		-91.40530	-145.62518	-1.07269	-0.66300	0.46957	-1.76032	0.15931	0.99949	0.03072	-0.00820	-0.03081	0.99946	-0.01157	0.00784	0.01182	0.99990	
123	0.61500	21.23211	-24.58931	0.46975	0.36248	-0.03524	-0.34008	1.09952	0.99998	0.00594	0.00061	-0.00594	0.99996	0.00633	-0.00058	-0.00633	0.99998		-91.41467	-145.64094	-1.08490	-0.66368	0.46883	-1.76188	0.15061	0.99949	0.03074	-0.00818	-0.03084	0.99946	-0.01158	0.00782	0.01183	0.99990	
124	0.62000	21.26664	-24.56164	0.46912	0.36815	-0.04041	-0.33575	1.11891	0.99998	0.00586	0.00071	-0.00586	0.99996	0.00643	-0.00067	-0.00643	0.99998		-91.44569	-145.61915	-1.09705	-0.66137	0.46699	-1.76424	0.16198	0.99949	0.03079	-0.00815	-0.03088	0.99946	-0.01154	0.00779	0.01179	0.99990	
125	0.62500	21.26622	-24.55423	0.49413	0.37106	-0.03935	-0.33413	1.09512	0.99998	0.00583	0.00069	-0.00584	0.99996	0.00648	-0.00065	-0.00648	0.99998		-91.37780	-145.64125	-1.08495	-0.66396	0.46041	-1.76251	0.15509	0.99949	0.03076	-0.00804	-0.03085	0.99946	-0.01159	0.00767	0.01183	0.99990	
126	0.63000	21.27741	-24.52924	0.49766	0.37347	-0.03158	-0.33292	1.08883	0.99998	0.00581	0.00055	-0.00581	0.99996	0.00652	-0.00051	-0.00652	0.99998		-91.38350	-145.62836	-1.08903	-0.66219	0.45951	-1.76165	0.16386	0.99950	0.03074	-0.00802	-0.03083	0.99946	-0.01156	0.00766	0.01180	0.99990	
127	0.63500	21.26615	-24.53402	0.50670	0.37851	-0.03123	-0.33291	1.12684	0.99998	0.00581	0.00055	-0.00581	0.99996	0.00661	-0.00051	-0.00661	0.99998		-91.36764	-145.63610	-1.10604	-0.66077	0.45748	-1.76161	0.14925	0.99950	0.03074	-0.00798	-0.03083	0.99946	-0.01153	0.00763	0.01177	0.99990	
128	0.64000	21.25320	-24.53504	0.52773	0.38062	-0.02228	-0.33257	1.12013	0.99998	0.00580	0.00039	-0.00581	0.99996	0.00664	-0.00035	-0.00665	0.99998		-91.33492	-145.61986	-1.10641	-0.65807	0.45254	-1.76435	0.15685	0.99949	0.03079	-0.00790	-0.03088	0.99946	-0.01148	0.00754	0.01172	0.99990	
129	0.64500	21.27550	-24.49721	0.52079	0.38745	-0.02848	-0.33415	1.12247	0.99998	0.00583	0.00050	-0.00584	0.99996	0.00676	-0.00046	-0.00677	0.99998		-91.34008	-145.63871	-1.10595	-0.65661	0.44777	-1.76066	0.15363	0.99950	0.03072	-0.00782	-0.03081	0.99946	-0.01146	0.00746	0.01169	0.99990	
130	0.65000	21.25374	-24.47374	0.54274	0.39540	-0.01579	-0.33193	1.11117	0.99998	0.00579	0.00028	-0.00579	0.99996	0.00690	-0.00024	-0.00690	0.99998		-91.36704	-145.62223	-1.11878	-0.65104	0.44863	-1.76077	0.15135	0.99950	0.03073	-0.00783	-0.03081	0.99946	-0.01136	0.00748	0.01160	0.99990	
131	0.65500	21.26911	-24.48789	0.54507	0.39533	-0.02287	-0.33391	1.11006	0.99998	0.00583	0.00040	-0.00583	0.99996	0.00690	-0.00036	-0.00690	0.99998		-91.36184	-145.61223	-1.09816	-0.64557	0.44920	-1.75949	0.16449	0.99950	0.03070	-0.00784	-0.03079	0.99946	-0.01127	0.00749	0.01150	0.99991	
132	0.66000	21.25243	-24.43435	0.56781	0.40790	-0.02088	-0.33643	1.11852	0.99998	0.00587	0.00036	-0.00587	0.99996	0.00712	-0.00032	-0.00712	0.99997		-91.33916	-145.61161	-1.10262	-0.64137	0.44329	-1.76040	0.16573	0.99950	0.03072	-0.00774	-0.03080	0.99946	-0.01119	0.00739	0.01143	0.99991	
133	0.66500	21.26467	-24.42603	0.58864	0.41237	-0.02095	-0.33648	1.11060	0.99998	0.00587	0.00037	-0.00588	0.99996	0.00720	-0.00032	-0.00720	0.99997		-91.31643	-145.59558	-1.09924	-0.63663	0.43998	-1.76024	0.15743	0.99950	0.03072	-0.00768	-0.03080	0.99946	-0.01111	0.00733	0.01134	0.99991	
134	0.67000	21.21791	-24.39131	0.60139	0.42196	-0.00966	-0.33122	1.10991	0.99998	0.00578	0.00017	-0.00578	0.99996	0.00736	-0.00013	-0.00737	0.99997		-91.30175	-145.57931	-1.09550	-0.62894	0.43553	-1.75745	0.16371	0.99950	0.03067	-0.00760	-0.03075	0.99947	-0.01098	0.00726	0.01120	0.99991	
135	0.67500	21.28928	-24.38107	0.59499	0.42853	-0.01704	-0.33424	1.12085	0.99998	0.00583	0.00030	-0.00584	0.99995	0.00748	-0.00025	-0.00748	0.99997		-91.31323	-145.57501	-1.10464	-0.61960	0.43652	-1.76146	0.15599	0.99950	0.03074	-0.00762	-0.03082	0.99947	-0.01081	0.00728	0.01104	0.99991	
136	0.68000	21.27142	-24.37125	0.60094	0.43177	-0.00954	-0.33114	1.11114	0.99998	0.00578	0.00017	-0.00578	0.99995	0.00754	-0.00012	-0.00754	0.99997		-91.31620	-145.55088	-1.09278	-0.61117	0.43397	-1.76172	0.15584	0.99950	0.03074	-0.00757	-0.03082	0.99947	-0.01067	0.00724	0.01089	0.99991	
137	0.68500	21.27724	-24.35720	0.63088	0.44151	-0.01168	-0.32869	1.11111	0.99998	0.00574	0.00020	-0.00574	0.99995	0.00771	-0.00016	-0.00771	0.99997		-91.31004	-145.54901	-1.08930	-0.60131	0.43290	-1.76293	0.15598	0.99950	0.03076	-0.00756	-0.03084	0.99947	-0.01049	0.00723	0.01072	0.99992	
