NO_OF_FRAMES	12026
NO_OF_CAMERAS	8
NO_OF_BODIES	2
FREQUENCY	200
NO_OF_ANALOG	0
ANALOG_FREQUENCY	0
DESCRIPTION	--
TIME_STAMP	2013-07-03, 12:58:08	15505.48069076
DATA_INCLUDED	6D
BODY_NAMES	Ice 1	Ice 2
Frame	Time	Ice 1 X	Y	Z	Roll	Pitch	Yaw	Residual	Rot[0]	Rot[1]	Rot[2]	Rot[3]	Rot[4]	Rot[5]	Rot[6]	Rot[7]	Rot[8]	Ice 2 X	Y	Z	Roll	Pitch	Yaw	Residual	Rot[0]	Rot[1]	Rot[2]	Rot[3]	Rot[4]	Rot[5]	Rot[6]	Rot[7]	Rot[8]	
1	0.00500	90.74530	54.33605	0.21564	0.69365	-0.04261	1.01135	1.01516	0.99984	-0.01765	0.00074	0.01764	0.99977	0.01211	-0.00096	-0.01209	0.99993		-93.19452	-130.59088	-1.19710	-0.38987	0.40883	-1.26613	0.23530	0.99973	0.02210	-0.00714	-0.02214	0.99973	-0.00680	0.00698	0.00696	0.99995	
2	0.01000	90.62119	54.34566	0.30012	0.70066	-0.02130	0.99737	0.97513	0.99985	-0.01741	0.00037	0.01740	0.99977	0.01223	-0.00058	-0.01222	0.99993		-93.25357	-130.53362	-1.20864	-0.36042	0.42599	-1.26779	0.19313	0.99973	0.02212	-0.00743	-0.02217	0.99973	-0.00629	0.00729	0.00645	0.99995	
3	0.01500	90.67695	54.34854	0.33180	0.70952	-0.02439	0.99530	0.96585	0.99985	-0.01737	0.00043	0.01736	0.99977	0.01238	-0.00064	-0.01237	0.99992		-93.20717	-130.53176	-1.21097	-0.33830	0.42514	-1.26999	0.19053	0.99973	0.02216	-0.00742	-0.02221	0.99974	-0.00590	0.00729	0.00607	0.99996	
4	0.02000	90.64140	54.35094	0.32558	0.71782	-0.02484	0.99558	0.97404	0.99985	-0.01738	0.00043	0.01737	0.99977	0.01253	-0.00065	-0.01252	0.99992		-93.25808	-130.48829	-1.21619	-0.31487	0.43175	-1.27267	0.20053	0.99972	0.02221	-0.00754	-0.02225	0.99974	-0.00550	0.00741	0.00566	0.99996	
5	0.02500	90.69317	54.35502	0.36684	0.72798	-0.02801	0.99138	0.96834	0.99985	-0.01730	0.00049	0.01729	0.99977	0.01271	-0.00071	-0.01269	0.99992		-93.18303	-130.51738	-1.18099	-0.29240	0.42985	-1.26439	0.16581	0.99973	0.02207	-0.00750	-0.02210	0.99974	-0.00510	0.00739	0.00527	0.99996	
6	0.03000	90.69187	54.34114	0.38800	0.73302	-0.02762	0.99657	0.97016	0.99985	-0.01739	0.00048	0.01738	0.99977	0.01279	-0.00070	-0.01278	0.99992		-93.20465	-130.47678	-1.18271	-0.26603	0.43605	-1.26760	0.19089	0.99973	0.02212	-0.00761	-0.02216	0.99974	-0.00464	0.00751	0.00481	0.99996	
7	0.03500	90.66524	54.37475	0.38894	0.74318	-0.02626	0.99549	0.97979	0.99985	-0.01737	0.00046	0.01737	0.99977	0.01297	-0.00068	-0.01296	0.99992		-93.24038	-130.43727	-1.17522	-0.24494	0.43681	-1.26371	0.18033	0.99973	0.02205	-0.00762	-0.02209	0.99975	-0.00427	0.00753	0.00444	0.99996	
8	0.04000	90.71223	54.37549	0.45965	0.75018	-0.02083	0.99980	0.96574	0.99985	-0.01745	0.00036	0.01744	0.99976	0.01309	-0.00059	-0.01308	0.99991		-93.12993	-130.48410	-1.13665	-0.22323	0.44076	-1.26536	0.17865	0.99973	0.02208	-0.00769	-0.02211	0.99975	-0.00390	0.00760	0.00406	0.99996	
9	0.04500	90.70698	54.36840	0.45539	0.75661	-0.02598	0.99419	0.97429	0.99985	-0.01735	0.00045	0.01734	0.99976	0.01320	-0.00068	-0.01320	0.99991		-93.23003	-130.39824	-1.17511	-0.19192	0.44669	-1.26788	0.18386	0.99972	0.02213	-0.00780	-0.02215	0.99975	-0.00335	0.00772	0.00352	0.99996	
10	0.05000	90.69381	54.38619	0.47634	0.76016	-0.02143	1.00028	0.99112	0.99985	-0.01746	0.00037	0.01745	0.99976	0.01327	-0.00061	-0.01326	0.99991		-93.20404	-130.38247	-1.16017	-0.17198	0.44923	-1.26529	0.17784	0.99973	0.02208	-0.00784	-0.02211	0.99975	-0.00300	0.00777	0.00317	0.99996	
11	0.05500	90.55206	54.30510	0.66274	0.77398	-0.03034	0.99351	1.03218	0.99985	-0.01734	0.00053	0.01733	0.99976	0.01351	-0.00076	-0.01350	0.99991		-93.13188	-130.42350	-1.12870	-0.15299	0.45075	-1.26020	0.16351	0.99973	0.02199	-0.00787	-0.02201	0.99975	-0.00267	0.00781	0.00284	0.99997	
12	0.06000	90.47175	54.29294	0.66887	0.78112	-0.03103	0.99395	1.03050	0.99985	-0.01735	0.00054	0.01734	0.99976	0.01363	-0.00078	-0.01362	0.99991		-93.20265	-130.38619	-1.13276	-0.13369	0.45288	-1.26222	0.18207	0.99973	0.02203	-0.00790	-0.02205	0.99975	-0.00233	0.00785	0.00251	0.99997	
13	0.06500	90.52941	54.29630	0.71831	0.78158	-0.03193	0.99193	1.03055	0.99985	-0.01731	0.00056	0.01730	0.99976	0.01364	-0.00079	-0.01363	0.99991		-93.13397	-130.37507	-1.11430	-0.11337	0.45230	-1.26440	0.17432	0.99973	0.02207	-0.00789	-0.02208	0.99975	-0.00198	0.00785	0.00215	0.99997	
14	0.07000	90.53479	54.28976	0.75527	0.78692	-0.02924	0.99003	1.03323	0.99985	-0.01728	0.00051	0.01727	0.99976	0.01373	-0.00075	-0.01372	0.99991		-93.13096	-130.35921	-1.10295	-0.09042	0.45724	-1.26392	0.18992	0.99972	0.02206	-0.00798	-0.02207	0.99976	-0.00158	0.00794	0.00175	0.99997	
15	0.07500	90.47303	54.27746	0.77846	0.79057	-0.02595	0.99257	1.04101	0.99985	-0.01732	0.00045	0.01731	0.99975	0.01380	-0.00069	-0.01379	0.99990		-93.18289	-130.33744	-1.10309	-0.07244	0.45930	-1.26195	0.17587	0.99973	0.02202	-0.00802	-0.02203	0.99976	-0.00126	0.00799	0.00144	0.99997	
16	0.08000	90.52149	54.30391	0.81222	0.79342	-0.02933	0.99445	1.04492	0.99985	-0.01736	0.00051	0.01735	0.99975	0.01385	-0.00075	-0.01384	0.99990		-93.10768	-130.31276	-1.08863	-0.05309	0.45820	-1.26553	0.18303	0.99972	0.02209	-0.00800	-0.02209	0.99976	-0.00093	0.00797	0.00110	0.99997	
17	0.08500	90.50622	54.27555	0.84754	0.79456	-0.02880	0.99049	1.04044	0.99985	-0.01729	0.00050	0.01728	0.99975	0.01387	-0.00074	-0.01386	0.99990		-93.14532	-130.30508	-1.07657	-0.03262	0.46325	-1.26496	0.18756	0.99972	0.02208	-0.00809	-0.02208	0.99976	-0.00057	0.00807	0.00075	0.99997	
18	0.09000	90.51637	54.27718	0.86661	0.79560	-0.02632	0.99478	1.05389	0.99985	-0.01736	0.00046	0.01735	0.99975	0.01389	-0.00070	-0.01388	0.99990		-93.13441	-130.28409	-1.06506	-0.01503	0.46276	-1.27038	0.18664	0.99972	0.02217	-0.00808	-0.02217	0.99975	-0.00026	0.00807	0.00044	0.99997	
19	0.09500	90.53340	54.28196	0.90702	0.79682	-0.02639	0.99285	1.05384	0.99985	-0.01733	0.00046	0.01732	0.99975	0.01391	-0.00070	-0.01390	0.99990		-93.10615	-130.27813	-1.05364	-0.00271	0.46357	-1.26847	0.17348	0.99972	0.02214	-0.00809	-0.02214	0.99975	-0.00005	0.00809	0.00023	0.99997	
20	0.10000	90.53580	54.27188	0.93748	0.79537	-0.02728	0.99148	1.04498	0.99985	-0.01730	0.00048	0.01730	0.99975	0.01388	-0.00072	-0.01387	0.99990		-93.10207	-130.29314	-1.03306	0.01067	0.46401	-1.26558	0.17655	0.99972	0.02209	-0.00810	-0.02209	0.99976	0.00019	0.00810	-0.00001	0.99997	
21	0.10500	90.56586	54.27080	0.96256	0.79443	-0.02703	0.99609	1.07288	0.99985	-0.01738	0.00047	0.01738	0.99975	0.01386	-0.00071	-0.01385	0.99990		-93.09630	-130.25232	-1.02963	0.02624	0.46140	-1.27044	0.18613	0.99972	0.02217	-0.00805	-0.02217	0.99975	0.00046	0.00806	-0.00028	0.99997	
22	0.11000	90.56653	54.25594	1.00178	0.78881	-0.02365	0.99584	1.06293	0.99985	-0.01738	0.00041	0.01737	0.99975	0.01377	-0.00065	-0.01376	0.99991		-93.10398	-130.23786	-1.00928	0.04232	0.46532	-1.27085	0.19275	0.99972	0.02218	-0.00812	-0.02217	0.99975	0.00074	0.00814	-0.00056	0.99997	
23	0.11500	90.60875	54.23202	1.02674	0.78360	-0.02650	1.00031	1.06319	0.99985	-0.01746	0.00046	0.01745	0.99975	0.01368	-0.00070	-0.01367	0.99991		-93.03286	-130.24617	-0.98523	0.05111	0.45623	-1.26807	0.16795	0.99972	0.02213	-0.00796	-0.02212	0.99975	0.00089	0.00798	-0.00072	0.99997	
24	0.12000	90.56900	54.23375	1.05542	0.78051	-0.02478	0.99416	1.06075	0.99985	-0.01735	0.00043	0.01734	0.99976	0.01362	-0.00067	-0.01361	0.99991		-93.06265	-130.23884	-0.96847	0.06203	0.45895	-1.26775	0.17645	0.99972	0.02212	-0.00801	-0.02212	0.99975	0.00108	0.00803	-0.00091	0.99997	
25	0.12500	90.56885	54.23525	1.09047	0.77866	-0.01636	0.99830	1.05983	0.99985	-0.01742	0.00029	0.01742	0.99976	0.01359	-0.00052	-0.01358	0.99991		-93.04498	-130.21084	-0.94825	0.07495	0.45827	-1.27051	0.18713	0.99972	0.02217	-0.00800	-0.02216	0.99975	0.00131	0.00803	-0.00113	0.99997	
26	0.13000	90.57288	54.22295	1.09779	0.77168	-0.02098	1.00015	1.06294	0.99985	-0.01746	0.00037	0.01745	0.99976	0.01347	-0.00060	-0.01346	0.99991		-93.03338	-130.23012	-0.92759	0.08025	0.46083	-1.26658	0.18387	0.99972	0.02210	-0.00804	-0.02209	0.99975	0.00140	0.00807	-0.00122	0.99997	
27	0.13500	90.57647	54.20906	1.12042	0.76645	-0.02099	0.99716	1.05767	0.99985	-0.01740	0.00037	0.01740	0.99976	0.01338	-0.00060	-0.01337	0.99991		-93.06720	-130.19624	-0.91460	0.09021	0.45614	-1.26582	0.17496	0.99972	0.02209	-0.00796	-0.02208	0.99976	0.00157	0.00799	-0.00140	0.99997	
28	0.14000	90.60566	54.21060	1.15118	0.76248	-0.01995	0.99412	1.06302	0.99985	-0.01735	0.00035	0.01734	0.99976	0.01331	-0.00058	-0.01330	0.99991		-93.01486	-130.19119	-0.88207	0.10016	0.45197	-1.26755	0.17396	0.99972	0.02212	-0.00789	-0.02211	0.99975	0.00175	0.00793	-0.00157	0.99997	
29	0.14500	90.60897	54.20206	1.17714	0.75626	-0.02128	0.99655	1.07737	0.99985	-0.01739	0.00037	0.01739	0.99976	0.01320	-0.00060	-0.01319	0.99991		-93.02599	-130.18929	-0.87369	0.10474	0.45359	-1.26479	0.17873	0.99973	0.02207	-0.00792	-0.02206	0.99976	0.00183	0.00796	-0.00165	0.99997	
30	0.15000	90.60297	54.18454	1.19558	0.74777	-0.02145	1.00247	1.05815	0.99985	-0.01750	0.00037	0.01749	0.99976	0.01305	-0.00060	-0.01304	0.99991		-93.07098	-130.16320	-0.86871	0.11094	0.45213	-1.26554	0.19275	0.99972	0.02209	-0.00789	-0.02207	0.99975	0.00194	0.00793	-0.00176	0.99997	
31	0.15500	90.60115	54.16621	1.22128	0.73846	-0.01846	0.99744	1.05860	0.99985	-0.01741	0.00032	0.01740	0.99977	0.01289	-0.00055	-0.01288	0.99992		-92.99660	-130.16790	-0.84054	0.11268	0.44862	-1.26276	0.17930	0.99973	0.02204	-0.00783	-0.02202	0.99976	0.00197	0.00787	-0.00179	0.99997	
32	0.16000	90.62540	54.15948	1.24381	0.73196	-0.01890	0.99576	1.05051	0.99985	-0.01738	0.00033	0.01737	0.99977	0.01277	-0.00055	-0.01277	0.99992		-92.98909	-130.16891	-0.81508	0.11407	0.44196	-1.26434	0.18108	0.99973	0.02206	-0.00771	-0.02205	0.99975	0.00199	0.00776	-0.00182	0.99997	
33	0.16500	90.60877	54.15360	1.26987	0.72187	-0.01738	1.00157	1.06325	0.99985	-0.01748	0.00030	0.01747	0.99977	0.01260	-0.00052	-0.01259	0.99992		-93.02855	-130.14464	-0.81850	0.11569	0.43982	-1.26177	0.17477	0.99973	0.02202	-0.00768	-0.02200	0.99976	0.00202	0.00772	-0.00185	0.99997	
34	0.17000	90.64145	54.13538	1.28178	0.71105	-0.02334	1.00002	1.05912	0.99985	-0.01745	0.00041	0.01745	0.99977	0.01241	-0.00062	-0.01240	0.99992		-92.97350	-130.16433	-0.79794	0.11375	0.43614	-1.26394	0.18963	0.99973	0.02206	-0.00761	-0.02204	0.99976	0.00199	0.00765	-0.00182	0.99997	
35	0.17500	90.64295	54.12871	1.30708	0.70226	-0.02116	0.99312	1.05276	0.99985	-0.01733	0.00037	0.01733	0.99977	0.01226	-0.00058	-0.01225	0.99992		-93.01506	-130.14424	-0.78064	0.11439	0.43472	-1.26105	0.17255	0.99973	0.02201	-0.00759	-0.02199	0.99976	0.00200	0.00763	-0.00183	0.99997	
36	0.18000	90.66441	54.11510	1.31167	0.69357	-0.02484	0.99815	1.07191	0.99985	-0.01742	0.00043	0.01741	0.99978	0.01210	-0.00064	-0.01210	0.99993		-93.00201	-130.15857	-0.77124	0.10933	0.42490	-1.25792	0.17371	0.99973	0.02195	-0.00742	-0.02194	0.99976	0.00191	0.00746	-0.00174	0.99997	
37	0.18500	90.63250	54.08826	1.31976	0.67979	-0.01769	1.00321	1.07599	0.99985	-0.01751	0.00031	0.01750	0.99978	0.01186	-0.00052	-0.01186	0.99993		-92.95280	-130.15391	-0.76347	0.10561	0.42164	-1.25713	0.17060	0.99973	0.02194	-0.00736	-0.02193	0.99976	0.00184	0.00740	-0.00168	0.99997	
38	0.19000	90.64734	54.09350	1.34600	0.67155	-0.02008	1.00118	1.06040	0.99985	-0.01747	0.00035	0.01747	0.99978	0.01172	-0.00056	-0.01171	0.99993		-92.97660	-130.14755	-0.75830	0.10102	0.41648	-1.25899	0.17742	0.99973	0.02197	-0.00727	-0.02196	0.99976	0.00176	0.00731	-0.00160	0.99997	
39	0.19500	90.71189	54.04497	1.33948	0.65158	-0.01713	1.01917	1.10582	0.99984	-0.01779	0.00030	0.01778	0.99978	0.01137	-0.00050	-0.01136	0.99994		-92.93758	-130.17353	-0.71605	0.09271	0.40813	-1.25891	0.15964	0.99973	0.02197	-0.00712	-0.02196	0.99976	0.00162	0.00716	-0.00146	0.99997	
40	0.20000	90.71914	54.04599	1.35434	0.64143	-0.01595	1.01558	1.09120	0.99984	-0.01772	0.00028	0.01772	0.99978	0.01119	-0.00048	-0.01119	0.99994		-92.96092	-130.16695	-0.71527	0.08736	0.40538	-1.25789	0.16602	0.99973	0.02195	-0.00708	-0.02194	0.99976	0.00152	0.00711	-0.00137	0.99997	
41	0.20500	90.69752	54.02357	1.36375	0.63077	-0.01849	1.01290	1.08997	0.99984	-0.01768	0.00032	0.01767	0.99978	0.01101	-0.00052	-0.01100	0.99994		-92.94170	-130.14632	-0.70212	0.07996	0.39625	-1.25739	0.16608	0.99974	0.02194	-0.00692	-0.02193	0.99976	0.00140	0.00694	-0.00124	0.99998	
42	0.21000	90.73421	54.01892	1.34731	0.61771	-0.02211	1.01407	1.08784	0.99984	-0.01770	0.00039	0.01769	0.99979	0.01078	-0.00058	-0.01077	0.99994		-92.94157	-130.17486	-0.69276	0.06882	0.39238	-1.25185	0.16433	0.99974	0.02185	-0.00685	-0.02184	0.99976	0.00120	0.00687	-0.00105	0.99998	
43	0.21500	90.74926	54.01456	1.38753	0.60826	-0.02618	1.01444	1.07919	0.99984	-0.01770	0.00046	0.01770	0.99979	0.01062	-0.00064	-0.01061	0.99994		-92.94433	-130.15900	-0.67087	0.05808	0.38418	-1.25428	0.16591	0.99974	0.02189	-0.00671	-0.02188	0.99976	0.00101	0.00673	-0.00087	0.99998	
44	0.22000	90.78860	54.00128	1.36488	0.59756	-0.02995	1.01692	1.09842	0.99984	-0.01775	0.00052	0.01774	0.99979	0.01043	-0.00071	-0.01042	0.99995		-92.94311	-130.20072	-0.65251	0.04141	0.37589	-1.24585	0.16364	0.99974	0.02174	-0.00656	-0.02174	0.99976	0.00072	0.00657	-0.00058	0.99998	
45	0.22500	90.77368	53.99029	1.40074	0.58221	-0.02850	1.01932	1.08465	0.99984	-0.01779	0.00050	0.01778	0.99979	0.01016	-0.00068	-0.01015	0.99995		-92.93342	-130.19449	-0.64344	0.03088	0.36898	-1.24958	0.16355	0.99974	0.02181	-0.00644	-0.02180	0.99976	0.00054	0.00645	-0.00040	0.99998	
46	0.23000	90.76103	53.96470	1.40453	0.57016	-0.03198	1.01742	1.08155	0.99984	-0.01776	0.00056	0.01775	0.99979	0.00995	-0.00073	-0.00994	0.99995		-92.94299	-130.20080	-0.63810	0.01836	0.36406	-1.24934	0.17145	0.99974	0.02180	-0.00635	-0.02180	0.99976	0.00032	0.00636	-0.00018	0.99998	
47	0.23500	90.75735	53.94081	1.40170	0.55632	-0.03140	1.01710	1.09532	0.99984	-0.01775	0.00055	0.01774	0.99980	0.00971	-0.00072	-0.00970	0.99995		-92.91562	-130.22484	-0.62042	0.00112	0.35789	-1.24898	0.16930	0.99974	0.02180	-0.00625	-0.02180	0.99976	0.00002	0.00625	0.00012	0.99998	
48	0.24000	90.79330	53.94067	1.40243	0.54671	-0.04156	1.01726	1.08943	0.99984	-0.01775	0.00073	0.01775	0.99980	0.00954	-0.00089	-0.00953	0.99995		-92.89986	-130.21628	-0.61984	-0.01305	0.35034	-1.24970	0.16385	0.99974	0.02181	-0.00611	-0.02181	0.99976	-0.00023	0.00611	0.00036	0.99998	
49	0.24500	90.78371	53.91831	1.38092	0.53380	-0.04097	1.01752	1.08616	0.99984	-0.01776	0.00072	0.01775	0.99980	0.00932	-0.00088	-0.00930	0.99996		-92.91489	-130.24934	-0.60547	-0.02967	0.34628	-1.24660	0.17318	0.99975	0.02176	-0.00604	-0.02176	0.99976	-0.00052	0.00603	0.00065	0.99998	
50	0.25000	90.80263	53.92008	1.40904	0.52205	-0.04652	1.01593	1.08891	0.99984	-0.01773	0.00081	0.01772	0.99980	0.00911	-0.00097	-0.00910	0.99996		-92.92794	-130.21674	-0.58806	-0.03942	0.34338	-1.25075	0.18526	0.99974	0.02183	-0.00599	-0.02183	0.99976	-0.00069	0.00598	0.00082	0.99998	
51	0.25500	90.83064	53.89314	1.40875	0.50803	-0.05158	1.02187	1.10920	0.99984	-0.01783	0.00090	0.01783	0.99980	0.00887	-0.00106	-0.00885	0.99996		-92.89512	-130.23149	-0.57857	-0.05905	0.33206	-1.25005	0.16720	0.99975	0.02182	-0.00580	-0.02182	0.99976	-0.00103	0.00577	0.00116	0.99998	
52	0.26000	90.80630	53.88197	1.39405	0.49705	-0.04727	1.02165	1.08663	0.99984	-0.01783	0.00083	0.01782	0.99980	0.00868	-0.00098	-0.00866	0.99996		-92.93174	-130.22705	-0.58544	-0.07561	0.32978	-1.24691	0.15938	0.99975	0.02176	-0.00576	-0.02177	0.99976	-0.00132	0.00573	0.00144	0.99998	
53	0.26500	90.84486	53.88807	1.39440	0.48683	-0.05385	1.01725	1.09006	0.99984	-0.01775	0.00094	0.01774	0.99981	0.00850	-0.00109	-0.00848	0.99996		-92.89056	-130.27753	-0.56273	-0.10015	0.31846	-1.24793	0.16630	0.99975	0.02178	-0.00556	-0.02179	0.99976	-0.00175	0.00552	0.00187	0.99998	
54	0.27000	90.79799	53.86246	1.39764	0.47495	-0.05441	1.01653	1.08700	0.99984	-0.01774	0.00095	0.01773	0.99981	0.00829	-0.00110	-0.00827	0.99997		-92.91105	-130.28134	-0.55260	-0.12063	0.31311	-1.24860	0.17591	0.99975	0.02179	-0.00546	-0.02180	0.99976	-0.00211	0.00542	0.00222	0.99998	
55	0.27500	90.83630	53.85499	1.37570	0.46510	-0.06350	1.01824	1.08897	0.99984	-0.01777	0.00111	0.01776	0.99981	0.00812	-0.00125	-0.00810	0.99997		-92.90702	-130.29213	-0.54723	-0.13714	0.30790	-1.25418	0.17232	0.99975	0.02189	-0.00537	-0.02190	0.99976	-0.00239	0.00532	0.00251	0.99998	
56	0.28000	90.82468	53.84722	1.39174	0.45385	-0.06331	1.01613	1.09118	0.99984	-0.01773	0.00110	0.01772	0.99981	0.00792	-0.00125	-0.00790	0.99997		-92.90586	-130.28941	-0.52918	-0.15472	0.30419	-1.25048	0.17223	0.99975	0.02182	-0.00531	-0.02184	0.99976	-0.00270	0.00525	0.00282	0.99998	
57	0.28500	90.81172	53.81388	1.38072	0.44145	-0.06663	1.01832	1.09717	0.99984	-0.01777	0.00116	0.01776	0.99981	0.00770	-0.00130	-0.00768	0.99997		-92.88763	-130.29797	-0.52405	-0.17374	0.29876	-1.25156	0.16407	0.99975	0.02184	-0.00521	-0.02186	0.99976	-0.00303	0.00515	0.00315	0.99998	
58	0.29000	90.82880	53.80987	1.37749	0.43243	-0.06834	1.01899	1.09566	0.99984	-0.01778	0.00119	0.01777	0.99981	0.00755	-0.00133	-0.00752	0.99997		-92.89450	-130.31047	-0.53464	-0.19432	0.28947	-1.25002	0.15233	0.99975	0.02181	-0.00505	-0.02183	0.99976	-0.00339	0.00498	0.00350	0.99998	
59	0.29500	90.84845	53.80415	1.35424	0.42261	-0.07910	1.01830	1.11030	0.99984	-0.01777	0.00138	0.01776	0.99982	0.00738	-0.00151	-0.00735	0.99997		-92.91605	-130.29916	-0.53329	-0.20890	0.28860	-1.25238	0.16967	0.99975	0.02186	-0.00504	-0.02187	0.99975	-0.00365	0.00496	0.00376	0.99998	
60	0.30000	90.85085	53.77534	1.36872	0.41320	-0.08146	1.01851	1.09618	0.99984	-0.01778	0.00142	0.01776	0.99982	0.00721	-0.00155	-0.00719	0.99997		-92.87970	-130.31549	-0.50685	-0.22776	0.27860	-1.25201	0.16043	0.99975	0.02185	-0.00486	-0.02187	0.99975	-0.00398	0.00477	0.00408	0.99998	
61	0.30500	90.82963	53.77076	1.34229	0.40277	-0.07956	1.01701	1.08583	0.99984	-0.01775	0.00139	0.01774	0.99982	0.00703	-0.00151	-0.00700	0.99997		-92.92813	-130.34594	-0.52090	-0.25135	0.27656	-1.24739	0.16394	0.99975	0.02177	-0.00483	-0.02179	0.99975	-0.00439	0.00473	0.00449	0.99998	
62	0.31000	90.84301	53.76759	1.33058	0.39249	-0.08217	1.01932	1.09938	0.99984	-0.01779	0.00143	0.01778	0.99982	0.00685	-0.00156	-0.00682	0.99998		-92.89760	-130.35440	-0.50330	-0.27205	0.27324	-1.24362	0.16085	0.99975	0.02170	-0.00477	-0.02173	0.99975	-0.00475	0.00466	0.00485	0.99998	
63	0.31500	90.82891	53.74167	1.33546	0.38584	-0.08411	1.01906	1.08859	0.99984	-0.01779	0.00147	0.01777	0.99982	0.00673	-0.00159	-0.00671	0.99998		-92.87655	-130.38693	-0.49715	-0.29164	0.26368	-1.24279	0.15894	0.99975	0.02169	-0.00460	-0.02171	0.99975	-0.00509	0.00449	0.00519	0.99998	
64	0.32000	90.78980	53.75201	1.32038	0.37823	-0.08496	1.01941	1.09282	0.99984	-0.01779	0.00148	0.01778	0.99982	0.00660	-0.00160	-0.00657	0.99998		-92.95387	-130.37458	-0.51085	-0.31230	0.26022	-1.23969	0.16222	0.99976	0.02163	-0.00454	-0.02166	0.99975	-0.00545	0.00442	0.00555	0.99997	
65	0.32500	90.82379	53.73361	1.29005	0.37433	-0.09449	1.01728	1.09549	0.99984	-0.01775	0.00165	0.01774	0.99982	0.00653	-0.00176	-0.00650	0.99998		-92.88145	-130.39694	-0.48121	-0.32855	0.25305	-1.24264	0.15648	0.99976	0.02169	-0.00442	-0.02171	0.99975	-0.00573	0.00429	0.00583	0.99997	
66	0.33000	90.74670	53.69645	1.29403	0.36372	-0.09097	1.01781	1.09867	0.99984	-0.01776	0.00159	0.01775	0.99982	0.00635	-0.00170	-0.00632	0.99998		-92.94000	-130.41153	-0.50829	-0.34926	0.25587	-1.24158	0.15848	0.99976	0.02167	-0.00447	-0.02169	0.99975	-0.00610	0.00433	0.00619	0.99997	
67	0.33500	90.75696	53.72121	1.28687	0.36040	-0.09419	1.01839	1.09639	0.99984	-0.01777	0.00164	0.01776	0.99982	0.00629	-0.00176	-0.00626	0.99998		-92.90610	-130.38613	-0.49917	-0.36557	0.24998	-1.24225	0.15674	0.99976	0.02168	-0.00436	-0.02171	0.99974	-0.00638	0.00422	0.00647	0.99997	
68	0.34000	90.79501	53.68947	1.27460	0.35431	-0.09833	1.01390	1.09928	0.99984	-0.01769	0.00172	0.01768	0.99982	0.00618	-0.00183	-0.00615	0.99998		-92.89964	-130.42640	-0.50228	-0.38389	0.25292	-1.23971	0.15276	0.99976	0.02164	-0.00441	-0.02166	0.99974	-0.00670	0.00427	0.00679	0.99997	
69	0.34500	90.74884	53.70410	1.25825	0.35103	-0.09993	1.01623	1.10972	0.99984	-0.01774	0.00174	0.01772	0.99982	0.00613	-0.00185	-0.00609	0.99998		-92.91001	-130.44920	-0.50426	-0.40430	0.24900	-1.23928	0.15998	0.99976	0.02163	-0.00435	-0.02166	0.99974	-0.00706	0.00419	0.00715	0.99997	
70	0.35000	90.75780	53.69251	1.22682	0.34803	-0.10723	1.01547	1.10169	0.99984	-0.01772	0.00187	0.01771	0.99982	0.00607	-0.00198	-0.00604	0.99998		-92.88789	-130.44887	-0.48619	-0.42125	0.24273	-1.24125	0.16494	0.99976	0.02166	-0.00424	-0.02169	0.99974	-0.00735	0.00408	0.00744	0.99996	
71	0.35500	90.71794	53.67884	1.21300	0.34593	-0.10633	1.01440	1.09514	0.99984	-0.01770	0.00186	0.01769	0.99983	0.00604	-0.00196	-0.00600	0.99998		-92.93048	-130.44536	-0.50607	-0.43545	0.24597	-1.24359	0.15901	0.99976	0.02170	-0.00429	-0.02173	0.99973	-0.00760	0.00413	0.00769	0.99996	
72	0.36000	90.76711	53.67269	1.22721	0.34056	-0.10800	1.01694	1.11713	0.99984	-0.01775	0.00189	0.01774	0.99983	0.00594	-0.00199	-0.00591	0.99998		-92.90325	-130.47916	-0.48775	-0.45369	0.24203	-1.23888	0.16439	0.99976	0.02162	-0.00422	-0.02165	0.99973	-0.00792	0.00405	0.00801	0.99996	
73	0.36500	90.73476	53.65144	1.19535	0.33782	-0.11036	1.01701	1.11020	0.99984	-0.01775	0.00193	0.01774	0.99983	0.00590	-0.00203	-0.00586	0.99998		-92.91576	-130.47875	-0.49516	-0.46913	0.24580	-1.24253	0.17986	0.99976	0.02168	-0.00429	-0.02172	0.99973	-0.00819	0.00411	0.00828	0.99996	
74	0.37000	90.72210	53.66093	1.17670	0.33548	-0.10801	1.01659	1.10702	0.99984	-0.01774	0.00189	0.01773	0.99983	0.00586	-0.00199	-0.00582	0.99998		-92.91649	-130.49316	-0.49828	-0.48400	0.24598	-1.24309	0.16892	0.99976	0.02169	-0.00429	-0.02173	0.99973	-0.00845	0.00411	0.00854	0.99996	
75	0.37500	90.76261	53.66629	1.19622	0.33740	-0.11136	1.01855	1.11666	0.99984	-0.01778	0.00194	0.01776	0.99982	0.00589	-0.00205	-0.00585	0.99998		-92.90823	-130.52043	-0.51390	-0.49943	0.24828	-1.23936	0.17648	0.99976	0.02163	-0.00433	-0.02167	0.99973	-0.00872	0.00414	0.00881	0.99995	
76	0.38000	90.65957	53.64095	1.16896	0.33173	-0.10832	1.01476	1.10960	0.99984	-0.01771	0.00189	0.01770	0.99983	0.00579	-0.00199	-0.00576	0.99998		-92.96128	-130.50246	-0.52470	-0.51389	0.24765	-1.24307	0.17823	0.99976	0.02169	-0.00432	-0.02173	0.99972	-0.00897	0.00413	0.00906	0.99995	
77	0.38500	90.70314	53.63917	1.18136	0.33611	-0.11504	1.01793	1.12676	0.99984	-0.01777	0.00201	0.01775	0.99983	0.00587	-0.00211	-0.00583	0.99998		-92.88669	-130.54823	-0.51618	-0.52773	0.24542	-1.24008	0.16937	0.99976	0.02164	-0.00428	-0.02168	0.99972	-0.00921	0.00408	0.00930	0.99995	
78	0.39000	90.69072	53.63915	1.15979	0.33596	-0.11757	1.01372	1.13079	0.99984	-0.01769	0.00205	0.01768	0.99983	0.00586	-0.00216	-0.00583	0.99998		-92.92984	-130.53348	-0.53572	-0.53850	0.24638	-1.24343	0.17421	0.99976	0.02170	-0.00430	-0.02174	0.99972	-0.00940	0.00410	0.00949	0.99995	
79	0.39500	90.65079	53.61743	1.14299	0.33520	-0.11578	1.01780	1.12819	0.99984	-0.01776	0.00202	0.01775	0.99983	0.00585	-0.00212	-0.00581	0.99998		-92.96321	-130.54009	-0.54349	-0.54727	0.25322	-1.24357	0.18038	0.99975	0.02170	-0.00442	-0.02174	0.99972	-0.00955	0.00421	0.00965	0.99994	
80	0.40000	90.74333	53.65339	1.14490	0.34348	-0.12224	1.01616	1.13085	0.99984	-0.01773	0.00213	0.01772	0.99982	0.00599	-0.00224	-0.00596	0.99998		-92.93908	-130.56168	-0.53922	-0.55572	0.25793	-1.24154	0.18256	0.99976	0.02167	-0.00450	-0.02171	0.99972	-0.00970	0.00429	0.00979	0.99994	
81	0.40500	90.66023	53.64474	1.11235	0.34194	-0.11856	1.01554	1.12735	0.99984	-0.01772	0.00207	0.01771	0.99983	0.00597	-0.00217	-0.00593	0.99998		-92.99163	-130.51521	-0.57209	-0.56120	0.26124	-1.24410	0.18409	0.99975	0.02171	-0.00456	-0.02176	0.99972	-0.00979	0.00435	0.00989	0.99994	
82	0.41000	90.64729	53.62040	1.10742	0.34344	-0.11618	1.01692	1.11436	0.99984	-0.01775	0.00203	0.01774	0.99982	0.00599	-0.00213	-0.00596	0.99998		-92.94507	-130.55715	-0.56367	-0.57104	0.26262	-1.24624	0.18843	0.99975	0.02175	-0.00458	-0.02179	0.99971	-0.00997	0.00437	0.01006	0.99994	
83	0.41500	90.67368	53.63490	1.11213	0.34810	-0.11637	1.01305	1.12206	0.99984	-0.01768	0.00203	0.01767	0.99983	0.00608	-0.00214	-0.00604	0.99998		-92.98742	-130.56275	-0.56710	-0.57875	0.26882	-1.24318	0.17928	0.99975	0.02170	-0.00469	-0.02174	0.99971	-0.01010	0.00447	0.01020	0.99994	
84	0.42000	90.60152	53.63129	1.10740	0.35416	-0.11172	1.01505	1.12565	0.99984	-0.01772	0.00195	0.01770	0.99982	0.00618	-0.00206	-0.00615	0.99998		-92.98781	-130.55224	-0.60497	-0.58330	0.27259	-1.24464	0.18085	0.99975	0.02172	-0.00476	-0.02177	0.99971	-0.01018	0.00454	0.01028	0.99994	
85	0.42500	90.63845	53.63154	1.09129	0.35805	-0.11251	1.01720	1.12106	0.99984	-0.01775	0.00196	0.01774	0.99982	0.00625	-0.00207	-0.00621	0.99998		-92.99370	-130.57495	-0.59637	-0.59014	0.27906	-1.24220	0.18344	0.99975	0.02168	-0.00487	-0.02173	0.99971	-0.01030	0.00465	0.01040	0.99994	
86	0.43000	90.66800	53.64699	1.08637	0.36455	-0.11321	1.01704	1.13264	0.99984	-0.01775	0.00198	0.01774	0.99982	0.00636	-0.00209	-0.00633	0.99998		-92.99433	-130.54677	-0.60585	-0.59026	0.28774	-1.24921	0.19091	0.99975	0.02180	-0.00502	-0.02185	0.99971	-0.01030	0.00480	0.01041	0.99993	
87	0.43500	90.56961	53.62602	1.06330	0.37123	-0.10755	1.01250	1.12438	0.99984	-0.01767	0.00188	0.01766	0.99982	0.00648	-0.00199	-0.00644	0.99998		-93.00286	-130.57195	-0.61779	-0.59599	0.28972	-1.24400	0.18845	0.99975	0.02171	-0.00506	-0.02176	0.99971	-0.01040	0.00483	0.01051	0.99993	
88	0.44000	90.62813	53.63414	1.05766	0.37567	-0.11022	1.02318	1.14209	0.99984	-0.01786	0.00192	0.01784	0.99982	0.00656	-0.00204	-0.00652	0.99998		-93.03080	-130.57449	-0.62647	-0.59726	0.29855	-1.24553	0.18867	0.99975	0.02174	-0.00521	-0.02179	0.99971	-0.01042	0.00498	0.01053	0.99993	
89	0.44500	90.63676	53.64186	1.06749	0.38405	-0.10725	1.01857	1.14081	0.99984	-0.01778	0.00187	0.01776	0.99982	0.00670	-0.00199	-0.00667	0.99998		-92.97403	-130.57113	-0.64854	-0.59967	0.30023	-1.24180	0.18000	0.99975	0.02167	-0.00524	-0.02173	0.99971	-0.01047	0.00501	0.01058	0.99993	
90	0.45000	90.56975	53.61930	1.04336	0.38900	-0.10310	1.01519	1.14241	0.99984	-0.01772	0.00180	0.01770	0.99982	0.00679	-0.00192	-0.00676	0.99998		-93.04570	-130.58951	-0.66025	-0.60105	0.30910	-1.24095	0.18425	0.99975	0.02166	-0.00539	-0.02171	0.99971	-0.01049	0.00517	0.01060	0.99993	
91	0.45500	90.58436	53.64334	1.07198	0.39962	-0.09625	1.02116	1.12686	0.99984	-0.01782	0.00168	0.01781	0.99982	0.00697	-0.00180	-0.00694	0.99997		-93.04753	-130.57814	-0.66613	-0.59723	0.32354	-1.24226	0.18808	0.99975	0.02168	-0.00565	-0.02174	0.99971	-0.01042	0.00542	0.01054	0.99993	
92	0.46000	90.56669	53.64604	1.04291	0.40920	-0.09500	1.01797	1.12936	0.99984	-0.01777	0.00166	0.01775	0.99982	0.00714	-0.00178	-0.00711	0.99997		-93.03033	-130.56392	-0.67992	-0.59238	0.32621	-1.24126	0.17561	0.99975	0.02166	-0.00569	-0.02172	0.99971	-0.01034	0.00547	0.01046	0.99993	
93	0.46500	90.53447	53.65033	1.03378	0.42058	-0.08958	1.01541	1.12449	0.99984	-0.01772	0.00156	0.01771	0.99982	0.00734	-0.00169	-0.00731	0.99997		-93.04394	-130.56912	-0.69298	-0.59103	0.33351	-1.23925	0.17731	0.99975	0.02163	-0.00582	-0.02169	0.99971	-0.01032	0.00560	0.01044	0.99993	
94	0.47000	90.59655	53.67908	1.04279	0.42911	-0.08721	1.01861	1.14581	0.99984	-0.01778	0.00152	0.01777	0.99981	0.00749	-0.00166	-0.00746	0.99997		-93.03067	-130.57254	-0.70705	-0.58654	0.34354	-1.24065	0.19023	0.99975	0.02165	-0.00600	-0.02171	0.99971	-0.01024	0.00577	0.01036	0.99993	
95	0.47500	90.53603	53.68160	1.05118	0.43983	-0.08211	1.01575	1.13771	0.99984	-0.01773	0.00143	0.01772	0.99981	0.00768	-0.00157	-0.00765	0.99997		-93.05558	-130.56030	-0.69938	-0.58160	0.34880	-1.23894	0.16958	0.99975	0.02162	-0.00609	-0.02168	0.99971	-0.01015	0.00587	0.01028	0.99993	
96	0.48000	90.55841	53.67938	1.03784	0.45081	-0.07770	1.01859	1.13869	0.99984	-0.01778	0.00136	0.01777	0.99981	0.00787	-0.00150	-0.00784	0.99997		-93.06024	-130.56191	-0.73004	-0.57486	0.35789	-1.24255	0.17771	0.99975	0.02168	-0.00625	-0.02175	0.99971	-0.01003	0.00603	0.01017	0.99993	
97	0.48500	90.53964	53.69775	1.03730	0.46020	-0.06937	1.02004	1.13337	0.99984	-0.01780	0.00121	0.01779	0.99981	0.00803	-0.00135	-0.00801	0.99997		-93.07451	-130.53834	-0.75679	-0.56434	0.36957	-1.24454	0.19760	0.99974	0.02172	-0.00645	-0.02178	0.99971	-0.00985	0.00623	0.00999	0.99993	
98	0.49000	90.49840	53.69612	1.04350	0.47147	-0.06143	1.02093	1.14578	0.99984	-0.01782	0.00107	0.01781	0.99981	0.00823	-0.00122	-0.00821	0.99997		-93.11804	-130.54937	-0.74524	-0.55898	0.38499	-1.23994	0.19407	0.99974	0.02164	-0.00672	-0.02170	0.99972	-0.00976	0.00651	0.00990	0.99993	
99	0.49500	90.53119	53.71432	1.05704	0.48312	-0.05675	1.02192	1.15415	0.99984	-0.01783	0.00099	0.01783	0.99981	0.00843	-0.00114	-0.00841	0.99996		-93.13792	-130.53515	-0.78450	-0.54695	0.39225	-1.23851	0.17162	0.99974	0.02161	-0.00685	-0.02168	0.99972	-0.00955	0.00664	0.00969	0.99993	
100	0.50000	90.51243	53.73764	1.04506	0.49724	-0.05142	1.01565	1.15299	0.99984	-0.01773	0.00090	0.01772	0.99981	0.00868	-0.00105	-0.00866	0.99996		-93.12826	-130.51838	-0.79933	-0.53370	0.40219	-1.24001	0.15285	0.99974	0.02164	-0.00702	-0.02170	0.99972	-0.00931	0.00682	0.00946	0.99993	
101	0.50500	90.50864	53.71622	1.03919	0.50357	-0.04520	1.02199	1.15718	0.99984	-0.01784	0.00079	0.01783	0.99980	0.00879	-0.00095	-0.00877	0.99996		-93.13411	-130.52107	-0.79244	-0.52397	0.41344	-1.24217	0.17536	0.99974	0.02168	-0.00722	-0.02174	0.99972	-0.00914	0.00702	0.00930	0.99993	
102	0.51000	90.50547	53.73510	1.04436	0.51751	-0.03863	1.01972	1.16042	0.99984	-0.01780	0.00067	0.01779	0.99980	0.00903	-0.00083	-0.00902	0.99996		-93.15900	-130.51305	-0.80618	-0.51338	0.42201	-1.23967	0.17582	0.99974	0.02163	-0.00737	-0.02170	0.99972	-0.00896	0.00717	0.00912	0.99993	
103	0.51500	90.50218	53.74689	1.04784	0.52959	-0.03209	1.01911	1.16083	0.99984	-0.01779	0.00056	0.01778	0.99980	0.00924	-0.00072	-0.00923	0.99996		-93.14215	-130.50505	-0.82087	-0.50296	0.43292	-1.24081	0.17292	0.99974	0.02165	-0.00756	-0.02172	0.99973	-0.00878	0.00736	0.00894	0.99993	
104	0.52000	90.47884	53.74882	1.05947	0.54189	-0.02422	1.01698	1.15253	0.99984	-0.01775	0.00042	0.01774	0.99980	0.00946	-0.00059	-0.00945	0.99996		-93.13455	-130.51143	-0.83531	-0.49087	0.44255	-1.23853	0.17065	0.99974	0.02161	-0.00772	-0.02168	0.99973	-0.00857	0.00754	0.00873	0.99993	
105	0.52500	90.50929	53.77448	1.07359	0.55568	-0.02052	1.02057	1.16754	0.99984	-0.01781	0.00036	0.01781	0.99979	0.00970	-0.00053	-0.00969	0.99995		-93.18938	-130.48985	-0.83262	-0.47499	0.45759	-1.23810	0.18323	0.99973	0.02161	-0.00799	-0.02167	0.99973	-0.00829	0.00781	0.00846	0.99993	
106	0.53000	90.45544	53.76640	1.07039	0.56686	-0.01067	1.01651	1.14314	0.99984	-0.01774	0.00019	0.01774	0.99979	0.00989	-0.00036	-0.00989	0.99995		-93.18341	-130.47423	-0.84761	-0.46072	0.47055	-1.24006	0.17435	0.99973	0.02164	-0.00821	-0.02171	0.99973	-0.00804	0.00804	0.00822	0.99993	
107	0.53500	90.47468	53.76732	1.07916	0.57773	-0.00437	1.01923	1.16016	0.99984	-0.01779	0.00008	0.01779	0.99979	0.01008	-0.00026	-0.01008	0.99995		-93.22707	-130.44786	-0.86156	-0.44485	0.48109	-1.24549	0.17408	0.99973	0.02174	-0.00840	-0.02180	0.99973	-0.00776	0.00823	0.00794	0.99993	
108	0.54000	90.45855	53.78050	1.11009	0.58967	0.00639	1.01467	1.15543	0.99984	-0.01771	-0.00011	0.01771	0.99979	0.01029	-0.00007	-0.01029	0.99995		-93.18735	-130.43043	-0.87334	-0.42543	0.49490	-1.24839	0.16944	0.99973	0.02179	-0.00864	-0.02185	0.99973	-0.00742	0.00847	0.00761	0.99994	
109	0.54500	90.40179	53.76802	1.08263	0.59786	0.01468	1.01808	1.16630	0.99984	-0.01777	-0.00026	0.01777	0.99979	0.01043	0.00007	-0.01044	0.99995		-93.23618	-130.38788	-0.89157	-0.41000	0.50729	-1.25151	0.17877	0.99972	0.02184	-0.00885	-0.02190	0.99973	-0.00716	0.00870	0.00735	0.99994	
110	0.55000	90.41260	53.79423	1.12437	0.61073	0.02755	1.01935	1.16572	0.99984	-0.01779	-0.00048	0.01779	0.99978	0.01066	0.00029	-0.01067	0.99994		-93.25740	-130.38779	-0.88927	-0.39346	0.52042	-1.24919	0.16655	0.99972	0.02180	-0.00908	-0.02186	0.99974	-0.00687	0.00893	0.00706	0.99994	
111	0.55500	90.48177	53.79974	1.11501	0.62207	0.02681	1.02358	1.17472	0.99984	-0.01786	-0.00047	0.01787	0.99978	0.01086	0.00027	-0.01086	0.99994		-93.19188	-130.40607	-0.87521	-0.37825	0.52768	-1.24699	0.15287	0.99972	0.02176	-0.00921	-0.02182	0.99974	-0.00660	0.00906	0.00680	0.99994	
112	0.56000	90.38380	53.79900	1.10561	0.63537	0.03598	1.01748	1.15686	0.99984	-0.01776	-0.00063	0.01776	0.99978	0.01109	0.00043	-0.01110	0.99994		-93.29880	-130.33718	-0.90923	-0.35969	0.53979	-1.25333	0.17759	0.99972	0.02187	-0.00942	-0.02193	0.99974	-0.00628	0.00928	0.00648	0.99994	
113	0.56500	90.41962	53.80534	1.12396	0.64576	0.04521	1.01620	1.15002	0.99984	-0.01774	-0.00079	0.01774	0.99978	0.01127	0.00059	-0.01128	0.99994		-93.22785	-130.36532	-0.89989	-0.34305	0.55202	-1.25173	0.17187	0.99971	0.02184	-0.00963	-0.02190	0.99974	-0.00599	0.00950	0.00620	0.99994	
114	0.57000	90.40891	53.80918	1.12824	0.65760	0.05458	1.01512	1.16189	0.99984	-0.01772	-0.00095	0.01773	0.99978	0.01148	0.00075	-0.01149	0.99993		-93.25444	-130.36309	-0.90109	-0.32751	0.55983	-1.25538	0.17303	0.99971	0.02191	-0.00977	-0.02196	0.99974	-0.00572	0.00964	0.00593	0.99994	
115	0.57500	90.35202	53.83227	1.11948	0.66705	0.06529	1.01865	1.15638	0.99984	-0.01778	-0.00114	0.01779	0.99977	0.01164	0.00093	-0.01166	0.99993		-93.32377	-130.31866	-0.92252	-0.31246	0.56743	-1.25206	0.16801	0.99971	0.02185	-0.00990	-0.02190	0.99975	-0.00545	0.00978	0.00567	0.99994	
116	0.58000	90.44874	53.82334	1.14152	0.67621	0.06851	1.02009	1.16703	0.99984	-0.01780	-0.00120	0.01782	0.99977	0.01180	0.00099	-0.01182	0.99993		-93.21617	-130.34454	-0.91371	-0.29176	0.57762	-1.25137	0.16385	0.99971	0.02184	-0.01008	-0.02189	0.99975	-0.00509	0.00997	0.00531	0.99994	
117	0.58500	90.41394	53.82556	1.12951	0.68608	0.07615	1.01637	1.15617	0.99984	-0.01774	-0.00133	0.01775	0.99977	0.01197	0.00112	-0.01200	0.99993		-93.26875	-130.33131	-0.91822	-0.27855	0.58287	-1.25005	0.16557	0.99971	0.02181	-0.01017	-0.02187	0.99975	-0.00486	0.01006	0.00508	0.99994	
118	0.59000	90.38610	53.83351	1.15996	0.69764	0.08419	1.01597	1.17625	0.99984	-0.01773	-0.00147	0.01775	0.99977	0.01218	0.00125	-0.01220	0.99992		-93.29095	-130.29668	-0.91979	-0.25860	0.59255	-1.24824	0.17682	0.99971	0.02178	-0.01034	-0.02183	0.99975	-0.00451	0.01024	0.00474	0.99994	
119	0.59500	90.38532	53.84800	1.18305	0.70692	0.09563	1.02444	1.15885	0.99984	-0.01788	-0.00167	0.01790	0.99976	0.01234	0.00145	-0.01237	0.99992		-93.23023	-130.31252	-0.93115	-0.23751	0.60172	-1.24434	0.15252	0.99971	0.02171	-0.01050	-0.02176	0.99975	-0.00415	0.01041	0.00437	0.99994	
120	0.60000	90.38058	53.84593	1.16137	0.71975	0.09688	1.01397	1.15589	0.99984	-0.01770	-0.00169	0.01772	0.99976	0.01256	0.00147	-0.01259	0.99992		-93.33107	-130.26434	-0.96058	-0.21882	0.60902	-1.24772	0.16011	0.99971	0.02177	-0.01063	-0.02182	0.99975	-0.00382	0.01054	0.00405	0.99994	
121	0.60500	90.35656	53.84601	1.19105	0.72519	0.11557	1.01838	1.14975	0.99984	-0.01777	-0.00202	0.01780	0.99976	0.01266	0.00179	-0.01269	0.99992		-93.28673	-130.27851	-0.94551	-0.20420	0.61440	-1.24720	0.15991	0.99971	0.02176	-0.01072	-0.02180	0.99976	-0.00356	0.01064	0.00380	0.99994	
122	0.61000	90.35770	53.85706	1.19368	0.73447	0.11752	1.02108	1.16441	0.99984	-0.01782	-0.00205	0.01785	0.99976	0.01282	0.00182	-0.01285	0.99992		-93.28306	-130.26572	-0.93844	-0.18521	0.61728	-1.24523	0.16170	0.99971	0.02173	-0.01077	-0.02177	0.99976	-0.00323	0.01070	0.00347	0.99994	
123	0.61500	90.36537	53.87427	1.20161	0.74608	0.12422	1.01988	1.16349	0.99984	-0.01780	-0.00217	0.01783	0.99976	0.01302	0.00194	-0.01306	0.99991		-93.30999	-130.26547	-0.94762	-0.17019	0.62521	-1.24434	0.16282	0.99970	0.02171	-0.01091	-0.02175	0.99976	-0.00297	0.01084	0.00321	0.99994	
124	0.62000	90.33365	53.88728	1.21029	0.75188	0.13925	1.01978	1.15276	0.99984	-0.01780	-0.00243	0.01783	0.99975	0.01312	0.00220	-0.01316	0.99991		-93.30147	-130.24852	-0.95287	-0.15449	0.62774	-1.23817	0.16176	0.99971	0.02161	-0.01096	-0.02164	0.99976	-0.00270	0.01090	0.00293	0.99994	
125	0.62500	90.31352	53.87397	1.22312	0.75717	0.14560	1.01707	1.15527	0.99984	-0.01775	-0.00254	0.01778	0.99975	0.01321	0.00231	-0.01326	0.99991		-93.29425	-130.24287	-0.94586	-0.13667	0.63481	-1.24207	0.17797	0.99970	0.02168	-0.01108	-0.02170	0.99976	-0.00239	0.01102	0.00263	0.99994	
126	0.63000	90.27147	53.93027	1.26494	0.77426	0.14957	1.00408	1.13557	0.99984	-0.01752	-0.00261	0.01756	0.99975	0.01351	0.00237	-0.01356	0.99991		-93.30426	-130.24017	-0.95092	-0.12113	0.63886	-1.24246	0.17329	0.99970	0.02168	-0.01115	-0.02171	0.99976	-0.00211	0.01110	0.00236	0.99994	
127	0.63500	90.24304	53.91736	1.26194	0.77897	0.15302	0.99750	1.12093	0.99984	-0.01741	-0.00267	0.01744	0.99976	0.01360	0.00243	-0.01364	0.99990		-93.32458	-130.20413	-0.96429	-0.10463	0.64162	-1.23882	0.16248	0.99970	0.02162	-0.01120	-0.02164	0.99976	-0.00183	0.01116	0.00207	0.99994	
128	0.64000	90.26846	53.91195	1.27874	0.78276	0.16143	1.00506	1.12679	0.99984	-0.01754	-0.00282	0.01758	0.99975	0.01366	0.00258	-0.01371	0.99990		-93.30295	-130.21202	-0.96127	-0.08921	0.64252	-1.23720	0.15586	0.99970	0.02159	-0.01121	-0.02161	0.99977	-0.00156	0.01118	0.00180	0.99994	
129	0.64500	90.32382	53.88625	1.26044	0.77981	0.16601	1.01950	1.16217	0.99984	-0.01779	-0.00290	0.01783	0.99975	0.01361	0.00265	-0.01366	0.99990		-93.31892	-130.17728	-0.97900	-0.07160	0.64655	-1.24477	0.16366	0.99970	0.02172	-0.01128	-0.02174	0.99976	-0.00125	0.01125	0.00149	0.99994	
130	0.65000	90.25985	53.92247	1.28562	0.79393	0.17086	1.00206	1.13843	0.99984	-0.01749	-0.00298	0.01753	0.99975	0.01386	0.00274	-0.01391	0.99990		-93.32990	-130.15966	-0.97958	-0.05718	0.64692	-1.24420	0.16135	0.99970	0.02171	-0.01129	-0.02173	0.99976	-0.00100	0.01127	0.00124	0.99994	
131	0.65500	90.26327	53.92211	1.29375	0.79677	0.17575	1.00225	1.13809	0.99984	-0.01749	-0.00307	0.01753	0.99975	0.01391	0.00282	-0.01396	0.99990		-93.29247	-130.17947	-0.96401	-0.04414	0.64925	-1.24510	0.16612	0.99970	0.02173	-0.01133	-0.02174	0.99976	-0.00077	0.01131	0.00102	0.99994	
132	0.66000	90.26724	53.91047	1.31218	0.79755	0.17977	1.00313	1.13853	0.99984	-0.01751	-0.00314	0.01755	0.99975	0.01392	0.00289	-0.01397	0.99990		-93.32031	-130.15493	-0.98083	-0.03263	0.64940	-1.24349	0.16460	0.99970	0.02170	-0.01133	-0.02171	0.99976	-0.00057	0.01132	0.00082	0.99994	
133	0.66500	90.27940	53.90694	1.30949	0.80022	0.18516	1.00400	1.12917	0.99984	-0.01752	-0.00323	0.01757	0.99975	0.01397	0.00299	-0.01402	0.99990		-93.30483	-130.15269	-0.97296	-0.02064	0.64598	-1.24091	0.15940	0.99970	0.02165	-0.01127	-0.02166	0.99977	-0.00036	0.01126	0.00060	0.99994	
134	0.67000	90.22310	53.90302	1.32646	0.80006	0.18897	1.00533	1.13245	0.99984	-0.01755	-0.00330	0.01759	0.99975	0.01396	0.00305	-0.01402	0.99990		-93.28471	-130.15235	-0.96116	-0.00783	0.64357	-1.24832	0.16298	0.99970	0.02178	-0.01123	-0.02179	0.99976	-0.00014	0.01123	0.00038	0.99994	
135	0.67500	90.27378	53.90115	1.33087	0.80082	0.18940	1.00694	1.14301	0.99984	-0.01757	-0.00331	0.01762	0.99975	0.01398	0.00306	-0.01403	0.99990		-93.29159	-130.15032	-0.96953	-0.00105	0.64401	-1.25092	0.17586	0.99970	0.02183	-0.01124	-0.02183	0.99976	-0.00002	0.01124	0.00026	0.99994	
136	0.68000	90.26199	53.88759	1.33352	0.79927	0.19678	1.00503	1.13755	0.99984	-0.01754	-0.00343	0.01759	0.99975	0.01395	0.00319	-0.01401	0.99990		-93.29825	-130.12493	-0.96553	0.01261	0.63900	-1.24981	0.17552	0.99970	0.02181	-0.01115	-0.02181	0.99976	0.00022	0.01115	0.00002	0.99994	
137	0.68500	90.23758	53.86695	1.34934	0.79658	0.20127	0.99874	1.13611	0.99984	-0.01743	-0.00351	0.01748	0.99975	0.01390	0.00327	-0.01396	0.99990		-93.25787	-130.13713	-0.96185	0.02163	0.63464	-1.25221	0.18053	0.99970	0.02185	-0.01108	-0.02185	0.99976	0.00038	0.01108	-0.00014	0.99994	
138	0.69000	90.25573	53.87140	1.33011	0.79766	0.19922	1.00388	1.13951	0.99984	-0.01752	-0.00348	0.01757	0.99975	0.01392	0.00323	-0.01398	0.99990		-93.30215	-130.11058	-0.96114	0.03078	0.62971	-1.24862	0.16536	0.99970	0.02179	-0.01099	-0.02178	0.99976	0.00054	0.01100	-0.00030	0.99994	
