NO_OF_FRAMES	12030
NO_OF_CAMERAS	8
NO_OF_BODIES	2
FREQUENCY	200
NO_OF_ANALOG	0
ANALOG_FREQUENCY	0
DESCRIPTION	--
TIME_STAMP	2013-07-03, 15:21:47	24124.56700063
DATA_INCLUDED	6D
BODY_NAMES	Ice 1	Ice 2
Frame	Time	Ice 1 X	Y	Z	Roll	Pitch	Yaw	Residual	Rot[0]	Rot[1]	Rot[2]	Rot[3]	Rot[4]	Rot[5]	Rot[6]	Rot[7]	Rot[8]	Ice 2 X	Y	Z	Roll	Pitch	Yaw	Residual	Rot[0]	Rot[1]	Rot[2]	Rot[3]	Rot[4]	Rot[5]	Rot[6]	Rot[7]	Rot[8]	
1	0.00500	60.03227	-39.84451	-1.28060	1.57085	0.12881	0.55245	1.03230	0.99995	-0.00964	-0.00225	0.00970	0.99958	0.02741	0.00198	-0.02743	0.99962		25.41177	-163.28317	-1.11481	-0.98159	0.69673	-1.55668	0.17741	0.99956	0.02716	-0.01216	-0.02737	0.99948	-0.01713	0.01169	0.01746	0.99978	
2	0.01000	59.94824	-39.93915	-1.24781	1.53943	0.14743	0.53633	0.98514	0.99995	-0.00936	-0.00257	0.00943	0.99959	0.02686	0.00232	-0.02689	0.99964		25.36944	-163.23310	-1.15967	-0.95951	0.70370	-1.55455	0.14636	0.99956	0.02713	-0.01228	-0.02733	0.99949	-0.01674	0.01182	0.01707	0.99978	
3	0.01500	59.97489	-40.01246	-1.23141	1.51195	0.14855	0.54065	1.00157	0.99995	-0.00944	-0.00259	0.00950	0.99961	0.02639	0.00234	-0.02641	0.99965		25.36912	-163.20478	-1.16140	-0.94181	0.69877	-1.55582	0.14808	0.99956	0.02715	-0.01220	-0.02735	0.99949	-0.01644	0.01174	0.01676	0.99979	
4	0.02000	59.95646	-40.07869	-1.22530	1.48797	0.15226	0.53534	0.98917	0.99995	-0.00934	-0.00266	0.00941	0.99962	0.02597	0.00241	-0.02599	0.99966		25.36794	-163.15261	-1.19346	-0.92053	0.69473	-1.56344	0.13834	0.99955	0.02728	-0.01213	-0.02748	0.99949	-0.01606	0.01168	0.01639	0.99980	
5	0.02500	59.98419	-40.14957	-1.19784	1.46049	0.14904	0.53407	0.98469	0.99995	-0.00932	-0.00260	0.00938	0.99963	0.02549	0.00236	-0.02551	0.99967		25.40572	-163.14737	-1.21197	-0.90464	0.68759	-1.55857	0.15102	0.99956	0.02720	-0.01200	-0.02738	0.99950	-0.01579	0.01157	0.01611	0.99980	
6	0.03000	59.93527	-40.22284	-1.17126	1.43064	0.15445	0.53252	0.96748	0.99995	-0.00929	-0.00270	0.00936	0.99964	0.02497	0.00246	-0.02499	0.99968		25.37176	-163.09003	-1.23061	-0.88271	0.68579	-1.55344	0.15192	0.99956	0.02711	-0.01197	-0.02729	0.99951	-0.01540	0.01155	0.01572	0.99981	
7	0.03500	59.92842	-40.28777	-1.12155	1.40104	0.15972	0.53270	0.98182	0.99995	-0.00930	-0.00279	0.00936	0.99966	0.02445	0.00256	-0.02448	0.99970		25.42869	-163.05399	-1.26297	-0.86145	0.67928	-1.55418	0.15383	0.99956	0.02712	-0.01186	-0.02730	0.99951	-0.01503	0.01144	0.01535	0.99982	
8	0.04000	59.91425	-40.37644	-1.08871	1.36448	0.16479	0.53641	0.99072	0.99995	-0.00936	-0.00288	0.00943	0.99967	0.02381	0.00265	-0.02384	0.99971		25.43991	-163.00615	-1.29445	-0.83941	0.67166	-1.55014	0.16267	0.99957	0.02705	-0.01172	-0.02722	0.99952	-0.01465	0.01132	0.01496	0.99982	
9	0.04500	59.96247	-40.45516	-1.08946	1.33331	0.15769	0.53328	0.98903	0.99995	-0.00931	-0.00275	0.00937	0.99969	0.02327	0.00253	-0.02329	0.99973		25.42965	-162.96876	-1.33433	-0.81789	0.66376	-1.55321	0.13704	0.99957	0.02710	-0.01158	-0.02727	0.99953	-0.01427	0.01119	0.01458	0.99983	
10	0.05000	59.93877	-40.53488	-1.03797	1.29668	0.16514	0.53519	0.98507	0.99995	-0.00934	-0.00288	0.00940	0.99970	0.02263	0.00267	-0.02266	0.99974		25.47522	-162.90729	-1.37040	-0.79448	0.65348	-1.55194	0.16194	0.99957	0.02708	-0.01141	-0.02724	0.99953	-0.01386	0.01102	0.01417	0.99984	
11	0.05500	59.69324	-40.78514	-0.91185	1.25464	0.16926	0.54774	1.04122	0.99995	-0.00956	-0.00295	0.00962	0.99971	0.02190	0.00274	-0.02192	0.99976		25.45184	-162.84413	-1.38938	-0.76706	0.64851	-1.55110	0.16860	0.99957	0.02707	-0.01132	-0.02722	0.99954	-0.01339	0.01095	0.01369	0.99985	
12	0.06000	59.75540	-40.93677	-0.90634	1.20667	0.17222	0.56733	1.07191	0.99995	-0.00990	-0.00301	0.00996	0.99973	0.02106	0.00280	-0.02109	0.99977		25.49283	-162.81128	-1.42576	-0.74283	0.63994	-1.54542	0.15335	0.99957	0.02697	-0.01117	-0.02711	0.99955	-0.01296	0.01081	0.01326	0.99985	
13	0.06500	59.74586	-41.03557	-0.85586	1.16498	0.17402	0.57344	1.07608	0.99995	-0.01001	-0.00304	0.01007	0.99974	0.02033	0.00283	-0.02036	0.99979		25.48773	-162.72949	-1.45337	-0.71629	0.63391	-1.54296	0.15412	0.99958	0.02692	-0.01106	-0.02706	0.99956	-0.01250	0.01072	0.01279	0.99986	
14	0.07000	59.77873	-41.13200	-0.80333	1.12585	0.17188	0.57396	1.08101	0.99995	-0.01002	-0.00300	0.01007	0.99976	0.01965	0.00280	-0.01968	0.99980		25.49480	-162.65819	-1.49825	-0.68473	0.62607	-1.54069	0.14975	0.99958	0.02689	-0.01093	-0.02702	0.99956	-0.01195	0.01060	0.01224	0.99987	
15	0.07500	59.76468	-41.21850	-0.76493	1.08704	0.16774	0.57818	1.08411	0.99994	-0.01009	-0.00293	0.01014	0.99977	0.01897	0.00274	-0.01900	0.99982		25.49740	-162.61280	-1.53350	-0.66071	0.61242	-1.53849	0.13329	0.99958	0.02685	-0.01069	-0.02697	0.99957	-0.01153	0.01037	0.01181	0.99988	
16	0.08000	59.74398	-41.31421	-0.71157	1.04338	0.16723	0.57791	1.07868	0.99994	-0.01009	-0.00292	0.01014	0.99978	0.01821	0.00273	-0.01824	0.99983		25.50089	-162.51936	-1.57824	-0.63018	0.60695	-1.53998	0.15024	0.99958	0.02687	-0.01059	-0.02699	0.99958	-0.01100	0.01029	0.01128	0.99988	
17	0.08500	59.72064	-41.42139	-0.64322	1.00212	0.16968	0.58002	1.08924	0.99994	-0.01012	-0.00296	0.01017	0.99980	0.01749	0.00278	-0.01752	0.99984		25.56290	-162.47312	-1.60566	-0.60414	0.59163	-1.54071	0.16851	0.99959	0.02689	-0.01033	-0.02699	0.99958	-0.01054	0.01004	0.01082	0.99989	
18	0.09000	59.73668	-41.50345	-0.60217	0.95934	0.17048	0.58152	1.08744	0.99994	-0.01015	-0.00298	0.01020	0.99981	0.01674	0.00280	-0.01677	0.99986		25.56386	-162.39011	-1.64138	-0.57757	0.57975	-1.54410	0.14901	0.99959	0.02694	-0.01012	-0.02705	0.99958	-0.01008	0.00984	0.01035	0.99990	
19	0.09500	59.71129	-41.61716	-0.56316	0.91510	0.16872	0.58477	1.08482	0.99994	-0.01021	-0.00294	0.01025	0.99982	0.01597	0.00278	-0.01600	0.99987		25.57807	-162.33598	-1.67687	-0.55123	0.56837	-1.54185	0.15013	0.99959	0.02691	-0.00992	-0.02700	0.99959	-0.00962	0.00966	0.00988	0.99990	
20	0.10000	59.71486	-41.69968	-0.50938	0.87421	0.16849	0.57671	1.06901	0.99995	-0.01007	-0.00294	0.01011	0.99983	0.01526	0.00279	-0.01529	0.99988		25.60683	-162.26844	-1.68774	-0.52137	0.55843	-1.54653	0.15346	0.99959	0.02699	-0.00975	-0.02708	0.99959	-0.00910	0.00950	0.00936	0.99991	
21	0.10500	59.73046	-41.80372	-0.43245	0.82570	0.16785	0.57853	1.07155	0.99994	-0.01010	-0.00293	0.01014	0.99984	0.01441	0.00278	-0.01444	0.99989		25.62637	-162.18230	-1.72721	-0.49520	0.54465	-1.54331	0.15606	0.99959	0.02693	-0.00951	-0.02701	0.99960	-0.00864	0.00927	0.00890	0.99992	
22	0.11000	59.68267	-41.94409	-0.37666	0.77725	0.16632	0.57785	1.06052	0.99994	-0.01009	-0.00290	0.01012	0.99986	0.01357	0.00277	-0.01359	0.99990		25.62568	-162.13025	-1.75830	-0.46910	0.53677	-1.54346	0.15947	0.99959	0.02693	-0.00937	-0.02701	0.99960	-0.00819	0.00914	0.00844	0.99992	
23	0.11500	59.71588	-42.03266	-0.32653	0.72950	0.15998	0.58858	1.10334	0.99994	-0.01027	-0.00279	0.01031	0.99987	0.01273	0.00266	-0.01276	0.99992		25.67082	-162.04875	-1.79424	-0.44031	0.52380	-1.54368	0.15641	0.99960	0.02694	-0.00914	-0.02701	0.99961	-0.00768	0.00893	0.00793	0.99993	
24	0.12000	59.74223	-42.23151	-0.29061	0.66606	0.16279	0.60571	1.10134	0.99994	-0.01057	-0.00284	0.01060	0.99988	0.01162	0.00272	-0.01165	0.99993		25.66961	-161.98084	-1.82904	-0.41438	0.50954	-1.54449	0.15412	0.99960	0.02695	-0.00889	-0.02702	0.99961	-0.00723	0.00869	0.00747	0.99993	
25	0.12500	59.75811	-42.33514	-0.23998	0.61934	0.16203	0.60997	1.10389	0.99994	-0.01065	-0.00283	0.01068	0.99988	0.01081	0.00271	-0.01084	0.99994		25.68482	-161.92514	-1.86418	-0.38847	0.50036	-1.54413	0.16041	0.99960	0.02695	-0.00873	-0.02701	0.99961	-0.00678	0.00855	0.00701	0.99994	
26	0.13000	59.77258	-42.42627	-0.16615	0.57578	0.16303	0.60658	1.10044	0.99994	-0.01059	-0.00285	0.01061	0.99989	0.01005	0.00274	-0.01008	0.99995		25.75939	-161.85602	-1.89116	-0.36274	0.48068	-1.54292	0.15537	0.99960	0.02692	-0.00839	-0.02698	0.99962	-0.00633	0.00822	0.00655	0.99994	
27	0.13500	59.71302	-42.54672	-0.10655	0.52475	0.16446	0.60433	1.07891	0.99994	-0.01055	-0.00287	0.01057	0.99990	0.00916	0.00277	-0.00919	0.99995		25.70342	-161.76938	-1.93791	-0.33399	0.47167	-1.53924	0.16214	0.99961	0.02686	-0.00823	-0.02691	0.99962	-0.00583	0.00807	0.00605	0.99995	
28	0.14000	59.78069	-42.65658	-0.00533	0.47566	0.15546	0.60571	1.09128	0.99994	-0.01057	-0.00271	0.01059	0.99991	0.00830	0.00263	-0.00833	0.99996		25.78590	-161.70495	-1.94431	-0.30564	0.45666	-1.53758	0.16209	0.99961	0.02683	-0.00797	-0.02687	0.99962	-0.00533	0.00782	0.00555	0.99995	
29	0.14500	59.74774	-42.76175	0.05423	0.42649	0.15521	0.60840	1.09882	0.99994	-0.01062	-0.00271	0.01064	0.99992	0.00744	0.00263	-0.00747	0.99997		25.81170	-161.63214	-2.00040	-0.28116	0.44381	-1.53757	0.15650	0.99961	0.02683	-0.00775	-0.02687	0.99963	-0.00491	0.00761	0.00511	0.99996	
30	0.15000	59.72840	-42.86466	0.09491	0.38309	0.15117	0.59909	1.07263	0.99994	-0.01046	-0.00264	0.01047	0.99992	0.00669	0.00257	-0.00671	0.99997		25.78169	-161.53821	-2.05146	-0.25254	0.43408	-1.53457	0.17091	0.99961	0.02678	-0.00758	-0.02681	0.99963	-0.00441	0.00746	0.00461	0.99996	
31	0.15500	59.75537	-42.96673	0.18328	0.33403	0.14390	0.60952	1.11714	0.99994	-0.01064	-0.00251	0.01065	0.99993	0.00583	0.00245	-0.00586	0.99998		25.81079	-161.45389	-2.08307	-0.21975	0.42649	-1.53477	0.17045	0.99961	0.02678	-0.00744	-0.02681	0.99963	-0.00384	0.00734	0.00403	0.99996	
32	0.16000	59.74981	-43.06733	0.24158	0.28766	0.14348	0.60601	1.10464	0.99994	-0.01058	-0.00250	0.01059	0.99993	0.00502	0.00245	-0.00505	0.99998		25.82580	-161.38652	-2.13387	-0.19818	0.40924	-1.53364	0.16540	0.99962	0.02676	-0.00714	-0.02679	0.99964	-0.00346	0.00705	0.00365	0.99997	
33	0.16500	59.77400	-43.19640	0.32515	0.23469	0.13262	0.61038	1.11051	0.99994	-0.01065	-0.00231	0.01066	0.99993	0.00410	0.00227	-0.00412	0.99999		25.82574	-161.27637	-2.16514	-0.16625	0.40012	-1.54069	0.15082	0.99961	0.02689	-0.00698	-0.02691	0.99963	-0.00290	0.00690	0.00309	0.99997	
34	0.17000	59.82046	-43.27680	0.38653	0.18890	0.12676	0.60790	1.12075	0.99994	-0.01061	-0.00221	0.01062	0.99994	0.00330	0.00218	-0.00332	0.99999		25.88320	-161.21731	-2.17474	-0.14325	0.39174	-1.53416	0.17692	0.99962	0.02677	-0.00684	-0.02679	0.99964	-0.00250	0.00677	0.00268	0.99997	
35	0.17500	59.79791	-43.44169	0.42390	0.13204	0.13271	0.62729	1.11923	0.99994	-0.01095	-0.00232	0.01095	0.99994	0.00230	0.00229	-0.00233	0.99999		25.87976	-161.12477	-2.23035	-0.11578	0.37859	-1.53576	0.16030	0.99962	0.02680	-0.00661	-0.02681	0.99964	-0.00202	0.00655	0.00220	0.99998	
36	0.18000	59.84274	-43.51441	0.49558	0.08746	0.12777	0.62479	1.11848	0.99994	-0.01090	-0.00223	0.01091	0.99994	0.00153	0.00221	-0.00155	1.00000		25.94165	-161.05618	-2.25283	-0.09160	0.36711	-1.53831	0.17311	0.99962	0.02684	-0.00641	-0.02686	0.99964	-0.00160	0.00636	0.00177	0.99998	
37	0.18500	59.82469	-43.61959	0.56090	0.04311	0.12146	0.62486	1.10951	0.99994	-0.01091	-0.00212	0.01091	0.99994	0.00075	0.00211	-0.00078	1.00000		25.96357	-160.99556	-2.28322	-0.06877	0.35733	-1.53578	0.15392	0.99962	0.02680	-0.00624	-0.02681	0.99964	-0.00120	0.00620	0.00137	0.99998	
38	0.19000	59.81311	-43.72716	0.62952	-0.00538	0.12149	0.62831	1.10680	0.99994	-0.01097	-0.00212	0.01097	0.99994	-0.00009	0.00212	0.00007	1.00000		25.94595	-160.91045	-2.32556	-0.04491	0.34812	-1.54413	0.17337	0.99962	0.02695	-0.00608	-0.02695	0.99964	-0.00078	0.00605	0.00095	0.99998	
39	0.19500	59.90953	-43.80513	0.70736	-0.04882	0.10558	0.62627	1.11264	0.99994	-0.01093	-0.00184	0.01093	0.99994	-0.00085	0.00185	0.00083	1.00000		25.98730	-160.85153	-2.33504	-0.02430	0.33906	-1.53931	0.17010	0.99962	0.02686	-0.00592	-0.02687	0.99964	-0.00042	0.00590	0.00058	0.99998	
40	0.20000	59.89422	-43.90190	0.77988	-0.08938	0.10188	0.62778	1.10390	0.99994	-0.01096	-0.00178	0.01095	0.99994	-0.00156	0.00180	0.00154	1.00000		26.03648	-160.80406	-2.38165	-0.00251	0.32271	-1.53839	0.17801	0.99962	0.02685	-0.00563	-0.02685	0.99964	-0.00004	0.00563	0.00020	0.99998	
41	0.20500	59.85058	-43.98903	0.83812	-0.12981	0.09779	0.62668	1.09665	0.99994	-0.01094	-0.00171	0.01093	0.99994	-0.00227	0.00173	0.00225	1.00000		26.01518	-160.72279	-2.41957	0.02028	0.31409	-1.53379	0.17322	0.99963	0.02677	-0.00548	-0.02676	0.99964	0.00035	0.00549	-0.00021	0.99998	
42	0.21000	59.91862	-44.05204	0.91472	-0.16799	0.08446	0.62663	1.10397	0.99994	-0.01094	-0.00147	0.01093	0.99994	-0.00293	0.00151	0.00292	0.99999		26.06018	-160.64805	-2.42869	0.04121	0.30254	-1.53041	0.18196	0.99963	0.02671	-0.00528	-0.02670	0.99964	0.00072	0.00530	-0.00058	0.99999	
43	0.21500	59.89046	-44.15528	0.97741	-0.20950	0.08226	0.62958	1.11395	0.99994	-0.01099	-0.00144	0.01098	0.99993	-0.00366	0.00148	0.00364	0.99999		26.05454	-160.58057	-2.46730	0.06670	0.29653	-1.53579	0.17289	0.99963	0.02680	-0.00518	-0.02680	0.99964	0.00116	0.00520	-0.00103	0.99999	
44	0.22000	59.95162	-44.22632	1.03051	-0.24803	0.06882	0.62784	1.10387	0.99994	-0.01096	-0.00120	0.01095	0.99993	-0.00433	0.00125	0.00432	0.99999		26.06409	-160.48880	-2.51397	0.08930	0.28853	-1.53201	0.18517	0.99963	0.02674	-0.00504	-0.02673	0.99964	0.00156	0.00508	-0.00142	0.99999	
45	0.22500	59.96699	-44.32169	1.12660	-0.28609	0.06212	0.62929	1.10996	0.99994	-0.01098	-0.00108	0.01098	0.99993	-0.00499	0.00114	0.00498	0.99999		26.12802	-160.43572	-2.52752	0.10852	0.27429	-1.52937	0.16205	0.99963	0.02669	-0.00479	-0.02668	0.99964	0.00189	0.00484	-0.00177	0.99999	
46	0.23000	59.95667	-44.41869	1.15500	-0.32421	0.05128	0.62844	1.10938	0.99994	-0.01097	-0.00090	0.01096	0.99992	-0.00566	0.00096	0.00565	0.99998		26.07023	-160.33963	-2.60791	0.13494	0.27394	-1.52889	0.15356	0.99963	0.02668	-0.00478	-0.02667	0.99964	0.00236	0.00484	-0.00223	0.99999	
47	0.23500	59.95590	-44.46002	1.23519	-0.35693	0.04797	0.62601	1.10487	0.99994	-0.01093	-0.00084	0.01092	0.99992	-0.00623	0.00091	0.00622	0.99998		26.13365	-160.30184	-2.59565	0.14992	0.26279	-1.52641	0.17057	0.99963	0.02664	-0.00459	-0.02663	0.99964	0.00262	0.00465	-0.00249	0.99999	
48	0.24000	59.95256	-44.55527	1.27448	-0.39193	0.04743	0.62688	1.10052	0.99994	-0.01094	-0.00083	0.01094	0.99992	-0.00684	0.00090	0.00683	0.99998		26.15031	-160.21236	-2.63431	0.17312	0.25517	-1.52778	0.15236	0.99963	0.02666	-0.00445	-0.02665	0.99964	0.00302	0.00453	-0.00290	0.99999	
49	0.24500	59.94488	-44.62348	1.33473	-0.42442	0.03914	0.62858	1.10730	0.99994	-0.01097	-0.00068	0.01097	0.99991	-0.00741	0.00076	0.00740	0.99997		26.15605	-160.17200	-2.66426	0.18988	0.25462	-1.52914	0.17229	0.99963	0.02669	-0.00444	-0.02667	0.99964	0.00331	0.00453	-0.00319	0.99998	
50	0.25000	59.98514	-44.68672	1.37740	-0.45584	0.02803	0.62881	1.10597	0.99994	-0.01097	-0.00049	0.01097	0.99991	-0.00796	0.00058	0.00795	0.99997		26.17710	-160.07375	-2.69036	0.21302	0.24657	-1.52694	0.15255	0.99964	0.02665	-0.00430	-0.02663	0.99964	0.00372	0.00440	-0.00360	0.99998	
51	0.25500	60.03594	-44.78031	1.43407	-0.48734	0.02329	0.63619	1.10987	0.99994	-0.01110	-0.00041	0.01110	0.99990	-0.00851	0.00050	0.00850	0.99996		26.25989	-160.01887	-2.70046	0.23065	0.24084	-1.53349	0.16310	0.99963	0.02676	-0.00420	-0.02674	0.99963	0.00403	0.00431	-0.00391	0.99998	
52	0.26000	60.08507	-44.86787	1.44799	-0.51893	0.01063	0.64492	1.12775	0.99994	-0.01126	-0.00019	0.01125	0.99990	-0.00906	0.00029	0.00905	0.99996		26.24282	-159.98088	-2.73785	0.24602	0.23581	-1.52793	0.16539	0.99964	0.02666	-0.00412	-0.02665	0.99964	0.00429	0.00423	-0.00418	0.99998	
53	0.26500	60.12889	-44.91597	1.52469	-0.54809	0.00268	0.64657	1.11757	0.99994	-0.01128	-0.00005	0.01128	0.99989	-0.00957	0.00015	0.00956	0.99995		26.25126	-159.91658	-2.75062	0.26235	0.22841	-1.52903	0.16179	0.99964	0.02668	-0.00399	-0.02666	0.99963	0.00458	0.00411	-0.00447	0.99998	
54	0.27000	60.15996	-44.97304	1.60369	-0.57164	-0.00391	0.64922	1.12519	0.99994	-0.01133	0.00007	0.01133	0.99989	-0.00998	0.00004	0.00998	0.99995		26.29229	-159.87622	-2.76388	0.27595	0.22257	-1.52908	0.16213	0.99964	0.02668	-0.00388	-0.02667	0.99963	0.00482	0.00401	-0.00471	0.99998	
55	0.27500	60.15550	-45.01643	1.62803	-0.59287	-0.01362	0.64583	1.13099	0.99994	-0.01127	0.00024	0.01127	0.99988	-0.01035	-0.00012	0.01035	0.99995		26.27909	-159.85989	-2.79703	0.28559	0.21935	-1.52441	0.16502	0.99964	0.02660	-0.00383	-0.02658	0.99963	0.00498	0.00396	-0.00488	0.99998	
56	0.28000	60.18332	-45.03740	1.69113	-0.60844	-0.01792	0.63992	1.11736	0.99994	-0.01117	0.00031	0.01117	0.99988	-0.01062	-0.00019	0.01062	0.99994		26.34764	-159.79416	-2.80662	0.30194	0.21015	-1.52659	0.15091	0.99964	0.02664	-0.00367	-0.02662	0.99963	0.00527	0.00381	-0.00517	0.99998	
57	0.28500	60.19125	-45.07483	1.72394	-0.62352	-0.02975	0.64500	1.11183	0.99994	-0.01126	0.00052	0.01126	0.99988	-0.01088	-0.00040	0.01089	0.99994		26.35804	-159.78224	-2.81052	0.31165	0.20381	-1.52551	0.14730	0.99964	0.02662	-0.00356	-0.02660	0.99963	0.00544	0.00370	-0.00534	0.99998	
58	0.29000	60.21355	-45.09690	1.76059	-0.64173	-0.03392	0.64373	1.10576	0.99994	-0.01124	0.00059	0.01124	0.99987	-0.01120	-0.00047	0.01121	0.99994		26.35563	-159.72220	-2.82795	0.32672	0.20637	-1.52885	0.17007	0.99964	0.02668	-0.00360	-0.02666	0.99963	0.00570	0.00375	-0.00560	0.99998	
59	0.29500	60.23498	-45.14515	1.79453	-0.65551	-0.03822	0.63949	1.11009	0.99994	-0.01116	0.00067	0.01117	0.99987	-0.01144	-0.00054	0.01145	0.99993		26.37906	-159.69007	-2.82841	0.33848	0.20475	-1.52503	0.18113	0.99964	0.02661	-0.00357	-0.02659	0.99963	0.00591	0.00373	-0.00581	0.99998	
60	0.30000	60.27129	-45.17390	1.84124	-0.66724	-0.04802	0.64314	1.11100	0.99994	-0.01122	0.00084	0.01123	0.99987	-0.01165	-0.00071	0.01165	0.99993		26.39139	-159.67128	-2.84914	0.34643	0.19605	-1.52573	0.16008	0.99964	0.02663	-0.00342	-0.02660	0.99963	0.00605	0.00358	-0.00595	0.99998	
61	0.30500	60.27753	-45.19781	1.88780	-0.67741	-0.05540	0.63434	1.09464	0.99994	-0.01107	0.00097	0.01108	0.99987	-0.01182	-0.00084	0.01183	0.99993		26.43327	-159.62748	-2.85418	0.35784	0.19296	-1.52072	0.14977	0.99964	0.02654	-0.00337	-0.02652	0.99963	0.00625	0.00353	-0.00615	0.99997	
62	0.31000	60.32249	-45.21250	1.90281	-0.68630	-0.07091	0.63962	1.11341	0.99994	-0.01116	0.00124	0.01118	0.99987	-0.01198	-0.00110	0.01199	0.99993		26.40318	-159.59495	-2.86215	0.36920	0.19424	-1.52131	0.17929	0.99964	0.02655	-0.00339	-0.02653	0.99963	0.00644	0.00356	-0.00635	0.99997	
63	0.31500	60.32122	-45.23777	1.94911	-0.69284	-0.07715	0.63540	1.12154	0.99994	-0.01109	0.00135	0.01111	0.99987	-0.01209	-0.00121	0.01211	0.99993		26.44036	-159.58795	-2.86644	0.37602	0.18683	-1.51901	0.16819	0.99964	0.02651	-0.00326	-0.02649	0.99963	0.00656	0.00343	-0.00647	0.99997	
64	0.32000	60.36726	-45.24455	1.95922	-0.69703	-0.07987	0.63655	1.11062	0.99994	-0.01111	0.00139	0.01113	0.99986	-0.01217	-0.00126	0.01218	0.99993		26.46770	-159.55370	-2.87133	0.38533	0.18739	-1.52039	0.18226	0.99964	0.02653	-0.00327	-0.02651	0.99963	0.00673	0.00345	-0.00664	0.99997	
65	0.32500	60.38096	-45.26583	1.99776	-0.70204	-0.09154	0.63632	1.11000	0.99994	-0.01111	0.00160	0.01112	0.99986	-0.01225	-0.00146	0.01227	0.99992		26.43113	-159.52707	-2.88400	0.39535	0.18993	-1.51839	0.16717	0.99964	0.02650	-0.00331	-0.02647	0.99963	0.00690	0.00350	-0.00681	0.99997	
66	0.33000	60.35805	-45.26836	2.02370	-0.70350	-0.08932	0.63881	1.10703	0.99994	-0.01115	0.00156	0.01117	0.99986	-0.01228	-0.00142	0.01229	0.99992		26.46805	-159.51330	-2.87182	0.40406	0.18728	-1.51488	0.16105	0.99965	0.02644	-0.00327	-0.02641	0.99963	0.00705	0.00345	-0.00696	0.99997	
67	0.33500	60.40908	-45.26266	2.03238	-0.69910	-0.09987	0.63445	1.11273	0.99994	-0.01107	0.00174	0.01109	0.99986	-0.01220	-0.00161	0.01222	0.99992		26.44167	-159.48177	-2.87170	0.41104	0.18853	-1.51695	0.16670	0.99964	0.02647	-0.00329	-0.02645	0.99962	0.00717	0.00348	-0.00708	0.99997	
68	0.34000	60.41364	-45.26181	2.05253	-0.69882	-0.10201	0.63781	1.11164	0.99994	-0.01113	0.00178	0.01115	0.99986	-0.01220	-0.00164	0.01222	0.99992		26.48211	-159.49236	-2.86382	0.41545	0.18751	-1.51648	0.16745	0.99964	0.02646	-0.00327	-0.02644	0.99962	0.00725	0.00346	-0.00716	0.99997	
69	0.34500	60.38589	-45.23569	2.06997	-0.68995	-0.10633	0.63383	1.10120	0.99994	-0.01106	0.00186	0.01108	0.99987	-0.01204	-0.00172	0.01206	0.99993		26.48036	-159.46667	-2.85564	0.42132	0.18774	-1.51569	0.16562	0.99964	0.02645	-0.00328	-0.02643	0.99962	0.00735	0.00347	-0.00726	0.99997	
70	0.35000	60.43749	-45.23684	2.08446	-0.68293	-0.11664	0.63005	1.11276	0.99994	-0.01100	0.00204	0.01102	0.99987	-0.01192	-0.00190	0.01194	0.99993		26.47402	-159.46172	-2.86402	0.42454	0.18872	-1.51056	0.16402	0.99965	0.02636	-0.00329	-0.02634	0.99963	0.00741	0.00349	-0.00732	0.99997	
71	0.35500	60.42925	-45.21433	2.09349	-0.67431	-0.11747	0.63037	1.11341	0.99994	-0.01100	0.00205	0.01103	0.99987	-0.01177	-0.00192	0.01179	0.99993		26.51012	-159.46859	-2.85605	0.42858	0.18652	-1.51085	0.15838	0.99965	0.02637	-0.00326	-0.02634	0.99962	0.00748	0.00345	-0.00739	0.99997	
72	0.36000	60.43538	-45.13811	2.11367	-0.65252	-0.12974	0.61516	1.08337	0.99994	-0.01074	0.00226	0.01076	0.99988	-0.01139	-0.00214	0.01141	0.99993		26.48354	-159.45667	-2.84330	0.43234	0.19002	-1.51276	0.16954	0.99965	0.02640	-0.00332	-0.02637	0.99962	0.00755	0.00351	-0.00746	0.99997	
73	0.36500	60.47134	-45.11944	2.11537	-0.63872	-0.13787	0.61312	1.08384	0.99994	-0.01070	0.00241	0.01073	0.99988	-0.01115	-0.00229	0.01117	0.99994		26.52114	-159.46537	-2.82703	0.43509	0.19005	-1.51303	0.16921	0.99965	0.02640	-0.00332	-0.02638	0.99962	0.00759	0.00352	-0.00750	0.99997	
74	0.37000	60.48166	-45.08666	2.11741	-0.62337	-0.14139	0.60979	1.07768	0.99994	-0.01064	0.00247	0.01067	0.99988	-0.01088	-0.00235	0.01091	0.99994		26.50636	-159.46899	-2.80579	0.43716	0.19043	-1.50768	0.16148	0.99965	0.02631	-0.00332	-0.02628	0.99963	0.00763	0.00352	-0.00754	0.99997	
75	0.37500	60.49951	-45.05820	2.12958	-0.60839	-0.14011	0.61486	1.08074	0.99994	-0.01073	0.00245	0.01076	0.99989	-0.01062	-0.00233	0.01064	0.99994		26.50355	-159.47424	-2.78048	0.43593	0.19117	-1.50758	0.16228	0.99965	0.02631	-0.00334	-0.02628	0.99963	0.00761	0.00354	-0.00752	0.99997	
76	0.38000	60.48282	-44.99721	2.09011	-0.58514	-0.14803	0.61183	1.10075	0.99994	-0.01068	0.00258	0.01070	0.99989	-0.01021	-0.00247	0.01024	0.99994		26.53159	-159.49285	-2.78095	0.43657	0.19354	-1.50379	0.17697	0.99965	0.02624	-0.00338	-0.02622	0.99963	0.00762	0.00358	-0.00753	0.99997	
77	0.38500	60.52431	-44.96244	2.10431	-0.56728	-0.14886	0.61176	1.08997	0.99994	-0.01068	0.00260	0.01070	0.99989	-0.00990	-0.00249	0.00993	0.99995		26.46805	-159.49802	-2.74680	0.43485	0.19875	-1.50949	0.17116	0.99965	0.02634	-0.00347	-0.02632	0.99962	0.00759	0.00367	-0.00750	0.99997	
78	0.39000	60.60575	-44.89464	2.08240	-0.53894	-0.15998	0.61173	1.09767	0.99994	-0.01068	0.00279	0.01070	0.99990	-0.00941	-0.00269	0.00944	0.99995		26.48845	-159.53730	-2.71761	0.43156	0.20029	-1.50625	0.16119	0.99965	0.02629	-0.00350	-0.02626	0.99963	0.00753	0.00369	-0.00744	0.99997	
79	0.39500	60.56548	-44.85161	2.06665	-0.51463	-0.16055	0.61083	1.09493	0.99994	-0.01066	0.00280	0.01069	0.99990	-0.00898	-0.00271	0.00901	0.99996		26.50308	-159.55173	-2.69248	0.42854	0.20185	-1.50305	0.17530	0.99965	0.02623	-0.00352	-0.02620	0.99963	0.00748	0.00372	-0.00738	0.99997	
80	0.40000	60.60954	-44.79952	2.06789	-0.48980	-0.16434	0.61328	1.09023	0.99994	-0.01070	0.00287	0.01073	0.99991	-0.00855	-0.00278	0.00858	0.99996		26.51565	-159.55709	-2.66729	0.42636	0.20162	-1.50067	0.17803	0.99965	0.02619	-0.00352	-0.02616	0.99963	0.00744	0.00371	-0.00735	0.99997	
81	0.40500	60.62498	-44.75553	2.03663	-0.46494	-0.16791	0.61477	1.10653	0.99994	-0.01073	0.00293	0.01075	0.99991	-0.00811	-0.00284	0.00815	0.99996		26.52228	-159.60531	-2.63351	0.41861	0.20222	-1.49832	0.18385	0.99965	0.02615	-0.00353	-0.02612	0.99963	0.00731	0.00372	-0.00721	0.99997	
82	0.41000	60.63253	-44.69615	2.02198	-0.43687	-0.16830	0.61153	1.12657	0.99994	-0.01067	0.00294	0.01070	0.99991	-0.00762	-0.00286	0.00766	0.99997		26.52467	-159.64042	-2.60443	0.41426	0.20827	-1.50111	0.17566	0.99965	0.02620	-0.00363	-0.02617	0.99963	0.00723	0.00382	-0.00713	0.99997	
83	0.41500	60.66960	-44.63521	1.99512	-0.41019	-0.16604	0.60908	1.11249	0.99994	-0.01063	0.00290	0.01065	0.99992	-0.00716	-0.00282	0.00719	0.99997		26.48933	-159.65394	-2.57042	0.40886	0.21223	-1.50255	0.18055	0.99965	0.02622	-0.00370	-0.02619	0.99963	0.00714	0.00389	-0.00704	0.99997	
84	0.42000	60.66042	-44.57718	1.94229	-0.37890	-0.16963	0.61107	1.12312	0.99994	-0.01066	0.00296	0.01068	0.99992	-0.00661	-0.00289	0.00664	0.99997		26.51353	-159.68813	-2.53291	0.40254	0.21382	-1.49992	0.17936	0.99965	0.02618	-0.00373	-0.02615	0.99963	0.00703	0.00391	-0.00693	0.99997	
85	0.42500	60.68893	-44.51677	1.93122	-0.35001	-0.17008	0.61230	1.14011	0.99994	-0.01069	0.00297	0.01070	0.99992	-0.00611	-0.00290	0.00614	0.99998		26.49494	-159.73600	-2.50741	0.39368	0.21783	-1.49749	0.16919	0.99965	0.02613	-0.00380	-0.02611	0.99964	0.00687	0.00398	-0.00677	0.99997	
86	0.43000	60.69020	-44.41974	1.90439	-0.31118	-0.17100	0.61227	1.14241	0.99994	-0.01069	0.00298	0.01070	0.99993	-0.00543	-0.00293	0.00546	0.99998		26.50323	-159.77300	-2.46916	0.38310	0.21672	-1.49573	0.17256	0.99965	0.02610	-0.00378	-0.02608	0.99964	0.00669	0.00396	-0.00659	0.99997	
87	0.43500	60.68422	-44.33322	1.85509	-0.27325	-0.16790	0.60708	1.13094	0.99994	-0.01060	0.00293	0.01061	0.99993	-0.00477	-0.00288	0.00480	0.99998		26.47355	-159.80453	-2.42714	0.37602	0.22377	-1.49531	0.16551	0.99965	0.02609	-0.00391	-0.02607	0.99964	0.00656	0.00408	-0.00646	0.99997	
88	0.44000	60.71072	-44.26132	1.82834	-0.23830	-0.16650	0.60783	1.13726	0.99994	-0.01061	0.00291	0.01062	0.99993	-0.00416	-0.00286	0.00419	0.99999		26.45746	-159.85508	-2.38920	0.36364	0.23034	-1.49373	0.16411	0.99965	0.02607	-0.00402	-0.02604	0.99964	0.00635	0.00418	-0.00624	0.99997	
89	0.44500	60.68908	-44.13253	1.81557	-0.19358	-0.17187	0.59585	1.12392	0.99994	-0.01040	0.00300	0.01041	0.99994	-0.00338	-0.00296	0.00341	0.99999		26.45694	-159.87936	-2.34714	0.35514	0.23368	-1.49369	0.16480	0.99965	0.02607	-0.00408	-0.02604	0.99964	0.00620	0.00424	-0.00609	0.99997	
90	0.45000	60.68446	-44.04864	1.76803	-0.15415	-0.17218	0.59119	1.11824	0.99994	-0.01032	0.00301	0.01033	0.99994	-0.00269	-0.00298	0.00272	0.99999		26.43291	-159.93932	-2.30856	0.34436	0.23646	-1.49132	0.15889	0.99965	0.02603	-0.00413	-0.02600	0.99964	0.00601	0.00428	-0.00590	0.99997	
91	0.45500	60.69930	-43.96502	1.76733	-0.11572	-0.16814	0.59737	1.12633	0.99994	-0.01043	0.00293	0.01043	0.99994	-0.00202	-0.00291	0.00205	0.99999		26.42179	-159.97234	-2.26217	0.33268	0.24014	-1.49073	0.15450	0.99965	0.02601	-0.00419	-0.02599	0.99965	0.00581	0.00434	-0.00570	0.99997	
92	0.46000	60.71571	-43.87037	1.69291	-0.07156	-0.16955	0.59162	1.12235	0.99994	-0.01033	0.00296	0.01033	0.99995	-0.00125	-0.00295	0.00128	0.99999		26.41080	-160.01824	-2.23686	0.31932	0.24607	-1.49008	0.16006	0.99965	0.02600	-0.00429	-0.02598	0.99965	0.00557	0.00444	-0.00546	0.99998	
93	0.46500	60.72785	-43.79446	1.64931	-0.03154	-0.17085	0.59090	1.12836	0.99994	-0.01031	0.00298	0.01031	0.99995	-0.00055	-0.00298	0.00058	1.00000		26.37357	-160.12334	-2.17589	0.29657	0.24519	-1.47890	0.16537	0.99966	0.02581	-0.00428	-0.02579	0.99965	0.00518	0.00441	-0.00506	0.99998	
94	0.47000	60.75619	-43.68627	1.61979	0.00955	-0.16500	0.59400	1.13541	0.99994	-0.01037	0.00288	0.01037	0.99995	0.00017	-0.00288	-0.00014	1.00000		26.36013	-160.16208	-2.13373	0.28153	0.24977	-1.48037	0.14910	0.99966	0.02583	-0.00436	-0.02581	0.99965	0.00491	0.00448	-0.00480	0.99998	
95	0.47500	60.76780	-43.58869	1.54574	0.05510	-0.16725	0.59063	1.13435	0.99994	-0.01031	0.00292	0.01031	0.99995	0.00096	-0.00293	-0.00093	1.00000		26.37484	-160.26570	-2.05291	0.25806	0.25186	-1.47684	0.16595	0.99966	0.02577	-0.00440	-0.02575	0.99966	0.00450	0.00451	-0.00439	0.99998	
96	0.48000	60.77810	-43.49550	1.49919	0.09907	-0.16572	0.59046	1.13819	0.99994	-0.01031	0.00289	0.01030	0.99995	0.00173	-0.00291	-0.00170	0.99999		26.31166	-160.31168	-1.98898	0.24199	0.26077	-1.47505	0.16530	0.99966	0.02574	-0.00455	-0.02572	0.99966	0.00422	0.00466	-0.00411	0.99998	
97	0.48500	60.79065	-43.37895	1.45022	0.14427	-0.16564	0.58901	1.14803	0.99994	-0.01028	0.00289	0.01027	0.99994	0.00252	-0.00292	-0.00249	0.99999		26.31626	-160.36245	-1.95914	0.22613	0.26079	-1.47293	0.15105	0.99966	0.02570	-0.00455	-0.02569	0.99966	0.00395	0.00465	-0.00383	0.99998	
98	0.49000	60.75620	-43.30350	1.37577	0.18716	-0.16463	0.58666	1.15327	0.99994	-0.01024	0.00287	0.01023	0.99994	0.00327	-0.00291	-0.00324	0.99999		26.32651	-160.44749	-1.89104	0.20082	0.26520	-1.47644	0.17674	0.99966	0.02577	-0.00463	-0.02575	0.99966	0.00350	0.00472	-0.00338	0.99998	
99	0.49500	60.79783	-43.20546	1.31478	0.23044	-0.16695	0.58618	1.16189	0.99994	-0.01023	0.00291	0.01022	0.99994	0.00402	-0.00295	-0.00399	0.99999		26.27578	-160.50771	-1.83094	0.17936	0.27170	-1.47354	0.17440	0.99966	0.02572	-0.00474	-0.02570	0.99966	0.00313	0.00482	-0.00301	0.99998	
100	0.50000	60.72239	-43.08544	1.29283	0.28075	-0.15700	0.56703	1.13884	0.99995	-0.00990	0.00274	0.00988	0.99994	0.00490	-0.00279	-0.00487	0.99998		26.28858	-160.57153	-1.75877	0.15753	0.27323	-1.47039	0.18580	0.99966	0.02566	-0.00477	-0.02565	0.99967	0.00275	0.00484	-0.00263	0.99998	
101	0.50500	60.74390	-42.95139	1.21157	0.33222	-0.15958	0.56604	1.13709	0.99995	-0.00988	0.00279	0.00986	0.99993	0.00580	-0.00284	-0.00577	0.99998		26.26956	-160.67633	-1.71113	0.13232	0.27599	-1.46369	0.17991	0.99966	0.02554	-0.00482	-0.02553	0.99967	0.00231	0.00487	-0.00219	0.99999	
102	0.51000	60.74564	-42.81032	1.18238	0.38398	-0.15511	0.56140	1.12629	0.99995	-0.00980	0.00271	0.00978	0.99993	0.00670	-0.00277	-0.00667	0.99997		26.25250	-160.70738	-1.64773	0.11493	0.28247	-1.46925	0.17862	0.99966	0.02564	-0.00493	-0.02563	0.99967	0.00201	0.00498	-0.00188	0.99999	
103	0.51500	60.79705	-42.71716	1.12022	0.42936	-0.15894	0.56632	1.14919	0.99995	-0.00988	0.00277	0.00986	0.99992	0.00749	-0.00285	-0.00747	0.99997		26.23658	-160.78683	-1.59646	0.09180	0.29008	-1.46699	0.17637	0.99966	0.02560	-0.00506	-0.02559	0.99967	0.00160	0.00510	-0.00147	0.99999	
104	0.52000	60.81214	-42.61683	1.06469	0.47341	-0.15245	0.56430	1.13626	0.99995	-0.00985	0.00266	0.00983	0.99992	0.00826	-0.00274	-0.00824	0.99996		26.22300	-160.85448	-1.54873	0.06546	0.29096	-1.46151	0.17254	0.99966	0.02551	-0.00508	-0.02550	0.99967	0.00114	0.00511	-0.00101	0.99999	
105	0.52500	60.77230	-42.53222	1.00908	0.51602	-0.14573	0.56824	1.12931	0.99995	-0.00992	0.00254	0.00989	0.99991	0.00901	-0.00263	-0.00898	0.99996		26.20297	-160.93931	-1.48051	0.04111	0.29955	-1.45915	0.16875	0.99966	0.02546	-0.00523	-0.02546	0.99968	0.00072	0.00524	-0.00058	0.99999	
106	0.53000	60.76883	-42.41249	0.94661	0.56380	-0.13719	0.56244	1.13541	0.99995	-0.00982	0.00239	0.00979	0.99990	0.00984	-0.00249	-0.00982	0.99995		26.17367	-161.01079	-1.40712	0.01565	0.29885	-1.45447	0.15185	0.99966	0.02538	-0.00522	-0.02538	0.99968	0.00027	0.00522	-0.00014	0.99999	
107	0.53500	60.76875	-42.30622	0.87345	0.60839	-0.13089	0.56403	1.13378	0.99995	-0.00984	0.00228	0.00982	0.99990	0.01062	-0.00239	-0.01060	0.99994		26.13643	-161.09092	-1.36332	-0.01126	0.30488	-1.45169	0.16183	0.99966	0.02533	-0.00532	-0.02534	0.99968	-0.00020	0.00531	0.00033	0.99999	
108	0.54000	60.77118	-42.21602	0.81039	0.65079	-0.12687	0.56535	1.12851	0.99995	-0.00987	0.00221	0.00984	0.99989	0.01136	-0.00233	-0.01134	0.99993		26.14220	-161.17483	-1.30727	-0.04102	0.30599	-1.44937	0.14911	0.99967	0.02529	-0.00534	-0.02530	0.99968	-0.00072	0.00532	0.00085	0.99999	
109	0.54500	60.80410	-42.11066	0.76066	0.69622	-0.12829	0.56447	1.13074	0.99995	-0.00985	0.00224	0.00982	0.99988	0.01215	-0.00236	-0.01213	0.99992		26.08486	-161.24564	-1.22957	-0.06893	0.31518	-1.45033	0.16932	0.99966	0.02531	-0.00550	-0.02532	0.99968	-0.00120	0.00547	0.00134	0.99998	
110	0.55000	60.79064	-41.99715	0.71345	0.74101	-0.11536	0.55889	1.11597	0.99995	-0.00975	0.00201	0.00973	0.99987	0.01293	-0.00214	-0.01291	0.99991		26.12989	-161.35428	-1.16491	-0.10286	0.31453	-1.44422	0.17356	0.99967	0.02520	-0.00549	-0.02521	0.99968	-0.00180	0.00544	0.00193	0.99998	
111	0.55500	60.79343	-41.91314	0.62631	0.78556	-0.11598	0.55820	1.12141	0.99995	-0.00974	0.00202	0.00971	0.99986	0.01371	-0.00216	-0.01369	0.99990		26.07446	-161.44210	-1.09121	-0.13270	0.32264	-1.44113	0.17330	0.99967	0.02515	-0.00563	-0.02516	0.99968	-0.00232	0.00557	0.00246	0.99998	
112	0.56000	60.79590	-41.78936	0.54898	0.83171	-0.11404	0.56141	1.14629	0.99995	-0.00980	0.00199	0.00977	0.99985	0.01452	-0.00213	-0.01450	0.99989		26.03337	-161.48628	-1.04748	-0.15872	0.32871	-1.44544	0.17999	0.99967	0.02522	-0.00574	-0.02524	0.99968	-0.00277	0.00567	0.00291	0.99998	
113	0.56500	60.74261	-41.66581	0.48967	0.88347	-0.11229	0.53863	1.11753	0.99995	-0.00940	0.00196	0.00937	0.99984	0.01542	-0.00210	-0.01540	0.99988		26.05751	-161.58510	-0.98683	-0.19067	0.32799	-1.44130	0.16494	0.99967	0.02515	-0.00572	-0.02517	0.99968	-0.00333	0.00564	0.00347	0.99998	
114	0.57000	60.75080	-41.54449	0.42321	0.93064	-0.11405	0.54133	1.13600	0.99995	-0.00945	0.00199	0.00941	0.99982	0.01624	-0.00214	-0.01622	0.99987		25.99142	-161.65610	-0.93446	-0.21952	0.34147	-1.43990	0.16826	0.99967	0.02513	-0.00596	-0.02515	0.99968	-0.00383	0.00586	0.00398	0.99997	
115	0.57500	60.79192	-41.45115	0.36811	0.97150	-0.11361	0.53932	1.13303	0.99995	-0.00941	0.00198	0.00938	0.99981	0.01696	-0.00214	-0.01694	0.99985		25.94856	-161.71095	-0.87719	-0.24849	0.34312	-1.44154	0.17063	0.99967	0.02516	-0.00599	-0.02518	0.99967	-0.00434	0.00588	0.00449	0.99997	
116	0.58000	60.75921	-41.36250	0.30870	1.01538	-0.10222	0.54229	1.13872	0.99995	-0.00946	0.00178	0.00943	0.99980	0.01772	-0.00195	-0.01770	0.99984		25.93501	-161.81641	-0.81634	-0.27974	0.35064	-1.43595	0.16518	0.99967	0.02506	-0.00612	-0.02509	0.99967	-0.00488	0.00600	0.00503	0.99997	
117	0.58500	60.77842	-41.25545	0.22721	1.05893	-0.10340	0.53921	1.14062	0.99995	-0.00941	0.00180	0.00938	0.99979	0.01848	-0.00198	-0.01846	0.99983		25.91414	-161.88175	-0.76789	-0.30958	0.35410	-1.43578	0.16022	0.99967	0.02506	-0.00618	-0.02509	0.99967	-0.00540	0.00604	0.00556	0.99997	
118	0.59000	60.78989	-41.15088	0.16871	1.09751	-0.09725	0.53852	1.13992	0.99995	-0.00940	0.00170	0.00936	0.99977	0.01915	-0.00188	-0.01914	0.99982		25.84707	-161.96039	-0.70169	-0.34186	0.36085	-1.43335	0.15435	0.99967	0.02501	-0.00630	-0.02505	0.99967	-0.00597	0.00615	0.00612	0.99996	
119	0.59500	60.79685	-41.05821	0.09938	1.14059	-0.08972	0.53496	1.13016	0.99996	-0.00934	0.00157	0.00930	0.99976	0.01991	-0.00175	-0.01989	0.99980		25.86082	-162.05040	-0.64489	-0.37184	0.36232	-1.42811	0.14378	0.99967	0.02492	-0.00632	-0.02496	0.99967	-0.00649	0.00616	0.00665	0.99996	
120	0.60000	60.76275	-40.99124	0.05748	1.17412	-0.08441	0.53300	1.12828	0.99996	-0.00930	0.00147	0.00927	0.99975	0.02049	-0.00166	-0.02048	0.99979		25.81310	-162.10602	-0.58343	-0.40263	0.37027	-1.42698	0.14974	0.99967	0.02490	-0.00646	-0.02495	0.99966	-0.00703	0.00629	0.00719	0.99995	
121	0.60500	60.76879	-40.90503	-0.00170	1.21224	-0.08024	0.53823	1.13597	0.99995	-0.00939	0.00140	0.00936	0.99973	0.02116	-0.00160	-0.02114	0.99978		25.79580	-162.19424	-0.53433	-0.43440	0.37485	-1.42406	0.16161	0.99967	0.02485	-0.00654	-0.02490	0.99966	-0.00758	0.00635	0.00774	0.99995	
122	0.61000	60.78189	-40.84845	-0.03289	1.24611	-0.07646	0.54024	1.14222	0.99995	-0.00943	0.00133	0.00940	0.99972	0.02175	-0.00154	-0.02173	0.99976		25.80224	-162.29976	-0.47706	-0.46780	0.37807	-1.42046	0.15322	0.99967	0.02479	-0.00660	-0.02484	0.99966	-0.00816	0.00639	0.00833	0.99994	
123	0.61500	60.75531	-40.75506	-0.09794	1.28146	-0.07169	0.54251	1.15174	0.99995	-0.00947	0.00125	0.00944	0.99971	0.02236	-0.00146	-0.02235	0.99975		25.78052	-162.37643	-0.42246	-0.50725	0.37383	-1.41910	0.15625	0.99967	0.02476	-0.00652	-0.02482	0.99965	-0.00885	0.00630	0.00901	0.99994	
124	0.62000	60.79336	-40.67305	-0.16556	1.31620	-0.07151	0.53861	1.15775	0.99996	-0.00940	0.00125	0.00937	0.99969	0.02297	-0.00146	-0.02296	0.99974		25.75485	-162.45585	-0.36916	-0.53694	0.38032	-1.41861	0.16626	0.99967	0.02476	-0.00664	-0.02482	0.99965	-0.00937	0.00640	0.00953	0.99993	
125	0.62500	60.79270	-40.61984	-0.19809	1.34864	-0.06311	0.53760	1.13242	0.99996	-0.00938	0.00110	0.00935	0.99968	0.02354	-0.00132	-0.02352	0.99972		25.73841	-162.52124	-0.31665	-0.56393	0.39197	-1.41978	0.18765	0.99967	0.02478	-0.00684	-0.02484	0.99964	-0.00984	0.00659	0.01001	0.99993	
126	0.63000	60.71773	-40.53157	-0.26435	1.38169	-0.05566	0.53782	1.14213	0.99996	-0.00939	0.00097	0.00936	0.99967	0.02411	-0.00120	-0.02410	0.99971		25.65576	-162.56081	-0.28762	-0.59627	0.39425	-1.41458	0.16269	0.99967	0.02469	-0.00688	-0.02476	0.99964	-0.01041	0.00662	0.01057	0.99992	
127	0.63500	60.70998	-40.45921	-0.29110	1.41295	-0.04416	0.53413	1.12386	0.99996	-0.00932	0.00077	0.00930	0.99965	0.02466	-0.00100	-0.02465	0.99970		25.67330	-162.66961	-0.20961	-0.62679	0.40158	-1.41297	0.15816	0.99967	0.02466	-0.00701	-0.02473	0.99963	-0.01094	0.00674	0.01111	0.99992	
128	0.64000	60.66760	-40.41137	-0.35095	1.44058	-0.03423	0.53116	1.12719	0.99996	-0.00927	0.00060	0.00925	0.99964	0.02514	-0.00083	-0.02513	0.99968		25.60219	-162.72739	-0.16822	-0.65843	0.40991	-1.40990	0.14617	0.99967	0.02460	-0.00715	-0.02469	0.99963	-0.01149	0.00687	0.01166	0.99991	
129	0.64500	60.61433	-40.32347	-0.37629	1.46889	-0.02858	0.53296	1.12547	0.99996	-0.00930	0.00050	0.00929	0.99963	0.02563	-0.00074	-0.02563	0.99967		25.60878	-162.79999	-0.12296	-0.69080	0.40984	-1.41188	0.15651	0.99967	0.02464	-0.00715	-0.02472	0.99962	-0.01206	0.00685	0.01223	0.99990	
130	0.65000	60.62797	-40.25425	-0.38959	1.50415	-0.03385	0.51287	1.11622	0.99996	-0.00895	0.00059	0.00893	0.99962	0.02625	-0.00083	-0.02624	0.99966		25.57398	-162.87918	-0.08247	-0.71791	0.42264	-1.40941	0.17150	0.99967	0.02460	-0.00738	-0.02469	0.99962	-0.01253	0.00707	0.01271	0.99989	
131	0.65500	60.62265	-40.19042	-0.44012	1.53050	-0.03520	0.51201	1.13134	0.99996	-0.00894	0.00061	0.00892	0.99960	0.02671	-0.00085	-0.02670	0.99964		25.51558	-162.95714	-0.03148	-0.75262	0.42284	-1.40247	0.15752	0.99967	0.02447	-0.00738	-0.02457	0.99961	-0.01314	0.00706	0.01331	0.99989	
132	0.66000	60.57574	-40.12230	-0.45647	1.55384	-0.02260	0.51240	1.13544	0.99996	-0.00894	0.00039	0.00893	0.99959	0.02712	-0.00064	-0.02711	0.99963		25.49774	-163.01849	0.02140	-0.78074	0.43501	-1.39996	0.16198	0.99967	0.02443	-0.00759	-0.02453	0.99961	-0.01363	0.00726	0.01381	0.99988	
133	0.66500	60.62260	-40.06535	-0.50884	1.57808	-0.02626	0.52067	1.14290	0.99996	-0.00909	0.00046	0.00907	0.99958	0.02754	-0.00071	-0.02753	0.99962		25.50481	-163.09875	0.07914	-0.80961	0.43603	-1.39798	0.15177	0.99967	0.02440	-0.00761	-0.02450	0.99960	-0.01413	0.00726	0.01431	0.99987	
134	0.67000	60.56447	-40.00615	-0.55901	1.60125	-0.02249	0.51613	1.12764	0.99996	-0.00901	0.00039	0.00899	0.99957	0.02794	-0.00064	-0.02794	0.99961		25.44826	-163.13507	0.09910	-0.83217	0.44031	-1.40012	0.15843	0.99967	0.02443	-0.00768	-0.02454	0.99959	-0.01452	0.00733	0.01471	0.99986	
135	0.67500	60.54432	-39.96912	-0.58624	1.61985	-0.01342	0.51206	1.12085	0.99996	-0.00894	0.00023	0.00893	0.99956	0.02827	-0.00049	-0.02826	0.99960		25.47000	-163.17833	0.15180	-0.85842	0.44384	-1.40067	0.15494	0.99967	0.02444	-0.00775	-0.02456	0.99959	-0.01498	0.00738	0.01517	0.99986	
136	0.68000	60.55918	-39.93818	-0.60611	1.63633	-0.01328	0.51863	1.13057	0.99996	-0.00905	0.00023	0.00904	0.99955	0.02856	-0.00049	-0.02855	0.99959		25.41852	-163.24423	0.18902	-0.88327	0.45079	-1.39710	0.17713	0.99967	0.02438	-0.00787	-0.02450	0.99958	-0.01541	0.00749	0.01560	0.99985	
137	0.68500	60.51907	-39.86806	-0.65472	1.65668	-0.00580	0.51450	1.14397	0.99996	-0.00898	0.00010	0.00897	0.99954	0.02891	-0.00036	-0.02891	0.99958		25.37204	-163.29534	0.21280	-0.90671	0.45705	-1.39877	0.15054	0.99967	0.02441	-0.00798	-0.02453	0.99957	-0.01582	0.00759	0.01601	0.99984	
