NO_OF_FRAMES	12032
NO_OF_CAMERAS	8
NO_OF_BODIES	2
FREQUENCY	200
NO_OF_ANALOG	0
ANALOG_FREQUENCY	0
DESCRIPTION	--
TIME_STAMP	2013-07-03, 13:04:47	15905.04768883
DATA_INCLUDED	6D
BODY_NAMES	Ice 1	Ice 2
Frame	Time	Ice 1 X	Y	Z	Roll	Pitch	Yaw	Residual	Rot[0]	Rot[1]	Rot[2]	Rot[3]	Rot[4]	Rot[5]	Rot[6]	Rot[7]	Rot[8]	Ice 2 X	Y	Z	Roll	Pitch	Yaw	Residual	Rot[0]	Rot[1]	Rot[2]	Rot[3]	Rot[4]	Rot[5]	Rot[6]	Rot[7]	Rot[8]	
1	0.00500	92.82762	-32.63511	0.57205	0.33422	0.05544	0.57867	0.99046	0.99995	-0.01010	-0.00097	0.01011	0.99993	0.00583	0.00091	-0.00584	0.99998		-93.80418	-97.02208	-0.57889	-0.33044	0.44248	-1.49261	0.27152	0.99963	0.02605	-0.00772	-0.02609	0.99964	-0.00577	0.00757	0.00597	0.99995	
2	0.01000	92.76951	-32.55212	0.63518	0.33389	0.06969	0.56733	0.95794	0.99995	-0.00990	-0.00122	0.00991	0.99993	0.00583	0.00116	-0.00584	0.99998		-93.78751	-96.84709	-0.56331	-0.29224	0.45490	-1.49678	0.22215	0.99963	0.02612	-0.00794	-0.02616	0.99964	-0.00510	0.00780	0.00531	0.99996	
3	0.01500	92.76381	-32.46484	0.66828	0.34407	0.06917	0.56772	0.96105	0.99995	-0.00991	-0.00121	0.00992	0.99993	0.00601	0.00115	-0.00602	0.99998		-93.82894	-96.70528	-0.54453	-0.26629	0.46026	-1.49491	0.21733	0.99963	0.02609	-0.00803	-0.02613	0.99965	-0.00465	0.00791	0.00486	0.99996	
4	0.02000	92.74696	-32.32715	0.72198	0.35967	0.06969	0.56322	0.96201	0.99995	-0.00983	-0.00122	0.00984	0.99993	0.00628	0.00115	-0.00629	0.99998		-93.79918	-96.59283	-0.51373	-0.24121	0.46024	-1.49673	0.22275	0.99963	0.02612	-0.00803	-0.02615	0.99965	-0.00421	0.00792	0.00442	0.99996	
5	0.02500	92.77671	-32.18618	0.74161	0.37291	0.06916	0.56756	0.96000	0.99995	-0.00991	-0.00121	0.00991	0.99993	0.00651	0.00114	-0.00652	0.99998		-93.82219	-96.44191	-0.49971	-0.21281	0.46602	-1.50202	0.21663	0.99962	0.02621	-0.00813	-0.02624	0.99965	-0.00371	0.00803	0.00393	0.99996	
6	0.03000	92.73319	-32.06115	0.76510	0.38715	0.07189	0.55692	0.95102	0.99995	-0.00972	-0.00125	0.00973	0.99993	0.00676	0.00119	-0.00677	0.99998		-93.84513	-96.29242	-0.47250	-0.18396	0.46945	-1.49933	0.23644	0.99962	0.02616	-0.00819	-0.02619	0.99965	-0.00321	0.00811	0.00342	0.99996	
7	0.03500	92.71827	-31.88485	0.83588	0.41124	0.06912	0.54727	0.92542	0.99995	-0.00955	-0.00121	0.00956	0.99993	0.00718	0.00114	-0.00719	0.99997		-93.80212	-96.15322	-0.45457	-0.15698	0.46686	-1.50315	0.22230	0.99962	0.02623	-0.00815	-0.02625	0.99965	-0.00274	0.00807	0.00295	0.99996	
8	0.04000	92.65572	-31.77579	0.87602	0.42480	0.07230	0.54714	0.93996	0.99995	-0.00955	-0.00126	0.00956	0.99993	0.00741	0.00119	-0.00743	0.99997		-93.81138	-96.01774	-0.43158	-0.13017	0.46933	-1.50115	0.22790	0.99962	0.02620	-0.00819	-0.02622	0.99965	-0.00227	0.00813	0.00249	0.99996	
9	0.04500	92.72411	-31.65927	0.89606	0.43859	0.06652	0.54812	0.94020	0.99995	-0.00957	-0.00116	0.00957	0.99992	0.00765	0.00109	-0.00767	0.99997		-93.78243	-95.88048	-0.39651	-0.10154	0.46967	-1.50192	0.23270	0.99962	0.02621	-0.00820	-0.02622	0.99965	-0.00177	0.00815	0.00199	0.99996	
10	0.05000	92.70731	-31.50157	0.91418	0.45757	0.06633	0.55003	0.94439	0.99995	-0.00960	-0.00116	0.00961	0.99992	0.00799	0.00108	-0.00800	0.99997		-93.81282	-95.74534	-0.39002	-0.07597	0.47456	-1.49947	0.22043	0.99962	0.02617	-0.00828	-0.02618	0.99966	-0.00133	0.00825	0.00154	0.99996	
11	0.05500	92.48090	-31.53123	1.06197	0.47182	0.07021	0.55431	1.01400	0.99995	-0.00967	-0.00123	0.00968	0.99992	0.00823	0.00115	-0.00825	0.99997		-93.78380	-95.62997	-0.36697	-0.05148	0.47256	-1.49943	0.22162	0.99962	0.02617	-0.00825	-0.02617	0.99966	-0.00090	0.00822	0.00111	0.99997	
12	0.06000	92.51184	-31.43812	1.08467	0.48543	0.06722	0.56067	1.03944	0.99995	-0.00979	-0.00117	0.00979	0.99992	0.00847	0.00109	-0.00848	0.99996		-93.80611	-95.45000	-0.34907	-0.01321	0.47973	-1.50251	0.20929	0.99962	0.02622	-0.00837	-0.02622	0.99966	-0.00023	0.00836	0.00045	0.99996	
13	0.06500	92.53311	-31.30919	1.12441	0.50398	0.06325	0.55609	1.03568	0.99995	-0.00971	-0.00110	0.00971	0.99991	0.00880	0.00102	-0.00881	0.99996		-93.82396	-95.32967	-0.33317	0.00858	0.47740	-1.49996	0.22614	0.99962	0.02618	-0.00833	-0.02618	0.99966	0.00015	0.00833	0.00007	0.99997	
14	0.07000	92.53422	-31.17699	1.14369	0.52590	0.06040	0.55919	1.03103	0.99995	-0.00976	-0.00105	0.00977	0.99991	0.00918	0.00096	-0.00919	0.99996		-93.78995	-95.19749	-0.29849	0.03640	0.48116	-1.49971	0.20763	0.99962	0.02617	-0.00840	-0.02617	0.99966	0.00064	0.00841	-0.00042	0.99996	
15	0.07500	92.52664	-31.05297	1.18940	0.54482	0.06250	0.55791	1.04260	0.99995	-0.00974	-0.00109	0.00975	0.99991	0.00951	0.00100	-0.00952	0.99995		-93.80740	-95.06667	-0.28305	0.06383	0.48029	-1.50096	0.20352	0.99962	0.02619	-0.00838	-0.02618	0.99966	0.00111	0.00841	-0.00089	0.99996	
16	0.08000	92.46356	-30.94235	1.20868	0.56476	0.06724	0.55632	1.01640	0.99995	-0.00971	-0.00117	0.00972	0.99990	0.00986	0.00108	-0.00987	0.99995		-93.81917	-94.93060	-0.23880	0.09086	0.48347	-1.50373	0.21275	0.99962	0.02624	-0.00844	-0.02623	0.99965	0.00159	0.00848	-0.00136	0.99996	
17	0.08500	92.50765	-30.82389	1.23094	0.58602	0.06004	0.56713	1.05548	0.99995	-0.00990	-0.00105	0.00991	0.99990	0.01023	0.00095	-0.01024	0.99995		-93.77661	-94.81937	-0.22421	0.11472	0.48290	-1.50479	0.20693	0.99962	0.02626	-0.00843	-0.02624	0.99965	0.00200	0.00848	-0.00178	0.99996	
18	0.09000	92.49192	-30.71764	1.27665	0.60555	0.06183	0.56228	1.05893	0.99995	-0.00981	-0.00108	0.00982	0.99990	0.01057	0.00098	-0.01058	0.99994		-93.78849	-94.68018	-0.20060	0.14117	0.48371	-1.50685	0.20569	0.99962	0.02630	-0.00844	-0.02628	0.99965	0.00246	0.00850	-0.00224	0.99996	
19	0.09500	92.50482	-30.59143	1.29323	0.62754	0.06236	0.56125	1.05819	0.99995	-0.00980	-0.00109	0.00981	0.99989	0.01095	0.00098	-0.01096	0.99994		-93.79890	-94.56296	-0.16417	0.16790	0.48568	-1.50541	0.20718	0.99962	0.02627	-0.00848	-0.02625	0.99965	0.00293	0.00855	-0.00271	0.99996	
20	0.10000	92.49578	-30.48101	1.31144	0.64779	0.06028	0.56583	1.07637	0.99995	-0.00988	-0.00105	0.00989	0.99989	0.01131	0.00094	-0.01132	0.99994		-93.77949	-94.43163	-0.12028	0.19528	0.48842	-1.50899	0.20940	0.99962	0.02633	-0.00852	-0.02630	0.99965	0.00341	0.00861	-0.00318	0.99996	
21	0.10500	92.46972	-30.36756	1.33343	0.67084	0.06036	0.56436	1.06588	0.99995	-0.00985	-0.00105	0.00986	0.99988	0.01171	0.00094	-0.01172	0.99993		-93.78722	-94.29770	-0.11720	0.21845	0.48872	-1.50907	0.21774	0.99962	0.02633	-0.00853	-0.02630	0.99965	0.00381	0.00863	-0.00359	0.99996	
22	0.11000	92.50319	-30.25237	1.36249	0.69687	0.05242	0.55753	1.06333	0.99995	-0.00973	-0.00091	0.00974	0.99988	0.01216	0.00080	-0.01217	0.99993		-93.74342	-94.20602	-0.06410	0.24277	0.48486	-1.50975	0.23070	0.99962	0.02635	-0.00846	-0.02631	0.99964	0.00424	0.00857	-0.00401	0.99996	
23	0.11500	92.47801	-30.11438	1.41893	0.72777	0.04661	0.54819	1.05952	0.99995	-0.00957	-0.00081	0.00958	0.99987	0.01270	0.00069	-0.01271	0.99992		-93.76281	-94.07857	-0.04034	0.26868	0.48703	-1.51348	0.22353	0.99962	0.02641	-0.00850	-0.02637	0.99964	0.00469	0.00862	-0.00446	0.99995	
24	0.12000	92.47782	-29.98166	1.46268	0.75525	0.04297	0.55074	1.05677	0.99995	-0.00961	-0.00075	0.00962	0.99987	0.01318	0.00062	-0.01319	0.99991		-93.77017	-93.96144	-0.02036	0.28920	0.48950	-1.51315	0.22821	0.99961	0.02641	-0.00854	-0.02636	0.99964	0.00505	0.00867	-0.00482	0.99995	
25	0.12500	92.45891	-29.87963	1.49231	0.78218	0.04390	0.54343	1.04475	0.99995	-0.00948	-0.00077	0.00949	0.99986	0.01365	0.00064	-0.01366	0.99991		-93.75038	-93.86278	0.04139	0.31276	0.48676	-1.51221	0.23558	0.99962	0.02639	-0.00850	-0.02634	0.99964	0.00546	0.00864	-0.00523	0.99995	
26	0.13000	92.52065	-29.75188	1.49885	0.81083	0.04023	0.54687	1.06564	0.99995	-0.00954	-0.00070	0.00955	0.99985	0.01415	0.00057	-0.01416	0.99990		-93.73704	-93.76018	0.08175	0.33644	0.48784	-1.51065	0.21552	0.99962	0.02636	-0.00851	-0.02631	0.99964	0.00587	0.00867	-0.00565	0.99995	
27	0.13500	92.48844	-29.64813	1.53737	0.83862	0.04042	0.54950	1.05231	0.99995	-0.00959	-0.00071	0.00960	0.99985	0.01464	0.00056	-0.01464	0.99989		-93.74120	-93.65544	0.09808	0.35709	0.48687	-1.51162	0.24502	0.99962	0.02638	-0.00850	-0.02633	0.99963	0.00623	0.00866	-0.00601	0.99994	
28	0.14000	92.48656	-29.55404	1.56759	0.86586	0.03826	0.55373	1.07274	0.99995	-0.00966	-0.00067	0.00967	0.99984	0.01511	0.00052	-0.01512	0.99989		-93.76079	-93.55513	0.14775	0.37963	0.48625	-1.51362	0.23410	0.99962	0.02641	-0.00849	-0.02636	0.99963	0.00663	0.00866	-0.00640	0.99994	
29	0.14500	92.52679	-29.44598	1.57959	0.89389	0.03498	0.55453	1.08256	0.99995	-0.00968	-0.00061	0.00969	0.99983	0.01560	0.00046	-0.01561	0.99988		-93.73745	-93.46055	0.17176	0.40055	0.48768	-1.50772	0.23628	0.99962	0.02631	-0.00851	-0.02625	0.99963	0.00699	0.00869	-0.00676	0.99994	
30	0.15000	92.50481	-29.32617	1.59503	0.92521	0.03430	0.55117	1.07418	0.99995	-0.00962	-0.00060	0.00963	0.99982	0.01615	0.00044	-0.01615	0.99987		-93.71238	-93.37470	0.18351	0.42001	0.48139	-1.50970	0.22448	0.99962	0.02635	-0.00840	-0.02628	0.99963	0.00733	0.00859	-0.00711	0.99994	
31	0.15500	92.50441	-29.23656	1.60924	0.95363	0.03448	0.54774	1.08441	0.99995	-0.00956	-0.00060	0.00957	0.99982	0.01664	0.00044	-0.01665	0.99986		-93.75857	-93.26488	0.21682	0.44235	0.48258	-1.50871	0.21092	0.99962	0.02633	-0.00842	-0.02626	0.99963	0.00772	0.00862	-0.00750	0.99993	
32	0.16000	92.50830	-29.13125	1.65088	0.98609	0.03452	0.54849	1.08534	0.99995	-0.00957	-0.00060	0.00958	0.99981	0.01721	0.00044	-0.01721	0.99985		-93.71762	-93.19540	0.26182	0.46280	0.48143	-1.50739	0.20826	0.99962	0.02630	-0.00840	-0.02624	0.99962	0.00808	0.00861	-0.00785	0.99993	
33	0.16500	92.51117	-29.04745	1.64284	1.01339	0.03218	0.55067	1.09218	0.99995	-0.00961	-0.00056	0.00962	0.99980	0.01769	0.00039	-0.01769	0.99984		-93.73121	-93.05313	0.24863	0.48874	0.48019	-1.50892	0.19485	0.99962	0.02633	-0.00838	-0.02626	0.99962	0.00853	0.00860	-0.00831	0.99993	
34	0.17000	92.44093	-28.96951	1.66923	1.04035	0.03716	0.55205	1.10959	0.99995	-0.00963	-0.00065	0.00965	0.99979	0.01816	0.00047	-0.01816	0.99983		-93.76051	-92.97517	0.28611	0.50832	0.48160	-1.50835	0.19568	0.99962	0.02632	-0.00841	-0.02625	0.99962	0.00887	0.00864	-0.00865	0.99993	
35	0.17500	92.46184	-28.82862	1.71094	1.08446	0.02909	0.53389	1.06979	0.99996	-0.00932	-0.00051	0.00933	0.99978	0.01893	0.00033	-0.01893	0.99982		-93.69818	-92.92946	0.33126	0.52452	0.47780	-1.50778	0.20422	0.99962	0.02631	-0.00834	-0.02624	0.99961	0.00915	0.00858	-0.00893	0.99992	
36	0.18000	92.41706	-28.72742	1.74314	1.11805	0.02909	0.53580	1.08370	0.99996	-0.00935	-0.00051	0.00936	0.99977	0.01951	0.00033	-0.01952	0.99981		-93.73958	-92.85465	0.35701	0.53556	0.47650	-1.50221	0.21603	0.99962	0.02621	-0.00832	-0.02614	0.99961	0.00935	0.00856	-0.00913	0.99992	
37	0.18500	92.44732	-28.65000	1.76623	1.14839	0.02604	0.53360	1.08184	0.99996	-0.00931	-0.00045	0.00932	0.99976	0.02004	0.00027	-0.02005	0.99980		-93.72586	-92.75766	0.36424	0.55929	0.47958	-1.51024	0.21316	0.99962	0.02635	-0.00837	-0.02627	0.99961	0.00976	0.00862	-0.00954	0.99992	
38	0.19000	92.45462	-28.57737	1.78352	1.18081	0.02536	0.53413	1.07812	0.99996	-0.00932	-0.00044	0.00933	0.99974	0.02061	0.00025	-0.02061	0.99979		-93.69314	-92.72087	0.41820	0.57308	0.47805	-1.50079	0.21409	0.99962	0.02619	-0.00834	-0.02611	0.99961	0.01000	0.00860	-0.00978	0.99992	
39	0.19500	92.43279	-28.50835	1.78853	1.21101	0.02314	0.53472	1.08736	0.99996	-0.00933	-0.00040	0.00934	0.99973	0.02113	0.00021	-0.02114	0.99978		-93.71647	-92.61189	0.40988	0.58990	0.47258	-1.50352	0.19250	0.99962	0.02624	-0.00825	-0.02615	0.99960	0.01030	0.00851	-0.01008	0.99991	
40	0.20000	92.47944	-28.43135	1.81751	1.24069	0.02436	0.53062	1.08805	0.99996	-0.00926	-0.00043	0.00927	0.99972	0.02165	0.00022	-0.02166	0.99977		-93.66134	-92.57837	0.46348	0.60458	0.47271	-1.50344	0.21648	0.99962	0.02624	-0.00825	-0.02615	0.99960	0.01055	0.00852	-0.01033	0.99991	
41	0.20500	92.49954	-28.39479	1.84261	1.26946	0.02245	0.53111	1.09207	0.99996	-0.00927	-0.00039	0.00928	0.99971	0.02215	0.00019	-0.02216	0.99975		-93.66085	-92.49818	0.49663	0.62159	0.47004	-1.50370	0.19659	0.99962	0.02624	-0.00820	-0.02615	0.99960	0.01085	0.00848	-0.01063	0.99991	
42	0.21000	92.47435	-28.31192	1.83408	1.30197	0.02674	0.53686	1.10423	0.99996	-0.00937	-0.00047	0.00938	0.99970	0.02272	0.00025	-0.02273	0.99974		-93.73635	-92.41625	0.48942	0.63618	0.47137	-1.50036	0.21275	0.99962	0.02618	-0.00823	-0.02609	0.99960	0.01110	0.00851	-0.01088	0.99990	
43	0.21500	92.51502	-28.22275	1.86038	1.33645	0.02565	0.53352	1.09753	0.99996	-0.00931	-0.00045	0.00932	0.99968	0.02332	0.00023	-0.02333	0.99973		-93.64998	-92.37483	0.52560	0.65083	0.46927	-1.50153	0.21321	0.99962	0.02620	-0.00819	-0.02611	0.99959	0.01136	0.00848	-0.01114	0.99990	
44	0.22000	92.48318	-28.18280	1.85964	1.36579	0.02565	0.54338	1.11818	0.99995	-0.00948	-0.00045	0.00949	0.99967	0.02384	0.00022	-0.02384	0.99972		-93.64760	-92.33504	0.53419	0.66068	0.46590	-1.49830	0.21083	0.99963	0.02615	-0.00813	-0.02605	0.99959	0.01153	0.00843	-0.01131	0.99990	
45	0.22500	92.49541	-28.13941	1.86059	1.39311	0.02522	0.53351	1.09623	0.99996	-0.00931	-0.00044	0.00932	0.99966	0.02431	0.00021	-0.02432	0.99970		-93.65607	-92.29600	0.56338	0.67045	0.46524	-1.49703	0.20039	0.99963	0.02612	-0.00812	-0.02603	0.99959	0.01170	0.00842	-0.01149	0.99990	
46	0.23000	92.49151	-28.06378	1.89454	1.42680	0.02930	0.53451	1.09431	0.99996	-0.00933	-0.00051	0.00934	0.99965	0.02490	0.00028	-0.02490	0.99969		-93.59041	-92.27787	0.58759	0.67828	0.46103	-1.49703	0.18973	0.99963	0.02612	-0.00805	-0.02603	0.99959	0.01184	0.00835	-0.01162	0.99990	
47	0.23500	92.44871	-27.97191	1.90911	1.46937	0.02122	0.51767	1.08569	0.99996	-0.00903	-0.00037	0.00904	0.99963	0.02564	0.00014	-0.02564	0.99967		-93.62243	-92.20593	0.60057	0.69115	0.46190	-1.49806	0.20544	0.99963	0.02614	-0.00806	-0.02604	0.99959	0.01206	0.00837	-0.01185	0.99989	
48	0.24000	92.45774	-27.91408	1.92289	1.49610	0.02552	0.52485	1.08894	0.99996	-0.00916	-0.00045	0.00917	0.99962	0.02611	0.00021	-0.02611	0.99966		-93.60790	-92.16476	0.60027	0.70382	0.46004	-1.50023	0.19775	0.99963	0.02618	-0.00803	-0.02608	0.99958	0.01228	0.00835	-0.01207	0.99989	
49	0.24500	92.45137	-27.87617	1.94715	1.52543	0.02629	0.52096	1.09075	0.99996	-0.00909	-0.00046	0.00910	0.99960	0.02662	0.00022	-0.02662	0.99965		-93.59505	-92.14950	0.62112	0.70956	0.46128	-1.49370	0.20259	0.99963	0.02607	-0.00805	-0.02597	0.99959	0.01238	0.00837	-0.01217	0.99989	
50	0.25000	92.44434	-27.86773	1.94811	1.55073	0.02965	0.52134	1.09635	0.99996	-0.00910	-0.00052	0.00911	0.99959	0.02706	0.00027	-0.02707	0.99963		-93.60500	-92.10560	0.63792	0.71922	0.45866	-1.49511	0.19235	0.99963	0.02609	-0.00801	-0.02599	0.99958	0.01255	0.00833	-0.01234	0.99989	
51	0.25500	92.48762	-27.81469	1.94697	1.57940	0.02820	0.52017	1.08887	0.99996	-0.00908	-0.00049	0.00909	0.99958	0.02756	0.00024	-0.02757	0.99962		-93.55413	-92.09564	0.62912	0.72494	0.45329	-1.49363	0.18883	0.99963	0.02606	-0.00791	-0.02596	0.99958	0.01265	0.00824	-0.01244	0.99989	
52	0.26000	92.47017	-27.79332	1.94658	1.60476	0.03395	0.52143	1.11029	0.99996	-0.00910	-0.00059	0.00911	0.99957	0.02800	0.00034	-0.02801	0.99961		-93.54224	-92.06716	0.65836	0.73261	0.45259	-1.49677	0.20650	0.99963	0.02612	-0.00790	-0.02602	0.99958	0.01279	0.00823	-0.01258	0.99989	
53	0.26500	92.40260	-27.74268	1.94114	1.63493	0.04277	0.51971	1.11352	0.99996	-0.00907	-0.00075	0.00909	0.99955	0.02853	0.00049	-0.02854	0.99959		-93.54868	-92.05900	0.66248	0.73776	0.45581	-1.49506	0.20210	0.99963	0.02609	-0.00796	-0.02599	0.99958	0.01288	0.00829	-0.01266	0.99989	
54	0.27000	92.49761	-27.72692	1.94763	1.65814	0.04073	0.51887	1.11095	0.99996	-0.00906	-0.00071	0.00907	0.99954	0.02894	0.00045	-0.02894	0.99958		-93.50714	-92.06798	0.68311	0.73791	0.45055	-1.48993	0.19671	0.99963	0.02600	-0.00786	-0.02590	0.99958	0.01288	0.00820	-0.01267	0.99989	
55	0.27500	92.43826	-27.72307	1.94767	1.68181	0.04738	0.52516	1.12276	0.99996	-0.00917	-0.00083	0.00919	0.99953	0.02935	0.00056	-0.02936	0.99957		-93.52079	-92.01966	0.68735	0.74910	0.45359	-1.49562	0.21660	0.99963	0.02610	-0.00792	-0.02599	0.99958	0.01307	0.00825	-0.01286	0.99988	
56	0.28000	92.48520	-27.69462	1.96050	1.70533	0.04627	0.52124	1.11841	0.99996	-0.00910	-0.00081	0.00912	0.99952	0.02976	0.00054	-0.02977	0.99956		-93.50074	-92.01570	0.68278	0.75231	0.45317	-1.49425	0.20183	0.99963	0.02608	-0.00791	-0.02597	0.99958	0.01313	0.00825	-0.01292	0.99988	
57	0.28500	92.48619	-27.69395	1.93902	1.72538	0.05256	0.52309	1.11008	0.99996	-0.00913	-0.00092	0.00915	0.99950	0.03011	0.00064	-0.03012	0.99955		-93.47720	-92.02485	0.68281	0.75342	0.44960	-1.49285	0.20093	0.99963	0.02605	-0.00785	-0.02595	0.99958	0.01315	0.00819	-0.01294	0.99988	
58	0.29000	92.45785	-27.69902	1.93283	1.74449	0.05533	0.52390	1.12394	0.99996	-0.00914	-0.00097	0.00917	0.99949	0.03044	0.00069	-0.03045	0.99954		-93.50813	-92.02678	0.69588	0.75481	0.45163	-1.49148	0.21817	0.99963	0.02603	-0.00788	-0.02592	0.99958	0.01317	0.00822	-0.01296	0.99988	
59	0.29500	92.46255	-27.69998	1.93015	1.76213	0.05632	0.51839	1.12933	0.99996	-0.00905	-0.00098	0.00907	0.99949	0.03075	0.00070	-0.03076	0.99953		-93.47912	-92.04396	0.69155	0.75406	0.44672	-1.49361	0.20458	0.99963	0.02606	-0.00780	-0.02596	0.99958	0.01316	0.00814	-0.01295	0.99988	
60	0.30000	92.45836	-27.73207	1.90365	1.77832	0.06245	0.52227	1.12356	0.99996	-0.00912	-0.00109	0.00914	0.99948	0.03103	0.00081	-0.03104	0.99952		-93.49458	-92.04655	0.68765	0.75427	0.44771	-1.48644	0.19541	0.99963	0.02594	-0.00781	-0.02584	0.99958	0.01316	0.00815	-0.01296	0.99988	
61	0.30500	92.46757	-27.73527	1.90346	1.79311	0.06468	0.52082	1.12979	0.99996	-0.00909	-0.00113	0.00912	0.99947	0.03129	0.00084	-0.03130	0.99951		-93.45271	-92.07378	0.69130	0.75278	0.44680	-1.48603	0.19777	0.99963	0.02593	-0.00780	-0.02583	0.99958	0.01314	0.00814	-0.01293	0.99988	
62	0.31000	92.46029	-27.75512	1.89161	1.80681	0.06678	0.51986	1.12579	0.99996	-0.00907	-0.00117	0.00911	0.99946	0.03153	0.00088	-0.03154	0.99950		-93.42943	-92.07552	0.67446	0.75473	0.44562	-1.48795	0.21260	0.99963	0.02597	-0.00778	-0.02586	0.99958	0.01317	0.00812	-0.01297	0.99988	
63	0.31500	92.50419	-27.78658	1.88131	1.81786	0.06578	0.51737	1.12406	0.99996	-0.00903	-0.00115	0.00906	0.99946	0.03172	0.00086	-0.03173	0.99950		-93.44402	-92.08994	0.67865	0.75032	0.44696	-1.48731	0.20140	0.99963	0.02595	-0.00780	-0.02585	0.99958	0.01309	0.00814	-0.01289	0.99988	
64	0.32000	92.49343	-27.80455	1.85091	1.82907	0.07280	0.51702	1.12386	0.99996	-0.00902	-0.00127	0.00906	0.99945	0.03192	0.00098	-0.03193	0.99949		-93.43406	-92.13566	0.66625	0.74851	0.44792	-1.48406	0.21061	0.99963	0.02590	-0.00782	-0.02579	0.99958	0.01306	0.00815	-0.01286	0.99988	
65	0.32500	92.54356	-27.82913	1.84860	1.83813	0.07378	0.52052	1.13008	0.99996	-0.00908	-0.00129	0.00912	0.99944	0.03208	0.00100	-0.03209	0.99948		-93.42203	-92.15506	0.64961	0.74401	0.44524	-1.48313	0.21534	0.99963	0.02588	-0.00777	-0.02578	0.99958	0.01298	0.00810	-0.01278	0.99989	
66	0.33000	92.47183	-27.86952	1.82308	1.84544	0.08023	0.51514	1.14269	0.99996	-0.00899	-0.00140	0.00903	0.99944	0.03220	0.00111	-0.03221	0.99948		-93.39644	-92.20005	0.63702	0.73692	0.44119	-1.48160	0.20930	0.99964	0.02586	-0.00770	-0.02575	0.99959	0.01286	0.00803	-0.01266	0.99989	
67	0.33500	92.55506	-27.92411	1.80295	1.84711	0.07989	0.51689	1.12004	0.99996	-0.00902	-0.00139	0.00906	0.99944	0.03223	0.00110	-0.03224	0.99948		-93.36352	-92.24538	0.62408	0.73343	0.44190	-1.48279	0.20847	0.99964	0.02588	-0.00771	-0.02578	0.99959	0.01280	0.00804	-0.01260	0.99989	
68	0.34000	92.51001	-27.94175	1.79569	1.85470	0.08945	0.51534	1.12366	0.99996	-0.00899	-0.00156	0.00904	0.99944	0.03236	0.00127	-0.03238	0.99947		-93.33024	-92.29186	0.59893	0.72388	0.43654	-1.48192	0.20355	0.99964	0.02586	-0.00762	-0.02576	0.99959	0.01263	0.00794	-0.01243	0.99989	
69	0.34500	92.50196	-28.00817	1.75615	1.85359	0.09146	0.51886	1.12097	0.99996	-0.00906	-0.00160	0.00910	0.99944	0.03235	0.00130	-0.03236	0.99948		-93.34872	-92.34789	0.59100	0.71738	0.43987	-1.47803	0.21762	0.99964	0.02579	-0.00768	-0.02570	0.99959	0.01252	0.00800	-0.01232	0.99989	
70	0.35000	92.52596	-28.04288	1.75392	1.85487	0.10011	0.52046	1.12486	0.99996	-0.00908	-0.00175	0.00914	0.99943	0.03237	0.00145	-0.03238	0.99947		-93.27929	-92.39163	0.56140	0.70993	0.43306	-1.47607	0.22585	0.99964	0.02576	-0.00756	-0.02566	0.99959	0.01239	0.00787	-0.01219	0.99989	
71	0.35500	92.47730	-28.11356	1.71514	1.85180	0.10901	0.52287	1.12368	0.99996	-0.00913	-0.00190	0.00918	0.99944	0.03231	0.00161	-0.03233	0.99948		-93.31334	-92.43053	0.52815	0.70302	0.43592	-1.47889	0.21425	0.99964	0.02581	-0.00761	-0.02571	0.99959	0.01227	0.00792	-0.01207	0.99990	
72	0.36000	92.48982	-28.17171	1.69224	1.84763	0.11033	0.52626	1.12416	0.99996	-0.00918	-0.00193	0.00924	0.99944	0.03224	0.00163	-0.03226	0.99948		-93.26933	-92.48944	0.52383	0.69299	0.43239	-1.47515	0.21694	0.99964	0.02574	-0.00755	-0.02565	0.99960	0.01209	0.00785	-0.01190	0.99990	
73	0.36500	92.49786	-28.24826	1.68447	1.83835	0.11749	0.51950	1.12840	0.99996	-0.00907	-0.00205	0.00913	0.99944	0.03208	0.00176	-0.03210	0.99948		-93.25653	-92.55582	0.47839	0.68072	0.42672	-1.47334	0.21720	0.99964	0.02571	-0.00745	-0.02562	0.99960	0.01188	0.00775	-0.01169	0.99990	
74	0.37000	92.47505	-28.31300	1.64669	1.83082	0.12019	0.51910	1.11532	0.99996	-0.00906	-0.00210	0.00912	0.99945	0.03195	0.00181	-0.03197	0.99949		-93.23622	-92.62853	0.43663	0.66938	0.42370	-1.47126	0.20260	0.99964	0.02567	-0.00739	-0.02559	0.99960	0.01168	0.00769	-0.01149	0.99990	
75	0.37500	92.49940	-28.39170	1.60342	1.81965	0.12218	0.51373	1.12064	0.99996	-0.00897	-0.00213	0.00903	0.99945	0.03175	0.00185	-0.03177	0.99949		-93.17806	-92.70762	0.40704	0.65728	0.42123	-1.46800	0.21748	0.99964	0.02562	-0.00735	-0.02553	0.99961	0.01147	0.00764	-0.01128	0.99991	
76	0.38000	92.49553	-28.45574	1.61067	1.81041	0.12549	0.51952	1.12711	0.99996	-0.00907	-0.00219	0.00913	0.99946	0.03159	0.00190	-0.03161	0.99950		-93.21229	-92.78128	0.38714	0.64522	0.42134	-1.46786	0.22915	0.99964	0.02562	-0.00735	-0.02553	0.99961	0.01126	0.00764	-0.01107	0.99991	
77	0.38500	92.50069	-28.53145	1.56042	1.79557	0.13437	0.51396	1.11081	0.99996	-0.00897	-0.00235	0.00904	0.99947	0.03133	0.00206	-0.03135	0.99951		-93.17995	-92.84178	0.36167	0.63161	0.41880	-1.46563	0.19883	0.99965	0.02558	-0.00731	-0.02550	0.99961	0.01102	0.00759	-0.01083	0.99991	
78	0.39000	92.53441	-28.61248	1.53638	1.77832	0.13213	0.52299	1.11460	0.99996	-0.00913	-0.00231	0.00919	0.99948	0.03103	0.00202	-0.03105	0.99952		-93.13066	-92.93617	0.32005	0.61650	0.41112	-1.46605	0.20072	0.99965	0.02558	-0.00718	-0.02551	0.99962	0.01076	0.00745	-0.01057	0.99992	
79	0.39500	92.50721	-28.72153	1.51372	1.75781	0.13900	0.51909	1.11189	0.99996	-0.00906	-0.00243	0.00913	0.99949	0.03067	0.00215	-0.03070	0.99953		-93.17518	-93.03597	0.28335	0.59773	0.41626	-1.46338	0.21055	0.99965	0.02554	-0.00726	-0.02546	0.99962	0.01043	0.00753	-0.01024	0.99992	
80	0.40000	92.48674	-28.80349	1.47462	1.73839	0.14693	0.51747	1.12253	0.99996	-0.00903	-0.00256	0.00911	0.99950	0.03034	0.00229	-0.03036	0.99954		-93.11452	-93.12269	0.24546	0.58463	0.41071	-1.45909	0.20336	0.99965	0.02546	-0.00717	-0.02539	0.99963	0.01020	0.00743	-0.01002	0.99992	
81	0.40500	92.49954	-28.89552	1.43619	1.71517	0.14783	0.51505	1.11196	0.99996	-0.00899	-0.00258	0.00906	0.99951	0.02993	0.00231	-0.02995	0.99955		-93.12512	-93.20119	0.19609	0.56769	0.41101	-1.45895	0.22084	0.99965	0.02546	-0.00717	-0.02539	0.99963	0.00991	0.00742	-0.00972	0.99993	
82	0.41000	92.50390	-28.99163	1.43905	1.69123	0.14839	0.51883	1.11456	0.99996	-0.00906	-0.00259	0.00913	0.99952	0.02951	0.00232	-0.02954	0.99956		-93.11039	-93.30846	0.16309	0.55150	0.40637	-1.46138	0.21070	0.99965	0.02550	-0.00709	-0.02543	0.99963	0.00963	0.00734	-0.00944	0.99993	
83	0.41500	92.50930	-29.09613	1.37979	1.66459	0.15141	0.51710	1.10567	0.99996	-0.00902	-0.00264	0.00910	0.99954	0.02905	0.00238	-0.02907	0.99957		-93.06604	-93.39007	0.12104	0.53557	0.40538	-1.46139	0.21607	0.99965	0.02550	-0.00708	-0.02544	0.99963	0.00935	0.00731	-0.00916	0.99993	
84	0.42000	92.50497	-29.19700	1.32773	1.63333	0.15730	0.51783	1.10667	0.99996	-0.00904	-0.00275	0.00911	0.99955	0.02850	0.00249	-0.02853	0.99959		-93.08189	-93.47472	0.06771	0.51682	0.40202	-1.46006	0.21059	0.99965	0.02548	-0.00702	-0.02542	0.99964	0.00902	0.00724	-0.00884	0.99993	
85	0.42500	92.58881	-29.37273	1.25079	1.59328	0.15941	0.54031	1.14232	0.99995	-0.00943	-0.00278	0.00950	0.99957	0.02780	0.00252	-0.02783	0.99961		-93.01278	-93.62538	0.04642	0.49395	0.40335	-1.45524	0.21257	0.99965	0.02540	-0.00704	-0.02533	0.99964	0.00862	0.00726	-0.00844	0.99994	
86	0.43000	92.55813	-29.48452	1.20790	1.55870	0.16396	0.53463	1.12352	0.99995	-0.00933	-0.00286	0.00941	0.99959	0.02720	0.00261	-0.02723	0.99963		-93.04479	-93.70616	-0.01913	0.47379	0.39953	-1.45253	0.21186	0.99965	0.02535	-0.00697	-0.02529	0.99965	0.00827	0.00718	-0.00809	0.99994	
87	0.43500	92.55194	-29.60763	1.17920	1.52318	0.16623	0.53535	1.12404	0.99995	-0.00934	-0.00290	0.00942	0.99960	0.02658	0.00265	-0.02661	0.99964		-93.07215	-93.80434	-0.08076	0.45329	0.40118	-1.45195	0.22068	0.99965	0.02534	-0.00700	-0.02528	0.99965	0.00791	0.00720	-0.00773	0.99994	
88	0.44000	92.59810	-29.70731	1.15086	1.49117	0.17125	0.54209	1.12452	0.99995	-0.00946	-0.00299	0.00954	0.99962	0.02602	0.00274	-0.02605	0.99966		-92.96352	-93.95317	-0.11079	0.42993	0.39583	-1.45156	0.20420	0.99966	0.02533	-0.00691	-0.02528	0.99965	0.00750	0.00710	-0.00733	0.99995	
89	0.44500	92.55964	-29.83900	1.09831	1.45241	0.17116	0.53583	1.12124	0.99995	-0.00935	-0.00299	0.00942	0.99963	0.02535	0.00275	-0.02537	0.99967		-93.02574	-94.02365	-0.18827	0.41098	0.39691	-1.45003	0.22871	0.99966	0.02530	-0.00693	-0.02525	0.99966	0.00717	0.00711	-0.00700	0.99995	
90	0.45000	92.57239	-29.94529	1.07445	1.41553	0.17081	0.53357	1.11933	0.99995	-0.00931	-0.00298	0.00938	0.99965	0.02470	0.00275	-0.02473	0.99969		-92.97214	-94.18784	-0.19999	0.38192	0.38836	-1.44674	0.22074	0.99966	0.02525	-0.00678	-0.02520	0.99966	0.00667	0.00694	-0.00649	0.99995	
91	0.45500	92.58621	-30.09239	1.05695	1.36997	0.17275	0.53547	1.11000	0.99995	-0.00935	-0.00302	0.00942	0.99967	0.02391	0.00279	-0.02394	0.99971		-92.91152	-94.32209	-0.24549	0.35590	0.38331	-1.44319	0.21486	0.99966	0.02519	-0.00669	-0.02514	0.99966	0.00621	0.00684	-0.00604	0.99996	
92	0.46000	92.54618	-30.23719	1.01878	1.32483	0.17100	0.53218	1.11023	0.99995	-0.00929	-0.00298	0.00935	0.99969	0.02312	0.00277	-0.02315	0.99973		-92.94558	-94.41875	-0.32349	0.33336	0.38217	-1.44489	0.21877	0.99966	0.02521	-0.00667	-0.02518	0.99967	0.00582	0.00681	-0.00565	0.99996	
93	0.46500	92.60798	-30.38354	0.95242	1.27995	0.16816	0.53760	1.11392	0.99995	-0.00938	-0.00293	0.00945	0.99971	0.02234	0.00272	-0.02236	0.99975		-92.88829	-94.55157	-0.36067	0.31109	0.37984	-1.44927	0.23900	0.99966	0.02529	-0.00663	-0.02526	0.99967	0.00543	0.00676	-0.00526	0.99996	
94	0.47000	92.59109	-30.56586	0.92494	1.22538	0.18288	0.55027	1.12201	0.99995	-0.00960	-0.00319	0.00967	0.99972	0.02139	0.00299	-0.02141	0.99977		-92.89232	-94.68083	-0.40933	0.28242	0.37857	-1.43910	0.23808	0.99966	0.02511	-0.00661	-0.02508	0.99967	0.00493	0.00673	-0.00476	0.99997	
95	0.47500	92.62303	-30.69252	0.87169	1.18175	0.17466	0.55200	1.13138	0.99995	-0.00963	-0.00305	0.00969	0.99974	0.02062	0.00285	-0.02065	0.99978		-92.88747	-94.79525	-0.47440	0.25651	0.36591	-1.44327	0.21524	0.99966	0.02519	-0.00639	-0.02516	0.99967	0.00448	0.00650	-0.00431	0.99997	
96	0.48000	92.62115	-30.82778	0.82713	1.13354	0.17465	0.55221	1.14311	0.99995	-0.00964	-0.00305	0.00970	0.99976	0.01978	0.00286	-0.01981	0.99980		-92.87023	-94.95947	-0.51489	0.22878	0.36776	-1.43870	0.23148	0.99966	0.02511	-0.00642	-0.02508	0.99968	0.00399	0.00652	-0.00383	0.99997	
97	0.48500	92.65037	-30.97889	0.79314	1.08554	0.17046	0.54917	1.14080	0.99995	-0.00958	-0.00298	0.00964	0.99977	0.01895	0.00279	-0.01897	0.99982		-92.83472	-95.05162	-0.57282	0.20603	0.36495	-1.44024	0.22951	0.99966	0.02513	-0.00637	-0.02511	0.99968	0.00360	0.00646	-0.00343	0.99997	
98	0.49000	92.62585	-31.07801	0.76669	1.04000	0.16885	0.54966	1.12629	0.99995	-0.00959	-0.00295	0.00965	0.99979	0.01815	0.00277	-0.01818	0.99983		-92.84236	-95.21337	-0.64589	0.17295	0.36168	-1.43551	0.22571	0.99967	0.02505	-0.00631	-0.02503	0.99968	0.00302	0.00639	-0.00286	0.99998	
99	0.49500	92.69637	-31.23851	0.73047	0.98874	0.15881	0.54431	1.12221	0.99995	-0.00950	-0.00277	0.00955	0.99981	0.01726	0.00261	-0.01728	0.99985		-92.82106	-95.33868	-0.67829	0.14676	0.36158	-1.43440	0.22953	0.99967	0.02503	-0.00631	-0.02502	0.99968	0.00256	0.00637	-0.00240	0.99998	
100	0.50000	92.62584	-31.40882	0.69430	0.93441	0.16284	0.55119	1.11800	0.99995	-0.00962	-0.00284	0.00967	0.99982	0.01631	0.00268	-0.01633	0.99986		-92.84797	-95.47749	-0.73022	0.11650	0.35846	-1.42896	0.23232	0.99967	0.02494	-0.00626	-0.02492	0.99969	0.00203	0.00631	-0.00188	0.99998	
101	0.50500	92.69050	-31.59675	0.61573	0.87138	0.16478	0.56451	1.14426	0.99995	-0.00985	-0.00288	0.00989	0.99984	0.01521	0.00273	-0.01524	0.99988		-92.84308	-95.62377	-0.79141	0.08857	0.35910	-1.42821	0.22406	0.99967	0.02492	-0.00627	-0.02491	0.99969	0.00155	0.00630	-0.00139	0.99998	
102	0.51000	92.67605	-31.73575	0.59962	0.82029	0.16157	0.57293	1.13775	0.99995	-0.01000	-0.00282	0.01004	0.99985	0.01432	0.00268	-0.01434	0.99989		-92.80204	-95.73834	-0.84896	0.06181	0.35728	-1.42484	0.22666	0.99967	0.02487	-0.00624	-0.02486	0.99969	0.00108	0.00626	-0.00092	0.99998	
103	0.51500	92.66474	-31.88302	0.56180	0.76793	0.16518	0.56338	1.13258	0.99995	-0.00983	-0.00288	0.00987	0.99986	0.01340	0.00275	-0.01343	0.99991		-92.81697	-95.87574	-0.90093	0.03110	0.35397	-1.42800	0.22687	0.99967	0.02492	-0.00618	-0.02492	0.99969	0.00054	0.00619	-0.00039	0.99998	
104	0.52000	92.72176	-32.02318	0.52561	0.71425	0.15900	0.56488	1.11760	0.99995	-0.00986	-0.00278	0.00989	0.99987	0.01247	0.00265	-0.01249	0.99992		-92.77125	-96.04382	-0.94529	-0.00382	0.35034	-1.42128	0.20411	0.99967	0.02480	-0.00611	-0.02480	0.99969	-0.00007	0.00611	0.00022	0.99998	
105	0.52500	92.67517	-32.17918	0.50642	0.66028	0.15671	0.56667	1.12087	0.99995	-0.00989	-0.00274	0.00992	0.99988	0.01152	0.00262	-0.01155	0.99993		-92.81363	-96.16365	-1.01351	-0.03497	0.34938	-1.41829	0.20743	0.99968	0.02475	-0.00610	-0.02475	0.99969	-0.00061	0.00608	0.00076	0.99998	
106	0.53000	92.74839	-32.33082	0.48337	0.60107	0.14580	0.56670	1.12768	0.99995	-0.00989	-0.00254	0.00992	0.99990	0.01049	0.00244	-0.01052	0.99994		-92.74465	-96.36889	-1.04031	-0.07425	0.33996	-1.41776	0.20516	0.99968	0.02474	-0.00593	-0.02475	0.99969	-0.00130	0.00590	0.00144	0.99998	
107	0.53500	92.68770	-32.49258	0.44794	0.54540	0.15009	0.56904	1.11610	0.99995	-0.00993	-0.00262	0.00996	0.99991	0.00952	0.00252	-0.00954	0.99995		-92.81000	-96.48972	-1.10841	-0.10547	0.34445	-1.41861	0.22104	0.99968	0.02476	-0.00601	-0.02477	0.99969	-0.00184	0.00596	0.00199	0.99998	
108	0.54000	92.74678	-32.68618	0.37030	0.48509	0.14526	0.57880	1.13660	0.99995	-0.01010	-0.00254	0.01012	0.99991	0.00847	0.00245	-0.00849	0.99996		-92.77541	-96.63710	-1.14798	-0.13996	0.33973	-1.42026	0.22866	0.99968	0.02479	-0.00593	-0.02480	0.99969	-0.00244	0.00587	0.00259	0.99998	
109	0.54500	92.77887	-32.82721	0.35134	0.42795	0.14346	0.58884	1.13550	0.99994	-0.01028	-0.00250	0.01030	0.99992	0.00747	0.00243	-0.00749	0.99997		-92.72212	-96.78119	-1.17533	-0.17162	0.33465	-1.41228	0.20898	0.99968	0.02465	-0.00584	-0.02466	0.99969	-0.00300	0.00577	0.00314	0.99998	
110	0.55000	92.77896	-32.97297	0.32270	0.37844	0.13515	0.58846	1.11677	0.99994	-0.01027	-0.00236	0.01029	0.99993	0.00661	0.00229	-0.00663	0.99998		-92.73066	-96.92374	-1.24351	-0.20642	0.33287	-1.41413	0.21327	0.99968	0.02468	-0.00581	-0.02470	0.99969	-0.00360	0.00572	0.00374	0.99998	
111	0.55500	92.79738	-33.12314	0.28517	0.32048	0.13272	0.58161	1.11553	0.99995	-0.01015	-0.00232	0.01016	0.99993	0.00559	0.00226	-0.00562	0.99998		-92.70444	-97.08001	-1.27414	-0.24095	0.32970	-1.41471	0.22988	0.99968	0.02469	-0.00575	-0.02471	0.99969	-0.00421	0.00565	0.00435	0.99997	
112	0.56000	92.83267	-33.28467	0.28726	0.26374	0.11896	0.58461	1.11216	0.99995	-0.01020	-0.00208	0.01021	0.99994	0.00460	0.00203	-0.00462	0.99999		-92.72785	-97.22816	-1.32955	-0.27499	0.33091	-1.41130	0.22237	0.99968	0.02463	-0.00578	-0.02466	0.99968	-0.00480	0.00566	0.00494	0.99997	
113	0.56500	92.79177	-33.41273	0.26208	0.21205	0.11858	0.58135	1.10318	0.99995	-0.01015	-0.00207	0.01015	0.99994	0.00370	0.00203	-0.00372	0.99999		-92.71667	-97.36681	-1.38080	-0.30991	0.32723	-1.41002	0.22422	0.99968	0.02461	-0.00571	-0.02464	0.99968	-0.00541	0.00558	0.00555	0.99997	
114	0.57000	92.77114	-33.57449	0.23917	0.15605	0.11770	0.58700	1.10352	0.99995	-0.01024	-0.00205	0.01025	0.99994	0.00272	0.00203	-0.00274	0.99999		-92.62879	-97.52890	-1.41661	-0.34698	0.32404	-1.40510	0.21257	0.99968	0.02452	-0.00566	-0.02455	0.99968	-0.00606	0.00551	0.00619	0.99997	
115	0.57500	92.84927	-33.76787	0.16377	0.09439	0.11353	0.59873	1.13835	0.99994	-0.01045	-0.00198	0.01045	0.99994	0.00165	0.00196	-0.00167	1.00000		-92.66948	-97.66320	-1.45898	-0.38025	0.32490	-1.40358	0.21847	0.99968	0.02449	-0.00567	-0.02453	0.99968	-0.00664	0.00551	0.00677	0.99996	
116	0.58000	92.88810	-33.88755	0.14769	0.04665	0.10270	0.59808	1.11328	0.99994	-0.01044	-0.00179	0.01044	0.99995	0.00081	0.00178	-0.00083	1.00000		-92.69768	-97.79695	-1.49767	-0.41299	0.32767	-1.40609	0.21556	0.99968	0.02454	-0.00572	-0.02458	0.99967	-0.00721	0.00554	0.00735	0.99996	
117	0.58500	92.89456	-34.01013	0.13739	-0.00172	0.09779	0.60124	1.12377	0.99994	-0.01049	-0.00171	0.01049	0.99994	-0.00003	0.00171	0.00001	1.00000		-92.69136	-97.93430	-1.54895	-0.44724	0.32969	-1.40349	0.21888	0.99968	0.02449	-0.00575	-0.02454	0.99967	-0.00781	0.00556	0.00794	0.99995	
118	0.59000	92.91654	-34.16363	0.11498	-0.05194	0.08747	0.59900	1.10430	0.99994	-0.01045	-0.00153	0.01045	0.99994	-0.00091	0.00154	0.00089	1.00000		-92.69109	-98.05215	-1.60019	-0.47860	0.32618	-1.40242	0.20328	0.99968	0.02447	-0.00569	-0.02452	0.99966	-0.00835	0.00549	0.00849	0.99995	
119	0.59500	92.87072	-34.29753	0.12777	-0.10004	0.08232	0.60382	1.08774	0.99994	-0.01054	-0.00144	0.01054	0.99994	-0.00175	0.00146	0.00173	1.00000		-92.70693	-98.20721	-1.64184	-0.51758	0.32378	-1.39443	0.19708	0.99969	0.02433	-0.00565	-0.02439	0.99966	-0.00903	0.00543	0.00917	0.99994	
120	0.60000	92.89316	-34.44127	0.11201	-0.14538	0.07473	0.60125	1.09138	0.99994	-0.01049	-0.00130	0.01049	0.99994	-0.00254	0.00133	0.00252	1.00000		-92.68584	-98.35915	-1.68081	-0.55069	0.32631	-1.39678	0.20115	0.99969	0.02438	-0.00570	-0.02443	0.99966	-0.00961	0.00546	0.00975	0.99994	
121	0.60500	92.91083	-34.56678	0.07278	-0.18890	0.06693	0.60064	1.08834	0.99994	-0.01048	-0.00117	0.01048	0.99994	-0.00330	0.00120	0.00328	0.99999		-92.72510	-98.48515	-1.71394	-0.58539	0.32515	-1.39317	0.20470	0.99969	0.02431	-0.00567	-0.02437	0.99965	-0.01022	0.00542	0.01035	0.99993	
122	0.61000	92.92825	-34.68309	0.04747	-0.23369	0.05773	0.59949	1.09244	0.99994	-0.01046	-0.00101	0.01046	0.99994	-0.00408	0.00105	0.00407	0.99999		-92.67705	-98.64376	-1.72716	-0.62512	0.32500	-1.39178	0.21876	0.99969	0.02429	-0.00567	-0.02435	0.99964	-0.01091	0.00541	0.01104	0.99992	
123	0.61500	92.98151	-34.85060	0.01569	-0.28249	0.05345	0.61278	1.10582	0.99994	-0.01069	-0.00093	0.01069	0.99993	-0.00493	0.00099	0.00492	0.99999		-92.66011	-98.79917	-1.76089	-0.66143	0.32436	-1.39228	0.23313	0.99969	0.02430	-0.00566	-0.02436	0.99964	-0.01154	0.00538	0.01168	0.99992	
124	0.62000	92.94977	-34.98143	-0.00016	-0.32625	0.05062	0.61552	1.11103	0.99994	-0.01074	-0.00088	0.01074	0.99993	-0.00569	0.00094	0.00568	0.99998		-92.72239	-98.90872	-1.80213	-0.69673	0.32460	-1.39096	0.23086	0.99969	0.02427	-0.00567	-0.02434	0.99963	-0.01216	0.00537	0.01229	0.99991	
125	0.62500	92.99497	-35.10703	0.00577	-0.36735	0.04033	0.61468	1.10993	0.99994	-0.01073	-0.00070	0.01072	0.99992	-0.00641	0.00077	0.00640	0.99998		-92.65911	-99.06678	-1.83653	-0.73317	0.32236	-1.38926	0.21087	0.99969	0.02424	-0.00563	-0.02431	0.99962	-0.01280	0.00531	0.01293	0.99990	
126	0.63000	93.02099	-35.20971	-0.01816	-0.40328	0.02886	0.61792	1.11064	0.99994	-0.01078	-0.00050	0.01078	0.99992	-0.00704	0.00058	0.00703	0.99998		-92.68366	-99.17357	-1.86611	-0.76475	0.32774	-1.39082	0.24370	0.99969	0.02427	-0.00572	-0.02435	0.99961	-0.01335	0.00539	0.01348	0.99989	
127	0.63500	92.98662	-35.32724	-0.03253	-0.43981	0.01845	0.61498	1.12026	0.99994	-0.01073	-0.00032	0.01073	0.99991	-0.00768	0.00040	0.00767	0.99997		-92.68869	-99.31253	-1.89917	-0.80019	0.32289	-1.38435	0.21823	0.99969	0.02416	-0.00564	-0.02424	0.99961	-0.01397	0.00530	0.01410	0.99989	
128	0.64000	93.09038	-35.43618	-0.02890	-0.47426	0.01012	0.61771	1.11871	0.99994	-0.01078	-0.00018	0.01078	0.99991	-0.00828	0.00027	0.00827	0.99997		-92.63303	-99.43598	-1.91341	-0.82861	0.32256	-1.38927	0.21675	0.99969	0.02424	-0.00563	-0.02432	0.99960	-0.01446	0.00528	0.01459	0.99988	
129	0.64500	93.05238	-35.56418	-0.03907	-0.50723	0.00085	0.61815	1.11489	0.99994	-0.01079	-0.00001	0.01079	0.99990	-0.00885	0.00011	0.00885	0.99996		-92.65853	-99.53231	-1.95925	-0.86030	0.32379	-1.38874	0.24022	0.99969	0.02424	-0.00565	-0.02432	0.99959	-0.01501	0.00528	0.01515	0.99987	
130	0.65000	93.01800	-35.66648	-0.06531	-0.53564	-0.00792	0.61772	1.11801	0.99994	-0.01078	0.00014	0.01078	0.99990	-0.00935	-0.00004	0.00935	0.99996		-92.65206	-99.64851	-2.00150	-0.89098	0.32323	-1.38330	0.23186	0.99969	0.02414	-0.00564	-0.02423	0.99959	-0.01555	0.00526	0.01568	0.99986	
131	0.65500	93.06082	-35.75018	-0.05437	-0.56266	-0.01565	0.61713	1.12164	0.99994	-0.01077	0.00027	0.01077	0.99989	-0.00982	-0.00017	0.00982	0.99995		-92.63012	-99.77851	-2.00660	-0.92122	0.32598	-1.38405	0.22226	0.99969	0.02415	-0.00569	-0.02424	0.99958	-0.01608	0.00530	0.01621	0.99985	
132	0.66000	93.01309	-35.85064	-0.05164	-0.59000	-0.01856	0.61401	1.10961	0.99994	-0.01072	0.00032	0.01072	0.99989	-0.01030	-0.00021	0.01030	0.99995		-92.70694	-99.86936	-2.06835	-0.95131	0.32694	-1.38426	0.22755	0.99969	0.02416	-0.00571	-0.02425	0.99957	-0.01660	0.00530	0.01674	0.99985	
133	0.66500	93.04376	-35.95331	-0.07953	-0.61393	-0.03020	0.61167	1.10185	0.99994	-0.01068	0.00053	0.01068	0.99989	-0.01071	-0.00041	0.01072	0.99994		-92.63442	-99.98504	-2.09575	-0.97856	0.32970	-1.38405	0.20992	0.99969	0.02415	-0.00575	-0.02425	0.99956	-0.01708	0.00534	0.01721	0.99984	
134	0.67000	93.08734	-36.04668	-0.08141	-0.64051	-0.03926	0.61415	1.12732	0.99994	-0.01072	0.00069	0.01073	0.99988	-0.01118	-0.00057	0.01119	0.99994		-92.67601	-100.07970	-2.11204	-1.00894	0.33199	-1.38536	0.22531	0.99969	0.02418	-0.00579	-0.02427	0.99955	-0.01761	0.00537	0.01774	0.99983	
135	0.67500	93.04395	-36.13586	-0.08708	-0.66105	-0.04130	0.60629	1.09999	0.99994	-0.01058	0.00072	0.01059	0.99988	-0.01154	-0.00060	0.01154	0.99993		-92.71959	-100.15482	-2.13784	-1.03374	0.33648	-1.38223	0.20537	0.99969	0.02412	-0.00587	-0.02422	0.99954	-0.01804	0.00543	0.01818	0.99982	
136	0.68000	93.10610	-36.22011	-0.06763	-0.67993	-0.05529	0.60585	1.12318	0.99994	-0.01057	0.00096	0.01058	0.99987	-0.01187	-0.00084	0.01188	0.99993		-92.65753	-100.28623	-2.13044	-1.06290	0.33678	-1.38004	0.21713	0.99969	0.02408	-0.00588	-0.02419	0.99954	-0.01855	0.00543	0.01869	0.99981	
137	0.68500	93.14268	-36.28538	-0.08651	-0.69400	-0.06492	0.60425	1.11704	0.99994	-0.01055	0.00113	0.01056	0.99987	-0.01211	-0.00101	0.01212	0.99993		-92.71819	-100.38352	-2.14530	-1.09596	0.33180	-1.37435	0.20933	0.99970	0.02398	-0.00579	-0.02409	0.99953	-0.01913	0.00533	0.01926	0.99980	
138	0.69000	93.09095	-36.38434	-0.08108	-0.71299	-0.06549	0.61272	1.12532	0.99994	-0.01069	0.00114	0.01071	0.99987	-0.01244	-0.00101	0.01246	0.99992		-92.67857	-100.50415	-2.15447	-1.12204	0.32996	-1.37279	0.20936	0.99970	0.02396	-0.00576	-0.02407	0.99952	-0.01958	0.00529	0.01971	0.99979	
