NO_OF_FRAMES	8468
NO_OF_CAMERAS	8
NO_OF_BODIES	2
FREQUENCY	200
NO_OF_ANALOG	0
ANALOG_FREQUENCY	0
DESCRIPTION	--
TIME_STAMP	2013-07-03, 16:18:47	27543.93900975
DATA_INCLUDED	6D
BODY_NAMES	Ice 1	Ice 2
Frame	Time	Ice 1 X	Y	Z	Roll	Pitch	Yaw	Residual	Rot[0]	Rot[1]	Rot[2]	Rot[3]	Rot[4]	Rot[5]	Rot[6]	Rot[7]	Rot[8]	Ice 2 X	Y	Z	Roll	Pitch	Yaw	Residual	Rot[0]	Rot[1]	Rot[2]	Rot[3]	Rot[4]	Rot[5]	Rot[6]	Rot[7]	Rot[8]	
1	0.00500	1169.62157	224.54683	4.74211	0.08947	0.33544	-0.75041	1.02187	0.99990	0.01310	-0.00585	-0.01309	0.99991	0.00156	0.00587	-0.00148	0.99998		381.64412	690.53544	-6.17812	-0.55701	0.59372	17.78628	1.30331	0.95215	-0.30545	-0.01036	0.30536	0.95219	-0.00972	0.01284	0.00609	0.99990	
2	0.01000	1169.42738	224.57195	4.70577	0.07092	0.34826	-0.76015	0.99606	0.99989	0.01327	-0.00608	-0.01326	0.99991	0.00124	0.00609	-0.00116	0.99998		381.43759	690.55890	-6.12460	-0.55494	0.58857	17.76457	1.30876	0.95227	-0.30509	-0.01027	0.30500	0.95230	-0.00968	0.01274	0.00609	0.99990	
3	0.01500	1169.32647	224.67817	4.69096	0.06523	0.35237	-0.76680	1.00483	0.99989	0.01338	-0.00615	-0.01338	0.99991	0.00114	0.00616	-0.00106	0.99998		381.28387	690.64427	-6.07193	-0.54383	0.58308	17.73769	1.30230	0.95241	-0.30464	-0.01018	0.30455	0.95245	-0.00949	0.01258	0.00594	0.99990	
4	0.02000	1169.23593	224.75857	4.66527	0.05805	0.35244	-0.77771	1.01852	0.99989	0.01357	-0.00615	-0.01357	0.99991	0.00101	0.00616	-0.00093	0.99998		381.06503	690.72249	-5.85740	-0.54104	0.61067	17.70726	1.37244	0.95257	-0.30414	-0.01066	0.30404	0.95261	-0.00944	0.01302	0.00575	0.99990	
5	0.02500	1169.06205	224.84030	4.65390	0.04948	0.36316	-0.78555	0.99604	0.99989	0.01371	-0.00634	-0.01370	0.99991	0.00086	0.00635	-0.00078	0.99998		380.90677	690.84480	-5.80041	-0.52681	0.61365	17.68139	1.34922	0.95271	-0.30371	-0.01071	0.30362	0.95275	-0.00919	0.01300	0.00551	0.99990	
6	0.03000	1168.92385	224.93302	4.61867	0.04297	0.36923	-0.80290	1.02075	0.99988	0.01401	-0.00644	-0.01401	0.99990	0.00075	0.00645	-0.00066	0.99998		380.79181	690.77525	-5.69357	-0.54190	0.59466	17.65966	1.36886	0.95282	-0.30335	-0.01038	0.30326	0.95286	-0.00946	0.01276	0.00586	0.99990	
7	0.03500	1168.84901	225.06986	4.60805	0.04845	0.36269	-0.81599	1.01474	0.99988	0.01424	-0.00633	-0.01424	0.99990	0.00085	0.00634	-0.00076	0.99998		380.66464	690.89394	-5.65141	-0.53056	0.58832	17.63295	1.33641	0.95297	-0.30290	-0.01027	0.30281	0.95300	-0.00926	0.01259	0.00571	0.99990	
8	0.04000	1168.68743	225.12072	4.54781	0.03029	0.37796	-0.81910	1.02940	0.99988	0.01430	-0.00660	-0.01429	0.99990	0.00053	0.00660	-0.00043	0.99998		380.55053	690.90389	-5.57240	-0.53570	0.57885	17.61241	1.33211	0.95308	-0.30256	-0.01010	0.30247	0.95311	-0.00935	0.01246	0.00585	0.99991	
9	0.04500	1168.58618	225.23051	4.54541	0.02770	0.38285	-0.82621	1.04818	0.99987	0.01442	-0.00668	-0.01442	0.99990	0.00048	0.00669	-0.00039	0.99998		380.46832	691.01153	-5.48905	-0.53101	0.57473	17.58584	1.33415	0.95322	-0.30212	-0.01003	0.30203	0.95325	-0.00927	0.01236	0.00580	0.99991	
10	0.05000	1168.41739	225.32575	4.52515	0.02225	0.39024	-0.83986	1.02654	0.99987	0.01466	-0.00681	-0.01466	0.99989	0.00039	0.00682	-0.00029	0.99998		380.24175	691.08633	-5.47319	-0.51997	0.56120	17.53799	1.33346	0.95347	-0.30132	-0.00979	0.30124	0.95350	-0.00907	0.01207	0.00570	0.99991	
11	0.05500	1168.32891	225.32008	4.47979	0.00501	0.39464	-0.82784	1.03855	0.99987	0.01445	-0.00689	-0.01445	0.99990	0.00009	0.00689	0.00001	0.99998		380.27557	691.09214	-5.40658	-0.53481	0.54897	17.50906	1.36247	0.95363	-0.30084	-0.00958	0.30076	0.95365	-0.00933	0.01195	0.00602	0.99991	
12	0.06000	1168.20775	225.45951	4.46343	0.00715	0.39764	-0.84643	1.03133	0.99987	0.01477	-0.00694	-0.01477	0.99989	0.00012	0.00694	-0.00002	0.99998		380.11112	691.17360	-5.34472	-0.53529	0.54522	17.48420	1.35387	0.95376	-0.30043	-0.00952	0.30034	0.95378	-0.00934	0.01188	0.00605	0.99991	
13	0.06500	1168.06717	225.53290	4.45243	0.00010	0.40699	-0.85048	1.01461	0.99986	0.01484	-0.00710	-0.01484	0.99989	0.00000	0.00710	0.00010	0.99997		379.93061	691.26128	-5.30307	-0.53065	0.55198	17.45598	1.36315	0.95390	-0.29996	-0.00963	0.29988	0.95393	-0.00926	0.01197	0.00595	0.99991	
14	0.07000	1167.98850	225.62487	4.43117	-0.00784	0.40951	-0.86203	1.03376	0.99986	0.01504	-0.00715	-0.01505	0.99989	-0.00014	0.00714	0.00024	0.99997		379.70644	691.21282	-4.98235	-0.53336	0.52840	17.44007	1.35177	0.95399	-0.29970	-0.00922	0.29961	0.95402	-0.00931	0.01159	0.00612	0.99991	
15	0.07500	1167.84943	225.73736	4.39380	-0.01143	0.41900	-0.87219	1.02774	0.99986	0.01522	-0.00731	-0.01522	0.99988	-0.00020	0.00731	0.00031	0.99997		379.53789	691.25335	-4.91277	-0.53801	0.52380	17.41862	1.35333	0.95410	-0.29934	-0.00914	0.29926	0.95413	-0.00939	0.01153	0.00622	0.99991	
16	0.08000	1167.72904	225.82525	4.37664	-0.01788	0.42561	-0.88594	1.01227	0.99985	0.01546	-0.00743	-0.01546	0.99988	-0.00031	0.00742	0.00043	0.99997		379.49265	691.23336	-4.82238	-0.54751	0.50927	17.39513	1.36387	0.95423	-0.29895	-0.00889	0.29887	0.95425	-0.00956	0.01134	0.00646	0.99991	
17	0.08500	1167.64080	225.94924	4.35890	-0.01738	0.42587	-0.89967	1.02622	0.99985	0.01570	-0.00743	-0.01570	0.99988	-0.00030	0.00743	0.00042	0.99997		379.39663	691.30305	-4.76115	-0.55070	0.49482	17.37403	1.36076	0.95434	-0.29860	-0.00864	0.29852	0.95436	-0.00961	0.01111	0.00659	0.99992	
18	0.09000	1167.46886	226.05305	4.34980	-0.01943	0.43955	-0.91799	1.02421	0.99984	0.01602	-0.00767	-0.01602	0.99987	-0.00034	0.00767	0.00046	0.99997		379.23338	691.30268	-4.68569	-0.55795	0.48415	17.34921	1.36501	0.95447	-0.29818	-0.00845	0.29810	0.95448	-0.00974	0.01097	0.00678	0.99992	
19	0.09500	1167.41557	226.16136	4.30506	-0.02251	0.43997	-0.92504	1.02627	0.99984	0.01614	-0.00768	-0.01615	0.99987	-0.00039	0.00767	0.00052	0.99997		379.14522	691.38899	-4.61902	-0.55645	0.47759	17.32232	1.37446	0.95461	-0.29774	-0.00834	0.29766	0.95462	-0.00971	0.01085	0.00679	0.99992	
20	0.10000	1167.28063	226.27157	4.27525	-0.02633	0.45317	-0.93505	1.01174	0.99984	0.01632	-0.00791	-0.01632	0.99987	-0.00046	0.00790	0.00059	0.99997		378.98246	691.39491	-4.53973	-0.57145	0.46737	17.30976	1.37686	0.95468	-0.29753	-0.00816	0.29745	0.95469	-0.00997	0.01075	0.00709	0.99992	
21	0.10500	1167.22236	226.39021	4.25936	-0.02503	0.45059	-0.94225	1.02494	0.99983	0.01644	-0.00786	-0.01645	0.99986	-0.00044	0.00786	0.00057	0.99997		378.92983	691.41224	-4.48144	-0.57945	0.45326	17.28196	1.39730	0.95482	-0.29706	-0.00791	0.29698	0.95483	-0.01011	0.01056	0.00731	0.99992	
22	0.11000	1167.10667	226.51415	4.22229	-0.02570	0.45270	-0.95921	1.02719	0.99983	0.01674	-0.00790	-0.01674	0.99986	-0.00045	0.00789	0.00058	0.99997		378.77626	691.48797	-4.42240	-0.57976	0.45058	17.25398	1.39260	0.95497	-0.29660	-0.00786	0.29652	0.95497	-0.01012	0.01051	0.00733	0.99992	
23	0.11500	1166.96363	226.62219	4.20026	-0.02610	0.45984	-0.97510	1.03905	0.99982	0.01702	-0.00803	-0.01702	0.99985	-0.00046	0.00802	0.00059	0.99997		378.50830	691.74673	-4.33967	-0.56459	0.49432	17.23156	1.42964	0.95508	-0.29622	-0.00863	0.29614	0.95509	-0.00985	0.01116	0.00686	0.99991	
24	0.12000	1166.82741	226.61199	4.18201	-0.04428	0.47236	-0.93044	1.03920	0.99983	0.01624	-0.00824	-0.01624	0.99987	-0.00077	0.00823	0.00091	0.99997		378.37122	691.80544	-4.27820	-0.56975	0.49412	17.20210	1.43538	0.95523	-0.29573	-0.00862	0.29565	0.95525	-0.00994	0.01118	0.00695	0.99991	
25	0.12500	1166.68271	226.72440	4.15116	-0.04496	0.47760	-0.94298	1.03935	0.99983	0.01646	-0.00834	-0.01646	0.99986	-0.00078	0.00832	0.00092	0.99996		378.22321	691.83254	-4.22669	-0.58259	0.48772	17.18396	1.41240	0.95533	-0.29543	-0.00851	0.29534	0.95534	-0.01017	0.01114	0.00720	0.99991	
26	0.13000	1166.64270	226.89746	4.14265	-0.03659	0.47408	-0.96268	1.04209	0.99982	0.01680	-0.00827	-0.01681	0.99986	-0.00064	0.00826	0.00078	0.99997		378.12151	691.90538	-4.17995	-0.58498	0.48315	17.15772	1.42181	0.95546	-0.29499	-0.00843	0.29491	0.95547	-0.01021	0.01107	0.00727	0.99991	
27	0.13500	1166.43901	226.97645	4.13353	-0.04350	0.48573	-0.97769	1.04472	0.99982	0.01706	-0.00848	-0.01707	0.99985	-0.00076	0.00846	0.00090	0.99996		377.99387	691.94156	-4.13290	-0.59592	0.47956	17.13575	1.41518	0.95558	-0.29463	-0.00837	0.29454	0.95558	-0.01040	0.01106	0.00747	0.99991	
28	0.14000	1166.42012	227.13135	4.11030	-0.03753	0.48342	-0.98548	1.05335	0.99982	0.01720	-0.00844	-0.01720	0.99985	-0.00065	0.00842	0.00080	0.99996		377.85695	691.96999	-4.07098	-0.60508	0.47429	17.10698	1.41052	0.95572	-0.29415	-0.00828	0.29406	0.95573	-0.01056	0.01102	0.00766	0.99991	
29	0.14500	1166.28872	227.25590	4.08321	-0.03760	0.48836	-1.00103	1.06631	0.99981	0.01747	-0.00852	-0.01748	0.99985	-0.00066	0.00851	0.00081	0.99996		377.72327	691.92660	-4.00270	-0.62486	0.45957	17.08695	1.43525	0.95583	-0.29381	-0.00802	0.29372	0.95583	-0.01091	0.01087	0.00807	0.99991	
30	0.15000	1166.12640	227.36157	4.04875	-0.03834	0.49507	-1.01479	1.03427	0.99981	0.01771	-0.00864	-0.01772	0.99984	-0.00067	0.00863	0.00082	0.99996		377.63557	692.01100	-3.98327	-0.62092	0.46581	17.05824	1.43404	0.95598	-0.29333	-0.00813	0.29324	0.95598	-0.01084	0.01095	0.00798	0.99991	
31	0.15500	1166.06081	227.53039	4.04322	-0.03109	0.49389	-1.02763	1.04959	0.99980	0.01793	-0.00862	-0.01794	0.99984	-0.00054	0.00861	0.00070	0.99996		377.48910	692.05314	-3.93536	-0.62739	0.46188	17.03389	1.43244	0.95610	-0.29293	-0.00806	0.29284	0.95610	-0.01095	0.01091	0.00811	0.99991	
32	0.16000	1165.93586	227.65174	3.99091	-0.03112	0.49719	-1.03985	1.04396	0.99980	0.01815	-0.00868	-0.01815	0.99984	-0.00054	0.00867	0.00070	0.99996		377.32944	692.10630	-3.86252	-0.63654	0.46591	17.01185	1.43300	0.95621	-0.29256	-0.00813	0.29247	0.95621	-0.01111	0.01103	0.00824	0.99991	
33	0.16500	1165.80164	227.79102	3.97049	-0.02735	0.49668	-1.05321	1.05600	0.99979	0.01838	-0.00867	-0.01839	0.99983	-0.00048	0.00866	0.00064	0.99996		377.27039	692.14715	-3.82641	-0.64004	0.45909	16.98348	1.42844	0.95636	-0.29209	-0.00801	0.29199	0.95636	-0.01117	0.01093	0.00834	0.99991	
34	0.17000	1165.68264	227.92368	3.95897	-0.02524	0.50316	-1.06728	1.02697	0.99979	0.01863	-0.00878	-0.01863	0.99983	-0.00044	0.00877	0.00060	0.99996		377.25329	692.18691	-3.76444	-0.65315	0.45151	16.96447	1.44268	0.95646	-0.29177	-0.00788	0.29167	0.95645	-0.01140	0.01086	0.00860	0.99990	
35	0.17500	1165.54833	228.06254	3.92629	-0.02054	0.50941	-1.08548	1.04883	0.99978	0.01894	-0.00889	-0.01895	0.99982	-0.00036	0.00888	0.00053	0.99996		377.09350	692.26848	-3.74589	-0.65360	0.45426	16.94207	1.41962	0.95657	-0.29140	-0.00793	0.29130	0.95656	-0.01141	0.01091	0.00860	0.99990	
36	0.18000	1165.46261	228.21891	3.91125	-0.01563	0.50821	-1.09572	1.03437	0.99978	0.01912	-0.00887	-0.01913	0.99982	-0.00027	0.00886	0.00044	0.99996		376.95431	692.27322	-3.69456	-0.66702	0.46112	16.91861	1.44456	0.95669	-0.29100	-0.00805	0.29090	0.95668	-0.01164	0.01109	0.00880	0.99990	
37	0.18500	1165.34836	228.39067	3.90027	-0.00230	0.50333	-1.12803	1.03675	0.99977	0.01969	-0.00878	-0.01969	0.99981	-0.00004	0.00878	0.00021	0.99996		376.83297	692.37779	-3.69104	-0.66456	0.46626	16.89810	1.43357	0.95679	-0.29066	-0.00814	0.29056	0.95679	-0.01160	0.01116	0.00873	0.99990	
38	0.19000	1165.25894	228.49975	3.87256	-0.00349	0.50781	-1.13696	1.04225	0.99976	0.01984	-0.00886	-0.01984	0.99980	-0.00006	0.00886	0.00024	0.99996		376.65572	692.42427	-3.65265	-0.67305	0.47433	16.87355	1.41776	0.95691	-0.29025	-0.00828	0.29015	0.95691	-0.01175	0.01133	0.00884	0.99990	
39	0.19500	1165.12489	228.69516	3.86913	0.00880	0.50899	-1.15826	1.04339	0.99976	0.02021	-0.00888	-0.02021	0.99980	0.00015	0.00888	0.00003	0.99996		376.57230	692.47854	-3.62059	-0.67299	0.47850	16.84599	1.41920	0.95705	-0.28979	-0.00835	0.28969	0.95705	-0.01175	0.01140	0.00882	0.99990	
40	0.20000	1165.01394	228.84047	3.85386	0.01801	0.50631	-1.17252	1.02709	0.99975	0.02046	-0.00884	-0.02046	0.99979	0.00031	0.00884	-0.00013	0.99996		376.43546	692.57536	-3.57059	-0.67013	0.49801	16.81121	1.46845	0.95723	-0.28921	-0.00869	0.28910	0.95723	-0.01170	0.01170	0.00868	0.99989	
41	0.20500	1164.90558	228.97538	3.84390	0.02269	0.50381	-1.17995	1.04234	0.99975	0.02059	-0.00879	-0.02059	0.99979	0.00040	0.00880	-0.00021	0.99996		375.88124	693.01440	-3.56339	-0.62393	0.58906	16.79105	1.47923	0.95731	-0.28887	-0.01028	0.28876	0.95734	-0.01089	0.01299	0.00746	0.99989	
42	0.21000	1164.78036	229.09851	3.82029	0.02620	0.50736	-1.18945	1.03322	0.99975	0.02076	-0.00885	-0.02075	0.99978	0.00046	0.00886	-0.00027	0.99996		375.68523	693.09218	-3.56365	-0.62162	0.60582	16.76255	1.47645	0.95745	-0.28839	-0.01057	0.28828	0.95748	-0.01085	0.01325	0.00734	0.99989	
43	0.21500	1164.69381	229.28749	3.82229	0.04188	0.50122	-1.21016	1.05525	0.99974	0.02112	-0.00875	-0.02111	0.99978	0.00073	0.00876	-0.00055	0.99996		375.55443	693.13644	-3.54577	-0.62118	0.60365	16.73872	1.48213	0.95757	-0.28799	-0.01054	0.28788	0.95760	-0.01084	0.01321	0.00735	0.99989	
44	0.22000	1164.60361	229.42819	3.81289	0.05001	0.49594	-1.21802	1.05576	0.99974	0.02126	-0.00866	-0.02125	0.99977	0.00087	0.00867	-0.00069	0.99996		375.44420	693.19812	-3.53647	-0.61761	0.61262	16.71475	1.46761	0.95769	-0.28759	-0.01069	0.28748	0.95773	-0.01078	0.01334	0.00725	0.99988	
45	0.22500	1164.49883	229.57971	3.79327	0.06056	0.49000	-1.23922	1.05649	0.99973	0.02163	-0.00855	-0.02162	0.99977	0.00106	0.00857	-0.00087	0.99996		375.23376	693.30943	-3.54220	-0.61103	0.63245	16.68843	1.46509	0.95782	-0.28715	-0.01104	0.28704	0.95786	-0.01066	0.01363	0.00705	0.99988	
46	0.23000	1164.31584	229.71654	3.77024	0.06764	0.49473	-1.24595	1.04952	0.99973	0.02174	-0.00863	-0.02173	0.99976	0.00118	0.00866	-0.00099	0.99996		375.22720	693.28043	-3.51423	-0.62062	0.62121	16.66670	1.47032	0.95793	-0.28679	-0.01084	0.28667	0.95797	-0.01083	0.01349	0.00727	0.99988	
47	0.23500	1164.24482	229.87895	3.76790	0.08168	0.48531	-1.26339	1.03326	0.99972	0.02205	-0.00847	-0.02204	0.99976	0.00143	0.00850	-0.00124	0.99996		375.11366	693.43031	-3.50529	-0.60685	0.63798	16.64676	1.45318	0.95803	-0.28645	-0.01113	0.28634	0.95807	-0.01059	0.01370	0.00696	0.99988	
48	0.24000	1164.15462	230.03405	3.76310	0.09385	0.47348	-1.27052	1.07113	0.99972	0.02217	-0.00826	-0.02216	0.99975	0.00164	0.00830	-0.00145	0.99996		374.97387	693.48566	-3.51783	-0.60447	0.64667	16.62210	1.45317	0.95815	-0.28604	-0.01129	0.28593	0.95819	-0.01055	0.01383	0.00688	0.99988	
49	0.24500	1164.04229	230.19964	3.73952	0.10558	0.47146	-1.29152	1.06037	0.99971	0.02254	-0.00823	-0.02252	0.99974	0.00184	0.00827	-0.00166	0.99996		374.79725	693.53459	-3.51291	-0.60240	0.65729	16.60160	1.43386	0.95825	-0.28570	-0.01147	0.28558	0.95830	-0.01051	0.01400	0.00680	0.99988	
50	0.25000	1163.95781	230.32836	3.73811	0.11325	0.46686	-1.29917	1.06196	0.99971	0.02267	-0.00815	-0.02266	0.99974	0.00198	0.00819	-0.00179	0.99996		374.63469	693.62769	-3.52715	-0.59696	0.67743	16.57747	1.43135	0.95837	-0.28529	-0.01182	0.28518	0.95842	-0.01042	0.01430	0.00661	0.99988	
51	0.25500	1163.81983	230.48079	3.73559	0.12819	0.45905	-1.30659	1.07845	0.99971	0.02280	-0.00801	-0.02278	0.99974	0.00224	0.00806	-0.00205	0.99997		374.54741	693.73178	-3.55349	-0.58073	0.69201	16.54453	1.42809	0.95853	-0.28474	-0.01208	0.28463	0.95858	-0.01013	0.01446	0.00628	0.99988	
52	0.26000	1163.71822	230.63465	3.71965	0.13983	0.45656	-1.32604	1.05624	0.99970	0.02314	-0.00797	-0.02312	0.99973	0.00244	0.00802	-0.00226	0.99997		374.42797	693.77382	-3.54559	-0.58049	0.69443	16.52588	1.42538	0.95862	-0.28443	-0.01212	0.28432	0.95868	-0.01013	0.01450	0.00627	0.99988	
53	0.26500	1163.61707	230.78900	3.70701	0.15472	0.44016	-1.34182	1.07024	0.99970	0.02342	-0.00768	-0.02340	0.99972	0.00270	0.00774	-0.00252	0.99997		374.35041	693.82864	-3.54550	-0.56978	0.70650	16.49157	1.43695	0.95879	-0.28385	-0.01233	0.28374	0.95885	-0.00994	0.01465	0.00604	0.99987	
54	0.27000	1163.53328	230.96338	3.67994	0.16845	0.43484	-1.35026	1.04924	0.99969	0.02356	-0.00759	-0.02354	0.99972	0.00294	0.00766	-0.00276	0.99997		374.12492	693.96689	-3.57591	-0.54707	0.72962	16.46304	1.42561	0.95892	-0.28337	-0.01273	0.28327	0.95899	-0.00955	0.01492	0.00555	0.99987	
55	0.27500	1163.42836	231.11945	3.67487	0.18076	0.42748	-1.35043	1.06596	0.99969	0.02357	-0.00746	-0.02354	0.99972	0.00315	0.00753	-0.00298	0.99997		374.03210	694.03085	-3.59349	-0.53824	0.73682	16.44565	1.42915	0.95901	-0.28308	-0.01286	0.28298	0.95908	-0.00939	0.01499	0.00537	0.99987	
56	0.28000	1163.30155	231.27343	3.66993	0.19784	0.41928	-1.37758	1.05110	0.99968	0.02404	-0.00732	-0.02402	0.99971	0.00345	0.00740	-0.00328	0.99997		373.92479	694.08708	-3.56027	-0.52825	0.75205	16.41929	1.44400	0.95914	-0.28264	-0.01313	0.28254	0.95921	-0.00922	0.01520	0.00513	0.99987	
57	0.28500	1163.21556	231.43651	3.67520	0.21622	0.40720	-1.38916	1.06119	0.99968	0.02424	-0.00711	-0.02422	0.99970	0.00377	0.00720	-0.00360	0.99997		373.86970	694.15994	-3.57903	-0.51334	0.76050	16.38998	1.45030	0.95928	-0.28215	-0.01327	0.28205	0.95936	-0.00896	0.01526	0.00485	0.99987	
58	0.29000	1163.11049	231.59718	3.63476	0.22726	0.40346	-1.38917	1.05006	0.99968	0.02424	-0.00704	-0.02422	0.99970	0.00397	0.00714	-0.00379	0.99997		373.69900	694.27613	-3.58632	-0.49547	0.78110	16.36822	1.44179	0.95938	-0.28178	-0.01363	0.28169	0.95947	-0.00865	0.01552	0.00446	0.99987	
59	0.29500	1163.02040	231.74963	3.58264	0.24303	0.38859	-1.41916	1.00729	0.99967	0.02477	-0.00678	-0.02474	0.99968	0.00424	0.00689	-0.00407	0.99997		373.40112	694.46734	-3.56138	-0.46488	0.83314	16.34052	1.49853	0.95951	-0.28132	-0.01454	0.28122	0.95961	-0.00811	0.01624	0.00370	0.99986	
60	0.30000	1162.89137	231.89667	3.57607	0.25919	0.38050	-1.42491	1.00503	0.99967	0.02487	-0.00664	-0.02484	0.99968	0.00452	0.00675	-0.00436	0.99997		373.22809	694.53950	-3.60929	-0.45169	0.84736	16.31149	1.47802	0.95964	-0.28083	-0.01479	0.28074	0.95975	-0.00788	0.01641	0.00341	0.99986	
61	0.30500	1162.77319	232.05131	3.57548	0.27563	0.37091	-1.43583	1.00460	0.99967	0.02506	-0.00647	-0.02503	0.99968	0.00481	0.00659	-0.00465	0.99997		373.11666	694.57014	-3.61667	-0.44118	0.85292	16.28995	1.48470	0.95975	-0.28047	-0.01489	0.28038	0.95986	-0.00770	0.01645	0.00322	0.99986	
62	0.31000	1162.70292	232.20620	3.57047	0.29176	0.36084	-1.45000	1.01534	0.99966	0.02530	-0.00630	-0.02527	0.99967	0.00509	0.00642	-0.00493	0.99997		372.93564	694.72698	-3.67917	-0.41082	0.87887	16.26011	1.47083	0.95989	-0.27997	-0.01534	0.27989	0.96001	-0.00717	0.01673	0.00259	0.99986	
63	0.31500	1162.63240	232.41302	3.54441	0.31645	0.34754	-1.46735	1.00624	0.99965	0.02561	-0.00607	-0.02557	0.99966	0.00552	0.00620	-0.00537	0.99997		372.80534	694.72957	-3.68828	-0.40715	0.88747	16.23386	1.47856	0.96001	-0.27952	-0.01549	0.27945	0.96014	-0.00711	0.01686	0.00249	0.99985	
64	0.32000	1162.55417	232.54923	3.52945	0.33018	0.33405	-1.47459	1.02697	0.99965	0.02573	-0.00583	-0.02570	0.99965	0.00576	0.00598	-0.00561	0.99997		372.74592	694.75545	-3.70137	-0.39311	0.89291	16.20819	1.48694	0.96014	-0.27909	-0.01558	0.27902	0.96026	-0.00686	0.01688	0.00224	0.99985	
65	0.32500	1162.45046	232.70776	3.53129	0.34736	0.32145	-1.48519	1.00113	0.99965	0.02592	-0.00561	-0.02588	0.99965	0.00606	0.00577	-0.00592	0.99997		372.55045	694.87563	-3.74540	-0.37024	0.91614	16.18603	1.46485	0.96024	-0.27872	-0.01599	0.27865	0.96037	-0.00646	0.01716	0.00175	0.99985	
66	0.33000	1162.33752	232.84940	3.49994	0.36163	0.31089	-1.49373	1.00360	0.99965	0.02607	-0.00543	-0.02603	0.99964	0.00631	0.00559	-0.00617	0.99997		372.44457	694.94011	-3.77881	-0.35220	0.92478	16.15592	1.48302	0.96038	-0.27822	-0.01614	0.27815	0.96052	-0.00615	0.01721	0.00141	0.99985	
67	0.33500	1162.21482	233.03963	3.51958	0.38362	0.30228	-1.51228	0.99228	0.99964	0.02639	-0.00528	-0.02636	0.99963	0.00670	0.00545	-0.00655	0.99996		372.26128	695.04626	-3.79957	-0.32803	0.94400	16.13334	1.46726	0.96049	-0.27784	-0.01648	0.27778	0.96063	-0.00572	0.01742	0.00092	0.99985	
68	0.34000	1162.12293	233.18738	3.50387	0.39961	0.29571	-1.52135	1.01301	0.99963	0.02655	-0.00516	-0.02651	0.99962	0.00697	0.00534	-0.00683	0.99996		372.14573	695.05827	-3.81340	-0.31567	0.94573	16.11080	1.48432	0.96060	-0.27746	-0.01651	0.27740	0.96074	-0.00551	0.01739	0.00071	0.99985	
69	0.34500	1162.02128	233.34977	3.53431	0.41756	0.28539	-1.54033	1.01526	0.99963	0.02688	-0.00498	-0.02684	0.99961	0.00729	0.00517	-0.00715	0.99996		372.05238	695.11877	-3.83017	-0.29450	0.95642	16.07635	1.49502	0.96076	-0.27688	-0.01669	0.27683	0.96090	-0.00514	0.01746	0.00032	0.99985	
70	0.35000	1161.95437	233.50388	3.52259	0.43717	0.27006	-1.54858	1.01123	0.99962	0.02702	-0.00471	-0.02699	0.99961	0.00763	0.00492	-0.00750	0.99996		371.82480	695.28471	-3.89898	-0.26080	0.98117	16.05478	1.47169	0.96086	-0.27652	-0.01712	0.27648	0.96101	-0.00455	0.01771	-0.00036	0.99984	
71	0.35500	1161.86700	233.67034	3.52311	0.45863	0.25427	-1.55924	1.03384	0.99962	0.02721	-0.00444	-0.02717	0.99960	0.00800	0.00465	-0.00788	0.99996		371.74284	695.28506	-3.90529	-0.25125	0.97785	16.03277	1.46891	0.96096	-0.27615	-0.01707	0.27611	0.96112	-0.00438	0.01761	-0.00050	0.99984	
72	0.36000	1161.75866	233.80690	3.52347	0.47122	0.25283	-1.57013	1.01450	0.99961	0.02740	-0.00441	-0.02736	0.99959	0.00822	0.00464	-0.00810	0.99996		371.55732	695.34354	-3.91674	-0.23014	0.99485	16.00446	1.47728	0.96110	-0.27567	-0.01736	0.27564	0.96125	-0.00402	0.01780	-0.00093	0.99984	
73	0.36500	1161.64614	233.96793	3.52373	0.49065	0.23844	-1.58289	1.02703	0.99961	0.02762	-0.00416	-0.02759	0.99958	0.00856	0.00440	-0.00845	0.99995		371.34905	695.50968	-3.98351	-0.19892	1.01640	15.98123	1.47669	0.96120	-0.27528	-0.01774	0.27526	0.96136	-0.00347	0.01801	-0.00155	0.99984	
74	0.37000	1161.56672	234.13023	3.50965	0.50904	0.22939	-1.59422	1.02112	0.99960	0.02782	-0.00400	-0.02778	0.99957	0.00888	0.00425	-0.00877	0.99995		371.25867	695.54048	-4.01487	-0.18425	1.01969	15.95187	1.46148	0.96134	-0.27479	-0.01780	0.27477	0.96150	-0.00322	0.01799	-0.00180	0.99984	
75	0.37500	1161.45366	234.29464	3.51353	0.52812	0.22536	-1.61148	1.01801	0.99960	0.02812	-0.00393	-0.02808	0.99956	0.00922	0.00419	-0.00910	0.99995		371.09879	695.60339	-4.05114	-0.16299	1.03747	15.92786	1.48282	0.96145	-0.27438	-0.01811	0.27438	0.96162	-0.00284	0.01819	-0.00223	0.99983	
76	0.38000	1161.35537	234.43566	3.50613	0.54185	0.21209	-1.62132	1.00958	0.99959	0.02829	-0.00370	-0.02826	0.99956	0.00946	0.00397	-0.00935	0.99995		371.00808	695.65814	-4.07756	-0.14486	1.03635	15.89756	1.47995	0.96160	-0.27387	-0.01809	0.27387	0.96176	-0.00253	0.01809	-0.00252	0.99983	
77	0.38500	1161.24031	234.58377	3.51967	0.55846	0.20825	-1.63480	1.01400	0.99959	0.02853	-0.00363	-0.02849	0.99955	0.00975	0.00391	-0.00964	0.99995		370.81829	695.71372	-4.09855	-0.12885	1.05202	15.88179	1.50190	0.96167	-0.27361	-0.01836	0.27361	0.96184	-0.00225	0.01827	-0.00286	0.99983	
78	0.39000	1161.10626	234.74302	3.51451	0.57694	0.20533	-1.64226	1.00001	0.99958	0.02866	-0.00358	-0.02862	0.99954	0.01007	0.00387	-0.00996	0.99994		370.60941	695.81314	-4.13087	-0.10458	1.06978	15.85329	1.47381	0.96180	-0.27313	-0.01867	0.27314	0.96197	-0.00182	0.01846	-0.00334	0.99982	
79	0.39500	1161.00971	234.87415	3.49827	0.59167	0.19430	-1.66062	0.99707	0.99957	0.02898	-0.00339	-0.02894	0.99953	0.01033	0.00369	-0.01022	0.99994		370.42865	695.88085	-4.19141	-0.08504	1.07415	15.82820	1.48744	0.96191	-0.27271	-0.01875	0.27273	0.96209	-0.00148	0.01844	-0.00369	0.99982	
80	0.40000	1160.91087	235.06361	3.52112	0.61270	0.18404	-1.67072	1.01710	0.99957	0.02916	-0.00321	-0.02912	0.99952	0.01069	0.00352	-0.01060	0.99994		370.23865	696.03978	-4.23407	-0.05467	1.09609	15.80391	1.46519	0.96202	-0.27230	-0.01913	0.27233	0.96220	-0.00095	0.01867	-0.00429	0.99982	
81	0.40500	1160.85347	235.24346	3.53856	0.63622	0.16976	-1.69312	1.02789	0.99956	0.02955	-0.00296	-0.02951	0.99950	0.01110	0.00329	-0.01101	0.99993		370.09455	696.08452	-4.26278	-0.03613	1.10198	15.77514	1.47490	0.96216	-0.27181	-0.01923	0.27185	0.96234	-0.00063	0.01868	-0.00462	0.99981	
82	0.41000	1160.72177	235.39904	3.55456	0.65050	0.16635	-1.70462	1.02475	0.99955	0.02975	-0.00290	-0.02971	0.99949	0.01135	0.00324	-0.01126	0.99993		370.01506	696.11453	-4.25875	-0.02463	1.09259	15.75570	1.47826	0.96225	-0.27149	-0.01907	0.27153	0.96243	-0.00043	0.01847	-0.00476	0.99982	
83	0.41500	1160.63136	235.52865	3.55888	0.66623	0.16505	-1.72757	1.01900	0.99954	0.03015	-0.00288	-0.03011	0.99948	0.01163	0.00323	-0.01154	0.99993		369.86840	696.20129	-4.33554	0.00452	1.10012	15.72351	1.47254	0.96240	-0.27095	-0.01920	0.27100	0.96258	0.00008	0.01846	-0.00528	0.99982	
84	0.42000	1160.57655	235.69891	3.56663	0.68299	0.15802	-1.73187	1.01682	0.99954	0.03022	-0.00276	-0.03019	0.99947	0.01192	0.00312	-0.01183	0.99993		369.73197	696.29983	-4.35959	0.02460	1.10383	15.69814	1.47406	0.96252	-0.27052	-0.01926	0.27058	0.96270	0.00043	0.01843	-0.00563	0.99981	
85	0.42500	1160.44176	235.83173	3.55978	0.69341	0.15532	-1.75899	1.02600	0.99953	0.03070	-0.00271	-0.03066	0.99946	0.01210	0.00308	-0.01201	0.99992		369.57579	696.33227	-4.39464	0.03887	1.10859	15.66998	1.46174	0.96265	-0.27005	-0.01935	0.27011	0.96283	0.00068	0.01845	-0.00588	0.99981	
86	0.43000	1160.36175	235.98718	3.58253	0.71088	0.14618	-1.76828	1.01953	0.99952	0.03086	-0.00255	-0.03082	0.99945	0.01241	0.00293	-0.01232	0.99992		369.43897	696.60585	-4.43043	0.09402	1.11391	15.62594	1.46623	0.96286	-0.26930	-0.01944	0.26939	0.96303	0.00164	0.01828	-0.00682	0.99981	
87	0.43500	1160.28390	236.15604	3.59010	0.72815	0.14313	-1.78879	1.02226	0.99951	0.03122	-0.00250	-0.03118	0.99943	0.01271	0.00289	-0.01262	0.99992		369.31340	696.60989	-4.44586	0.10047	1.11065	15.59836	1.47587	0.96299	-0.26884	-0.01938	0.26892	0.96316	0.00175	0.01820	-0.00690	0.99981	
88	0.44000	1160.14341	236.30981	3.58745	0.73956	0.14530	-1.80167	1.01911	0.99950	0.03144	-0.00254	-0.03140	0.99942	0.01291	0.00294	-0.01282	0.99991		369.11379	696.68226	-4.47458	0.11713	1.11734	15.57774	1.47726	0.96308	-0.26849	-0.01950	0.26858	0.96325	0.00204	0.01823	-0.00721	0.99981	
89	0.44500	1160.07675	236.46748	3.59730	0.75773	0.13613	-1.81791	1.02385	0.99949	0.03172	-0.00238	-0.03169	0.99941	0.01322	0.00279	-0.01314	0.99991		368.93738	696.78944	-4.52300	0.13794	1.12500	15.55027	1.46954	0.96321	-0.26803	-0.01963	0.26813	0.96338	0.00241	0.01827	-0.00758	0.99980	
90	0.45000	1159.95288	236.60696	3.58984	0.76825	0.13700	-1.83000	1.01385	0.99949	0.03193	-0.00239	-0.03190	0.99940	0.01341	0.00282	-0.01332	0.99991		368.77600	696.82108	-4.54994	0.14986	1.12958	15.51935	1.49595	0.96335	-0.26751	-0.01971	0.26761	0.96352	0.00262	0.01830	-0.00779	0.99980	
91	0.45500	1159.87025	236.76900	3.59315	0.78269	0.13319	-1.84859	1.02979	0.99948	0.03226	-0.00232	-0.03222	0.99939	0.01366	0.00276	-0.01358	0.99990		368.69984	696.88690	-4.57822	0.16123	1.12372	15.49934	1.47588	0.96345	-0.26718	-0.01961	0.26728	0.96361	0.00281	0.01815	-0.00795	0.99980	
92	0.46000	1159.74017	236.89210	3.61684	0.79144	0.13477	-1.85430	1.01837	0.99947	0.03236	-0.00235	-0.03232	0.99938	0.01381	0.00280	-0.01373	0.99990		368.43271	696.97900	-4.61507	0.17919	1.13451	15.47029	1.48910	0.96358	-0.26669	-0.01980	0.26680	0.96375	0.00313	0.01825	-0.00830	0.99980	
93	0.46500	1159.62618	237.03213	3.60037	0.80350	0.13361	-1.87550	1.01598	0.99946	0.03273	-0.00233	-0.03269	0.99937	0.01402	0.00279	-0.01394	0.99990		368.23416	697.10024	-4.66396	0.19917	1.13755	15.44667	1.47455	0.96369	-0.26629	-0.01985	0.26641	0.96385	0.00348	0.01821	-0.00864	0.99980	
94	0.47000	1159.49704	237.17994	3.62865	0.81368	0.13832	-1.88941	1.00727	0.99945	0.03297	-0.00241	-0.03293	0.99936	0.01420	0.00288	-0.01411	0.99990		368.01667	697.20770	-4.70496	0.21714	1.14459	15.42564	1.47446	0.96378	-0.26593	-0.01998	0.26606	0.96395	0.00379	0.01825	-0.00897	0.99979	
95	0.47500	1159.46550	237.30651	3.61598	0.81931	0.13344	-1.90332	1.01176	0.99945	0.03321	-0.00233	-0.03318	0.99935	0.01430	0.00280	-0.01421	0.99990		367.88785	697.23955	-4.72173	0.22763	1.13688	15.40081	1.48753	0.96390	-0.26552	-0.01984	0.26564	0.96406	0.00397	0.01807	-0.00910	0.99980	
96	0.48000	1159.38069	237.46329	3.62273	0.83537	0.12676	-1.91752	1.01567	0.99944	0.03346	-0.00221	-0.03343	0.99933	0.01458	0.00270	-0.01450	0.99989		367.74956	697.28868	-4.76442	0.23764	1.14206	15.37194	1.48620	0.96403	-0.26503	-0.01993	0.26516	0.96420	0.00415	0.01812	-0.00928	0.99979	
97	0.48500	1159.24761	237.57821	3.63861	0.83818	0.13593	-1.92498	1.00974	0.99943	0.03359	-0.00237	-0.03355	0.99933	0.01463	0.00286	-0.01454	0.99989		367.60384	697.36413	-4.83917	0.24535	1.11508	15.36089	1.41131	0.96409	-0.26485	-0.01946	0.26498	0.96425	0.00428	0.01763	-0.00928	0.99980	
98	0.49000	1159.15132	237.70363	3.64015	0.84392	0.13932	-1.93686	1.02586	0.99943	0.03380	-0.00243	-0.03376	0.99932	0.01473	0.00293	-0.01464	0.99989		367.56247	697.38346	-4.88791	0.25272	1.10197	15.34173	1.39473	0.96419	-0.26453	-0.01923	0.26465	0.96433	0.00441	0.01738	-0.00934	0.99981	
99	0.49500	1159.06700	237.85095	3.63843	0.85412	0.13480	-1.95009	1.02559	0.99942	0.03403	-0.00235	-0.03399	0.99931	0.01491	0.00286	-0.01482	0.99989		367.41321	697.43159	-4.91116	0.25946	1.09935	15.31592	1.43165	0.96431	-0.26409	-0.01919	0.26422	0.96445	0.00453	0.01731	-0.00944	0.99981	
100	0.50000	1158.94344	237.95658	3.65287	0.85688	0.14393	-1.95739	1.01603	0.99941	0.03416	-0.00251	-0.03411	0.99931	0.01495	0.00302	-0.01486	0.99989		367.17253	697.49558	-4.94642	0.26472	1.10346	15.29451	1.42315	0.96440	-0.26373	-0.01926	0.26386	0.96455	0.00462	0.01736	-0.00954	0.99980	
101	0.50500	1158.85380	238.08765	3.66691	0.86258	0.14535	-1.97971	1.02892	0.99940	0.03455	-0.00254	-0.03450	0.99929	0.01505	0.00306	-0.01496	0.99988		367.11206	697.53914	-4.97128	0.27088	1.09653	15.26661	1.43760	0.96453	-0.26326	-0.01914	0.26340	0.96468	0.00473	0.01722	-0.00960	0.99981	
102	0.51000	1158.74961	238.18828	3.65852	0.86329	0.15340	-1.98237	1.02395	0.99940	0.03459	-0.00268	-0.03455	0.99929	0.01507	0.00320	-0.01497	0.99988		366.91528	697.58388	-4.99084	0.26918	1.09239	15.24713	1.44558	0.96463	-0.26294	-0.01906	0.26307	0.96477	0.00470	0.01716	-0.00955	0.99981	
103	0.51500	1158.61734	238.31128	3.67933	0.86451	0.16194	-1.99288	1.00762	0.99939	0.03478	-0.00283	-0.03473	0.99928	0.01509	0.00335	-0.01498	0.99988		366.74576	697.68427	-5.05040	0.28070	1.09767	15.21493	1.43039	0.96477	-0.26239	-0.01916	0.26253	0.96491	0.00490	0.01720	-0.00975	0.99980	
104	0.52000	1158.49576	238.45657	3.66093	0.86967	0.16770	-2.00687	1.02668	0.99938	0.03502	-0.00293	-0.03497	0.99927	0.01518	0.00346	-0.01507	0.99988		366.63362	697.68936	-5.05300	0.27691	1.09304	15.18989	1.45936	0.96489	-0.26197	-0.01908	0.26210	0.96503	0.00483	0.01714	-0.00966	0.99981	
105	0.52500	1158.40633	238.56143	3.68397	0.86809	0.17648	-2.01556	1.02796	0.99938	0.03517	-0.00308	-0.03512	0.99927	0.01515	0.00361	-0.01503	0.99988		366.37972	697.75601	-5.08213	0.27959	1.09559	15.16611	1.46298	0.96499	-0.26157	-0.01912	0.26171	0.96514	0.00488	0.01718	-0.00971	0.99981	
106	0.53000	1158.31041	238.67196	3.68634	0.86764	0.18180	-2.02319	1.03074	0.99937	0.03530	-0.00317	-0.03525	0.99926	0.01514	0.00371	-0.01502	0.99988		366.16919	697.85869	-5.14399	0.28761	1.10541	15.14319	1.46318	0.96510	-0.26118	-0.01929	0.26132	0.96524	0.00502	0.01731	-0.00989	0.99980	
107	0.53500	1158.20907	238.79783	3.69264	0.87000	0.18800	-2.03273	1.02516	0.99937	0.03547	-0.00328	-0.03542	0.99926	0.01518	0.00382	-0.01506	0.99988		365.97363	697.83658	-5.16013	0.28127	1.09974	15.11264	1.47214	0.96524	-0.26067	-0.01919	0.26081	0.96538	0.00491	0.01725	-0.00974	0.99980	
108	0.54000	1158.07861	238.88884	3.68164	0.86391	0.19673	-2.04901	1.02918	0.99935	0.03575	-0.00343	-0.03570	0.99925	0.01508	0.00397	-0.01495	0.99988		365.77824	697.91026	-5.19810	0.28360	1.10110	15.08862	1.48513	0.96535	-0.26026	-0.01922	0.26040	0.96549	0.00495	0.01727	-0.00978	0.99980	
109	0.54500	1157.99695	238.98810	3.68605	0.85991	0.20095	-2.05917	1.02777	0.99935	0.03593	-0.00351	-0.03587	0.99924	0.01501	0.00404	-0.01487	0.99988		365.60901	697.97423	-5.22942	0.28633	1.10497	15.05824	1.48586	0.96548	-0.25975	-0.01928	0.25989	0.96563	0.00500	0.01732	-0.00984	0.99980	
110	0.55000	1157.91876	239.10878	3.73392	0.85963	0.20365	-2.07470	1.03435	0.99934	0.03620	-0.00355	-0.03614	0.99923	0.01500	0.00409	-0.01486	0.99988		365.44262	697.99992	-5.26052	0.28243	1.09830	15.03441	1.48979	0.96559	-0.25935	-0.01917	0.25949	0.96573	0.00493	0.01723	-0.00973	0.99980	
111	0.55500	1157.82437	239.21466	3.70764	0.85354	0.20681	-2.08329	1.04298	0.99933	0.03635	-0.00361	-0.03629	0.99923	0.01490	0.00415	-0.01476	0.99988		365.26165	698.09485	-5.30617	0.28575	1.10403	15.00871	1.51035	0.96571	-0.25892	-0.01927	0.25906	0.96585	0.00499	0.01732	-0.00981	0.99980	
112	0.56000	1157.67839	239.31759	3.69828	0.84823	0.22754	-2.09401	1.02923	0.99932	0.03654	-0.00397	-0.03648	0.99922	0.01480	0.00451	-0.01465	0.99988		365.13105	698.04900	-5.30830	0.26859	1.09456	14.98221	1.52720	0.96583	-0.25847	-0.01910	0.25860	0.96597	0.00469	0.01724	-0.00947	0.99981	
113	0.56500	1157.62006	239.43821	3.72141	0.84718	0.22883	-2.10378	1.02556	0.99932	0.03671	-0.00399	-0.03665	0.99922	0.01479	0.00453	-0.01463	0.99988		364.94160	698.07063	-5.36075	0.26161	1.10090	14.96359	1.54269	0.96591	-0.25816	-0.01921	0.25829	0.96606	0.00457	0.01738	-0.00937	0.99980	
114	0.57000	1157.45307	239.51936	3.70065	0.83847	0.24325	-2.11329	1.04117	0.99931	0.03688	-0.00425	-0.03681	0.99922	0.01463	0.00478	-0.01447	0.99988		364.74480	697.91071	-5.36457	0.21649	1.09196	14.96538	1.56047	0.96591	-0.25819	-0.01906	0.25830	0.96606	0.00378	0.01743	-0.00857	0.99981	
115	0.57500	1157.34740	239.62335	3.73342	0.83217	0.24707	-2.12744	1.03064	0.99930	0.03712	-0.00431	-0.03706	0.99921	0.01452	0.00485	-0.01435	0.99989		364.53576	697.98011	-5.45388	0.21189	1.08947	14.94764	1.53958	0.96599	-0.25789	-0.01901	0.25800	0.96614	0.00370	0.01742	-0.00848	0.99981	
116	0.58000	1157.24068	239.73130	3.70689	0.82452	0.26406	-2.14310	1.03466	0.99929	0.03740	-0.00461	-0.03733	0.99920	0.01439	0.00514	-0.01421	0.99989		364.40048	698.04828	-5.55310	0.21036	1.08246	14.92144	1.50381	0.96611	-0.25745	-0.01889	0.25756	0.96626	0.00367	0.01731	-0.00841	0.99981	
117	0.58500	1157.13798	239.79997	3.70186	0.81209	0.26832	-2.14936	1.03843	0.99929	0.03750	-0.00468	-0.03743	0.99920	0.01417	0.00521	-0.01399	0.99989		364.62530	697.72387	-5.54722	0.15154	1.00676	14.90242	1.50422	0.96622	-0.25713	-0.01757	0.25722	0.96635	0.00264	0.01630	-0.00707	0.99984	
118	0.59000	1157.02630	239.93678	3.71302	0.80886	0.27981	-2.15935	1.04475	0.99928	0.03768	-0.00488	-0.03761	0.99919	0.01412	0.00541	-0.01392	0.99989		364.58163	697.70588	-5.58595	0.13895	0.99445	14.86893	1.49262	0.96637	-0.25657	-0.01736	0.25665	0.96650	0.00242	0.01615	-0.00680	0.99985	
119	0.59500	1156.94942	240.00452	3.71322	0.79647	0.28616	-2.17321	1.04625	0.99927	0.03792	-0.00499	-0.03785	0.99919	0.01390	0.00552	-0.01370	0.99989		364.47262	697.73222	-5.60292	0.12887	0.98995	14.83836	1.48943	0.96651	-0.25605	-0.01728	0.25613	0.96664	0.00225	0.01612	-0.00660	0.99985	
120	0.60000	1156.80366	240.11475	3.71153	0.78845	0.29462	-2.18277	1.04238	0.99926	0.03809	-0.00514	-0.03801	0.99918	0.01376	0.00566	-0.01355	0.99989		364.34347	697.80147	-5.65520	0.12299	0.98562	14.82141	1.47142	0.96658	-0.25577	-0.01720	0.25584	0.96672	0.00215	0.01608	-0.00648	0.99985	
121	0.60500	1156.66266	240.16515	3.69894	0.76892	0.31689	-2.19287	1.03159	0.99925	0.03826	-0.00553	-0.03819	0.99918	0.01342	0.00604	-0.01320	0.99989		364.17422	697.85809	-5.67495	0.11619	0.99455	14.79458	1.50127	0.96670	-0.25532	-0.01736	0.25539	0.96684	0.00203	0.01626	-0.00639	0.99985	
122	0.61000	1156.56856	240.25884	3.71085	0.75926	0.32157	-2.20404	1.05295	0.99924	0.03846	-0.00561	-0.03838	0.99918	0.01325	0.00612	-0.01303	0.99990		363.99423	697.87773	-5.71637	0.10477	0.99479	14.76600	1.49286	0.96683	-0.25483	-0.01736	0.25490	0.96697	0.00183	0.01632	-0.00619	0.99985	
123	0.61500	1156.47398	240.38466	3.70123	0.74898	0.32807	-2.21470	1.05479	0.99924	0.03864	-0.00573	-0.03857	0.99917	0.01307	0.00623	-0.01284	0.99990		363.86623	697.90735	-5.74821	0.09485	0.99695	14.73920	1.51443	0.96695	-0.25438	-0.01740	0.25445	0.96709	0.00166	0.01641	-0.00603	0.99985	
124	0.62000	1156.37404	240.46803	3.71271	0.73836	0.33199	-2.22594	1.05715	0.99923	0.03884	-0.00579	-0.03876	0.99917	0.01289	0.00629	-0.01265	0.99990		363.75563	697.91544	-5.76189	0.07965	0.99579	14.71491	1.50940	0.96706	-0.25397	-0.01738	0.25403	0.96719	0.00139	0.01646	-0.00576	0.99985	
125	0.62500	1156.21503	240.53610	3.70074	0.72272	0.34613	-2.24161	1.03967	0.99922	0.03911	-0.00604	-0.03903	0.99916	0.01261	0.00653	-0.01237	0.99990		363.61271	697.86886	-5.77526	0.05474	0.99272	14.69331	1.51660	0.96715	-0.25361	-0.01733	0.25366	0.96729	0.00096	0.01652	-0.00532	0.99985	
126	0.63000	1156.10961	240.62279	3.68403	0.70567	0.35426	-2.24982	1.04343	0.99921	0.03926	-0.00618	-0.03918	0.99916	0.01232	0.00666	-0.01206	0.99991		363.42422	697.94727	-5.82996	0.04543	0.99413	14.66792	1.50355	0.96726	-0.25318	-0.01735	0.25323	0.96741	0.00079	0.01658	-0.00516	0.99985	
127	0.63500	1156.05083	240.70243	3.68659	0.69201	0.36410	-2.25859	1.06126	0.99920	0.03941	-0.00635	-0.03933	0.99915	0.01208	0.00683	-0.01182	0.99991		363.29572	697.97489	-5.85997	0.03124	1.00074	14.64398	1.49259	0.96737	-0.25277	-0.01747	0.25282	0.96751	0.00055	0.01676	-0.00494	0.99985	
128	0.64000	1155.92182	240.76685	3.67782	0.67381	0.37556	-2.27276	1.05054	0.99919	0.03966	-0.00655	-0.03958	0.99915	0.01176	0.00702	-0.01149	0.99991		363.14866	697.94337	-5.87061	0.00690	0.99517	14.61931	1.50677	0.96748	-0.25236	-0.01737	0.25240	0.96762	0.00012	0.01678	-0.00450	0.99985	
129	0.64500	1155.77763	240.86544	3.67399	0.66110	0.38333	-2.28151	1.04713	0.99918	0.03981	-0.00669	-0.03973	0.99914	0.01154	0.00714	-0.01126	0.99991		363.06920	697.97168	-5.93635	-0.00736	0.99664	14.59000	1.48493	0.96761	-0.25186	-0.01739	0.25190	0.96775	-0.00013	0.01687	-0.00426	0.99985	
130	0.65000	1155.69304	240.95095	3.66318	0.64569	0.38850	-2.29165	1.05133	0.99918	0.03999	-0.00678	-0.03991	0.99914	0.01127	0.00723	-0.01099	0.99991		362.96647	697.95513	-6.02038	-0.02729	0.97675	14.57983	1.43767	0.96766	-0.25169	-0.01705	0.25172	0.96780	-0.00048	0.01662	-0.00383	0.99985	
131	0.65500	1155.58681	241.04068	3.66211	0.63054	0.39882	-2.30339	1.06426	0.99917	0.04019	-0.00696	-0.04011	0.99913	0.01100	0.00740	-0.01072	0.99992		362.82147	697.91351	-6.05945	-0.05070	0.97438	14.55593	1.44910	0.96776	-0.25129	-0.01701	0.25131	0.96791	-0.00088	0.01668	-0.00342	0.99985	
132	0.66000	1155.49442	241.11818	3.65690	0.61236	0.40879	-2.30938	1.04664	0.99916	0.04029	-0.00713	-0.04022	0.99913	0.01069	0.00756	-0.01039	0.99992		362.66559	697.98659	-6.10189	-0.05782	0.98440	14.52529	1.44635	0.96789	-0.25077	-0.01718	0.25079	0.96804	-0.00101	0.01688	-0.00333	0.99985	
133	0.66500	1155.36938	241.16692	3.64842	0.59290	0.41805	-2.31671	1.03825	0.99916	0.04042	-0.00730	-0.04035	0.99913	0.01035	0.00771	-0.01004	0.99992		362.45540	697.83856	-6.12481	-0.10411	0.99718	14.52191	1.44119	0.96791	-0.25071	-0.01740	0.25072	0.96806	-0.00182	0.01730	-0.00260	0.99985	
134	0.67000	1155.27052	241.24001	3.63079	0.57475	0.42568	-2.33119	1.04080	0.99914	0.04067	-0.00743	-0.04060	0.99913	0.01003	0.00783	-0.00972	0.99992		362.32581	697.85813	-6.16869	-0.11833	1.00196	14.49543	1.45892	0.96802	-0.25026	-0.01749	0.25027	0.96817	-0.00206	0.01745	-0.00238	0.99984	
135	0.67500	1155.12666	241.32523	3.61626	0.55700	0.43766	-2.34035	1.04177	0.99914	0.04083	-0.00764	-0.04076	0.99912	0.00972	0.00803	-0.00940	0.99992		362.20687	697.86868	-6.20715	-0.13264	1.00327	14.46502	1.43916	0.96815	-0.24975	-0.01751	0.24975	0.96831	-0.00231	0.01753	-0.00213	0.99984	
136	0.68000	1155.05394	241.38589	3.60922	0.53443	0.44675	-2.34128	1.04546	0.99913	0.04085	-0.00780	-0.04078	0.99912	0.00933	0.00817	-0.00900	0.99993		362.11969	697.82587	-6.21921	-0.15036	1.00283	14.43553	1.45892	0.96828	-0.24925	-0.01750	0.24925	0.96844	-0.00262	0.01760	-0.00182	0.99984	
