NO_OF_FRAMES	12049
NO_OF_CAMERAS	8
NO_OF_BODIES	2
FREQUENCY	200
NO_OF_ANALOG	0
ANALOG_FREQUENCY	0
DESCRIPTION	--
TIME_STAMP	2013-07-04, 11:55:56	98171.62264984
DATA_INCLUDED	6D
BODY_NAMES	Ice 1	Ice 2
Frame	Time	Ice 1 X	Y	Z	Roll	Pitch	Yaw	Residual	Rot[0]	Rot[1]	Rot[2]	Rot[3]	Rot[4]	Rot[5]	Rot[6]	Rot[7]	Rot[8]	Ice 2 X	Y	Z	Roll	Pitch	Yaw	Residual	Rot[0]	Rot[1]	Rot[2]	Rot[3]	Rot[4]	Rot[5]	Rot[6]	Rot[7]	Rot[8]	
1	0.00500	125.57976	-120.80132	-0.74214	0.57151	0.15619	4.56921	1.12809	0.99682	-0.07966	-0.00273	0.07969	0.99677	0.00997	0.00192	-0.01016	0.99995		16.53318	-33.25065	-1.76768	-0.41725	0.34220	-0.72898	0.30396	0.99990	0.01272	-0.00597	-0.01277	0.99989	-0.00728	0.00588	0.00736	0.99996	
2	0.01000	125.49866	-120.80978	-0.68478	0.55625	0.16370	4.55841	1.08731	0.99683	-0.07948	-0.00286	0.07950	0.99679	0.00971	0.00208	-0.00990	0.99995		16.50954	-33.23395	-1.73177	-0.40555	0.35348	-0.73345	0.28932	0.99990	0.01280	-0.00617	-0.01284	0.99989	-0.00708	0.00608	0.00716	0.99996	
3	0.01500	125.54193	-120.85542	-0.63687	0.54186	0.15242	4.55725	1.08256	0.99683	-0.07945	-0.00266	0.07948	0.99679	0.00946	0.00190	-0.00964	0.99995		16.50468	-33.20105	-1.69893	-0.39595	0.35425	-0.73696	0.30796	0.99990	0.01286	-0.00618	-0.01290	0.99989	-0.00691	0.00609	0.00699	0.99996	
4	0.02000	125.57782	-120.88959	-0.60844	0.53054	0.14373	4.56103	1.09598	0.99683	-0.07952	-0.00251	0.07954	0.99679	0.00926	0.00176	-0.00943	0.99995		16.53047	-33.18320	-1.68363	-0.38209	0.35379	-0.73801	0.29231	0.99990	0.01288	-0.00617	-0.01292	0.99989	-0.00667	0.00609	0.00675	0.99996	
5	0.02500	125.58502	-120.91367	-0.54552	0.51697	0.13790	4.56088	1.09961	0.99683	-0.07952	-0.00241	0.07954	0.99679	0.00902	0.00168	-0.00919	0.99996		16.56243	-33.17403	-1.64246	-0.37533	0.35526	-0.73803	0.30512	0.99990	0.01288	-0.00620	-0.01292	0.99990	-0.00655	0.00612	0.00663	0.99996	
6	0.03000	125.59771	-120.95875	-0.50176	0.50367	0.13387	4.56089	1.10099	0.99683	-0.07952	-0.00234	0.07954	0.99679	0.00879	0.00163	-0.00895	0.99996		16.52736	-33.15991	-1.62636	-0.36484	0.35960	-0.73992	0.31286	0.99990	0.01291	-0.00628	-0.01295	0.99990	-0.00637	0.00619	0.00645	0.99996	
7	0.03500	125.60324	-120.98294	-0.45733	0.49091	0.13355	4.56042	1.09740	0.99683	-0.07951	-0.00233	0.07953	0.99680	0.00857	0.00164	-0.00873	0.99996		16.57476	-33.17541	-1.59312	-0.36085	0.35450	-0.73433	0.29547	0.99990	0.01282	-0.00619	-0.01285	0.99990	-0.00630	0.00611	0.00638	0.99996	
8	0.04000	125.62841	-120.99872	-0.42461	0.47909	0.12670	4.56351	1.09604	0.99683	-0.07956	-0.00221	0.07958	0.99679	0.00836	0.00154	-0.00851	0.99996		16.55152	-33.15426	-1.57725	-0.34848	0.36101	-0.73830	0.30203	0.99990	0.01289	-0.00630	-0.01292	0.99990	-0.00608	0.00622	0.00616	0.99996	
9	0.04500	125.63836	-121.01866	-0.37697	0.47010	0.12510	4.56118	1.08746	0.99683	-0.07952	-0.00218	0.07954	0.99680	0.00820	0.00152	-0.00835	0.99996		16.54670	-33.14678	-1.55233	-0.34059	0.36099	-0.73588	0.31775	0.99990	0.01284	-0.00630	-0.01288	0.99990	-0.00594	0.00622	0.00602	0.99996	
10	0.05000	125.65500	-121.04973	-0.33483	0.45787	0.12211	4.56429	1.09423	0.99683	-0.07958	-0.00213	0.07959	0.99680	0.00799	0.00149	-0.00814	0.99997		16.59892	-33.11913	-1.51638	-0.32839	0.35991	-0.74040	0.31893	0.99990	0.01292	-0.00628	-0.01296	0.99990	-0.00573	0.00621	0.00581	0.99996	
11	0.05500	125.70853	-121.08108	-0.28035	0.44355	0.11487	4.56725	1.09488	0.99682	-0.07963	-0.00200	0.07964	0.99679	0.00774	0.00138	-0.00788	0.99997		16.60356	-33.09498	-1.50081	-0.31725	0.36495	-0.73680	0.31238	0.99990	0.01286	-0.00637	-0.01289	0.99990	-0.00554	0.00630	0.00562	0.99996	
12	0.06000	125.72297	-121.09726	-0.25070	0.43588	0.10683	4.56152	1.09144	0.99683	-0.07953	-0.00186	0.07954	0.99680	0.00761	0.00125	-0.00773	0.99997		16.56383	-33.09897	-1.48394	-0.31003	0.36792	-0.73883	0.32273	0.99990	0.01289	-0.00642	-0.01293	0.99990	-0.00541	0.00635	0.00549	0.99996	
13	0.06500	125.72962	-121.13483	-0.18578	0.42183	0.10906	4.56520	1.08865	0.99683	-0.07959	-0.00190	0.07961	0.99680	0.00736	0.00131	-0.00749	0.99997		16.55241	-33.05662	-1.46450	-0.29471	0.37653	-0.73794	0.33175	0.99990	0.01288	-0.00657	-0.01291	0.99990	-0.00514	0.00650	0.00523	0.99997	
14	0.07000	125.68729	-121.29572	-0.02262	0.39711	0.09698	4.56072	1.09196	0.99683	-0.07952	-0.00169	0.07953	0.99681	0.00693	0.00114	-0.00704	0.99997		16.61022	-33.05462	-1.44470	-0.28751	0.37161	-0.73681	0.32033	0.99990	0.01286	-0.00649	-0.01289	0.99990	-0.00502	0.00642	0.00510	0.99997	
15	0.07500	125.71659	-121.31149	0.02305	0.38659	0.09336	4.55344	1.09401	0.99684	-0.07939	-0.00163	0.07940	0.99682	0.00675	0.00109	-0.00686	0.99998		16.57714	-33.04318	-1.41957	-0.27685	0.37303	-0.73725	0.30521	0.99990	0.01287	-0.00651	-0.01290	0.99991	-0.00483	0.00645	0.00492	0.99997	
16	0.08000	125.78073	-121.36390	0.07157	0.37456	0.08789	4.55474	1.08584	0.99684	-0.07941	-0.00153	0.07942	0.99682	0.00654	0.00101	-0.00664	0.99998		16.58541	-33.02578	-1.39521	-0.26839	0.37519	-0.73948	0.31521	0.99990	0.01291	-0.00655	-0.01294	0.99991	-0.00468	0.00649	0.00477	0.99997	
17	0.08500	125.76328	-121.37433	0.13672	0.36249	0.08537	4.55560	1.09591	0.99684	-0.07943	-0.00149	0.07943	0.99682	0.00633	0.00098	-0.00642	0.99998		16.59625	-33.02702	-1.34933	-0.26430	0.37681	-0.73747	0.31961	0.99990	0.01287	-0.00658	-0.01290	0.99991	-0.00461	0.00652	0.00470	0.99997	
18	0.09000	125.81798	-121.40854	0.16805	0.35377	0.08043	4.55282	1.09490	0.99684	-0.07938	-0.00140	0.07939	0.99682	0.00617	0.00091	-0.00627	0.99998		16.61189	-32.97890	-1.34716	-0.24852	0.38183	-0.73736	0.31782	0.99989	0.01287	-0.00666	-0.01290	0.99991	-0.00434	0.00661	0.00442	0.99997	
19	0.09500	125.82133	-121.42859	0.21842	0.34405	0.07743	4.55421	1.08173	0.99684	-0.07940	-0.00135	0.07941	0.99682	0.00600	0.00087	-0.00609	0.99998		16.60667	-32.96799	-1.31815	-0.23982	0.38202	-0.73952	0.31512	0.99989	0.01291	-0.00667	-0.01293	0.99991	-0.00419	0.00661	0.00427	0.99997	
20	0.10000	125.88699	-121.47212	0.26619	0.33245	0.07261	4.55907	1.10228	0.99684	-0.07949	-0.00127	0.07949	0.99682	0.00580	0.00080	-0.00588	0.99998		16.64044	-32.95939	-1.29379	-0.23230	0.38035	-0.73596	0.31670	0.99990	0.01284	-0.00664	-0.01287	0.99991	-0.00405	0.00659	0.00414	0.99997	
21	0.10500	125.86315	-121.48591	0.30739	0.32602	0.07511	4.54829	1.09544	0.99685	-0.07930	-0.00131	0.07931	0.99683	0.00569	0.00086	-0.00578	0.99998		16.62682	-32.92535	-1.29030	-0.22239	0.38297	-0.73968	0.33510	0.99989	0.01291	-0.00668	-0.01294	0.99991	-0.00388	0.00663	0.00397	0.99997	
22	0.11000	125.85257	-121.50533	0.33857	0.31716	0.07427	4.55918	1.08580	0.99683	-0.07949	-0.00130	0.07949	0.99682	0.00554	0.00085	-0.00562	0.99998		16.65759	-32.90960	-1.25757	-0.21526	0.38260	-0.74116	0.32007	0.99989	0.01294	-0.00668	-0.01296	0.99991	-0.00376	0.00663	0.00384	0.99997	
23	0.11500	125.90256	-121.52479	0.39867	0.30879	0.06829	4.55545	1.10942	0.99684	-0.07942	-0.00119	0.07943	0.99683	0.00539	0.00076	-0.00547	0.99998		16.64582	-32.90571	-1.24083	-0.20934	0.38202	-0.73832	0.32396	0.99989	0.01289	-0.00667	-0.01291	0.99991	-0.00365	0.00662	0.00374	0.99997	
24	0.12000	125.89280	-121.52198	0.44023	0.30608	0.07163	4.55388	1.10317	0.99684	-0.07940	-0.00125	0.07940	0.99683	0.00534	0.00082	-0.00542	0.99998		16.66488	-32.88443	-1.21663	-0.19889	0.38389	-0.73598	0.30366	0.99990	0.01284	-0.00670	-0.01287	0.99991	-0.00347	0.00665	0.00356	0.99997	
25	0.12500	125.89638	-121.55099	0.47980	0.29752	0.06933	4.56011	1.09663	0.99683	-0.07950	-0.00121	0.07951	0.99682	0.00519	0.00079	-0.00527	0.99999		16.65943	-32.87579	-1.21264	-0.19477	0.38475	-0.73867	0.32401	0.99989	0.01289	-0.00672	-0.01291	0.99991	-0.00340	0.00667	0.00349	0.99997	
26	0.13000	125.92773	-121.56303	0.50908	0.29204	0.06541	4.55492	1.10381	0.99684	-0.07941	-0.00114	0.07942	0.99683	0.00510	0.00073	-0.00517	0.99999		16.63281	-32.85688	-1.18740	-0.18784	0.38314	-0.73876	0.32122	0.99989	0.01289	-0.00669	-0.01292	0.99991	-0.00328	0.00664	0.00336	0.99997	
27	0.13500	125.95759	-121.56009	0.53674	0.28779	0.06548	4.55746	1.10127	0.99684	-0.07946	-0.00114	0.07946	0.99683	0.00502	0.00074	-0.00510	0.99999		16.64034	-32.84951	-1.17527	-0.18076	0.38297	-0.74060	0.31936	0.99989	0.01293	-0.00668	-0.01295	0.99991	-0.00315	0.00664	0.00324	0.99997	
28	0.14000	125.96656	-121.57506	0.58165	0.28311	0.06108	4.55203	1.10424	0.99685	-0.07936	-0.00107	0.07937	0.99683	0.00494	0.00067	-0.00501	0.99999		16.65111	-32.82617	-1.15486	-0.17519	0.38514	-0.73975	0.31778	0.99989	0.01291	-0.00672	-0.01293	0.99991	-0.00306	0.00668	0.00314	0.99997	
29	0.14500	125.99991	-121.59271	0.60773	0.27661	0.06287	4.55717	1.11291	0.99684	-0.07945	-0.00110	0.07946	0.99683	0.00483	0.00071	-0.00490	0.99999		16.66063	-32.80197	-1.13877	-0.16847	0.38533	-0.74256	0.31723	0.99989	0.01296	-0.00673	-0.01298	0.99991	-0.00294	0.00669	0.00303	0.99997	
30	0.15000	125.98461	-121.58661	0.64394	0.27389	0.06195	4.55747	1.10164	0.99684	-0.07946	-0.00108	0.07946	0.99683	0.00478	0.00070	-0.00485	0.99999		16.61309	-32.79046	-1.12140	-0.16230	0.38583	-0.73896	0.33285	0.99989	0.01290	-0.00673	-0.01292	0.99991	-0.00283	0.00670	0.00292	0.99997	
31	0.15500	126.02630	-121.59517	0.67070	0.27099	0.05906	4.55499	1.09421	0.99684	-0.07942	-0.00103	0.07942	0.99683	0.00473	0.00065	-0.00480	0.99999		16.66026	-32.78690	-1.12233	-0.16101	0.38429	-0.73449	0.31308	0.99990	0.01282	-0.00671	-0.01284	0.99991	-0.00281	0.00667	0.00290	0.99997	
32	0.16000	126.01827	-121.62213	0.71825	0.26691	0.05861	4.55447	1.09271	0.99684	-0.07941	-0.00102	0.07941	0.99683	0.00466	0.00065	-0.00472	0.99999		16.65996	-32.76233	-1.11398	-0.15655	0.38241	-0.73865	0.32283	0.99989	0.01289	-0.00667	-0.01291	0.99991	-0.00273	0.00664	0.00282	0.99997	
33	0.16500	126.04281	-121.62984	0.74407	0.26254	0.05934	4.55879	1.09339	0.99684	-0.07948	-0.00104	0.07949	0.99683	0.00458	0.00067	-0.00465	0.99999		16.63332	-32.76063	-1.08881	-0.15322	0.38551	-0.73673	0.32226	0.99989	0.01286	-0.00673	-0.01288	0.99991	-0.00267	0.00669	0.00276	0.99997	
34	0.17000	126.03144	-121.61827	0.75797	0.26239	0.05626	4.55640	1.10515	0.99684	-0.07944	-0.00098	0.07944	0.99683	0.00458	0.00062	-0.00464	0.99999		16.65447	-32.73688	-1.08508	-0.14871	0.38333	-0.73999	0.31782	0.99989	0.01291	-0.00669	-0.01293	0.99991	-0.00260	0.00666	0.00268	0.99997	
35	0.17500	126.07219	-121.61822	0.78796	0.25879	0.05677	4.55477	1.10164	0.99684	-0.07941	-0.00099	0.07942	0.99683	0.00452	0.00063	-0.00458	0.99999		16.65376	-32.72293	-1.07687	-0.14466	0.38074	-0.73882	0.33062	0.99989	0.01289	-0.00665	-0.01291	0.99991	-0.00252	0.00661	0.00261	0.99997	
36	0.18000	126.09222	-121.60928	0.81197	0.25994	0.05480	4.55191	1.09599	0.99685	-0.07936	-0.00096	0.07937	0.99684	0.00454	0.00059	-0.00460	0.99999		16.65239	-32.70700	-1.06452	-0.14197	0.38365	-0.73356	0.31610	0.99990	0.01280	-0.00670	-0.01282	0.99991	-0.00248	0.00666	0.00256	0.99997	
37	0.18500	126.10011	-121.61635	0.83453	0.25981	0.05146	4.55232	1.09700	0.99684	-0.07937	-0.00090	0.07937	0.99683	0.00453	0.00054	-0.00459	0.99999		16.63264	-32.69556	-1.05182	-0.13958	0.38347	-0.73875	0.33119	0.99989	0.01289	-0.00669	-0.01291	0.99991	-0.00244	0.00666	0.00252	0.99997	
38	0.19000	126.10151	-121.62052	0.84824	0.25978	0.05404	4.54885	1.08709	0.99685	-0.07931	-0.00094	0.07931	0.99684	0.00453	0.00058	-0.00459	0.99999		16.63478	-32.67163	-1.04330	-0.13535	0.38084	-0.73813	0.33474	0.99989	0.01288	-0.00665	-0.01290	0.99991	-0.00236	0.00662	0.00245	0.99998	
39	0.19500	126.12275	-121.61647	0.88267	0.26012	0.04957	4.55391	1.09458	0.99684	-0.07940	-0.00087	0.07940	0.99683	0.00454	0.00050	-0.00459	0.99999		16.62999	-32.66509	-1.04347	-0.13384	0.38190	-0.73844	0.33286	0.99989	0.01289	-0.00667	-0.01290	0.99991	-0.00234	0.00663	0.00242	0.99998	
40	0.20000	126.13841	-121.61719	0.89075	0.26223	0.04384	4.55384	1.09243	0.99684	-0.07940	-0.00077	0.07940	0.99683	0.00458	0.00040	-0.00462	0.99999		16.63790	-32.64942	-1.03070	-0.13273	0.37574	-0.73626	0.31200	0.99990	0.01285	-0.00656	-0.01286	0.99991	-0.00232	0.00653	0.00240	0.99998	
41	0.20500	126.09612	-121.61364	0.92200	0.26267	0.04965	4.55157	1.08535	0.99685	-0.07936	-0.00087	0.07936	0.99684	0.00458	0.00050	-0.00464	0.99999		16.63311	-32.64288	-1.03080	-0.13122	0.37680	-0.73657	0.31009	0.99990	0.01285	-0.00658	-0.01287	0.99991	-0.00229	0.00655	0.00237	0.99998	
42	0.21000	126.11644	-121.61001	0.93659	0.26485	0.04493	4.54854	1.08386	0.99685	-0.07930	-0.00078	0.07931	0.99684	0.00462	0.00042	-0.00467	0.99999		16.67609	-32.60971	-1.03136	-0.12876	0.37023	-0.73966	0.33088	0.99990	0.01291	-0.00646	-0.01292	0.99991	-0.00225	0.00643	0.00233	0.99998	
43	0.21500	126.13417	-121.61252	0.93404	0.26747	0.04047	4.54904	1.09508	0.99685	-0.07931	-0.00071	0.07931	0.99684	0.00467	0.00033	-0.00471	0.99999		16.65058	-32.63411	-1.03023	-0.13178	0.36844	-0.73240	0.32024	0.99990	0.01278	-0.00643	-0.01280	0.99992	-0.00230	0.00640	0.00238	0.99998	
44	0.22000	126.16574	-121.58445	0.94208	0.27267	0.03413	4.55554	1.10857	0.99684	-0.07943	-0.00060	0.07943	0.99683	0.00476	0.00022	-0.00479	0.99999		16.66470	-32.59473	-1.01831	-0.12785	0.36847	-0.73496	0.31484	0.99990	0.01283	-0.00643	-0.01284	0.99992	-0.00223	0.00640	0.00231	0.99998	
45	0.22500	126.15532	-121.58776	0.97970	0.27498	0.03315	4.55169	1.10204	0.99685	-0.07936	-0.00058	0.07936	0.99683	0.00480	0.00020	-0.00483	0.99999		16.66345	-32.59897	-1.01335	-0.13035	0.36195	-0.73423	0.31810	0.99990	0.01281	-0.00632	-0.01283	0.99992	-0.00228	0.00629	0.00236	0.99998	
46	0.23000	126.12882	-121.56618	0.96910	0.28187	0.03728	4.55587	1.09251	0.99684	-0.07943	-0.00065	0.07943	0.99683	0.00492	0.00026	-0.00496	0.99999		16.66480	-32.58850	-1.01742	-0.13124	0.35977	-0.73674	0.32605	0.99990	0.01286	-0.00628	-0.01287	0.99991	-0.00229	0.00625	0.00237	0.99998	
47	0.23500	126.16342	-121.56887	0.97525	0.28454	0.03019	4.55424	1.10101	0.99684	-0.07940	-0.00053	0.07940	0.99683	0.00497	0.00013	-0.00499	0.99999		16.66861	-32.58097	-1.01320	-0.12868	0.35641	-0.73685	0.31315	0.99990	0.01286	-0.00622	-0.01287	0.99991	-0.00225	0.00619	0.00233	0.99998	
48	0.24000	126.12486	-121.54644	0.98733	0.29282	0.02762	4.55213	1.09130	0.99685	-0.07937	-0.00048	0.07937	0.99683	0.00511	0.00007	-0.00513	0.99999		16.66754	-32.57094	-1.01249	-0.13302	0.35300	-0.73407	0.32024	0.99990	0.01281	-0.00616	-0.01283	0.99992	-0.00232	0.00613	0.00240	0.99998	
49	0.24500	126.14064	-121.52512	0.98822	0.29727	0.03353	4.55371	1.10076	0.99684	-0.07939	-0.00059	0.07940	0.99683	0.00519	0.00017	-0.00522	0.99999		16.67094	-32.55853	-1.00840	-0.13225	0.35256	-0.73241	0.32235	0.99990	0.01278	-0.00615	-0.01280	0.99992	-0.00231	0.00612	0.00239	0.99998	
50	0.25000	126.12691	-121.51442	0.98356	0.30575	0.03219	4.55035	1.09993	0.99685	-0.07934	-0.00056	0.07934	0.99683	0.00534	0.00014	-0.00536	0.99999		16.66635	-32.54885	-1.02054	-0.13364	0.34700	-0.73288	0.32171	0.99990	0.01279	-0.00606	-0.01280	0.99992	-0.00233	0.00603	0.00241	0.99998	
51	0.25500	126.09756	-121.52459	1.00633	0.30768	0.03221	4.55114	1.08530	0.99685	-0.07935	-0.00056	0.07935	0.99683	0.00537	0.00013	-0.00540	0.99999		16.66375	-32.55400	-0.99944	-0.13487	0.34766	-0.73277	0.32288	0.99990	0.01279	-0.00607	-0.01280	0.99992	-0.00235	0.00604	0.00243	0.99998	
52	0.26000	126.13250	-121.49964	0.99287	0.31856	0.02075	4.55503	1.10871	0.99684	-0.07942	-0.00036	0.07942	0.99683	0.00556	-0.00008	-0.00557	0.99998		16.62514	-32.53331	-1.01153	-0.13487	0.34776	-0.73286	0.32254	0.99990	0.01279	-0.00607	-0.01280	0.99992	-0.00235	0.00604	0.00243	0.99998	
53	0.26500	126.12703	-121.48791	0.98805	0.32632	0.02164	4.55295	1.10443	0.99684	-0.07938	-0.00038	0.07938	0.99683	0.00570	-0.00008	-0.00571	0.99998		16.60306	-32.52237	-1.01511	-0.13593	0.34631	-0.73276	0.33739	0.99990	0.01279	-0.00604	-0.01280	0.99992	-0.00237	0.00601	0.00245	0.99998	
54	0.27000	126.11606	-121.46021	1.00437	0.33458	0.02206	4.54896	1.09639	0.99685	-0.07931	-0.00039	0.07931	0.99683	0.00584	-0.00008	-0.00585	0.99998		16.64631	-32.51017	-1.00310	-0.13591	0.34392	-0.73153	0.32377	0.99990	0.01277	-0.00600	-0.01278	0.99992	-0.00237	0.00597	0.00245	0.99998	
55	0.27500	126.12044	-121.43036	0.99674	0.34430	0.02056	4.54741	1.10109	0.99685	-0.07928	-0.00036	0.07928	0.99683	0.00601	-0.00012	-0.00602	0.99998		16.60987	-32.49377	-1.01079	-0.13686	0.34377	-0.73498	0.32425	0.99990	0.01283	-0.00600	-0.01284	0.99991	-0.00239	0.00597	0.00247	0.99998	
56	0.28000	126.12952	-121.42582	0.98879	0.35361	0.01434	4.54724	1.09656	0.99685	-0.07928	-0.00025	0.07928	0.99683	0.00617	-0.00024	-0.00617	0.99998		16.62011	-32.51308	-1.00624	-0.14246	0.33932	-0.73487	0.32425	0.99990	0.01283	-0.00592	-0.01284	0.99991	-0.00249	0.00589	0.00256	0.99998	
57	0.28500	126.07450	-121.40162	0.99420	0.36345	0.02158	4.54794	1.08976	0.99685	-0.07929	-0.00038	0.07929	0.99683	0.00634	-0.00013	-0.00635	0.99998		16.63100	-32.51328	-1.01877	-0.14560	0.33960	-0.72887	0.30782	0.99990	0.01272	-0.00593	-0.01274	0.99992	-0.00254	0.00589	0.00262	0.99998	
58	0.29000	126.05388	-121.37131	1.00472	0.37529	0.02244	4.54585	1.07918	0.99685	-0.07926	-0.00039	0.07926	0.99683	0.00655	-0.00013	-0.00656	0.99998		16.59885	-32.48949	-1.02250	-0.14480	0.33822	-0.73554	0.33487	0.99990	0.01284	-0.00590	-0.01285	0.99991	-0.00253	0.00587	0.00260	0.99998	
59	0.29500	126.05009	-121.36293	0.98120	0.38440	0.01955	4.54698	1.09118	0.99685	-0.07928	-0.00034	0.07928	0.99683	0.00671	-0.00019	-0.00671	0.99998		16.59972	-32.51986	-1.00960	-0.14974	0.33773	-0.73118	0.31759	0.99990	0.01276	-0.00589	-0.01278	0.99991	-0.00261	0.00586	0.00269	0.99998	
60	0.30000	126.03480	-121.28362	0.99837	0.40608	0.01479	4.52896	1.09441	0.99688	-0.07896	-0.00026	0.07896	0.99685	0.00709	-0.00030	-0.00709	0.99997		16.59428	-32.50406	-1.01759	-0.15064	0.33495	-0.73069	0.30488	0.99990	0.01275	-0.00585	-0.01277	0.99992	-0.00263	0.00581	0.00270	0.99998	
61	0.30500	125.99073	-121.26804	1.00540	0.41726	0.01620	4.52877	1.08986	0.99688	-0.07896	-0.00028	0.07896	0.99685	0.00728	-0.00029	-0.00728	0.99997		16.58027	-32.48209	-1.00900	-0.15426	0.33492	-0.73058	0.32098	0.99990	0.01275	-0.00585	-0.01277	0.99991	-0.00269	0.00581	0.00277	0.99998	
62	0.31000	126.01295	-121.23774	0.98963	0.43034	0.01260	4.52988	1.10459	0.99688	-0.07898	-0.00022	0.07898	0.99685	0.00751	-0.00037	-0.00750	0.99997		16.58759	-32.49456	-1.01720	-0.15504	0.33281	-0.72922	0.32184	0.99990	0.01273	-0.00581	-0.01274	0.99992	-0.00271	0.00577	0.00278	0.99998	
63	0.31500	125.99859	-121.20522	0.98979	0.44455	0.01344	4.52492	1.09474	0.99688	-0.07889	-0.00023	0.07889	0.99685	0.00776	-0.00038	-0.00775	0.99997		16.57914	-32.49026	-1.01239	-0.15767	0.32821	-0.72960	0.32058	0.99990	0.01273	-0.00573	-0.01275	0.99991	-0.00275	0.00569	0.00282	0.99998	
64	0.32000	125.95995	-121.16538	0.97104	0.45845	0.01650	4.52745	1.09018	0.99688	-0.07894	-0.00029	0.07894	0.99685	0.00800	-0.00034	-0.00800	0.99997		16.54594	-32.49787	-1.02858	-0.16179	0.33144	-0.72627	0.30318	0.99990	0.01268	-0.00578	-0.01269	0.99992	-0.00282	0.00575	0.00290	0.99998	
65	0.32500	125.97419	-121.15572	0.94604	0.47154	0.01154	4.52886	1.09786	0.99688	-0.07896	-0.00020	0.07896	0.99684	0.00823	-0.00045	-0.00822	0.99997		16.57209	-32.51037	-1.03284	-0.16552	0.32795	-0.72931	0.30670	0.99990	0.01273	-0.00572	-0.01274	0.99991	-0.00289	0.00569	0.00296	0.99998	
66	0.33000	125.91591	-121.13445	0.94367	0.48534	0.01987	4.52861	1.10316	0.99688	-0.07896	-0.00035	0.07896	0.99684	0.00847	-0.00032	-0.00847	0.99996		16.55182	-32.51322	-1.02779	-0.16847	0.32855	-0.73163	0.33801	0.99990	0.01277	-0.00573	-0.01279	0.99991	-0.00294	0.00570	0.00301	0.99998	
67	0.33500	125.92291	-121.08869	0.93328	0.49886	0.02185	4.53335	1.09818	0.99687	-0.07904	-0.00038	0.07904	0.99683	0.00871	-0.00031	-0.00871	0.99996		16.55472	-32.51786	-1.05307	-0.17165	0.32795	-0.72558	0.31675	0.99990	0.01266	-0.00572	-0.01268	0.99992	-0.00300	0.00569	0.00307	0.99998	
68	0.34000	125.96308	-121.05017	0.90080	0.51752	0.01676	4.53186	1.11822	0.99687	-0.07901	-0.00029	0.07901	0.99683	0.00903	-0.00042	-0.00903	0.99996		16.56205	-32.52452	-1.03980	-0.17770	0.32244	-0.72813	0.31696	0.99990	0.01271	-0.00563	-0.01273	0.99991	-0.00310	0.00559	0.00317	0.99998	
69	0.34500	125.93436	-120.99887	0.88952	0.53360	0.02320	4.52675	1.09982	0.99688	-0.07892	-0.00040	0.07892	0.99684	0.00931	-0.00033	-0.00932	0.99996		16.54304	-32.48956	-1.04030	-0.17177	0.32713	-0.72644	0.30400	0.99990	0.01268	-0.00571	-0.01270	0.99991	-0.00300	0.00567	0.00307	0.99998	
70	0.35000	125.85115	-120.98690	0.88236	0.54581	0.02687	4.52536	1.10242	0.99688	-0.07890	-0.00047	0.07890	0.99684	0.00953	-0.00028	-0.00953	0.99995		16.54305	-32.53135	-1.05171	-0.18158	0.32240	-0.72369	0.32440	0.99990	0.01263	-0.00563	-0.01265	0.99991	-0.00317	0.00559	0.00324	0.99998	
71	0.35500	125.87692	-120.94944	0.86505	0.56184	0.02994	4.52576	1.10488	0.99688	-0.07891	-0.00052	0.07891	0.99683	0.00981	-0.00025	-0.00982	0.99995		16.51566	-32.51339	-1.06052	-0.17741	0.32880	-0.72833	0.31927	0.99990	0.01271	-0.00574	-0.01273	0.99991	-0.00310	0.00570	0.00317	0.99998	
72	0.36000	125.83711	-120.92978	0.83787	0.57401	0.03619	4.52690	1.08939	0.99688	-0.07893	-0.00063	0.07893	0.99683	0.01002	-0.00016	-0.01004	0.99995		16.49917	-32.50132	-1.06879	-0.17696	0.32815	-0.73418	0.32946	0.99990	0.01281	-0.00573	-0.01283	0.99991	-0.00309	0.00569	0.00316	0.99998	
73	0.36500	125.81603	-120.91772	0.80891	0.58643	0.03573	4.53132	1.10689	0.99687	-0.07900	-0.00062	0.07901	0.99682	0.01023	-0.00019	-0.01025	0.99995		16.49351	-32.51458	-1.08061	-0.18250	0.32493	-0.72659	0.31667	0.99990	0.01268	-0.00567	-0.01270	0.99991	-0.00319	0.00563	0.00326	0.99998	
74	0.37000	125.82672	-120.87742	0.80300	0.60374	0.04143	4.52945	1.10710	0.99688	-0.07897	-0.00072	0.07897	0.99682	0.01054	-0.00011	-0.01056	0.99994		16.50370	-32.51913	-1.08067	-0.18442	0.32528	-0.72910	0.31452	0.99990	0.01272	-0.00568	-0.01274	0.99991	-0.00322	0.00564	0.00329	0.99998	
75	0.37500	125.76684	-120.84726	0.77084	0.61859	0.04985	4.53486	1.10913	0.99687	-0.07907	-0.00087	0.07907	0.99681	0.01080	0.00001	-0.01083	0.99994		16.47770	-32.52437	-1.08479	-0.18467	0.32854	-0.72657	0.31595	0.99990	0.01268	-0.00573	-0.01270	0.99991	-0.00322	0.00569	0.00330	0.99998	
76	0.38000	125.73918	-120.83063	0.74001	0.63143	0.05441	4.52594	1.09516	0.99688	-0.07891	-0.00095	0.07892	0.99682	0.01102	0.00008	-0.01106	0.99994		16.48481	-32.53900	-1.08456	-0.19007	0.32746	-0.72837	0.30333	0.99990	0.01271	-0.00572	-0.01273	0.99991	-0.00332	0.00567	0.00339	0.99998	
77	0.38500	125.75918	-120.78607	0.73414	0.64631	0.05271	4.52821	1.10238	0.99688	-0.07895	-0.00092	0.07896	0.99681	0.01128	0.00003	-0.01132	0.99994		16.47439	-32.54571	-1.09245	-0.19284	0.32751	-0.72350	0.32423	0.99990	0.01263	-0.00572	-0.01265	0.99991	-0.00337	0.00567	0.00344	0.99998	
78	0.39000	125.73101	-120.77849	0.70020	0.65934	0.06270	4.52359	1.10771	0.99688	-0.07887	-0.00109	0.07888	0.99682	0.01151	0.00018	-0.01156	0.99993		16.46117	-32.55994	-1.10060	-0.19518	0.32796	-0.72320	0.31093	0.99990	0.01262	-0.00572	-0.01264	0.99991	-0.00341	0.00568	0.00348	0.99998	
79	0.39500	125.73327	-120.75019	0.68743	0.67343	0.06648	4.52710	1.10924	0.99688	-0.07893	-0.00116	0.07894	0.99681	0.01175	0.00023	-0.01181	0.99993		16.47527	-32.56236	-1.10455	-0.19783	0.32514	-0.72248	0.31459	0.99990	0.01261	-0.00567	-0.01263	0.99991	-0.00345	0.00563	0.00352	0.99998	
80	0.40000	125.68409	-120.72897	0.66745	0.68961	0.07478	4.51996	1.08924	0.99689	-0.07881	-0.00131	0.07882	0.99682	0.01204	0.00035	-0.01210	0.99993		16.46302	-32.56911	-1.09613	-0.19933	0.32795	-0.72549	0.33240	0.99990	0.01266	-0.00572	-0.01268	0.99991	-0.00348	0.00568	0.00355	0.99998	
81	0.40500	125.68814	-120.69613	0.62511	0.70381	0.07838	4.52729	1.11474	0.99688	-0.07893	-0.00137	0.07894	0.99680	0.01228	0.00039	-0.01235	0.99992		16.42839	-32.59049	-1.11197	-0.20359	0.32859	-0.72278	0.32474	0.99990	0.01261	-0.00573	-0.01263	0.99991	-0.00355	0.00569	0.00363	0.99998	
82	0.41000	125.65232	-120.65380	0.60198	0.71780	0.08805	4.52709	1.10951	0.99688	-0.07893	-0.00154	0.07894	0.99680	0.01253	0.00054	-0.01261	0.99992		16.45964	-32.61363	-1.09909	-0.21069	0.32670	-0.72243	0.31539	0.99990	0.01261	-0.00570	-0.01263	0.99991	-0.00368	0.00566	0.00375	0.99998	
83	0.41500	125.63359	-120.64537	0.58698	0.73168	0.09553	4.52256	1.09627	0.99689	-0.07885	-0.00167	0.07887	0.99680	0.01277	0.00066	-0.01286	0.99992		16.44074	-32.58091	-1.11198	-0.20439	0.32883	-0.72247	0.31560	0.99990	0.01261	-0.00574	-0.01263	0.99991	-0.00357	0.00569	0.00364	0.99998	
84	0.42000	125.62082	-120.60316	0.53203	0.74954	0.09583	4.52245	1.09928	0.99689	-0.07885	-0.00167	0.07886	0.99680	0.01308	0.00064	-0.01317	0.99991		16.43805	-32.61396	-1.11155	-0.21197	0.32940	-0.72076	0.31817	0.99990	0.01258	-0.00575	-0.01260	0.99991	-0.00370	0.00570	0.00377	0.99998	
85	0.42500	125.62504	-120.58384	0.50407	0.76277	0.10116	4.52516	1.11143	0.99688	-0.07890	-0.00177	0.07891	0.99679	0.01331	0.00071	-0.01341	0.99991		16.38899	-32.60885	-1.11978	-0.21095	0.33603	-0.72274	0.30422	0.99990	0.01261	-0.00586	-0.01264	0.99991	-0.00368	0.00582	0.00376	0.99998	
86	0.43000	125.57669	-120.55052	0.49118	0.77798	0.11171	4.52635	1.11900	0.99688	-0.07892	-0.00195	0.07894	0.99679	0.01358	0.00087	-0.01369	0.99991		16.43152	-32.61915	-1.12467	-0.21277	0.33547	-0.71974	0.30211	0.99990	0.01256	-0.00585	-0.01258	0.99991	-0.00371	0.00581	0.00379	0.99998	
87	0.43500	125.53389	-120.53471	0.47087	0.78901	0.12323	4.52196	1.10911	0.99688	-0.07884	-0.00215	0.07886	0.99679	0.01377	0.00106	-0.01390	0.99990		16.37890	-32.64036	-1.13163	-0.21725	0.33572	-0.71901	0.30881	0.99990	0.01255	-0.00586	-0.01257	0.99991	-0.00379	0.00581	0.00386	0.99998	
88	0.44000	125.57051	-120.49310	0.42272	0.80340	0.12539	4.51952	1.10440	0.99689	-0.07880	-0.00219	0.07882	0.99679	0.01402	0.00108	-0.01415	0.99990		16.37183	-32.64134	-1.12761	-0.21831	0.33988	-0.71920	0.32108	0.99990	0.01255	-0.00593	-0.01257	0.99991	-0.00381	0.00588	0.00388	0.99998	
89	0.44500	125.54076	-120.49365	0.40472	0.81240	0.13369	4.52274	1.11568	0.99688	-0.07885	-0.00233	0.07888	0.99678	0.01418	0.00121	-0.01432	0.99990		16.39417	-32.66852	-1.12319	-0.22339	0.33698	-0.71924	0.32033	0.99990	0.01255	-0.00588	-0.01258	0.99991	-0.00390	0.00583	0.00397	0.99998	
90	0.45000	125.50290	-120.46412	0.37925	0.82374	0.14659	4.52221	1.11788	0.99688	-0.07885	-0.00256	0.07887	0.99678	0.01438	0.00142	-0.01453	0.99989		16.33962	-32.66616	-1.13942	-0.22420	0.34263	-0.71920	0.31143	0.99990	0.01255	-0.00598	-0.01258	0.99991	-0.00391	0.00593	0.00399	0.99997	
91	0.45500	125.48703	-120.43474	0.35937	0.83734	0.15588	4.52103	1.10871	0.99688	-0.07882	-0.00272	0.07886	0.99678	0.01461	0.00156	-0.01478	0.99989		16.40317	-32.70344	-1.12267	-0.23227	0.33752	-0.71606	0.31343	0.99990	0.01250	-0.00589	-0.01252	0.99991	-0.00405	0.00584	0.00413	0.99997	
92	0.46000	125.48377	-120.41293	0.34283	0.84713	0.16452	4.52289	1.10328	0.99688	-0.07886	-0.00287	0.07889	0.99677	0.01478	0.00170	-0.01497	0.99989		16.37303	-32.71748	-1.10969	-0.23446	0.34219	-0.72156	0.32243	0.99990	0.01259	-0.00597	-0.01262	0.99991	-0.00409	0.00592	0.00417	0.99997	
93	0.46500	125.46341	-120.40070	0.31156	0.85921	0.16867	4.52232	1.10768	0.99688	-0.07885	-0.00294	0.07888	0.99677	0.01500	0.00175	-0.01518	0.99988		16.34255	-32.71033	-1.11765	-0.23647	0.34238	-0.71769	0.31064	0.99990	0.01253	-0.00598	-0.01255	0.99991	-0.00413	0.00592	0.00420	0.99997	
94	0.47000	125.43828	-120.38089	0.28160	0.86852	0.18140	4.52492	1.11353	0.99688	-0.07889	-0.00317	0.07893	0.99676	0.01516	0.00196	-0.01536	0.99988		16.35558	-32.73957	-1.11315	-0.24285	0.34417	-0.71697	0.33977	0.99990	0.01251	-0.00601	-0.01254	0.99991	-0.00424	0.00595	0.00431	0.99997	
95	0.47500	125.44007	-120.34767	0.25891	0.88030	0.19078	4.52243	1.11649	0.99688	-0.07885	-0.00333	0.07889	0.99676	0.01536	0.00211	-0.01558	0.99988		16.34783	-32.75154	-1.11293	-0.24346	0.34573	-0.71644	0.31934	0.99990	0.01250	-0.00603	-0.01253	0.99991	-0.00425	0.00598	0.00432	0.99997	
96	0.48000	125.34753	-120.32023	0.24438	0.89108	0.20485	4.52276	1.11885	0.99688	-0.07885	-0.00358	0.07890	0.99676	0.01555	0.00234	-0.01579	0.99987		16.29578	-32.75442	-1.11269	-0.24639	0.35324	-0.71785	0.32548	0.99990	0.01253	-0.00617	-0.01255	0.99991	-0.00430	0.00611	0.00438	0.99997	
97	0.48500	125.36889	-120.33522	0.21240	0.89610	0.21196	4.52139	1.11248	0.99688	-0.07883	-0.00370	0.07888	0.99676	0.01564	0.00245	-0.01588	0.99987		16.30430	-32.77954	-1.09956	-0.25216	0.35137	-0.71683	0.32869	0.99990	0.01251	-0.00613	-0.01254	0.99991	-0.00440	0.00608	0.00448	0.99997	
98	0.49000	125.38578	-120.30507	0.17611	0.90612	0.21628	4.52110	1.12604	0.99688	-0.07883	-0.00377	0.07888	0.99676	0.01581	0.00252	-0.01606	0.99987		16.29367	-32.77144	-1.10005	-0.25207	0.35883	-0.71551	0.32913	0.99990	0.01249	-0.00626	-0.01252	0.99991	-0.00440	0.00621	0.00448	0.99997	
99	0.49500	125.32549	-120.28620	0.14877	0.91488	0.22826	4.51841	1.12354	0.99688	-0.07878	-0.00398	0.07883	0.99676	0.01597	0.00271	-0.01623	0.99986		16.24939	-32.80790	-1.10283	-0.26000	0.35718	-0.71971	0.32417	0.99990	0.01256	-0.00623	-0.01259	0.99991	-0.00454	0.00618	0.00462	0.99997	
100	0.50000	125.30451	-120.27230	0.14161	0.92068	0.23985	4.52205	1.11917	0.99688	-0.07884	-0.00419	0.07890	0.99675	0.01607	0.00291	-0.01635	0.99986		16.27323	-32.81837	-1.09505	-0.26387	0.36144	-0.71851	0.32281	0.99990	0.01254	-0.00631	-0.01257	0.99991	-0.00461	0.00625	0.00468	0.99997	
101	0.50500	125.31786	-120.24940	0.10240	0.92972	0.24509	4.51889	1.12029	0.99688	-0.07879	-0.00428	0.07885	0.99675	0.01623	0.00299	-0.01651	0.99986		16.24535	-32.82561	-1.08608	-0.26580	0.36324	-0.71903	0.31186	0.99990	0.01255	-0.00634	-0.01258	0.99991	-0.00464	0.00628	0.00472	0.99997	
102	0.51000	125.28879	-120.25422	0.09097	0.93369	0.25220	4.52276	1.11815	0.99688	-0.07885	-0.00440	0.07892	0.99675	0.01630	0.00310	-0.01659	0.99986		16.23278	-32.83179	-1.08987	-0.27051	0.36423	-0.71770	0.31129	0.99990	0.01253	-0.00636	-0.01256	0.99991	-0.00472	0.00630	0.00480	0.99997	
103	0.51500	125.23115	-120.24495	0.07694	0.93795	0.26519	4.52653	1.10868	0.99687	-0.07892	-0.00463	0.07899	0.99674	0.01637	0.00332	-0.01668	0.99986		16.21175	-32.85258	-1.08530	-0.27317	0.36880	-0.71550	0.30712	0.99990	0.01249	-0.00644	-0.01252	0.99991	-0.00477	0.00638	0.00485	0.99997	
104	0.52000	125.26441	-120.21442	0.03391	0.94534	0.26976	4.52787	1.11667	0.99687	-0.07894	-0.00471	0.07901	0.99674	0.01650	0.00339	-0.01682	0.99985		16.16715	-32.86787	-1.07605	-0.27922	0.36989	-0.71493	0.31737	0.99990	0.01248	-0.00646	-0.01251	0.99991	-0.00487	0.00639	0.00495	0.99997	
105	0.52500	125.22858	-120.20164	0.02659	0.95013	0.27641	4.52985	1.11785	0.99686	-0.07898	-0.00482	0.07905	0.99673	0.01658	0.00350	-0.01691	0.99985		16.17326	-32.85767	-1.06380	-0.27876	0.37363	-0.71621	0.31599	0.99990	0.01250	-0.00652	-0.01253	0.99991	-0.00487	0.00646	0.00495	0.99997	
106	0.53000	125.16979	-120.20847	0.01650	0.95305	0.28881	4.52584	1.10454	0.99687	-0.07891	-0.00504	0.07898	0.99674	0.01663	0.00371	-0.01698	0.99985		16.14440	-32.87750	-1.06321	-0.28438	0.37816	-0.71473	0.32124	0.99990	0.01247	-0.00660	-0.01251	0.99991	-0.00496	0.00654	0.00505	0.99997	
107	0.53500	125.20686	-120.20096	-0.00658	0.95595	0.28973	4.52412	1.11237	0.99687	-0.07888	-0.00506	0.07895	0.99674	0.01668	0.00372	-0.01703	0.99985		16.13797	-32.88958	-1.05055	-0.28921	0.38001	-0.71801	0.32627	0.99990	0.01253	-0.00663	-0.01256	0.99991	-0.00505	0.00657	0.00513	0.99997	
108	0.54000	125.18830	-120.17611	-0.02735	0.96148	0.29991	4.52036	1.10729	0.99688	-0.07881	-0.00523	0.07889	0.99674	0.01678	0.00389	-0.01714	0.99985		16.11266	-32.89111	-1.03722	-0.29407	0.38188	-0.71272	0.31152	0.99990	0.01244	-0.00667	-0.01247	0.99991	-0.00513	0.00660	0.00521	0.99996	
109	0.54500	125.18828	-120.18971	-0.04201	0.96042	0.30360	4.52045	1.10858	0.99688	-0.07881	-0.00530	0.07889	0.99674	0.01676	0.00396	-0.01713	0.99985		16.08701	-32.91510	-1.02388	-0.29986	0.38294	-0.71209	0.32055	0.99990	0.01243	-0.00668	-0.01246	0.99991	-0.00523	0.00662	0.00532	0.99996	
110	0.55000	125.14573	-120.16968	-0.05186	0.96329	0.31333	4.52134	1.10400	0.99687	-0.07883	-0.00547	0.07891	0.99674	0.01681	0.00413	-0.01719	0.99984		16.05380	-32.91485	-1.02386	-0.30174	0.39112	-0.71588	0.31777	0.99990	0.01249	-0.00683	-0.01253	0.99991	-0.00527	0.00676	0.00535	0.99996	
111	0.55500	125.10888	-120.16940	-0.08422	0.96696	0.31684	4.51634	1.09919	0.99688	-0.07874	-0.00553	0.07883	0.99675	0.01688	0.00418	-0.01726	0.99984		16.05411	-32.92694	-1.02365	-0.30449	0.39109	-0.71546	0.31899	0.99990	0.01249	-0.00683	-0.01252	0.99991	-0.00531	0.00676	0.00540	0.99996	
112	0.56000	125.08579	-120.17272	-0.07079	0.96242	0.33117	4.51994	1.10465	0.99687	-0.07880	-0.00578	0.07889	0.99674	0.01680	0.00444	-0.01720	0.99984		16.02471	-32.94111	-1.00970	-0.31167	0.38643	-0.71532	0.32813	0.99990	0.01248	-0.00674	-0.01252	0.99991	-0.00544	0.00668	0.00552	0.99996	
113	0.56500	125.02963	-120.14877	-0.09529	0.96592	0.33545	4.51639	1.10610	0.99688	-0.07874	-0.00585	0.07883	0.99675	0.01686	0.00451	-0.01727	0.99984		16.03668	-32.95011	-1.02234	-0.31755	0.38921	-0.71541	0.31762	0.99990	0.01249	-0.00679	-0.01252	0.99991	-0.00554	0.00672	0.00563	0.99996	
114	0.57000	125.05759	-120.15502	-0.10186	0.96562	0.33716	4.51995	1.10811	0.99687	-0.07880	-0.00588	0.07889	0.99674	0.01685	0.00454	-0.01726	0.99984		15.98060	-32.95216	-1.00895	-0.31948	0.39532	-0.71361	0.32366	0.99990	0.01245	-0.00690	-0.01249	0.99991	-0.00558	0.00683	0.00566	0.99996	
115	0.57500	125.08609	-120.13280	-0.12207	0.96630	0.33725	4.51959	1.10650	0.99687	-0.07880	-0.00589	0.07889	0.99674	0.01686	0.00454	-0.01728	0.99984		15.99172	-32.96159	-1.00456	-0.32585	0.39341	-0.71268	0.30864	0.99990	0.01244	-0.00687	-0.01248	0.99991	-0.00569	0.00679	0.00577	0.99996	
116	0.58000	125.05434	-120.15289	-0.11797	0.96356	0.33799	4.51959	1.11354	0.99687	-0.07880	-0.00590	0.07889	0.99674	0.01682	0.00455	-0.01723	0.99984		15.94137	-32.97264	-0.99063	-0.33021	0.39330	-0.71113	0.31069	0.99990	0.01241	-0.00686	-0.01245	0.99991	-0.00576	0.00679	0.00585	0.99996	
117	0.58500	125.00121	-120.17087	-0.11421	0.95693	0.34855	4.51853	1.10454	0.99687	-0.07878	-0.00608	0.07887	0.99674	0.01670	0.00475	-0.01713	0.99984		15.93723	-32.99026	-0.98560	-0.33752	0.39252	-0.70886	0.31875	0.99990	0.01237	-0.00685	-0.01241	0.99991	-0.00589	0.00678	0.00598	0.99996	
118	0.59000	125.00107	-120.16721	-0.13543	0.95534	0.34886	4.51736	1.10133	0.99688	-0.07876	-0.00609	0.07885	0.99675	0.01667	0.00476	-0.01710	0.99984		15.92127	-32.98450	-0.97719	-0.33938	0.39456	-0.71434	0.31016	0.99990	0.01247	-0.00689	-0.01251	0.99990	-0.00592	0.00681	0.00601	0.99996	
119	0.59500	124.96637	-120.18697	-0.12908	0.94968	0.35681	4.51797	1.10659	0.99687	-0.07877	-0.00623	0.07886	0.99675	0.01657	0.00490	-0.01701	0.99984		15.91279	-32.98496	-0.96827	-0.34195	0.39213	-0.71201	0.30237	0.99990	0.01243	-0.00684	-0.01247	0.99990	-0.00597	0.00677	0.00605	0.99996	
120	0.60000	124.92936	-120.16600	-0.12554	0.94959	0.35825	4.51530	1.10128	0.99688	-0.07872	-0.00625	0.07882	0.99675	0.01657	0.00493	-0.01701	0.99984		15.89042	-32.98362	-0.95919	-0.34614	0.39323	-0.70971	0.30520	0.99990	0.01239	-0.00686	-0.01243	0.99990	-0.00604	0.00679	0.00613	0.99996	
121	0.60500	124.96643	-120.17769	-0.14843	0.94418	0.35427	4.51787	1.11584	0.99687	-0.07877	-0.00618	0.07886	0.99675	0.01648	0.00487	-0.01691	0.99985		15.85266	-32.99683	-0.95403	-0.35265	0.39549	-0.71242	0.30269	0.99990	0.01243	-0.00690	-0.01248	0.99990	-0.00615	0.00683	0.00624	0.99996	
122	0.61000	124.93139	-120.18091	-0.15138	0.94004	0.35443	4.51299	1.10442	0.99688	-0.07868	-0.00619	0.07878	0.99676	0.01641	0.00488	-0.01684	0.99985		15.84046	-33.00272	-0.94091	-0.35736	0.39644	-0.71108	0.30194	0.99990	0.01241	-0.00692	-0.01245	0.99990	-0.00624	0.00684	0.00632	0.99996	
123	0.61500	124.92313	-120.18280	-0.12791	0.93553	0.35547	4.52414	1.12310	0.99687	-0.07888	-0.00620	0.07897	0.99674	0.01633	0.00490	-0.01677	0.99985		15.84089	-33.01148	-0.93192	-0.36476	0.39485	-0.70631	0.31300	0.99990	0.01233	-0.00689	-0.01237	0.99990	-0.00637	0.00681	0.00645	0.99996	
124	0.62000	124.85279	-120.20808	-0.13307	0.92834	0.36245	4.52011	1.10381	0.99687	-0.07881	-0.00633	0.07890	0.99675	0.01620	0.00503	-0.01665	0.99985		15.80187	-33.01780	-0.91438	-0.36767	0.39705	-0.70959	0.30812	0.99990	0.01238	-0.00693	-0.01243	0.99990	-0.00642	0.00685	0.00650	0.99996	
125	0.62500	124.89754	-120.19861	-0.13354	0.92410	0.35601	4.52104	1.10491	0.99687	-0.07882	-0.00621	0.07891	0.99675	0.01613	0.00492	-0.01657	0.99985		15.76075	-33.01470	-0.90087	-0.37166	0.39782	-0.70919	0.30950	0.99990	0.01238	-0.00694	-0.01242	0.99990	-0.00649	0.00686	0.00657	0.99995	
126	0.63000	124.86204	-120.23202	-0.12007	0.91365	0.35643	4.52558	1.11152	0.99686	-0.07890	-0.00622	0.07899	0.99675	0.01595	0.00494	-0.01639	0.99985		15.79209	-33.03235	-0.88789	-0.37963	0.39633	-0.70861	0.30139	0.99990	0.01237	-0.00692	-0.01241	0.99990	-0.00663	0.00683	0.00671	0.99995	
127	0.63500	124.81681	-120.24179	-0.11509	0.90644	0.35878	4.51520	1.09839	0.99688	-0.07872	-0.00626	0.07881	0.99676	0.01582	0.00500	-0.01626	0.99986		15.74960	-33.03718	-0.87881	-0.38137	0.39645	-0.70684	0.29944	0.99990	0.01234	-0.00692	-0.01238	0.99990	-0.00666	0.00684	0.00674	0.99995	
128	0.64000	124.82679	-120.24119	-0.10994	0.89924	0.35313	4.51966	1.10711	0.99687	-0.07880	-0.00616	0.07889	0.99676	0.01569	0.00491	-0.01613	0.99986		15.71762	-33.03442	-0.85280	-0.38734	0.40019	-0.70443	0.30363	0.99990	0.01229	-0.00698	-0.01234	0.99990	-0.00676	0.00690	0.00685	0.99995	
129	0.64500	124.81773	-120.27969	-0.10518	0.88704	0.35080	4.51835	1.09661	0.99687	-0.07878	-0.00612	0.07886	0.99677	0.01548	0.00488	-0.01592	0.99986		15.71079	-33.05237	-0.84800	-0.39169	0.39714	-0.70539	0.30517	0.99990	0.01231	-0.00693	-0.01236	0.99990	-0.00684	0.00685	0.00692	0.99995	
130	0.65000	124.80349	-120.27900	-0.09562	0.88071	0.35025	4.51650	1.09394	0.99688	-0.07874	-0.00611	0.07883	0.99677	0.01537	0.00488	-0.01580	0.99986		15.69645	-33.04136	-0.83064	-0.39578	0.39672	-0.70687	0.31198	0.99990	0.01234	-0.00692	-0.01238	0.99990	-0.00691	0.00684	0.00699	0.99995	
131	0.65500	124.76111	-120.28760	-0.07682	0.87091	0.34957	4.51855	1.10656	0.99687	-0.07878	-0.00610	0.07887	0.99677	0.01520	0.00488	-0.01563	0.99987		15.65778	-33.05611	-0.81308	-0.39946	0.40085	-0.70287	0.31853	0.99990	0.01227	-0.00700	-0.01232	0.99990	-0.00697	0.00691	0.00706	0.99995	
132	0.66000	124.71471	-120.31856	-0.05390	0.85810	0.35024	4.52100	1.10695	0.99687	-0.07882	-0.00611	0.07891	0.99677	0.01498	0.00491	-0.01541	0.99987		15.63822	-33.05619	-0.81664	-0.40304	0.39876	-0.70331	0.31816	0.99990	0.01227	-0.00696	-0.01232	0.99990	-0.00703	0.00687	0.00712	0.99995	
133	0.66500	124.72863	-120.33879	-0.02701	0.84885	0.34537	4.51850	1.09609	0.99687	-0.07878	-0.00603	0.07886	0.99678	0.01481	0.00484	-0.01524	0.99987		15.59647	-33.04649	-0.80328	-0.40431	0.40215	-0.70471	0.31112	0.99990	0.01230	-0.00702	-0.01235	0.99990	-0.00706	0.00693	0.00714	0.99995	
134	0.67000	124.68456	-120.34740	-0.02232	0.83899	0.34501	4.52066	1.11022	0.99687	-0.07882	-0.00602	0.07890	0.99678	0.01464	0.00485	-0.01507	0.99987		15.58925	-33.06987	-0.77733	-0.41182	0.40413	-0.69896	0.30549	0.99990	0.01220	-0.00705	-0.01225	0.99990	-0.00719	0.00696	0.00727	0.99995	
135	0.67500	124.72056	-120.36865	-0.00719	0.83015	0.33398	4.52390	1.10741	0.99687	-0.07887	-0.00583	0.07895	0.99677	0.01449	0.00467	-0.01490	0.99988		15.57012	-33.04479	-0.77347	-0.40931	0.40677	-0.70354	0.30915	0.99990	0.01228	-0.00710	-0.01233	0.99990	-0.00714	0.00701	0.00723	0.99995	
136	0.68000	124.64878	-120.39074	0.01562	0.81811	0.33848	4.52272	1.09898	0.99687	-0.07885	-0.00591	0.07893	0.99678	0.01428	0.00476	-0.01470	0.99988		15.52313	-33.04318	-0.75973	-0.41286	0.40617	-0.70030	0.31389	0.99990	0.01222	-0.00709	-0.01227	0.99990	-0.00721	0.00700	0.00729	0.99995	
137	0.68500	124.68402	-120.41587	0.01841	0.80694	0.32508	4.51866	1.10854	0.99688	-0.07878	-0.00567	0.07886	0.99679	0.01408	0.00455	-0.01449	0.99988		15.52074	-33.06507	-0.74219	-0.41908	0.40463	-0.69918	0.30459	0.99990	0.01220	-0.00706	-0.01225	0.99990	-0.00731	0.00697	0.00740	0.99995	
