NO_OF_FRAMES	12045
NO_OF_CAMERAS	8
NO_OF_BODIES	2
FREQUENCY	200
NO_OF_ANALOG	0
ANALOG_FREQUENCY	0
DESCRIPTION	--
TIME_STAMP	2013-07-02, 16:04:49	3296986.74717318
DATA_INCLUDED	6D
BODY_NAMES	Ice 1	Ice 2
Frame	Time	Ice 1 X	Y	Z	Roll	Pitch	Yaw	Residual	Rot[0]	Rot[1]	Rot[2]	Rot[3]	Rot[4]	Rot[5]	Rot[6]	Rot[7]	Rot[8]	Ice 2 X	Y	Z	Roll	Pitch	Yaw	Residual	Rot[0]	Rot[1]	Rot[2]	Rot[3]	Rot[4]	Rot[5]	Rot[6]	Rot[7]	Rot[8]	
1	0.00500	53.65174	23.31845	0.26688	0.35784	-0.07463	-1.13386	1.06004	0.99980	0.01979	0.00130	-0.01980	0.99978	0.00625	-0.00118	-0.00627	0.99998		-110.27625	-126.88873	-0.83730	-0.24811	0.42870	0.66946	0.19995	0.99990	-0.01168	-0.00748	0.01165	0.99992	-0.00433	0.00753	0.00424	0.99996	
2	0.01000	53.64187	23.32503	0.26794	0.35429	-0.07536	-1.13284	1.04959	0.99980	0.01977	0.00132	-0.01978	0.99979	0.00618	-0.00119	-0.00621	0.99998		-110.20416	-126.89064	-0.82633	-0.24666	0.42348	0.67212	0.14263	0.99990	-0.01173	-0.00739	0.01170	0.99992	-0.00430	0.00744	0.00422	0.99996	
3	0.01500	53.65231	23.32712	0.25101	0.35605	-0.08108	-1.14024	1.03260	0.99980	0.01990	0.00142	-0.01991	0.99978	0.00621	-0.00129	-0.00624	0.99998		-110.18966	-126.89407	-0.83901	-0.25129	0.42560	0.67188	0.14599	0.99990	-0.01173	-0.00743	0.01169	0.99992	-0.00439	0.00748	0.00430	0.99996	
4	0.02000	53.63670	23.32114	0.26236	0.35373	-0.07582	-1.14019	1.03355	0.99980	0.01990	0.00132	-0.01991	0.99978	0.00617	-0.00120	-0.00620	0.99998		-110.19661	-126.87585	-0.82662	-0.24833	0.42509	0.66860	0.14355	0.99990	-0.01167	-0.00742	0.01164	0.99992	-0.00433	0.00747	0.00425	0.99996	
5	0.02500	53.65053	23.31409	0.24946	0.35211	-0.07621	-1.13641	1.03835	0.99980	0.01983	0.00133	-0.01984	0.99978	0.00615	-0.00121	-0.00617	0.99998		-110.19372	-126.88996	-0.83478	-0.24942	0.42404	0.66984	0.14917	0.99990	-0.01169	-0.00740	0.01166	0.99992	-0.00435	0.00745	0.00427	0.99996	
6	0.03000	53.60988	23.33391	0.27166	0.35254	-0.07168	-1.13862	1.03603	0.99980	0.01987	0.00125	-0.01988	0.99978	0.00615	-0.00113	-0.00618	0.99998		-110.20559	-126.87194	-0.82649	-0.24865	0.42496	0.67036	0.14155	0.99990	-0.01170	-0.00742	0.01167	0.99992	-0.00434	0.00747	0.00425	0.99996	
7	0.03500	53.62386	23.31415	0.25954	0.35208	-0.07312	-1.13867	1.02987	0.99980	0.01987	0.00128	-0.01988	0.99978	0.00614	-0.00115	-0.00617	0.99998		-110.21387	-126.88270	-0.83470	-0.25110	0.42680	0.67056	0.13920	0.99990	-0.01170	-0.00745	0.01167	0.99992	-0.00438	0.00750	0.00429	0.99996	
8	0.04000	53.63273	23.33684	0.26049	0.35454	-0.07496	-1.13957	1.03063	0.99980	0.01989	0.00131	-0.01990	0.99978	0.00619	-0.00118	-0.00621	0.99998		-110.16906	-126.85968	-0.83134	-0.25056	0.42451	0.67064	0.13528	0.99990	-0.01170	-0.00741	0.01167	0.99992	-0.00437	0.00746	0.00429	0.99996	
9	0.04500	53.64171	23.33366	0.25371	0.35180	-0.07481	-1.13536	1.03596	0.99980	0.01981	0.00131	-0.01982	0.99978	0.00614	-0.00118	-0.00616	0.99998		-110.20739	-126.87389	-0.83447	-0.25526	0.42654	0.66855	0.15644	0.99990	-0.01167	-0.00744	0.01163	0.99992	-0.00445	0.00750	0.00437	0.99996	
10	0.05000	53.62327	23.33217	0.22370	0.35225	-0.07437	-1.13906	1.00836	0.99980	0.01988	0.00130	-0.01989	0.99978	0.00615	-0.00118	-0.00617	0.99998		-110.22544	-126.87531	-0.83005	-0.25387	0.42559	0.67408	0.14055	0.99990	-0.01176	-0.00743	0.01173	0.99992	-0.00443	0.00748	0.00434	0.99996	
11	0.05500	53.43372	23.18612	0.40309	0.34646	-0.06849	-1.12915	1.08485	0.99981	0.01971	0.00120	-0.01971	0.99979	0.00605	-0.00108	-0.00607	0.99998		-110.21078	-126.87188	-0.83433	-0.25596	0.42516	0.66883	0.15170	0.99990	-0.01167	-0.00742	0.01164	0.99992	-0.00447	0.00747	0.00438	0.99996	
12	0.06000	53.37140	23.17612	0.40561	0.34491	-0.06510	-1.13167	1.09338	0.99980	0.01975	0.00114	-0.01976	0.99979	0.00602	-0.00102	-0.00604	0.99998		-110.21002	-126.86824	-0.83868	-0.25724	0.42523	0.67146	0.13557	0.99990	-0.01172	-0.00742	0.01169	0.99992	-0.00449	0.00747	0.00440	0.99996	
13	0.06500	53.39698	23.17300	0.40667	0.34791	-0.06844	-1.13449	1.09736	0.99980	0.01980	0.00119	-0.01981	0.99979	0.00607	-0.00107	-0.00609	0.99998		-110.18625	-126.86213	-0.83870	-0.25671	0.42229	0.67164	0.14829	0.99990	-0.01172	-0.00737	0.01169	0.99992	-0.00448	0.00742	0.00439	0.99996	
14	0.07000	53.38855	23.17009	0.41390	0.34712	-0.06849	-1.12727	1.10703	0.99981	0.01967	0.00120	-0.01968	0.99979	0.00606	-0.00108	-0.00608	0.99998		-110.19395	-126.87529	-0.83000	-0.26093	0.42188	0.67130	0.13464	0.99990	-0.01172	-0.00736	0.01168	0.99992	-0.00455	0.00742	0.00447	0.99996	
15	0.07500	53.34301	23.15676	0.41936	0.34594	-0.05757	-1.12708	1.10237	0.99981	0.01967	0.00100	-0.01968	0.99979	0.00604	-0.00089	-0.00606	0.99998		-110.18897	-126.86477	-0.83843	-0.26055	0.42107	0.67138	0.13835	0.99990	-0.01172	-0.00735	0.01168	0.99992	-0.00455	0.00740	0.00446	0.99996	
16	0.08000	53.36318	23.17311	0.43035	0.34782	-0.06298	-1.12777	1.09992	0.99981	0.01968	0.00110	-0.01969	0.99979	0.00607	-0.00098	-0.00609	0.99998		-110.18489	-126.87141	-0.83411	-0.26206	0.42012	0.67169	0.13979	0.99990	-0.01172	-0.00733	0.01169	0.99992	-0.00457	0.00739	0.00449	0.99996	
17	0.08500	53.34897	23.15974	0.42012	0.34842	-0.06318	-1.13395	1.10095	0.99980	0.01979	0.00110	-0.01980	0.99979	0.00608	-0.00098	-0.00610	0.99998		-110.20098	-126.85153	-0.83825	-0.26077	0.42219	0.67128	0.15349	0.99990	-0.01172	-0.00737	0.01168	0.99992	-0.00455	0.00742	0.00446	0.99996	
18	0.09000	53.37034	23.16687	0.43161	0.34823	-0.06116	-1.12370	1.11698	0.99981	0.01961	0.00107	-0.01962	0.99979	0.00608	-0.00095	-0.00610	0.99998		-110.18755	-126.85367	-0.83414	-0.26328	0.41945	0.66978	0.13908	0.99990	-0.01169	-0.00732	0.01166	0.99992	-0.00460	0.00737	0.00451	0.99996	
19	0.09500	53.31697	23.16311	0.44645	0.34820	-0.05138	-1.12249	1.11051	0.99981	0.01959	0.00090	-0.01959	0.99979	0.00608	-0.00078	-0.00609	0.99998		-110.17476	-126.86181	-0.83800	-0.26414	0.41404	0.67141	0.14597	0.99991	-0.01172	-0.00723	0.01168	0.99992	-0.00461	0.00728	0.00453	0.99996	
20	0.10000	53.36330	23.16604	0.42860	0.35026	-0.06257	-1.12547	1.11904	0.99981	0.01964	0.00109	-0.01965	0.99979	0.00611	-0.00097	-0.00613	0.99998		-110.17771	-126.89389	-0.84124	-0.27065	0.41192	0.67255	0.13688	0.99991	-0.01174	-0.00719	0.01170	0.99992	-0.00472	0.00724	0.00464	0.99996	
21	0.10500	53.33764	23.14639	0.43186	0.34877	-0.05740	-1.12580	1.11074	0.99981	0.01965	0.00100	-0.01965	0.99979	0.00609	-0.00088	-0.00611	0.99998		-110.22346	-126.85508	-0.83299	-0.26830	0.41915	0.66805	0.15979	0.99991	-0.01166	-0.00732	0.01163	0.99992	-0.00468	0.00737	0.00460	0.99996	
22	0.11000	53.31147	23.13671	0.43993	0.34918	-0.05530	-1.12640	1.10792	0.99981	0.01966	0.00097	-0.01966	0.99979	0.00609	-0.00085	-0.00611	0.99998		-110.16665	-126.86276	-0.82921	-0.26760	0.41027	0.66838	0.14143	0.99991	-0.01166	-0.00716	0.01163	0.99992	-0.00467	0.00721	0.00459	0.99996	
23	0.11500	53.31756	23.15659	0.43713	0.35072	-0.05383	-1.12268	1.12348	0.99981	0.01959	0.00094	-0.01960	0.99979	0.00612	-0.00082	-0.00614	0.99998		-110.17155	-126.87590	-0.83731	-0.26947	0.41363	0.67051	0.16416	0.99991	-0.01170	-0.00722	0.01167	0.99992	-0.00470	0.00727	0.00462	0.99996	
24	0.12000	53.28253	23.15254	0.45108	0.35339	-0.04737	-1.12594	1.11161	0.99981	0.01965	0.00083	-0.01965	0.99979	0.00617	-0.00071	-0.00618	0.99998		-110.22014	-126.87226	-0.84457	-0.27164	0.41098	0.67366	0.15088	0.99991	-0.01176	-0.00717	0.01172	0.99992	-0.00474	0.00723	0.00466	0.99996	
25	0.12500	53.35647	23.16974	0.44723	0.35498	-0.05380	-1.12448	1.12534	0.99981	0.01962	0.00094	-0.01963	0.99979	0.00620	-0.00082	-0.00621	0.99998		-110.16779	-126.87228	-0.83235	-0.27424	0.40658	0.66969	0.15504	0.99991	-0.01169	-0.00710	0.01165	0.99992	-0.00479	0.00715	0.00470	0.99996	
26	0.13000	53.33070	23.17186	0.44823	0.35788	-0.05162	-1.12593	1.12129	0.99981	0.01965	0.00090	-0.01966	0.99979	0.00625	-0.00078	-0.00626	0.99998		-110.19772	-126.86050	-0.84093	-0.27162	0.41348	0.67260	0.16224	0.99991	-0.01174	-0.00722	0.01170	0.99992	-0.00474	0.00727	0.00466	0.99996	
27	0.13500	53.32431	23.18692	0.45057	0.36156	-0.05393	-1.12786	1.12366	0.99981	0.01968	0.00094	-0.01969	0.99979	0.00631	-0.00082	-0.00633	0.99998		-110.17541	-126.85922	-0.83227	-0.27351	0.40406	0.66976	0.15069	0.99991	-0.01169	-0.00705	0.01166	0.99992	-0.00477	0.00711	0.00469	0.99996	
28	0.14000	53.33270	23.18049	0.45140	0.36059	-0.05153	-1.12131	1.13225	0.99981	0.01957	0.00090	-0.01957	0.99979	0.00629	-0.00078	-0.00631	0.99998		-110.17160	-126.86320	-0.83650	-0.27537	0.40563	0.67176	0.14723	0.99991	-0.01172	-0.00708	0.01169	0.99992	-0.00481	0.00714	0.00472	0.99996	
29	0.14500	53.33462	23.15657	0.46206	0.35901	-0.04722	-1.11895	1.13194	0.99981	0.01953	0.00082	-0.01953	0.99979	0.00627	-0.00070	-0.00628	0.99998		-110.18011	-126.85930	-0.84047	-0.27571	0.40540	0.67351	0.14552	0.99991	-0.01175	-0.00708	0.01172	0.99992	-0.00481	0.00713	0.00473	0.99996	
30	0.15000	53.32219	23.18017	0.45779	0.36430	-0.04675	-1.12583	1.13928	0.99981	0.01965	0.00082	-0.01965	0.99979	0.00636	-0.00069	-0.00637	0.99998		-110.20470	-126.87101	-0.83987	-0.27656	0.40608	0.67096	0.16136	0.99991	-0.01171	-0.00709	0.01168	0.99992	-0.00483	0.00714	0.00474	0.99996	
31	0.15500	53.29383	23.18482	0.46326	0.36498	-0.04390	-1.12504	1.12692	0.99981	0.01963	0.00077	-0.01964	0.99979	0.00637	-0.00064	-0.00638	0.99998		-110.17554	-126.87299	-0.82325	-0.27998	0.40220	0.67155	0.14711	0.99991	-0.01172	-0.00702	0.01169	0.99992	-0.00489	0.00708	0.00480	0.99996	
32	0.16000	53.30857	23.16895	0.46154	0.36503	-0.04309	-1.12117	1.13387	0.99981	0.01957	0.00075	-0.01957	0.99979	0.00637	-0.00063	-0.00638	0.99998		-110.17124	-126.86049	-0.82747	-0.27825	0.39911	0.67162	0.14236	0.99991	-0.01172	-0.00697	0.01169	0.99992	-0.00486	0.00702	0.00477	0.99996	
33	0.16500	53.28064	23.17918	0.47821	0.36928	-0.03914	-1.12571	1.12856	0.99981	0.01965	0.00068	-0.01965	0.99979	0.00645	-0.00056	-0.00646	0.99998		-110.17096	-126.87247	-0.83141	-0.28097	0.39898	0.67203	0.14376	0.99991	-0.01173	-0.00696	0.01169	0.99992	-0.00490	0.00702	0.00482	0.99996	
34	0.17000	53.33229	23.20209	0.47527	0.37294	-0.04257	-1.12306	1.13574	0.99981	0.01960	0.00074	-0.01960	0.99979	0.00651	-0.00062	-0.00652	0.99998		-110.19943	-126.86618	-0.83102	-0.27783	0.40068	0.67453	0.16254	0.99991	-0.01177	-0.00699	0.01174	0.99992	-0.00485	0.00705	0.00477	0.99996	
35	0.17500	53.31349	23.19674	0.47520	0.37370	-0.03894	-1.11963	1.14270	0.99981	0.01954	0.00068	-0.01954	0.99979	0.00652	-0.00055	-0.00653	0.99998		-110.23360	-126.84870	-0.83067	-0.27947	0.40235	0.67067	0.15238	0.99991	-0.01170	-0.00702	0.01167	0.99992	-0.00488	0.00708	0.00480	0.99996	
36	0.18000	53.29607	23.19317	0.47576	0.37430	-0.03650	-1.12233	1.13405	0.99981	0.01959	0.00064	-0.01959	0.99979	0.00653	-0.00051	-0.00654	0.99998		-110.22906	-126.85536	-0.83057	-0.28097	0.40131	0.67098	0.15477	0.99991	-0.01171	-0.00700	0.01168	0.99992	-0.00490	0.00706	0.00482	0.99996	
37	0.18500	53.25951	23.21472	0.48778	0.37993	-0.03610	-1.12647	1.13426	0.99981	0.01966	0.00063	-0.01966	0.99978	0.00663	-0.00050	-0.00664	0.99998		-110.18264	-126.84718	-0.84354	-0.28072	0.39575	0.66942	0.15309	0.99991	-0.01168	-0.00691	0.01165	0.99992	-0.00490	0.00696	0.00482	0.99996	
38	0.19000	53.31533	23.20335	0.48971	0.38042	-0.03702	-1.12029	1.15123	0.99981	0.01955	0.00065	-0.01956	0.99979	0.00664	-0.00052	-0.00665	0.99998		-110.19661	-126.85974	-0.82648	-0.28277	0.39632	0.67242	0.14581	0.99991	-0.01174	-0.00692	0.01170	0.99992	-0.00494	0.00697	0.00485	0.99996	
39	0.19500	53.27922	23.21180	0.48786	0.38266	-0.03183	-1.12581	1.13726	0.99981	0.01965	0.00056	-0.01965	0.99978	0.00668	-0.00042	-0.00669	0.99998		-110.19707	-126.85766	-0.82642	-0.28141	0.39395	0.67242	0.13986	0.99991	-0.01174	-0.00688	0.01170	0.99992	-0.00491	0.00693	0.00483	0.99996	
40	0.20000	53.28661	23.21477	0.50480	0.38476	-0.03300	-1.12322	1.14687	0.99981	0.01960	0.00058	-0.01961	0.99979	0.00672	-0.00044	-0.00673	0.99998		-110.21675	-126.85113	-0.82592	-0.28228	0.39420	0.66897	0.15206	0.99991	-0.01168	-0.00688	0.01164	0.99992	-0.00493	0.00694	0.00485	0.99996	
41	0.20500	53.25278	23.22221	0.48733	0.38639	-0.02958	-1.12305	1.14024	0.99981	0.01960	0.00052	-0.01960	0.99979	0.00674	-0.00038	-0.00675	0.99998		-110.19383	-126.86724	-0.83008	-0.28360	0.39325	0.67204	0.16452	0.99991	-0.01173	-0.00686	0.01170	0.99992	-0.00495	0.00692	0.00487	0.99996	
42	0.21000	53.29936	23.20526	0.48420	0.38728	-0.02971	-1.12067	1.15306	0.99981	0.01956	0.00052	-0.01956	0.99979	0.00676	-0.00039	-0.00677	0.99998		-110.20640	-126.86397	-0.82132	-0.28520	0.39181	0.67120	0.16059	0.99991	-0.01171	-0.00684	0.01168	0.99992	-0.00498	0.00690	0.00490	0.99996	
43	0.21500	53.25607	23.23404	0.49906	0.39127	-0.02985	-1.12567	1.14459	0.99981	0.01965	0.00052	-0.01965	0.99978	0.00683	-0.00039	-0.00684	0.99998		-110.22336	-126.85529	-0.82109	-0.28564	0.39122	0.67590	0.14823	0.99991	-0.01180	-0.00683	0.01176	0.99992	-0.00499	0.00689	0.00490	0.99996	
44	0.22000	53.24934	23.23173	0.50154	0.39495	-0.02502	-1.12354	1.15141	0.99981	0.01961	0.00044	-0.01961	0.99978	0.00689	-0.00030	-0.00690	0.99998		-110.17235	-126.86611	-0.83392	-0.28550	0.38397	0.66917	0.15255	0.99991	-0.01168	-0.00670	0.01165	0.99992	-0.00498	0.00676	0.00490	0.99997	
45	0.22500	53.30860	23.25350	0.50934	0.39971	-0.03388	-1.12759	1.13126	0.99981	0.01968	0.00059	-0.01968	0.99978	0.00698	-0.00045	-0.00699	0.99998		-110.19679	-126.86032	-0.81726	-0.28435	0.38964	0.66966	0.15813	0.99991	-0.01169	-0.00680	0.01165	0.99992	-0.00496	0.00686	0.00488	0.99996	
46	0.23000	53.21796	23.23329	0.50692	0.39791	-0.02234	-1.12409	1.15169	0.99981	0.01962	0.00039	-0.01962	0.99978	0.00694	-0.00025	-0.00695	0.99998		-110.17976	-126.86217	-0.82166	-0.28558	0.38817	0.67070	0.14547	0.99991	-0.01171	-0.00677	0.01167	0.99992	-0.00498	0.00683	0.00490	0.99996	
47	0.23500	53.24600	23.24311	0.53328	0.40230	-0.02480	-1.12500	1.13558	0.99981	0.01963	0.00043	-0.01964	0.99978	0.00702	-0.00029	-0.00703	0.99998		-110.17299	-126.86376	-0.82623	-0.28362	0.39095	0.67298	0.15202	0.99991	-0.01175	-0.00682	0.01171	0.99992	-0.00495	0.00688	0.00487	0.99996	
48	0.24000	53.28267	23.25305	0.52931	0.40518	-0.02818	-1.12228	1.13750	0.99981	0.01959	0.00049	-0.01959	0.99978	0.00707	-0.00035	-0.00708	0.99997		-110.21266	-126.85777	-0.82160	-0.28378	0.39325	0.66927	0.15357	0.99991	-0.01168	-0.00686	0.01165	0.99992	-0.00495	0.00692	0.00487	0.99996	
49	0.24500	53.25458	23.27135	0.54304	0.40985	-0.02751	-1.12053	1.13598	0.99981	0.01956	0.00048	-0.01956	0.99978	0.00715	-0.00034	-0.00716	0.99997		-110.19193	-126.85676	-0.82592	-0.28343	0.38851	0.66850	0.14688	0.99991	-0.01167	-0.00678	0.01163	0.99992	-0.00495	0.00684	0.00487	0.99996	
50	0.25000	53.25923	23.26158	0.54055	0.41064	-0.02443	-1.12539	1.13762	0.99981	0.01964	0.00043	-0.01964	0.99978	0.00717	-0.00029	-0.00717	0.99997		-110.18830	-126.86144	-0.82147	-0.28357	0.38514	0.66876	0.14185	0.99991	-0.01167	-0.00672	0.01164	0.99992	-0.00495	0.00678	0.00487	0.99997	
51	0.25500	53.26056	23.27412	0.53971	0.41298	-0.02188	-1.12177	1.15151	0.99981	0.01958	0.00038	-0.01958	0.99978	0.00721	-0.00024	-0.00721	0.99997		-110.21019	-126.86010	-0.81288	-0.28458	0.38782	0.67313	0.14125	0.99991	-0.01175	-0.00677	0.01171	0.99992	-0.00497	0.00683	0.00489	0.99996	
52	0.26000	53.23554	23.27521	0.55469	0.41697	-0.02075	-1.12670	1.14215	0.99981	0.01966	0.00036	-0.01967	0.99978	0.00728	-0.00022	-0.00728	0.99997		-110.21268	-126.85718	-0.82544	-0.27973	0.38785	0.66988	0.15170	0.99991	-0.01169	-0.00677	0.01166	0.99992	-0.00488	0.00683	0.00480	0.99997	
53	0.26500	53.29195	23.29078	0.55421	0.42044	-0.02484	-1.12119	1.15791	0.99981	0.01957	0.00043	-0.01957	0.99978	0.00734	-0.00029	-0.00735	0.99997		-110.21611	-126.85992	-0.82132	-0.28040	0.38863	0.67288	0.14720	0.99991	-0.01174	-0.00678	0.01171	0.99992	-0.00489	0.00684	0.00481	0.99996	
54	0.27000	53.22770	23.27471	0.57201	0.42068	-0.01895	-1.12374	1.14425	0.99981	0.01961	0.00033	-0.01961	0.99978	0.00734	-0.00019	-0.00735	0.99997		-110.23344	-126.85723	-0.82528	-0.28100	0.39038	0.67154	0.14703	0.99991	-0.01172	-0.00681	0.01169	0.99992	-0.00490	0.00687	0.00482	0.99996	
55	0.27500	53.26439	23.29368	0.57133	0.42444	-0.02374	-1.12195	1.15082	0.99981	0.01958	0.00041	-0.01958	0.99978	0.00741	-0.00027	-0.00741	0.99997		-110.21272	-126.86192	-0.82146	-0.27969	0.39003	0.67257	0.15230	0.99991	-0.01174	-0.00681	0.01170	0.99992	-0.00488	0.00686	0.00480	0.99996	
56	0.28000	53.24550	23.29980	0.57506	0.42774	-0.02277	-1.12252	1.14408	0.99981	0.01959	0.00040	-0.01959	0.99978	0.00747	-0.00025	-0.00747	0.99997		-110.20416	-126.86326	-0.81719	-0.27997	0.38805	0.67276	0.15608	0.99991	-0.01174	-0.00677	0.01171	0.99992	-0.00489	0.00683	0.00481	0.99997	
57	0.28500	53.25265	23.29843	0.57885	0.42660	-0.02370	-1.12010	1.14955	0.99981	0.01955	0.00041	-0.01955	0.99978	0.00745	-0.00027	-0.00745	0.99997		-110.23372	-126.86392	-0.81696	-0.27836	0.38972	0.67325	0.15100	0.99991	-0.01175	-0.00680	0.01172	0.99992	-0.00486	0.00686	0.00478	0.99997	
58	0.29000	53.27977	23.30752	0.59622	0.42987	-0.02536	-1.11874	1.16291	0.99981	0.01952	0.00044	-0.01953	0.99978	0.00750	-0.00030	-0.00751	0.99997		-110.20892	-126.86906	-0.82147	-0.27922	0.38879	0.67093	0.14747	0.99991	-0.01171	-0.00679	0.01168	0.99992	-0.00487	0.00684	0.00479	0.99997	
59	0.29500	53.27375	23.32994	0.59738	0.43339	-0.02458	-1.12370	1.14991	0.99981	0.01961	0.00043	-0.01961	0.99978	0.00756	-0.00028	-0.00757	0.99997		-110.19473	-126.87108	-0.81358	-0.27730	0.38983	0.66760	0.15240	0.99991	-0.01165	-0.00680	0.01162	0.99992	-0.00484	0.00686	0.00476	0.99997	
60	0.30000	53.24870	23.32229	0.60272	0.43514	-0.02201	-1.11931	1.15921	0.99981	0.01953	0.00038	-0.01954	0.99978	0.00759	-0.00024	-0.00760	0.99997		-110.22538	-126.85942	-0.82155	-0.27613	0.39013	0.67301	0.14768	0.99991	-0.01175	-0.00681	0.01171	0.99992	-0.00482	0.00687	0.00474	0.99997	
61	0.30500	53.24717	23.31333	0.61658	0.43668	-0.02271	-1.12204	1.14767	0.99981	0.01958	0.00040	-0.01958	0.99978	0.00762	-0.00025	-0.00763	0.99997		-110.22826	-126.85534	-0.82197	-0.27402	0.39295	0.67078	0.14772	0.99991	-0.01171	-0.00686	0.01167	0.99992	-0.00478	0.00691	0.00470	0.99997	
62	0.31000	53.23708	23.32864	0.62886	0.43944	-0.02423	-1.11900	1.15419	0.99981	0.01953	0.00042	-0.01953	0.99978	0.00767	-0.00027	-0.00768	0.99997		-110.21321	-126.87997	-0.81762	-0.27642	0.39110	0.67294	0.13835	0.99991	-0.01174	-0.00683	0.01171	0.99992	-0.00482	0.00688	0.00474	0.99997	
63	0.31500	53.24087	23.34082	0.62595	0.44547	-0.02990	-1.13308	1.14694	0.99980	0.01977	0.00052	-0.01978	0.99977	0.00777	-0.00037	-0.00778	0.99997		-110.23454	-126.87158	-0.81333	-0.27370	0.39360	0.67161	0.14805	0.99991	-0.01172	-0.00687	0.01169	0.99992	-0.00478	0.00692	0.00470	0.99996	
64	0.32000	53.23404	23.34017	0.63765	0.44532	-0.02576	-1.13047	1.14455	0.99981	0.01973	0.00045	-0.01973	0.99978	0.00777	-0.00030	-0.00778	0.99997		-110.23195	-126.87397	-0.82188	-0.27302	0.39513	0.67408	0.15772	0.99991	-0.01176	-0.00690	0.01173	0.99992	-0.00476	0.00695	0.00468	0.99996	
65	0.32500	53.23255	23.34087	0.62917	0.44453	-0.02280	-1.12262	1.14815	0.99981	0.01959	0.00040	-0.01959	0.99978	0.00776	-0.00025	-0.00776	0.99997		-110.22250	-126.86457	-0.81796	-0.27084	0.39293	0.67006	0.14470	0.99991	-0.01169	-0.00686	0.01166	0.99992	-0.00473	0.00691	0.00465	0.99997	
66	0.33000	53.24969	23.35928	0.63969	0.45170	-0.03062	-1.12674	1.15284	0.99981	0.01966	0.00053	-0.01967	0.99978	0.00788	-0.00038	-0.00789	0.99997		-110.24943	-126.88772	-0.81334	-0.27114	0.39584	0.67299	0.14361	0.99991	-0.01175	-0.00691	0.01171	0.99992	-0.00473	0.00696	0.00465	0.99996	
67	0.33500	53.24292	23.36664	0.65962	0.45547	-0.02839	-1.13040	1.13283	0.99981	0.01973	0.00050	-0.01973	0.99977	0.00795	-0.00034	-0.00796	0.99997		-110.25037	-126.88308	-0.81780	-0.26893	0.39818	0.67239	0.14801	0.99991	-0.01173	-0.00695	0.01170	0.99992	-0.00469	0.00700	0.00461	0.99996	
68	0.34000	53.19662	23.37279	0.67232	0.45666	-0.02751	-1.13379	1.13183	0.99980	0.01979	0.00048	-0.01979	0.99977	0.00797	-0.00032	-0.00798	0.99997		-110.23515	-126.87721	-0.81843	-0.26821	0.40205	0.67212	0.16327	0.99991	-0.01173	-0.00702	0.01170	0.99992	-0.00468	0.00707	0.00460	0.99996	
69	0.34500	53.22768	23.37727	0.67601	0.45837	-0.03189	-1.13445	1.13138	0.99980	0.01980	0.00056	-0.01980	0.99977	0.00800	-0.00040	-0.00801	0.99997		-110.22250	-126.87353	-0.83099	-0.26646	0.39640	0.67582	0.13773	0.99991	-0.01179	-0.00692	0.01176	0.99992	-0.00465	0.00697	0.00457	0.99997	
70	0.35000	53.22591	23.37434	0.66055	0.45959	-0.03291	-1.13927	1.12377	0.99980	0.01988	0.00057	-0.01989	0.99977	0.00802	-0.00041	-0.00803	0.99997		-110.23665	-126.87526	-0.82673	-0.26685	0.39988	0.67208	0.15446	0.99991	-0.01173	-0.00698	0.01170	0.99992	-0.00466	0.00703	0.00458	0.99996	
71	0.35500	53.20265	23.36909	0.68757	0.45900	-0.03005	-1.13390	1.13715	0.99980	0.01979	0.00052	-0.01979	0.99977	0.00801	-0.00037	-0.00802	0.99997		-110.22915	-126.89382	-0.83100	-0.26785	0.39967	0.67230	0.13815	0.99991	-0.01173	-0.00698	0.01170	0.99992	-0.00467	0.00703	0.00459	0.99996	
72	0.36000	53.22056	23.37242	0.69055	0.46019	-0.03191	-1.13114	1.14512	0.99980	0.01974	0.00056	-0.01974	0.99977	0.00803	-0.00040	-0.00804	0.99997		-110.22947	-126.88913	-0.81875	-0.26564	0.40199	0.67171	0.14265	0.99991	-0.01172	-0.00702	0.01169	0.99992	-0.00464	0.00707	0.00455	0.99996	
73	0.36500	53.19505	23.37868	0.69579	0.46317	-0.03252	-1.13171	1.13733	0.99980	0.01975	0.00057	-0.01975	0.99977	0.00808	-0.00041	-0.00809	0.99997		-110.24555	-126.88196	-0.82737	-0.26193	0.40534	0.67188	0.14343	0.99991	-0.01173	-0.00707	0.01169	0.99992	-0.00457	0.00713	0.00449	0.99996	
74	0.37000	53.21479	23.37501	0.69953	0.46255	-0.03904	-1.13612	1.12438	0.99980	0.01983	0.00068	-0.01983	0.99977	0.00807	-0.00052	-0.00808	0.99997		-110.22825	-126.90284	-0.82317	-0.26548	0.40348	0.67154	0.13350	0.99991	-0.01172	-0.00704	0.01169	0.99992	-0.00463	0.00710	0.00455	0.99996	
75	0.37500	53.18249	23.37933	0.72739	0.46719	-0.03207	-1.13300	1.12383	0.99980	0.01977	0.00056	-0.01978	0.99977	0.00815	-0.00040	-0.00816	0.99997		-110.23223	-126.89155	-0.82360	-0.26175	0.40656	0.67066	0.13877	0.99991	-0.01170	-0.00710	0.01167	0.99992	-0.00457	0.00715	0.00449	0.99996	
76	0.38000	53.22022	23.39773	0.70761	0.46689	-0.04022	-1.13516	1.13137	0.99980	0.01981	0.00070	-0.01982	0.99977	0.00815	-0.00054	-0.00816	0.99997		-110.22195	-126.90211	-0.83183	-0.26212	0.40378	0.67381	0.13348	0.99991	-0.01176	-0.00705	0.01173	0.99992	-0.00457	0.00710	0.00449	0.99996	
77	0.38500	53.19858	23.38531	0.72093	0.46627	-0.03827	-1.13539	1.13127	0.99980	0.01981	0.00067	-0.01982	0.99977	0.00814	-0.00051	-0.00815	0.99997		-110.24073	-126.89019	-0.81994	-0.25921	0.41283	0.67257	0.14273	0.99991	-0.01174	-0.00721	0.01171	0.99992	-0.00452	0.00726	0.00444	0.99996	
78	0.39000	53.21033	23.40339	0.74114	0.46958	-0.03901	-1.13948	1.14385	0.99980	0.01989	0.00068	-0.01989	0.99977	0.00820	-0.00052	-0.00821	0.99997		-110.23656	-126.90114	-0.82818	-0.25746	0.41124	0.66829	0.15203	0.99991	-0.01166	-0.00718	0.01163	0.99992	-0.00449	0.00723	0.00441	0.99996	
79	0.39500	53.22660	23.39129	0.73609	0.46849	-0.04499	-1.13793	1.14313	0.99980	0.01986	0.00079	-0.01987	0.99977	0.00818	-0.00062	-0.00819	0.99997		-110.23675	-126.88549	-0.82016	-0.25603	0.41161	0.67049	0.13292	0.99991	-0.01170	-0.00718	0.01167	0.99992	-0.00447	0.00724	0.00438	0.99996	
80	0.40000	53.18986	23.39260	0.73713	0.47101	-0.04066	-1.13768	1.13058	0.99980	0.01985	0.00071	-0.01986	0.99977	0.00822	-0.00055	-0.00823	0.99997		-110.23308	-126.89705	-0.82858	-0.25749	0.41288	0.67349	0.13544	0.99990	-0.01175	-0.00721	0.01172	0.99992	-0.00449	0.00726	0.00441	0.99996	
81	0.40500	53.21274	23.37920	0.75967	0.46817	-0.04102	-1.12934	1.13947	0.99981	0.01971	0.00072	-0.01971	0.99977	0.00817	-0.00055	-0.00818	0.99997		-110.27578	-126.88353	-0.84989	-0.25040	0.42186	0.67487	0.13912	0.99990	-0.01178	-0.00736	0.01175	0.99992	-0.00437	0.00741	0.00428	0.99996	
82	0.41000	53.19155	23.38744	0.75736	0.47108	-0.04288	-1.13728	1.13224	0.99980	0.01985	0.00075	-0.01985	0.99977	0.00822	-0.00059	-0.00824	0.99997		-110.27982	-126.90330	-0.82856	-0.25490	0.42280	0.67249	0.14106	0.99990	-0.01174	-0.00738	0.01170	0.99992	-0.00445	0.00743	0.00436	0.99996	
83	0.41500	53.21380	23.39167	0.76890	0.47074	-0.05067	-1.13218	1.14133	0.99980	0.01976	0.00088	-0.01977	0.99977	0.00822	-0.00072	-0.00823	0.99997		-110.24650	-126.91478	-0.82439	-0.25627	0.41729	0.67215	0.13568	0.99990	-0.01173	-0.00728	0.01170	0.99992	-0.00447	0.00733	0.00439	0.99996	
84	0.42000	53.22067	23.40139	0.75524	0.47093	-0.04752	-1.12786	1.15081	0.99981	0.01968	0.00083	-0.01969	0.99977	0.00822	-0.00067	-0.00823	0.99997		-110.25592	-126.90999	-0.82061	-0.25610	0.42207	0.66899	0.13517	0.99990	-0.01168	-0.00737	0.01164	0.99992	-0.00447	0.00742	0.00438	0.99996	
85	0.42500	53.24613	23.39989	0.77182	0.47345	-0.05406	-1.13756	1.14300	0.99980	0.01985	0.00094	-0.01986	0.99977	0.00826	-0.00078	-0.00828	0.99997		-110.24590	-126.90661	-0.82516	-0.25417	0.42173	0.67511	0.11848	0.99990	-0.01178	-0.00736	0.01175	0.99992	-0.00444	0.00741	0.00435	0.99996	
86	0.43000	53.21276	23.38794	0.77102	0.47177	-0.05034	-1.13049	1.14517	0.99980	0.01973	0.00088	-0.01974	0.99977	0.00823	-0.00072	-0.00825	0.99997		-110.26812	-126.91138	-0.81624	-0.25443	0.42448	0.67507	0.15072	0.99990	-0.01178	-0.00741	0.01175	0.99992	-0.00444	0.00746	0.00435	0.99996	
87	0.43500	53.20831	23.37886	0.78023	0.46824	-0.05017	-1.13051	1.14376	0.99980	0.01973	0.00088	-0.01974	0.99977	0.00817	-0.00071	-0.00819	0.99997		-110.26301	-126.92685	-0.82038	-0.25581	0.42286	0.67253	0.14278	0.99990	-0.01174	-0.00738	0.01170	0.99992	-0.00446	0.00743	0.00438	0.99996	
88	0.44000	53.23552	23.39254	0.76553	0.47280	-0.05440	-1.13359	1.13787	0.99980	0.01978	0.00095	-0.01979	0.99977	0.00825	-0.00079	-0.00827	0.99997		-110.26589	-126.92290	-0.82080	-0.25370	0.42568	0.67031	0.14093	0.99990	-0.01170	-0.00743	0.01167	0.99992	-0.00443	0.00748	0.00434	0.99996	
89	0.44500	53.20950	23.37421	0.79211	0.46906	-0.05373	-1.12825	1.14319	0.99981	0.01969	0.00094	-0.01970	0.99977	0.00819	-0.00078	-0.00820	0.99997		-110.23288	-126.93621	-0.82108	-0.25537	0.42485	0.67439	0.13053	0.99990	-0.01177	-0.00742	0.01174	0.99992	-0.00446	0.00747	0.00437	0.99996	
90	0.45000	53.23916	23.38290	0.77464	0.46877	-0.05879	-1.13301	1.14742	0.99980	0.01977	0.00103	-0.01978	0.99977	0.00818	-0.00086	-0.00820	0.99997		-110.24229	-126.94499	-0.82092	-0.25647	0.42449	0.67457	0.11945	0.99990	-0.01177	-0.00741	0.01174	0.99992	-0.00448	0.00746	0.00439	0.99996	
91	0.45500	53.22569	23.40189	0.79627	0.47252	-0.05689	-1.12971	1.13793	0.99981	0.01972	0.00099	-0.01972	0.99977	0.00825	-0.00083	-0.00826	0.99997		-110.24481	-126.95020	-0.82101	-0.25646	0.42724	0.67239	0.14013	0.99990	-0.01173	-0.00746	0.01170	0.99992	-0.00448	0.00751	0.00439	0.99996	
92	0.46000	53.24858	23.38910	0.79862	0.46992	-0.06167	-1.12978	1.13170	0.99981	0.01972	0.00108	-0.01973	0.99977	0.00820	-0.00091	-0.00822	0.99997		-110.26239	-126.93406	-0.82116	-0.25287	0.43131	0.67261	0.14461	0.99990	-0.01174	-0.00753	0.01171	0.99992	-0.00441	0.00758	0.00432	0.99996	
93	0.46500	53.25626	23.38677	0.80283	0.46975	-0.06289	-1.13282	1.14889	0.99980	0.01977	0.00110	-0.01978	0.99977	0.00820	-0.00094	-0.00822	0.99997		-110.26574	-126.92500	-0.82946	-0.25401	0.43030	0.67471	0.13707	0.99990	-0.01178	-0.00751	0.01174	0.99992	-0.00443	0.00756	0.00434	0.99996	
94	0.47000	53.21734	23.38283	0.80725	0.46938	-0.05959	-1.12945	1.14737	0.99981	0.01971	0.00104	-0.01972	0.99977	0.00819	-0.00088	-0.00821	0.99997		-110.24803	-126.95089	-0.82531	-0.25657	0.42794	0.67074	0.13180	0.99990	-0.01171	-0.00747	0.01167	0.99992	-0.00448	0.00752	0.00439	0.99996	
95	0.47500	53.23389	23.37435	0.81187	0.46926	-0.06373	-1.13588	1.14930	0.99980	0.01982	0.00111	-0.01983	0.99977	0.00819	-0.00095	-0.00821	0.99997		-110.25845	-126.95529	-0.83773	-0.25649	0.43248	0.67137	0.14434	0.99990	-0.01172	-0.00755	0.01168	0.99992	-0.00448	0.00760	0.00439	0.99996	
96	0.48000	53.22593	23.36243	0.81532	0.46458	-0.06334	-1.13044	1.14952	0.99980	0.01973	0.00111	-0.01974	0.99977	0.00811	-0.00095	-0.00813	0.99997		-110.27837	-126.95532	-0.82506	-0.25775	0.43488	0.67305	0.14062	0.99990	-0.01175	-0.00759	0.01171	0.99992	-0.00450	0.00764	0.00441	0.99996	
97	0.48500	53.21587	23.36315	0.81513	0.46417	-0.06400	-1.13066	1.14669	0.99980	0.01973	0.00112	-0.01974	0.99977	0.00810	-0.00096	-0.00812	0.99997		-110.29462	-126.94338	-0.83357	-0.25410	0.43615	0.67055	0.14024	0.99990	-0.01170	-0.00761	0.01167	0.99992	-0.00443	0.00766	0.00435	0.99996	
98	0.49000	53.24731	23.35489	0.82655	0.46124	-0.06370	-1.12397	1.15378	0.99981	0.01962	0.00111	-0.01962	0.99977	0.00805	-0.00095	-0.00807	0.99997		-110.23579	-126.96694	-0.82121	-0.26006	0.42965	0.67360	0.12224	0.99990	-0.01176	-0.00750	0.01172	0.99992	-0.00454	0.00755	0.00445	0.99996	
99	0.49500	53.26136	23.34834	0.81470	0.45926	-0.06906	-1.12403	1.15537	0.99981	0.01962	0.00121	-0.01963	0.99978	0.00802	-0.00105	-0.00804	0.99997		-110.27348	-126.95260	-0.82950	-0.25592	0.43597	0.67100	0.14073	0.99990	-0.01171	-0.00761	0.01168	0.99992	-0.00447	0.00766	0.00438	0.99996	
100	0.50000	53.26222	23.36498	0.81919	0.46031	-0.06821	-1.12747	1.14957	0.99981	0.01968	0.00119	-0.01969	0.99977	0.00803	-0.00103	-0.00806	0.99997		-110.24876	-126.96045	-0.83822	-0.25739	0.43485	0.67496	0.13209	0.99990	-0.01178	-0.00759	0.01175	0.99992	-0.00449	0.00764	0.00440	0.99996	
101	0.50500	53.28229	23.34956	0.82841	0.45765	-0.07214	-1.13181	1.14815	0.99980	0.01975	0.00126	-0.01976	0.99977	0.00799	-0.00110	-0.00801	0.99997		-110.24882	-126.96641	-0.83393	-0.25787	0.43226	0.67406	0.12377	0.99990	-0.01176	-0.00754	0.01173	0.99992	-0.00450	0.00760	0.00441	0.99996	
102	0.51000	53.25927	23.34573	0.82395	0.45876	-0.07289	-1.13359	1.14970	0.99980	0.01978	0.00127	-0.01979	0.99977	0.00801	-0.00111	-0.00803	0.99997		-110.25694	-126.96862	-0.83807	-0.25722	0.43630	0.67008	0.13716	0.99990	-0.01169	-0.00761	0.01166	0.99992	-0.00449	0.00767	0.00440	0.99996	
103	0.51500	53.23753	23.34507	0.83288	0.45725	-0.07153	-1.13783	1.14157	0.99980	0.01986	0.00125	-0.01987	0.99977	0.00798	-0.00109	-0.00800	0.99997		-110.25370	-126.98015	-0.83812	-0.25869	0.43773	0.67307	0.13701	0.99990	-0.01175	-0.00764	0.01171	0.99992	-0.00451	0.00769	0.00442	0.99996	
104	0.52000	53.24053	23.32963	0.82389	0.45117	-0.07034	-1.12927	1.13986	0.99981	0.01971	0.00123	-0.01972	0.99977	0.00787	-0.00107	-0.00790	0.99997		-110.27835	-126.97747	-0.84208	-0.25843	0.43856	0.67578	0.12489	0.99990	-0.01179	-0.00765	0.01176	0.99992	-0.00451	0.00771	0.00442	0.99996	
105	0.52500	53.26834	23.34004	0.83108	0.45137	-0.07355	-1.12801	1.14887	0.99981	0.01969	0.00128	-0.01970	0.99977	0.00788	-0.00113	-0.00790	0.99997		-110.24915	-126.97227	-0.83385	-0.26012	0.43491	0.67535	0.13154	0.99990	-0.01179	-0.00759	0.01175	0.99992	-0.00454	0.00764	0.00445	0.99996	
106	0.53000	53.22795	23.32073	0.85744	0.44942	-0.07024	-1.13179	1.13633	0.99980	0.01975	0.00123	-0.01976	0.99977	0.00784	-0.00107	-0.00787	0.99997		-110.26693	-126.96725	-0.83812	-0.25901	0.43896	0.67024	0.13806	0.99990	-0.01170	-0.00766	0.01166	0.99992	-0.00452	0.00771	0.00443	0.99996	
107	0.53500	53.27061	23.31390	0.84698	0.44628	-0.07328	-1.13216	1.13296	0.99980	0.01976	0.00128	-0.01977	0.99977	0.00779	-0.00112	-0.00781	0.99997		-110.27014	-126.98795	-0.83327	-0.26284	0.43724	0.67482	0.14316	0.99990	-0.01178	-0.00763	0.01174	0.99992	-0.00459	0.00768	0.00450	0.99996	
108	0.54000	53.28484	23.32272	0.84157	0.44691	-0.07823	-1.13099	1.15222	0.99980	0.01974	0.00137	-0.01975	0.99977	0.00780	-0.00121	-0.00783	0.99997		-110.27632	-126.99274	-0.83369	-0.26279	0.44072	0.67351	0.12693	0.99990	-0.01175	-0.00769	0.01172	0.99992	-0.00459	0.00775	0.00450	0.99996	
109	0.54500	53.29505	23.31937	0.83387	0.44351	-0.08009	-1.12906	1.15594	0.99980	0.01970	0.00140	-0.01971	0.99978	0.00774	-0.00125	-0.00777	0.99997		-110.26016	-126.99743	-0.85029	-0.26469	0.43944	0.67391	0.13957	0.99990	-0.01176	-0.00767	0.01173	0.99992	-0.00462	0.00772	0.00453	0.99996	
110	0.55000	53.23621	23.30288	0.84594	0.43962	-0.07490	-1.13598	1.14779	0.99980	0.01983	0.00131	-0.01983	0.99977	0.00767	-0.00115	-0.00770	0.99997		-110.28404	-126.98664	-0.83359	-0.26254	0.44031	0.67064	0.12443	0.99990	-0.01170	-0.00768	0.01167	0.99992	-0.00458	0.00774	0.00449	0.99996	
111	0.55500	53.23854	23.30033	0.84330	0.43906	-0.07266	-1.13300	1.14214	0.99980	0.01977	0.00127	-0.01978	0.99977	0.00766	-0.00112	-0.00769	0.99997		-110.28397	-126.99860	-0.83337	-0.26527	0.44027	0.67107	0.12495	0.99990	-0.01171	-0.00768	0.01168	0.99992	-0.00463	0.00774	0.00454	0.99996	
112	0.56000	53.27774	23.31303	0.84870	0.43795	-0.07661	-1.13035	1.14751	0.99980	0.01973	0.00134	-0.01974	0.99978	0.00764	-0.00119	-0.00767	0.99997		-110.27128	-126.99661	-0.83763	-0.26569	0.43988	0.67117	0.13655	0.99990	-0.01171	-0.00768	0.01168	0.99992	-0.00464	0.00773	0.00455	0.99996	
113	0.56500	53.22620	23.31242	0.84170	0.43272	-0.07157	-1.12980	1.13583	0.99980	0.01972	0.00125	-0.01973	0.99978	0.00755	-0.00110	-0.00758	0.99997		-110.27114	-127.00588	-0.83339	-0.26877	0.44226	0.67330	0.13230	0.99990	-0.01175	-0.00772	0.01171	0.99992	-0.00469	0.00777	0.00460	0.99996	
114	0.57000	53.25470	23.29963	0.85132	0.43093	-0.07130	-1.13201	1.14987	0.99980	0.01976	0.00124	-0.01976	0.99978	0.00752	-0.00110	-0.00754	0.99997		-110.30096	-126.98982	-0.83741	-0.26447	0.44208	0.67181	0.13619	0.99990	-0.01172	-0.00772	0.01169	0.99992	-0.00462	0.00777	0.00453	0.99996	
115	0.57500	53.30983	23.28780	0.84201	0.42626	-0.07976	-1.13171	1.14361	0.99980	0.01975	0.00139	-0.01976	0.99978	0.00744	-0.00124	-0.00747	0.99997		-110.27943	-127.00721	-0.82911	-0.26813	0.44171	0.67138	0.13467	0.99990	-0.01172	-0.00771	0.01168	0.99992	-0.00468	0.00776	0.00459	0.99996	
116	0.58000	53.26340	23.27789	0.83931	0.42521	-0.07503	-1.13020	1.14527	0.99980	0.01972	0.00131	-0.01973	0.99978	0.00742	-0.00116	-0.00745	0.99997		-110.28641	-126.99395	-0.84154	-0.26739	0.43899	0.66869	0.12756	0.99990	-0.01167	-0.00766	0.01163	0.99992	-0.00467	0.00772	0.00458	0.99996	
117	0.58500	53.27999	23.28311	0.84291	0.42160	-0.07848	-1.12924	1.15834	0.99980	0.01971	0.00137	-0.01972	0.99978	0.00736	-0.00122	-0.00738	0.99997		-110.27460	-127.00657	-0.83727	-0.26913	0.43846	0.67186	0.13083	0.99990	-0.01173	-0.00765	0.01169	0.99992	-0.00470	0.00771	0.00461	0.99996	
118	0.59000	53.28463	23.27903	0.82776	0.42056	-0.07734	-1.13531	1.16014	0.99980	0.01981	0.00135	-0.01982	0.99978	0.00734	-0.00120	-0.00737	0.99997		-110.27499	-127.01852	-0.83290	-0.27185	0.43851	0.67224	0.13061	0.99990	-0.01173	-0.00765	0.01170	0.99992	-0.00474	0.00771	0.00465	0.99996	
119	0.59500	53.28044	23.28443	0.83004	0.42078	-0.07673	-1.13038	1.14049	0.99980	0.01973	0.00134	-0.01974	0.99978	0.00734	-0.00119	-0.00737	0.99997		-110.28823	-127.01797	-0.84091	-0.27204	0.43684	0.67414	0.12132	0.99990	-0.01177	-0.00762	0.01173	0.99992	-0.00475	0.00768	0.00466	0.99996	
120	0.60000	53.28763	23.26304	0.83041	0.41253	-0.08167	-1.13279	1.15269	0.99980	0.01977	0.00143	-0.01978	0.99978	0.00720	-0.00128	-0.00723	0.99997		-110.27875	-127.02566	-0.83230	-0.27465	0.43740	0.67099	0.14948	0.99990	-0.01171	-0.00763	0.01167	0.99992	-0.00479	0.00769	0.00470	0.99996	
121	0.60500	53.27340	23.25423	0.83412	0.41159	-0.07690	-1.13160	1.15176	0.99980	0.01975	0.00134	-0.01976	0.99978	0.00718	-0.00120	-0.00721	0.99997		-110.27495	-127.02819	-0.84105	-0.27198	0.43812	0.66761	0.13852	0.99990	-0.01165	-0.00765	0.01162	0.99992	-0.00475	0.00770	0.00466	0.99996	
122	0.61000	53.25336	23.24008	0.82350	0.40763	-0.07662	-1.13535	1.13947	0.99980	0.01981	0.00134	-0.01982	0.99978	0.00711	-0.00120	-0.00714	0.99997		-110.28935	-127.03027	-0.83641	-0.27583	0.43962	0.67556	0.13962	0.99990	-0.01179	-0.00767	0.01175	0.99992	-0.00481	0.00773	0.00472	0.99996	
123	0.61500	53.24975	23.24436	0.81253	0.40357	-0.07051	-1.12800	1.15329	0.99981	0.01969	0.00123	-0.01969	0.99978	0.00704	-0.00109	-0.00707	0.99997		-110.28416	-127.04219	-0.83629	-0.27636	0.43806	0.67222	0.14559	0.99990	-0.01173	-0.00765	0.01170	0.99992	-0.00482	0.00770	0.00473	0.99996	
124	0.62000	53.26563	23.23463	0.81659	0.40030	-0.07572	-1.12637	1.15770	0.99981	0.01966	0.00132	-0.01967	0.99978	0.00699	-0.00118	-0.00701	0.99997		-110.24930	-127.04771	-0.83240	-0.27843	0.43241	0.66986	0.12552	0.99990	-0.01169	-0.00755	0.01165	0.99992	-0.00486	0.00760	0.00477	0.99996	
125	0.62500	53.26408	23.23653	0.81264	0.39853	-0.07223	-1.12536	1.16076	0.99981	0.01964	0.00126	-0.01965	0.99978	0.00696	-0.00112	-0.00698	0.99997		-110.27412	-127.05675	-0.83615	-0.27965	0.43570	0.66903	0.13418	0.99990	-0.01168	-0.00760	0.01164	0.99992	-0.00488	0.00766	0.00479	0.99996	
126	0.63000	53.29335	23.22911	0.78670	0.39395	-0.07439	-1.12318	1.16357	0.99981	0.01960	0.00130	-0.01961	0.99978	0.00688	-0.00116	-0.00690	0.99998		-110.23366	-127.04515	-0.83669	-0.27880	0.43138	0.67484	0.11813	0.99990	-0.01178	-0.00753	0.01174	0.99992	-0.00487	0.00759	0.00478	0.99996	
127	0.63500	53.30497	23.21184	0.78925	0.39015	-0.07206	-1.12643	1.16614	0.99981	0.01966	0.00126	-0.01967	0.99978	0.00681	-0.00112	-0.00683	0.99998		-110.23772	-127.05316	-0.84072	-0.28059	0.43223	0.67207	0.12201	0.99990	-0.01173	-0.00754	0.01169	0.99992	-0.00490	0.00760	0.00481	0.99996	
128	0.64000	53.30982	23.18919	0.77386	0.38313	-0.06874	-1.11611	1.18202	0.99981	0.01948	0.00120	-0.01949	0.99979	0.00669	-0.00107	-0.00671	0.99998		-110.28507	-127.07075	-0.83553	-0.28415	0.43579	0.67597	0.12712	0.99990	-0.01180	-0.00761	0.01176	0.99992	-0.00496	0.00766	0.00487	0.99996	
129	0.64500	53.31445	23.19434	0.76981	0.38305	-0.07313	-1.12235	1.16402	0.99981	0.01959	0.00128	-0.01960	0.99979	0.00669	-0.00115	-0.00671	0.99998		-110.26622	-127.06737	-0.83606	-0.28301	0.43631	0.67134	0.13146	0.99990	-0.01172	-0.00761	0.01168	0.99992	-0.00494	0.00767	0.00485	0.99996	
130	0.65000	53.27619	23.19162	0.77919	0.37940	-0.06501	-1.11772	1.17614	0.99981	0.01951	0.00113	-0.01951	0.99979	0.00662	-0.00101	-0.00664	0.99998		-110.25843	-127.07126	-0.83159	-0.28293	0.43205	0.66983	0.13906	0.99990	-0.01169	-0.00754	0.01165	0.99992	-0.00494	0.00760	0.00485	0.99996	
131	0.65500	53.28091	23.20456	0.78147	0.37740	-0.06575	-1.11825	1.16033	0.99981	0.01952	0.00115	-0.01952	0.99979	0.00659	-0.00102	-0.00661	0.99998		-110.25060	-127.06991	-0.83172	-0.28358	0.43269	0.67172	0.13595	0.99990	-0.01172	-0.00755	0.01169	0.99992	-0.00495	0.00761	0.00486	0.99996	
132	0.66000	53.31567	23.18431	0.78123	0.37383	-0.06935	-1.12160	1.17124	0.99981	0.01957	0.00121	-0.01958	0.99979	0.00652	-0.00108	-0.00655	0.99998		-110.27750	-127.08722	-0.83524	-0.28482	0.43120	0.67289	0.12396	0.99990	-0.01174	-0.00753	0.01171	0.99992	-0.00497	0.00758	0.00488	0.99996	
133	0.66500	53.30960	23.16995	0.76038	0.37049	-0.06856	-1.11800	1.17920	0.99981	0.01951	0.00120	-0.01952	0.99979	0.00647	-0.00107	-0.00649	0.99998		-110.26594	-127.08335	-0.83107	-0.28389	0.42863	0.67297	0.12590	0.99990	-0.01174	-0.00748	0.01171	0.99992	-0.00495	0.00754	0.00487	0.99996	
134	0.67000	53.31480	23.16472	0.73735	0.36744	-0.06295	-1.11943	1.17605	0.99981	0.01954	0.00110	-0.01954	0.99979	0.00641	-0.00097	-0.00643	0.99998		-110.23309	-127.08124	-0.81919	-0.28401	0.42835	0.66929	0.13115	0.99990	-0.01168	-0.00748	0.01164	0.99992	-0.00496	0.00753	0.00487	0.99996	
135	0.67500	53.33088	23.16521	0.75203	0.36646	-0.07157	-1.11910	1.18400	0.99981	0.01953	0.00125	-0.01954	0.99979	0.00640	-0.00112	-0.00642	0.99998		-110.23609	-127.10462	-0.81446	-0.28643	0.42606	0.67544	0.12069	0.99990	-0.01179	-0.00744	0.01175	0.99992	-0.00500	0.00749	0.00491	0.99996	
136	0.68000	53.30713	23.16137	0.74275	0.36445	-0.06475	-1.11842	1.17796	0.99981	0.01952	0.00113	-0.01953	0.99979	0.00636	-0.00101	-0.00638	0.99998		-110.22811	-127.10793	-0.81860	-0.28808	0.42668	0.67564	0.13076	0.99990	-0.01179	-0.00745	0.01175	0.99992	-0.00503	0.00751	0.00494	0.99996	
137	0.68500	53.29585	23.15194	0.75354	0.35949	-0.05810	-1.11739	1.18358	0.99981	0.01950	0.00101	-0.01951	0.99979	0.00627	-0.00089	-0.00629	0.99998		-110.23535	-127.10451	-0.81404	-0.28869	0.42154	0.67334	0.11556	0.99990	-0.01175	-0.00736	0.01171	0.99992	-0.00504	0.00742	0.00495	0.99996	
