NO_OF_FRAMES	12027
NO_OF_CAMERAS	8
NO_OF_BODIES	2
FREQUENCY	200
NO_OF_ANALOG	0
ANALOG_FREQUENCY	0
DESCRIPTION	--
TIME_STAMP	2013-07-03, 14:12:14	19951.62904952
DATA_INCLUDED	6D
BODY_NAMES	Ice 1	Ice 2
Frame	Time	Ice 1 X	Y	Z	Roll	Pitch	Yaw	Residual	Rot[0]	Rot[1]	Rot[2]	Rot[3]	Rot[4]	Rot[5]	Rot[6]	Rot[7]	Rot[8]	Ice 2 X	Y	Z	Roll	Pitch	Yaw	Residual	Rot[0]	Rot[1]	Rot[2]	Rot[3]	Rot[4]	Rot[5]	Rot[6]	Rot[7]	Rot[8]	
1	0.00500	98.23709	137.84627	1.28806	0.66419	-0.14967	-0.45383	1.11271	0.99997	0.00792	0.00261	-0.00795	0.99990	0.01159	-0.00252	-0.01161	0.99993		-91.97147	-138.44083	-0.96370	-0.23328	0.27470	-0.90336	0.20921	0.99986	0.01577	-0.00479	-0.01579	0.99987	-0.00407	0.00473	0.00415	0.99998	
2	0.01000	98.07050	137.82329	1.31319	0.66209	-0.13313	-0.47380	1.03760	0.99996	0.00827	0.00232	-0.00830	0.99990	0.01156	-0.00223	-0.01157	0.99993		-91.98324	-138.43597	-0.94793	-0.23172	0.28223	-0.90823	0.18808	0.99986	0.01585	-0.00493	-0.01587	0.99987	-0.00404	0.00486	0.00412	0.99998	
3	0.01500	98.08936	137.83203	1.31822	0.66998	-0.13742	-0.46821	1.04845	0.99996	0.00817	0.00240	-0.00820	0.99990	0.01169	-0.00230	-0.01171	0.99993		-91.97777	-138.43237	-0.94274	-0.23458	0.27461	-0.90443	0.19711	0.99986	0.01578	-0.00479	-0.01580	0.99987	-0.00409	0.00473	0.00417	0.99998	
4	0.02000	98.10187	137.85050	1.31988	0.67793	-0.14550	-0.47087	1.04101	0.99996	0.00822	0.00254	-0.00825	0.99990	0.01183	-0.00244	-0.01185	0.99993		-91.97065	-138.44809	-0.93842	-0.23621	0.27244	-0.90231	0.17923	0.99986	0.01575	-0.00475	-0.01577	0.99987	-0.00412	0.00469	0.00420	0.99998	
5	0.02500	98.09979	137.84792	1.32438	0.68301	-0.14732	-0.46898	1.02972	0.99996	0.00819	0.00257	-0.00822	0.99990	0.01192	-0.00247	-0.01194	0.99993		-91.95470	-138.46187	-0.93301	-0.24011	0.25955	-0.90541	0.17998	0.99986	0.01580	-0.00453	-0.01582	0.99987	-0.00419	0.00446	0.00426	0.99998	
6	0.03000	98.13101	137.86393	1.32270	0.68977	-0.15577	-0.46869	1.04881	0.99996	0.00818	0.00272	-0.00821	0.99989	0.01204	-0.00262	-0.01206	0.99992		-91.93446	-138.47055	-0.92008	-0.24220	0.25504	-0.90471	0.18372	0.99987	0.01579	-0.00445	-0.01581	0.99987	-0.00423	0.00438	0.00430	0.99998	
7	0.03500	98.07778	137.86212	1.33987	0.69535	-0.15270	-0.47088	1.03692	0.99996	0.00822	0.00267	-0.00825	0.99989	0.01214	-0.00257	-0.01216	0.99992		-91.92720	-138.47336	-0.92361	-0.24531	0.24910	-0.90203	0.18251	0.99987	0.01574	-0.00435	-0.01576	0.99987	-0.00428	0.00428	0.00435	0.99998	
8	0.04000	98.12588	137.87343	1.32690	0.70004	-0.16297	-0.47122	1.04465	0.99996	0.00822	0.00284	-0.00826	0.99989	0.01222	-0.00274	-0.01224	0.99992		-91.93634	-138.48746	-0.91031	-0.24891	0.24647	-0.90143	0.17401	0.99987	0.01573	-0.00430	-0.01575	0.99987	-0.00434	0.00423	0.00441	0.99998	
9	0.04500	98.10873	137.86938	1.32672	0.70209	-0.16051	-0.47055	1.04121	0.99996	0.00821	0.00280	-0.00825	0.99989	0.01225	-0.00270	-0.01228	0.99992		-91.93201	-138.49386	-0.90599	-0.25041	0.24551	-0.90113	0.17603	0.99987	0.01573	-0.00429	-0.01575	0.99987	-0.00437	0.00422	0.00444	0.99998	
10	0.05000	98.14715	137.89229	1.33706	0.70780	-0.16772	-0.46683	1.04537	0.99996	0.00815	0.00293	-0.00818	0.99989	0.01235	-0.00283	-0.01238	0.99992		-91.95627	-138.50483	-0.89655	-0.25353	0.24188	-0.90580	0.18441	0.99987	0.01581	-0.00422	-0.01583	0.99986	-0.00442	0.00415	0.00449	0.99998	
11	0.05500	97.96362	137.76090	1.44428	0.70573	-0.16754	-0.45678	1.09466	0.99996	0.00797	0.00292	-0.00801	0.99989	0.01232	-0.00283	-0.01234	0.99992		-91.92216	-138.53519	-0.87885	-0.26271	0.23462	-0.90184	0.18675	0.99987	0.01574	-0.00409	-0.01576	0.99987	-0.00459	0.00402	0.00465	0.99998	
12	0.06000	97.95812	137.78666	1.46432	0.71231	-0.16624	-0.45171	1.11286	0.99996	0.00788	0.00290	-0.00792	0.99989	0.01243	-0.00280	-0.01245	0.99992		-91.93203	-138.51934	-0.89151	-0.26029	0.23469	-0.90053	0.18256	0.99987	0.01572	-0.00410	-0.01574	0.99987	-0.00454	0.00402	0.00461	0.99998	
13	0.06500	97.96712	137.77264	1.47323	0.71409	-0.17049	-0.45538	1.11150	0.99996	0.00795	0.00298	-0.00798	0.99989	0.01246	-0.00288	-0.01249	0.99992		-91.88492	-138.54732	-0.87008	-0.26565	0.22609	-0.90462	0.17917	0.99987	0.01579	-0.00395	-0.01581	0.99986	-0.00464	0.00387	0.00470	0.99998	
14	0.07000	97.95864	137.75628	1.47965	0.71455	-0.17120	-0.45477	1.12148	0.99996	0.00794	0.00299	-0.00797	0.99989	0.01247	-0.00289	-0.01249	0.99992		-91.91240	-138.55959	-0.86470	-0.27121	0.22342	-0.89806	0.17839	0.99987	0.01567	-0.00390	-0.01569	0.99987	-0.00473	0.00382	0.00479	0.99998	
15	0.07500	97.91791	137.75390	1.49396	0.71508	-0.16985	-0.45845	1.11418	0.99996	0.00800	0.00296	-0.00804	0.99989	0.01248	-0.00286	-0.01250	0.99992		-91.89639	-138.56861	-0.85991	-0.27455	0.21769	-0.89996	0.18037	0.99987	0.01571	-0.00380	-0.01572	0.99986	-0.00479	0.00372	0.00485	0.99998	
16	0.08000	97.94284	137.75421	1.48864	0.71777	-0.17667	-0.45417	1.12440	0.99996	0.00793	0.00308	-0.00796	0.99989	0.01253	-0.00298	-0.01255	0.99992		-91.91127	-138.56707	-0.83068	-0.27828	0.22209	-0.90080	0.18857	0.99987	0.01572	-0.00388	-0.01574	0.99986	-0.00486	0.00380	0.00492	0.99998	
17	0.08500	97.90664	137.75806	1.52058	0.71932	-0.17044	-0.45315	1.12054	0.99996	0.00791	0.00297	-0.00795	0.99989	0.01255	-0.00288	-0.01258	0.99992		-91.89275	-138.58615	-0.82974	-0.28403	0.21557	-0.89464	0.17909	0.99987	0.01561	-0.00376	-0.01563	0.99987	-0.00496	0.00368	0.00502	0.99998	
18	0.09000	97.92198	137.74033	1.50817	0.71847	-0.17712	-0.45517	1.12106	0.99996	0.00794	0.00309	-0.00798	0.99989	0.01254	-0.00299	-0.01256	0.99992		-91.89038	-138.57944	-0.82117	-0.28487	0.21098	-0.90163	0.18301	0.99987	0.01574	-0.00368	-0.01575	0.99986	-0.00497	0.00360	0.00503	0.99998	
19	0.09500	97.91033	137.74226	1.53795	0.71951	-0.17302	-0.45307	1.11590	0.99996	0.00791	0.00302	-0.00794	0.99989	0.01256	-0.00292	-0.01258	0.99992		-91.91051	-138.59775	-0.79965	-0.29032	0.21337	-0.89470	0.17461	0.99987	0.01561	-0.00372	-0.01563	0.99986	-0.00507	0.00364	0.00512	0.99998	
20	0.10000	97.88214	137.74376	1.53894	0.71777	-0.16800	-0.45055	1.12264	0.99996	0.00786	0.00293	-0.00790	0.99989	0.01253	-0.00283	-0.01255	0.99992		-91.87414	-138.61697	-0.79598	-0.29406	0.21448	-0.89967	0.17717	0.99987	0.01570	-0.00374	-0.01572	0.99986	-0.00513	0.00366	0.00519	0.99998	
21	0.10500	97.86433	137.73793	1.54577	0.71862	-0.16926	-0.45520	1.13007	0.99996	0.00794	0.00295	-0.00798	0.99989	0.01254	-0.00285	-0.01257	0.99992		-91.92008	-138.61969	-0.79463	-0.29854	0.21412	-0.89979	0.18978	0.99987	0.01570	-0.00374	-0.01572	0.99986	-0.00521	0.00365	0.00527	0.99998	
22	0.11000	97.87809	137.72660	1.55525	0.71703	-0.17007	-0.45473	1.13044	0.99996	0.00794	0.00297	-0.00797	0.99989	0.01251	-0.00287	-0.01254	0.99992		-91.90032	-138.61347	-0.77833	-0.30100	0.21498	-0.89680	0.17702	0.99987	0.01565	-0.00375	-0.01567	0.99986	-0.00525	0.00367	0.00531	0.99998	
23	0.11500	97.87591	137.72541	1.57148	0.71521	-0.17149	-0.45140	1.12591	0.99996	0.00788	0.00299	-0.00792	0.99989	0.01248	-0.00289	-0.01251	0.99992		-91.92482	-138.63738	-0.77342	-0.30676	0.21584	-0.89613	0.16829	0.99987	0.01564	-0.00377	-0.01566	0.99986	-0.00535	0.00368	0.00541	0.99998	
24	0.12000	97.88438	137.71235	1.57874	0.71103	-0.17109	-0.45125	1.14060	0.99996	0.00788	0.00299	-0.00791	0.99989	0.01241	-0.00289	-0.01243	0.99992		-91.91494	-138.63676	-0.76087	-0.30963	0.21659	-0.89493	0.17267	0.99987	0.01562	-0.00378	-0.01564	0.99986	-0.00540	0.00370	0.00546	0.99998	
25	0.12500	97.85423	137.71289	1.60323	0.71032	-0.16725	-0.44991	1.13516	0.99996	0.00785	0.00292	-0.00789	0.99989	0.01240	-0.00282	-0.01242	0.99992		-91.90420	-138.67668	-0.74716	-0.31797	0.21162	-0.89057	0.17289	0.99987	0.01554	-0.00369	-0.01556	0.99986	-0.00555	0.00361	0.00561	0.99998	
26	0.13000	97.82750	137.70523	1.59575	0.70466	-0.16246	-0.44925	1.13569	0.99997	0.00784	0.00284	-0.00788	0.99989	0.01230	-0.00274	-0.01232	0.99992		-91.91870	-138.67070	-0.73925	-0.32152	0.21839	-0.89421	0.17059	0.99987	0.01561	-0.00381	-0.01563	0.99986	-0.00561	0.00372	0.00567	0.99998	
27	0.13500	97.84285	137.70510	1.62501	0.70150	-0.16050	-0.45132	1.12828	0.99997	0.00788	0.00280	-0.00791	0.99989	0.01224	-0.00270	-0.01226	0.99992		-91.94447	-138.68930	-0.72154	-0.32734	0.21741	-0.88881	0.15822	0.99987	0.01551	-0.00379	-0.01553	0.99986	-0.00571	0.00371	0.00577	0.99998	
28	0.14000	97.81837	137.69575	1.63266	0.69583	-0.15790	-0.44644	1.15074	0.99997	0.00779	0.00276	-0.00782	0.99990	0.01214	-0.00266	-0.01217	0.99992		-91.94026	-138.68971	-0.71327	-0.33034	0.21953	-0.89417	0.17010	0.99987	0.01561	-0.00383	-0.01563	0.99986	-0.00577	0.00374	0.00582	0.99998	
29	0.14500	97.84986	137.68220	1.62928	0.69032	-0.15674	-0.44811	1.13486	0.99997	0.00782	0.00274	-0.00785	0.99990	0.01205	-0.00264	-0.01207	0.99992		-91.94681	-138.68838	-0.70956	-0.33175	0.22602	-0.89253	0.16966	0.99987	0.01558	-0.00394	-0.01560	0.99986	-0.00579	0.00385	0.00585	0.99998	
30	0.15000	97.80874	137.67266	1.65228	0.68607	-0.15176	-0.44646	1.13585	0.99997	0.00779	0.00265	-0.00782	0.99990	0.01197	-0.00256	-0.01199	0.99992		-91.94632	-138.73457	-0.68324	-0.34362	0.22386	-0.88583	0.15778	0.99987	0.01546	-0.00391	-0.01548	0.99986	-0.00600	0.00381	0.00606	0.99997	
31	0.15500	97.81823	137.67282	1.66530	0.68443	-0.14993	-0.45082	1.13742	0.99997	0.00787	0.00262	-0.00790	0.99990	0.01195	-0.00252	-0.01197	0.99993		-91.95781	-138.73817	-0.67886	-0.34649	0.22683	-0.88403	0.16650	0.99987	0.01543	-0.00396	-0.01545	0.99986	-0.00605	0.00387	0.00611	0.99997	
32	0.16000	97.75110	137.64639	1.67491	0.67341	-0.14123	-0.45071	1.11674	0.99997	0.00787	0.00246	-0.00789	0.99990	0.01175	-0.00237	-0.01177	0.99993		-91.95764	-138.73301	-0.66680	-0.34608	0.22948	-0.89158	0.16823	0.99987	0.01556	-0.00401	-0.01558	0.99986	-0.00604	0.00391	0.00610	0.99997	
33	0.16500	97.77524	137.64761	1.67466	0.66722	-0.14413	-0.44738	1.13672	0.99997	0.00781	0.00252	-0.00784	0.99990	0.01164	-0.00242	-0.01166	0.99993		-91.99617	-138.73217	-0.66234	-0.35111	0.23701	-0.89125	0.16703	0.99987	0.01555	-0.00414	-0.01558	0.99986	-0.00613	0.00404	0.00619	0.99997	
34	0.17000	97.75332	137.64488	1.70146	0.66025	-0.13461	-0.44295	1.14464	0.99997	0.00773	0.00235	-0.00776	0.99990	0.01152	-0.00226	-0.01154	0.99993		-91.99115	-138.72540	-0.65831	-0.35380	0.23648	-0.88646	0.14468	0.99987	0.01547	-0.00413	-0.01550	0.99986	-0.00617	0.00403	0.00624	0.99997	
35	0.17500	97.74600	137.63554	1.68851	0.65557	-0.13371	-0.44980	1.14115	0.99997	0.00785	0.00233	-0.00788	0.99990	0.01144	-0.00224	-0.01146	0.99993		-92.00396	-138.74127	-0.64138	-0.35821	0.24224	-0.88971	0.16904	0.99987	0.01553	-0.00423	-0.01555	0.99986	-0.00625	0.00413	0.00632	0.99997	
36	0.18000	97.72813	137.61106	1.70689	0.64632	-0.12865	-0.44428	1.13279	0.99997	0.00775	0.00225	-0.00778	0.99991	0.01128	-0.00216	-0.01130	0.99993		-92.01592	-138.75527	-0.64558	-0.36223	0.24749	-0.88761	0.15987	0.99987	0.01549	-0.00432	-0.01552	0.99986	-0.00632	0.00422	0.00639	0.99997	
37	0.18500	97.68713	137.58441	1.73040	0.63602	-0.11829	-0.44874	1.13932	0.99997	0.00783	0.00206	-0.00785	0.99991	0.01110	-0.00198	-0.01112	0.99994		-92.00103	-138.76702	-0.62454	-0.36668	0.24924	-0.88710	0.17781	0.99987	0.01548	-0.00435	-0.01551	0.99986	-0.00640	0.00425	0.00647	0.99997	
38	0.19000	97.67018	137.59548	1.73953	0.62957	-0.11285	-0.44505	1.13601	0.99997	0.00777	0.00197	-0.00779	0.99991	0.01099	-0.00188	-0.01100	0.99994		-92.03001	-138.75879	-0.62934	-0.36760	0.25883	-0.89142	0.16842	0.99987	0.01556	-0.00452	-0.01559	0.99986	-0.00642	0.00442	0.00649	0.99997	
39	0.19500	97.69204	137.57384	1.74127	0.62106	-0.11114	-0.44598	1.14093	0.99997	0.00778	0.00194	-0.00780	0.99991	0.01084	-0.00186	-0.01085	0.99994		-92.02508	-138.77011	-0.63386	-0.37073	0.26489	-0.88661	0.17164	0.99987	0.01547	-0.00462	-0.01550	0.99986	-0.00647	0.00452	0.00654	0.99997	
40	0.20000	97.66632	137.58392	1.76002	0.61286	-0.10363	-0.44731	1.12853	0.99997	0.00781	0.00181	-0.00783	0.99991	0.01070	-0.00173	-0.01071	0.99994		-92.05148	-138.78563	-0.60815	-0.37668	0.26675	-0.88418	0.16602	0.99987	0.01543	-0.00466	-0.01546	0.99986	-0.00657	0.00455	0.00665	0.99997	
41	0.20500	97.62457	137.54906	1.75980	0.60334	-0.10128	-0.44732	1.12642	0.99997	0.00781	0.00177	-0.00783	0.99991	0.01053	-0.00169	-0.01054	0.99994		-92.07329	-138.77152	-0.61327	-0.37509	0.27679	-0.88603	0.16020	0.99987	0.01546	-0.00483	-0.01549	0.99986	-0.00655	0.00473	0.00662	0.99997	
42	0.21000	97.64893	137.54071	1.76785	0.59467	-0.09646	-0.44587	1.11908	0.99997	0.00778	0.00168	-0.00780	0.99992	0.01038	-0.00160	-0.01039	0.99994		-92.09133	-138.78396	-0.61724	-0.37988	0.28133	-0.88855	0.16153	0.99987	0.01551	-0.00491	-0.01554	0.99986	-0.00663	0.00481	0.00671	0.99997	
43	0.21500	97.62210	137.52953	1.77573	0.58662	-0.09200	-0.44682	1.12762	0.99997	0.00780	0.00161	-0.00781	0.99992	0.01024	-0.00153	-0.01025	0.99995		-92.07209	-138.77750	-0.60521	-0.38103	0.28466	-0.88945	0.16956	0.99987	0.01552	-0.00497	-0.01556	0.99986	-0.00665	0.00486	0.00673	0.99997	
44	0.22000	97.59094	137.52669	1.78188	0.57948	-0.08430	-0.44088	1.12763	0.99997	0.00769	0.00147	-0.00771	0.99992	0.01011	-0.00139	-0.01012	0.99995		-92.09128	-138.78455	-0.60912	-0.38676	0.28972	-0.88828	0.16897	0.99987	0.01550	-0.00506	-0.01554	0.99986	-0.00675	0.00495	0.00683	0.99996	
45	0.22500	97.57496	137.51768	1.80512	0.56918	-0.07672	-0.44700	1.11657	0.99997	0.00780	0.00134	-0.00781	0.99992	0.00993	-0.00126	-0.00994	0.99995		-92.11675	-138.79391	-0.60090	-0.38878	0.29564	-0.89004	0.15607	0.99987	0.01553	-0.00516	-0.01557	0.99986	-0.00679	0.00505	0.00686	0.99996	
46	0.23000	97.57454	137.50148	1.81344	0.56062	-0.07531	-0.44771	1.10982	0.99997	0.00781	0.00131	-0.00783	0.99992	0.00978	-0.00124	-0.00979	0.99995		-92.14442	-138.79680	-0.60524	-0.39016	0.30458	-0.88664	0.17273	0.99987	0.01547	-0.00532	-0.01551	0.99986	-0.00681	0.00521	0.00689	0.99996	
47	0.23500	97.50276	137.50444	1.81583	0.54984	-0.06670	-0.44852	1.10604	0.99997	0.00783	0.00116	-0.00784	0.99992	0.00960	-0.00109	-0.00961	0.99995		-92.14535	-138.78418	-0.59343	-0.39109	0.31005	-0.88717	0.15919	0.99987	0.01548	-0.00541	-0.01552	0.99986	-0.00683	0.00530	0.00691	0.99996	
48	0.24000	97.53378	137.47972	1.83857	0.53976	-0.05960	-0.44752	1.11261	0.99997	0.00781	0.00104	-0.00782	0.99993	0.00942	-0.00097	-0.00943	0.99996		-92.17362	-138.80844	-0.60125	-0.39656	0.31658	-0.88568	0.16315	0.99987	0.01546	-0.00553	-0.01550	0.99986	-0.00692	0.00542	0.00701	0.99996	
49	0.24500	97.53272	137.47185	1.83815	0.52877	-0.05937	-0.44556	1.11281	0.99997	0.00778	0.00104	-0.00779	0.99993	0.00923	-0.00096	-0.00924	0.99996		-92.16958	-138.78966	-0.58987	-0.39479	0.32327	-0.88850	0.15867	0.99986	0.01551	-0.00564	-0.01555	0.99986	-0.00689	0.00553	0.00698	0.99996	
50	0.25000	97.51679	137.45263	1.85193	0.51970	-0.05043	-0.45002	1.09995	0.99997	0.00785	0.00088	-0.00786	0.99993	0.00907	-0.00081	-0.00908	0.99996		-92.22058	-138.78986	-0.58562	-0.39586	0.33303	-0.89094	0.16765	0.99986	0.01555	-0.00581	-0.01559	0.99985	-0.00691	0.00570	0.00700	0.99996	
51	0.25500	97.48164	137.44638	1.86354	0.51125	-0.04145	-0.44148	1.11362	0.99997	0.00771	0.00072	-0.00771	0.99993	0.00892	-0.00065	-0.00893	0.99996		-92.21874	-138.79491	-0.59025	-0.39748	0.33976	-0.89390	0.17227	0.99986	0.01560	-0.00593	-0.01564	0.99985	-0.00694	0.00582	0.00703	0.99996	
52	0.26000	97.47075	137.43432	1.86675	0.50177	-0.03755	-0.44684	1.11264	0.99997	0.00780	0.00066	-0.00780	0.99993	0.00876	-0.00059	-0.00876	0.99996		-92.22090	-138.78989	-0.59520	-0.39892	0.34763	-0.88718	0.16422	0.99986	0.01548	-0.00607	-0.01553	0.99986	-0.00696	0.00596	0.00706	0.99996	
53	0.26500	97.47081	137.42276	1.88054	0.49136	-0.02962	-0.44489	1.10830	0.99997	0.00776	0.00052	-0.00777	0.99993	0.00858	-0.00045	-0.00858	0.99996		-92.26768	-138.78029	-0.59974	-0.39860	0.35887	-0.88982	0.17013	0.99986	0.01553	-0.00626	-0.01557	0.99985	-0.00696	0.00615	0.00705	0.99996	
54	0.27000	97.43799	137.40905	1.89333	0.48129	-0.02680	-0.43985	1.10812	0.99997	0.00768	0.00047	-0.00768	0.99994	0.00840	-0.00040	-0.00840	0.99996		-92.27581	-138.80359	-0.59551	-0.40275	0.36267	-0.88590	0.14653	0.99986	0.01546	-0.00633	-0.01551	0.99986	-0.00703	0.00622	0.00713	0.99996	
55	0.27500	97.41195	137.39178	1.90319	0.47170	-0.01804	-0.44296	1.11916	0.99997	0.00773	0.00031	-0.00773	0.99994	0.00823	-0.00025	-0.00823	0.99997		-92.30569	-138.79350	-0.59591	-0.40117	0.37224	-0.89032	0.16248	0.99986	0.01554	-0.00650	-0.01558	0.99985	-0.00700	0.00639	0.00710	0.99995	
56	0.28000	97.40991	137.33115	1.88708	0.45343	-0.00368	-0.42483	1.13027	0.99997	0.00741	0.00006	-0.00741	0.99994	0.00791	-0.00001	-0.00791	0.99997		-92.32874	-138.78084	-0.60083	-0.39984	0.38248	-0.88966	0.17427	0.99986	0.01553	-0.00668	-0.01557	0.99985	-0.00698	0.00657	0.00708	0.99995	
57	0.28500	97.42361	137.31645	1.88641	0.44293	-0.00158	-0.42714	1.12336	0.99997	0.00745	0.00003	-0.00745	0.99994	0.00773	0.00003	-0.00773	0.99997		-92.35875	-138.78123	-0.59718	-0.39942	0.39417	-0.89383	0.17251	0.99985	0.01560	-0.00688	-0.01565	0.99985	-0.00697	0.00677	0.00708	0.99995	
58	0.29000	97.40602	137.30537	1.91421	0.43425	0.00472	-0.42659	1.12368	0.99997	0.00745	-0.00008	-0.00744	0.99994	0.00758	0.00014	-0.00758	0.99997		-92.39287	-138.79087	-0.60127	-0.40362	0.40240	-0.88925	0.17232	0.99985	0.01552	-0.00702	-0.01557	0.99985	-0.00704	0.00691	0.00715	0.99995	
59	0.29500	97.40051	137.29333	1.91980	0.42222	0.00842	-0.42165	1.14351	0.99997	0.00736	-0.00015	-0.00736	0.99995	0.00737	0.00020	-0.00737	0.99997		-92.40827	-138.79174	-0.60176	-0.40335	0.41054	-0.89261	0.16433	0.99985	0.01558	-0.00717	-0.01563	0.99985	-0.00704	0.00705	0.00715	0.99995	
60	0.30000	97.40415	137.28828	1.93632	0.41661	0.01759	-0.42122	1.13966	0.99997	0.00735	-0.00031	-0.00735	0.99995	0.00727	0.00036	-0.00727	0.99997		-92.44061	-138.78040	-0.60666	-0.39945	0.41998	-0.89110	0.15638	0.99985	0.01555	-0.00733	-0.01560	0.99985	-0.00697	0.00722	0.00708	0.99995	
61	0.30500	97.35526	137.26319	1.95818	0.40435	0.02181	-0.42159	1.13813	0.99997	0.00736	-0.00038	-0.00736	0.99995	0.00706	0.00043	-0.00705	0.99998		-92.47171	-138.76774	-0.61103	-0.40064	0.42777	-0.89083	0.15217	0.99985	0.01555	-0.00747	-0.01560	0.99985	-0.00699	0.00736	0.00711	0.99995	
62	0.31000	97.38845	137.25460	1.95922	0.39611	0.02670	-0.41829	1.13793	0.99997	0.00730	-0.00047	-0.00730	0.99995	0.00691	0.00052	-0.00691	0.99998		-92.47652	-138.75162	-0.63295	-0.39728	0.43631	-0.89522	0.17153	0.99985	0.01562	-0.00761	-0.01568	0.99985	-0.00693	0.00751	0.00705	0.99995	
63	0.31500	97.35816	137.23907	1.97086	0.38766	0.03442	-0.41915	1.12891	0.99997	0.00732	-0.00060	-0.00731	0.99995	0.00677	0.00065	-0.00676	0.99998		-92.51746	-138.74114	-0.64175	-0.39686	0.44578	-0.89094	0.15234	0.99985	0.01555	-0.00778	-0.01560	0.99985	-0.00693	0.00767	0.00705	0.99995	
64	0.32000	97.33693	137.23387	1.96450	0.38080	0.03976	-0.41582	1.14319	0.99997	0.00726	-0.00069	-0.00725	0.99995	0.00665	0.00074	-0.00664	0.99998		-92.55347	-138.75303	-0.63349	-0.39613	0.45586	-0.89431	0.16235	0.99985	0.01561	-0.00796	-0.01566	0.99985	-0.00691	0.00785	0.00704	0.99994	
65	0.32500	97.30991	137.23530	1.98857	0.37689	0.04902	-0.41883	1.13095	0.99997	0.00731	-0.00086	-0.00730	0.99995	0.00658	0.00090	-0.00657	0.99998		-92.54820	-138.73704	-0.64664	-0.39418	0.45972	-0.89573	0.15765	0.99985	0.01563	-0.00802	-0.01569	0.99985	-0.00688	0.00791	0.00700	0.99994	
66	0.33000	97.30702	137.21483	1.99516	0.36615	0.05664	-0.42078	1.12569	0.99997	0.00734	-0.00099	-0.00734	0.99995	0.00639	0.00104	-0.00638	0.99998		-92.56931	-138.72065	-0.66026	-0.39079	0.47180	-0.89704	0.16478	0.99984	0.01566	-0.00823	-0.01571	0.99985	-0.00682	0.00813	0.00695	0.99994	
67	0.33500	97.30092	137.19086	1.98646	0.35735	0.05591	-0.41712	1.12824	0.99997	0.00728	-0.00098	-0.00727	0.99995	0.00624	0.00102	-0.00623	0.99998		-92.60287	-138.70978	-0.66448	-0.38940	0.47730	-0.89666	0.17010	0.99984	0.01565	-0.00833	-0.01571	0.99985	-0.00680	0.00822	0.00693	0.99994	
68	0.34000	97.29510	137.19444	1.99300	0.35231	0.05978	-0.41964	1.13426	0.99997	0.00732	-0.00104	-0.00732	0.99995	0.00615	0.00109	-0.00614	0.99998		-92.62844	-138.69614	-0.68196	-0.38873	0.49075	-0.89705	0.17673	0.99984	0.01566	-0.00857	-0.01571	0.99985	-0.00678	0.00846	0.00692	0.99994	
69	0.34500	97.28961	137.18192	1.99621	0.34700	0.06795	-0.41839	1.12783	0.99997	0.00730	-0.00119	-0.00729	0.99996	0.00606	0.00123	-0.00605	0.99998		-92.61005	-138.69699	-0.67038	-0.38746	0.49320	-0.89490	0.15791	0.99984	0.01562	-0.00861	-0.01568	0.99985	-0.00676	0.00850	0.00690	0.99994	
70	0.35000	97.26637	137.16205	2.01674	0.33814	0.07719	-0.42075	1.12284	0.99997	0.00734	-0.00135	-0.00734	0.99996	0.00590	0.00139	-0.00589	0.99998		-92.66139	-138.69237	-0.68683	-0.38659	0.50011	-0.89180	0.15542	0.99984	0.01556	-0.00873	-0.01562	0.99986	-0.00675	0.00862	0.00688	0.99994	
71	0.35500	97.21833	137.15989	2.01268	0.33473	0.07969	-0.41426	1.12601	0.99997	0.00723	-0.00139	-0.00722	0.99996	0.00584	0.00143	-0.00583	0.99998		-92.68314	-138.68646	-0.69986	-0.38469	0.50992	-0.89797	0.17005	0.99984	0.01567	-0.00890	-0.01573	0.99985	-0.00671	0.00879	0.00685	0.99994	
72	0.36000	97.24763	137.15084	2.01512	0.32862	0.08050	-0.41667	1.11746	0.99997	0.00727	-0.00141	-0.00726	0.99996	0.00574	0.00145	-0.00573	0.99998		-92.65260	-138.66873	-0.70095	-0.38204	0.51264	-0.89877	0.16530	0.99984	0.01569	-0.00895	-0.01575	0.99985	-0.00667	0.00884	0.00681	0.99994	
73	0.36500	97.21038	137.12323	2.02587	0.32244	0.08989	-0.41911	1.12708	0.99997	0.00731	-0.00157	-0.00731	0.99996	0.00563	0.00161	-0.00562	0.99998		-92.69527	-138.65400	-0.72165	-0.38098	0.51806	-0.89667	0.16963	0.99984	0.01565	-0.00904	-0.01571	0.99985	-0.00665	0.00894	0.00679	0.99994	
74	0.37000	97.22559	137.12203	2.02882	0.31941	0.09221	-0.41227	1.14021	0.99997	0.00720	-0.00161	-0.00719	0.99996	0.00557	0.00165	-0.00556	0.99998		-92.66120	-138.65600	-0.73119	-0.37840	0.52373	-0.89545	0.16817	0.99984	0.01563	-0.00914	-0.01569	0.99986	-0.00660	0.00904	0.00675	0.99994	
75	0.37500	97.18686	137.13864	2.02952	0.31788	0.09725	-0.41182	1.12744	0.99997	0.00719	-0.00170	-0.00718	0.99996	0.00555	0.00174	-0.00554	0.99998		-92.73941	-138.62846	-0.73126	-0.37249	0.53227	-0.90084	0.16183	0.99983	0.01572	-0.00929	-0.01578	0.99985	-0.00650	0.00919	0.00665	0.99994	
76	0.38000	97.18145	137.11028	2.02586	0.31059	0.10306	-0.40891	1.13765	0.99997	0.00714	-0.00180	-0.00713	0.99996	0.00542	0.00184	-0.00541	0.99998		-92.73863	-138.61632	-0.74846	-0.37143	0.53708	-0.89943	0.16026	0.99983	0.01570	-0.00937	-0.01576	0.99985	-0.00648	0.00927	0.00663	0.99994	
77	0.38500	97.14902	137.10919	2.01493	0.30831	0.10647	-0.40989	1.13581	0.99997	0.00715	-0.00186	-0.00714	0.99996	0.00538	0.00190	-0.00537	0.99998		-92.73386	-138.60311	-0.75769	-0.36682	0.54283	-0.90051	0.17061	0.99983	0.01572	-0.00947	-0.01578	0.99986	-0.00640	0.00937	0.00655	0.99993	
78	0.39000	97.14759	137.12137	2.05272	0.30864	0.11386	-0.41134	1.13301	0.99997	0.00718	-0.00199	-0.00717	0.99996	0.00539	0.00203	-0.00537	0.99998		-92.74480	-138.59491	-0.76666	-0.36572	0.54773	-0.90038	0.15681	0.99983	0.01571	-0.00956	-0.01577	0.99986	-0.00638	0.00946	0.00653	0.99993	
79	0.39500	97.12030	137.10076	2.03900	0.30444	0.11943	-0.41096	1.13830	0.99997	0.00717	-0.00208	-0.00716	0.99996	0.00531	0.00212	-0.00530	0.99998		-92.77216	-138.57743	-0.77119	-0.36158	0.55415	-0.90495	0.16525	0.99983	0.01579	-0.00967	-0.01585	0.99985	-0.00631	0.00957	0.00646	0.99993	
80	0.40000	97.13332	137.08042	2.03469	0.30018	0.11717	-0.41186	1.13072	0.99997	0.00719	-0.00205	-0.00718	0.99996	0.00524	0.00208	-0.00522	0.99998		-92.78816	-138.54877	-0.78000	-0.35498	0.55758	-0.89947	0.16737	0.99983	0.01570	-0.00973	-0.01576	0.99986	-0.00620	0.00963	0.00635	0.99993	
81	0.40500	97.13708	137.11267	2.02885	0.30502	0.11553	-0.41136	1.13797	0.99997	0.00718	-0.00202	-0.00717	0.99996	0.00532	0.00205	-0.00531	0.99998		-92.80408	-138.53085	-0.78890	-0.35166	0.56383	-0.90164	0.17229	0.99983	0.01574	-0.00984	-0.01580	0.99986	-0.00614	0.00974	0.00629	0.99993	
82	0.41000	97.08505	137.07255	2.04445	0.29730	0.13027	-0.41635	1.12228	0.99997	0.00727	-0.00227	-0.00725	0.99996	0.00519	0.00231	-0.00517	0.99998		-92.78270	-138.54951	-0.79793	-0.35109	0.56742	-0.90192	0.17015	0.99983	0.01574	-0.00990	-0.01580	0.99986	-0.00613	0.00981	0.00628	0.99993	
83	0.41500	97.07900	137.09111	2.03624	0.30055	0.13021	-0.40926	1.13823	0.99997	0.00714	-0.00227	-0.00713	0.99996	0.00525	0.00231	-0.00523	0.99998		-92.80821	-138.51598	-0.81503	-0.34452	0.57107	-0.90214	0.17631	0.99983	0.01574	-0.00997	-0.01580	0.99986	-0.00601	0.00987	0.00617	0.99993	
84	0.42000	97.11500	137.09005	2.02660	0.29957	0.12681	-0.40823	1.14461	0.99997	0.00712	-0.00221	-0.00711	0.99996	0.00523	0.00225	-0.00521	0.99998		-92.79989	-138.50966	-0.82409	-0.34272	0.57368	-0.89908	0.16631	0.99983	0.01569	-0.01001	-0.01575	0.99986	-0.00598	0.00992	0.00614	0.99993	
85	0.42500	97.07486	137.06701	2.02450	0.29815	0.13515	-0.41269	1.13902	0.99997	0.00720	-0.00236	-0.00719	0.99996	0.00520	0.00240	-0.00519	0.99998		-92.83962	-138.50297	-0.82819	-0.33822	0.57973	-0.89825	0.16900	0.99983	0.01568	-0.01012	-0.01574	0.99986	-0.00590	0.01002	0.00606	0.99993	
86	0.43000	97.06858	137.07525	2.02514	0.30086	0.13681	-0.41912	1.12388	0.99997	0.00731	-0.00239	-0.00730	0.99996	0.00525	0.00243	-0.00523	0.99998		-92.86530	-138.49678	-0.84485	-0.33797	0.58337	-0.89693	0.16380	0.99983	0.01565	-0.01018	-0.01571	0.99986	-0.00590	0.01009	0.00606	0.99993	
87	0.43500	97.07650	137.09335	2.00732	0.30307	0.13574	-0.41340	1.13952	0.99997	0.00722	-0.00237	-0.00720	0.99996	0.00529	0.00241	-0.00527	0.99998		-92.84030	-138.47153	-0.85031	-0.32938	0.58668	-0.90009	0.17361	0.99982	0.01571	-0.01024	-0.01577	0.99986	-0.00575	0.01015	0.00591	0.99993	
88	0.44000	97.10371	137.08662	2.01423	0.30520	0.13189	-0.41496	1.13677	0.99997	0.00724	-0.00230	-0.00723	0.99996	0.00533	0.00234	-0.00531	0.99998		-92.82964	-138.47051	-0.86316	-0.32797	0.58609	-0.89689	0.16733	0.99983	0.01565	-0.01023	-0.01571	0.99986	-0.00572	0.01014	0.00588	0.99993	
89	0.44500	97.07163	137.09257	2.01536	0.30843	0.13733	-0.40904	1.15448	0.99997	0.00714	-0.00240	-0.00713	0.99996	0.00538	0.00244	-0.00537	0.99998		-92.86088	-138.43186	-0.87199	-0.32228	0.59158	-0.89980	0.16837	0.99982	0.01570	-0.01032	-0.01576	0.99986	-0.00562	0.01024	0.00579	0.99993	
90	0.45000	97.06146	137.07239	1.99216	0.30828	0.13769	-0.41145	1.14350	0.99997	0.00718	-0.00240	-0.00717	0.99996	0.00538	0.00244	-0.00536	0.99998		-92.83807	-138.43662	-0.88083	-0.31891	0.59026	-0.89907	0.17235	0.99982	0.01569	-0.01030	-0.01575	0.99986	-0.00557	0.01021	0.00573	0.99993	
91	0.45500	97.05185	137.06869	1.99846	0.31266	0.13967	-0.41404	1.12506	0.99997	0.00723	-0.00244	-0.00721	0.99996	0.00546	0.00248	-0.00544	0.99998		-92.85459	-138.42494	-0.89355	-0.31526	0.59146	-0.90167	0.17487	0.99982	0.01574	-0.01032	-0.01579	0.99986	-0.00550	0.01023	0.00566	0.99993	
92	0.46000	97.05599	137.09799	1.99871	0.31855	0.13918	-0.41508	1.13599	0.99997	0.00724	-0.00243	-0.00723	0.99996	0.00556	0.00247	-0.00554	0.99998		-92.86557	-138.40537	-0.89822	-0.30868	0.59348	-0.90289	0.16674	0.99982	0.01576	-0.01036	-0.01581	0.99986	-0.00539	0.01027	0.00555	0.99993	
93	0.46500	97.02614	137.07938	1.99665	0.31955	0.14064	-0.41154	1.14029	0.99997	0.00718	-0.00245	-0.00717	0.99996	0.00558	0.00249	-0.00556	0.99998		-92.86543	-138.39343	-0.90277	-0.30468	0.59558	-0.90571	0.18488	0.99982	0.01581	-0.01039	-0.01586	0.99986	-0.00532	0.01031	0.00548	0.99993	
94	0.47000	97.02301	137.09752	2.00273	0.32662	0.13942	-0.41081	1.14384	0.99997	0.00717	-0.00243	-0.00716	0.99996	0.00570	0.00247	-0.00568	0.99998		-92.87351	-138.37174	-0.91584	-0.29776	0.59675	-0.89928	0.16244	0.99982	0.01569	-0.01041	-0.01575	0.99986	-0.00520	0.01033	0.00536	0.99993	
95	0.47500	97.05504	137.10375	1.96633	0.32863	0.13954	-0.41414	1.14956	0.99997	0.00723	-0.00244	-0.00721	0.99996	0.00574	0.00248	-0.00572	0.99998		-92.89539	-138.35899	-0.92815	-0.29508	0.59710	-0.90061	0.17685	0.99982	0.01572	-0.01042	-0.01577	0.99986	-0.00515	0.01034	0.00531	0.99993	
96	0.48000	97.05732	137.10300	1.94734	0.33599	0.13541	-0.41779	1.13164	0.99997	0.00729	-0.00236	-0.00728	0.99996	0.00586	0.00241	-0.00585	0.99998		-92.92036	-138.31901	-0.95010	-0.28174	0.60167	-0.90195	0.15748	0.99982	0.01574	-0.01050	-0.01579	0.99986	-0.00492	0.01042	0.00508	0.99993	
97	0.48500	97.03124	137.12998	1.95716	0.34332	0.14027	-0.41302	1.13401	0.99997	0.00721	-0.00245	-0.00719	0.99996	0.00599	0.00249	-0.00597	0.99998		-92.91676	-138.33001	-0.93716	-0.28342	0.59848	-0.89890	0.16901	0.99982	0.01569	-0.01045	-0.01574	0.99986	-0.00495	0.01037	0.00511	0.99993	
98	0.49000	97.05271	137.13166	1.94000	0.34979	0.13148	-0.41783	1.14746	0.99997	0.00729	-0.00229	-0.00728	0.99995	0.00610	0.00234	-0.00609	0.99998		-92.94864	-138.28874	-0.97133	-0.27085	0.60269	-0.90373	0.17511	0.99982	0.01577	-0.01052	-0.01582	0.99986	-0.00473	0.01044	0.00489	0.99993	
99	0.49500	97.04692	137.14975	1.93088	0.35691	0.13698	-0.41544	1.14159	0.99997	0.00725	-0.00239	-0.00724	0.99995	0.00623	0.00244	-0.00621	0.99998		-92.90291	-138.29316	-0.95496	-0.27168	0.59696	-0.89958	0.17482	0.99982	0.01570	-0.01042	-0.01575	0.99986	-0.00474	0.01034	0.00490	0.99993	
100	0.50000	97.04242	137.15172	1.93137	0.36182	0.13130	-0.41557	1.13699	0.99997	0.00725	-0.00229	-0.00724	0.99995	0.00631	0.00234	-0.00630	0.99998		-92.92524	-138.26146	-0.99711	-0.26269	0.59664	-0.89811	0.15046	0.99982	0.01567	-0.01041	-0.01572	0.99987	-0.00458	0.01034	0.00475	0.99994	
101	0.50500	97.04259	137.14423	1.91814	0.36606	0.12914	-0.41419	1.15024	0.99997	0.00723	-0.00225	-0.00721	0.99995	0.00639	0.00230	-0.00637	0.99998		-92.92691	-138.23076	-0.98944	-0.25365	0.59650	-0.89957	0.14777	0.99982	0.01570	-0.01041	-0.01575	0.99987	-0.00443	0.01034	0.00459	0.99994	
102	0.51000	97.08143	137.16460	1.90527	0.37679	0.12221	-0.41782	1.13581	0.99997	0.00729	-0.00213	-0.00728	0.99995	0.00658	0.00218	-0.00656	0.99998		-92.90723	-138.22105	-0.98968	-0.24932	0.59167	-0.90342	0.15392	0.99982	0.01577	-0.01033	-0.01581	0.99987	-0.00435	0.01026	0.00451	0.99994	
103	0.51500	97.07023	137.16898	1.89637	0.38345	0.12119	-0.41206	1.14885	0.99997	0.00719	-0.00212	-0.00718	0.99995	0.00669	0.00216	-0.00668	0.99998		-92.92801	-138.21602	-1.00235	-0.24313	0.59290	-0.90086	0.14996	0.99982	0.01572	-0.01035	-0.01577	0.99987	-0.00424	0.01028	0.00441	0.99994	
104	0.52000	97.08150	137.17406	1.87725	0.39041	0.11334	-0.41230	1.13783	0.99997	0.00720	-0.00198	-0.00718	0.99995	0.00681	0.00203	-0.00680	0.99997		-92.89301	-138.19602	-0.99860	-0.23753	0.58707	-0.89834	0.15447	0.99982	0.01568	-0.01025	-0.01572	0.99987	-0.00415	0.01018	0.00431	0.99994	
105	0.52500	97.10541	137.18539	1.85954	0.39890	0.11090	-0.41788	1.13828	0.99997	0.00729	-0.00194	-0.00728	0.99995	0.00696	0.00199	-0.00695	0.99997		-92.92796	-138.16146	-1.00709	-0.22899	0.58782	-0.90059	0.15830	0.99982	0.01572	-0.01026	-0.01576	0.99987	-0.00400	0.01020	0.00416	0.99994	
106	0.53000	97.08148	137.18604	1.83466	0.40363	0.10757	-0.41279	1.13481	0.99997	0.00720	-0.00188	-0.00719	0.99995	0.00704	0.00193	-0.00703	0.99997		-92.92909	-138.15728	-1.00245	-0.22554	0.58040	-0.89813	0.15947	0.99983	0.01567	-0.01013	-0.01571	0.99987	-0.00394	0.01007	0.00409	0.99994	
107	0.53500	97.05254	137.19724	1.84236	0.41254	0.10843	-0.41785	1.12796	0.99997	0.00729	-0.00189	-0.00728	0.99995	0.00720	0.00194	-0.00719	0.99997		-92.89462	-138.13814	-1.00309	-0.21801	0.57423	-0.89753	0.15562	0.99983	0.01566	-0.01002	-0.01570	0.99987	-0.00380	0.00996	0.00396	0.99994	
108	0.54000	97.08872	137.21181	1.83769	0.42101	0.10485	-0.41295	1.14323	0.99997	0.00721	-0.00183	-0.00719	0.99995	0.00735	0.00188	-0.00733	0.99997		-92.91004	-138.12472	-1.00319	-0.21200	0.57467	-0.89775	0.15809	0.99983	0.01567	-0.01003	-0.01570	0.99987	-0.00370	0.00997	0.00386	0.99994	
109	0.54500	97.12318	137.22734	1.81984	0.43085	0.09609	-0.41808	1.13317	0.99997	0.00730	-0.00168	-0.00728	0.99995	0.00752	0.00173	-0.00751	0.99997		-92.87836	-138.11189	-1.00342	-0.20623	0.56445	-0.90076	0.15218	0.99983	0.01572	-0.00985	-0.01576	0.99987	-0.00360	0.00979	0.00375	0.99994	
110	0.55000	97.08019	137.21280	1.80289	0.43731	0.09367	-0.41538	1.14615	0.99997	0.00725	-0.00163	-0.00724	0.99994	0.00763	0.00169	-0.00762	0.99997		-92.90012	-138.09802	-1.00347	-0.20014	0.56639	-0.89529	0.15301	0.99983	0.01562	-0.00989	-0.01566	0.99987	-0.00349	0.00983	0.00365	0.99994	
111	0.55500	97.10001	137.22729	1.79618	0.44783	0.08539	-0.41688	1.14734	0.99997	0.00728	-0.00149	-0.00726	0.99994	0.00782	0.00155	-0.00781	0.99997		-92.88471	-138.09156	-1.01191	-0.19571	0.55996	-0.89901	0.15316	0.99983	0.01569	-0.00977	-0.01572	0.99987	-0.00342	0.00972	0.00357	0.99995	
112	0.56000	97.11758	137.24697	1.80090	0.45803	0.08382	-0.42033	1.13938	0.99997	0.00734	-0.00146	-0.00732	0.99994	0.00799	0.00152	-0.00798	0.99997		-92.87068	-138.07002	-1.00782	-0.18914	0.55169	-0.90125	0.15382	0.99983	0.01573	-0.00963	-0.01576	0.99987	-0.00330	0.00958	0.00345	0.99995	
113	0.56500	97.08086	137.25380	1.77836	0.46435	0.08047	-0.41923	1.14894	0.99997	0.00732	-0.00140	-0.00731	0.99994	0.00810	0.00146	-0.00809	0.99997		-92.86739	-138.04784	-1.00382	-0.18243	0.54563	-0.89869	0.14321	0.99983	0.01568	-0.00952	-0.01571	0.99987	-0.00318	0.00947	0.00333	0.99995	
114	0.57000	97.10147	137.25732	1.77347	0.47348	0.06975	-0.41659	1.14166	0.99997	0.00727	-0.00122	-0.00726	0.99994	0.00826	0.00128	-0.00825	0.99997		-92.87349	-138.04581	-1.00762	-0.17897	0.54433	-0.89947	0.16963	0.99983	0.01570	-0.00950	-0.01573	0.99987	-0.00312	0.00945	0.00327	0.99995	
115	0.57500	97.13618	137.25386	1.74483	0.47858	0.06877	-0.42231	1.14330	0.99997	0.00737	-0.00120	-0.00736	0.99994	0.00835	0.00126	-0.00834	0.99996		-92.86094	-138.01904	-1.01598	-0.17334	0.53670	-0.89804	0.16306	0.99983	0.01567	-0.00937	-0.01570	0.99987	-0.00303	0.00932	0.00317	0.99995	
116	0.58000	97.12439	137.26966	1.74215	0.49004	0.06222	-0.42146	1.14885	0.99997	0.00736	-0.00109	-0.00735	0.99994	0.00855	0.00115	-0.00854	0.99996		-92.82311	-138.02398	-1.00790	-0.16925	0.52929	-0.89536	0.15866	0.99984	0.01563	-0.00924	-0.01565	0.99987	-0.00295	0.00919	0.00310	0.99995	
117	0.58500	97.13119	137.28464	1.74781	0.50007	0.05806	-0.42383	1.14795	0.99997	0.00740	-0.00101	-0.00739	0.99993	0.00873	0.00108	-0.00872	0.99996		-92.81856	-138.01173	-1.01176	-0.16477	0.52320	-0.89626	0.16275	0.99984	0.01564	-0.00913	-0.01567	0.99987	-0.00288	0.00909	0.00302	0.99995	
118	0.59000	97.12481	137.29595	1.72290	0.50850	0.05334	-0.42320	1.14180	0.99997	0.00739	-0.00093	-0.00738	0.99993	0.00887	0.00100	-0.00887	0.99996		-92.80454	-138.00255	-1.01580	-0.16224	0.51262	-0.89417	0.14206	0.99984	0.01561	-0.00895	-0.01563	0.99987	-0.00283	0.00890	0.00297	0.99996	
119	0.59500	97.11432	137.34784	1.74608	0.52641	0.04461	-0.43511	1.12523	0.99997	0.00759	-0.00078	-0.00759	0.99993	0.00919	0.00085	-0.00918	0.99996		-92.79503	-137.97544	-1.00772	-0.15195	0.50975	-0.89985	0.16103	0.99984	0.01570	-0.00890	-0.01573	0.99987	-0.00265	0.00885	0.00279	0.99996	
120	0.60000	97.10624	137.34903	1.72330	0.53323	0.03675	-0.43589	1.12929	0.99997	0.00761	-0.00064	-0.00760	0.99993	0.00931	0.00071	-0.00930	0.99996		-92.82913	-137.98920	-1.00210	-0.15313	0.50068	-0.89736	0.16492	0.99984	0.01566	-0.00874	-0.01568	0.99987	-0.00267	0.00870	0.00281	0.99996	
121	0.60500	97.12969	137.36882	1.71968	0.54434	0.03150	-0.43590	1.13119	0.99997	0.00761	-0.00055	-0.00760	0.99993	0.00950	0.00062	-0.00950	0.99995		-92.78830	-137.95064	-1.00687	-0.14656	0.49155	-0.89679	0.15387	0.99984	0.01565	-0.00858	-0.01567	0.99987	-0.00256	0.00854	0.00269	0.99996	
122	0.61000	97.11551	137.36478	1.70205	0.55052	0.03102	-0.43649	1.12597	0.99997	0.00762	-0.00054	-0.00761	0.99992	0.00961	0.00061	-0.00960	0.99995		-92.77121	-137.94834	-1.01116	-0.14193	0.48691	-0.89624	0.16113	0.99984	0.01564	-0.00850	-0.01566	0.99987	-0.00248	0.00846	0.00261	0.99996	
123	0.61500	97.12120	137.37831	1.69585	0.56043	0.02380	-0.44053	1.13001	0.99997	0.00769	-0.00042	-0.00768	0.99992	0.00978	0.00049	-0.00978	0.99995		-92.76745	-137.95115	-0.99336	-0.14135	0.47635	-0.89631	0.16137	0.99984	0.01564	-0.00831	-0.01566	0.99987	-0.00247	0.00827	0.00260	0.99996	
124	0.62000	97.13480	137.37536	1.68963	0.56795	0.01513	-0.43867	1.14172	0.99997	0.00766	-0.00026	-0.00765	0.99992	0.00991	0.00034	-0.00991	0.99995		-92.73209	-137.93315	-1.00230	-0.13609	0.47028	-0.89495	0.16021	0.99984	0.01562	-0.00821	-0.01564	0.99987	-0.00238	0.00817	0.00250	0.99996	
125	0.62500	97.13608	137.38399	1.68859	0.57607	0.01091	-0.43402	1.13507	0.99997	0.00757	-0.00019	-0.00757	0.99992	0.01005	0.00027	-0.01005	0.99995		-92.72389	-137.93273	-0.98516	-0.13232	0.46281	-0.89417	0.16398	0.99985	0.01561	-0.00808	-0.01562	0.99988	-0.00231	0.00804	0.00244	0.99996	
126	0.63000	97.17077	137.39923	1.68142	0.58488	0.00634	-0.43761	1.14107	0.99997	0.00764	-0.00011	-0.00764	0.99992	0.01021	0.00019	-0.01021	0.99995		-92.71803	-137.92132	-0.97632	-0.13139	0.45477	-0.89189	0.15147	0.99985	0.01557	-0.00794	-0.01558	0.99988	-0.00229	0.00790	0.00242	0.99997	
127	0.63500	97.17263	137.41654	1.66321	0.59357	-0.00184	-0.43714	1.13086	0.99997	0.00763	0.00003	-0.00763	0.99992	0.01036	0.00005	-0.01036	0.99995		-92.68996	-137.92223	-0.97618	-0.12873	0.44544	-0.89512	0.15805	0.99985	0.01562	-0.00777	-0.01564	0.99988	-0.00225	0.00774	0.00237	0.99997	
128	0.64000	97.16568	137.41348	1.66715	0.59956	-0.00626	-0.43863	1.14498	0.99997	0.00766	0.00011	-0.00766	0.99992	0.01046	-0.00003	-0.01046	0.99995		-92.70256	-137.90151	-0.97162	-0.12348	0.44104	-0.89370	0.16553	0.99985	0.01560	-0.00770	-0.01561	0.99988	-0.00216	0.00766	0.00227	0.99997	
129	0.64500	97.17340	137.42076	1.65830	0.60729	-0.00881	-0.43212	1.15123	0.99997	0.00754	0.00015	-0.00754	0.99992	0.01060	-0.00007	-0.01060	0.99994		-92.69289	-137.89226	-0.97130	-0.12182	0.43418	-0.89172	0.16165	0.99985	0.01556	-0.00758	-0.01558	0.99988	-0.00213	0.00754	0.00224	0.99997	
130	0.65000	97.22491	137.43767	1.63658	0.61585	-0.02315	-0.43476	1.14946	0.99997	0.00759	0.00040	-0.00759	0.99991	0.01075	-0.00032	-0.01075	0.99994		-92.65532	-137.90290	-0.95466	-0.12103	0.42740	-0.89593	0.16002	0.99985	0.01564	-0.00746	-0.01565	0.99988	-0.00211	0.00743	0.00223	0.99997	
131	0.65500	97.24564	137.43357	1.63848	0.62288	-0.02954	-0.43319	1.15629	0.99997	0.00756	0.00052	-0.00757	0.99991	0.01087	-0.00043	-0.01087	0.99994		-92.66483	-137.88822	-0.94999	-0.11923	0.42281	-0.89765	0.16417	0.99985	0.01567	-0.00738	-0.01568	0.99987	-0.00208	0.00735	0.00220	0.99997	
132	0.66000	97.22035	137.43570	1.64138	0.62796	-0.02928	-0.43988	1.13802	0.99997	0.00768	0.00051	-0.00768	0.99991	0.01096	-0.00043	-0.01096	0.99994		-92.63989	-137.88833	-0.94537	-0.11772	0.41187	-0.89554	0.15986	0.99985	0.01563	-0.00719	-0.01564	0.99988	-0.00205	0.00716	0.00217	0.99997	
133	0.66500	97.22816	137.44158	1.62336	0.63407	-0.03676	-0.43263	1.15410	0.99997	0.00755	0.00064	-0.00756	0.99991	0.01107	-0.00056	-0.01107	0.99994		-92.63363	-137.88521	-0.93206	-0.11866	0.40380	-0.89359	0.15955	0.99985	0.01559	-0.00705	-0.01561	0.99988	-0.00207	0.00701	0.00218	0.99997	
134	0.67000	97.22943	137.44068	1.62098	0.63754	-0.03817	-0.43599	1.14559	0.99997	0.00761	0.00067	-0.00762	0.99991	0.01113	-0.00058	-0.01113	0.99994		-92.62825	-137.88517	-0.93155	-0.11696	0.39743	-0.89250	0.16271	0.99985	0.01558	-0.00694	-0.01559	0.99988	-0.00204	0.00690	0.00215	0.99997	
135	0.67500	97.24306	137.46199	1.60489	0.64645	-0.04702	-0.43850	1.14748	0.99997	0.00765	0.00082	-0.00766	0.99991	0.01128	-0.00073	-0.01129	0.99994		-92.62122	-137.87913	-0.91875	-0.11599	0.39113	-0.89500	0.15527	0.99985	0.01562	-0.00683	-0.01563	0.99988	-0.00202	0.00679	0.00213	0.99997	
136	0.68000	97.22315	137.44458	1.61092	0.64792	-0.04638	-0.44045	1.14618	0.99997	0.00769	0.00081	-0.00770	0.99991	0.01131	-0.00072	-0.01131	0.99994		-92.62673	-137.85804	-0.91382	-0.11396	0.38355	-0.89387	0.16996	0.99986	0.01560	-0.00669	-0.01561	0.99988	-0.00199	0.00666	0.00209	0.99998	
137	0.68500	97.27367	137.45596	1.60571	0.65541	-0.05622	-0.43493	1.14817	0.99997	0.00759	0.00098	-0.00760	0.99991	0.01144	-0.00089	-0.01145	0.99993		-92.60649	-137.86685	-0.90095	-0.11605	0.37906	-0.89316	0.17418	0.99986	0.01559	-0.00662	-0.01560	0.99988	-0.00203	0.00658	0.00213	0.99998	
