NO_OF_FRAMES	12028
NO_OF_CAMERAS	8
NO_OF_BODIES	2
FREQUENCY	200
NO_OF_ANALOG	0
ANALOG_FREQUENCY	0
DESCRIPTION	--
TIME_STAMP	2013-07-03, 15:49:38	25795.65529947
DATA_INCLUDED	6D
BODY_NAMES	Ice 1	Ice 2
Frame	Time	Ice 1 X	Y	Z	Roll	Pitch	Yaw	Residual	Rot[0]	Rot[1]	Rot[2]	Rot[3]	Rot[4]	Rot[5]	Rot[6]	Rot[7]	Rot[8]	Ice 2 X	Y	Z	Roll	Pitch	Yaw	Residual	Rot[0]	Rot[1]	Rot[2]	Rot[3]	Rot[4]	Rot[5]	Rot[6]	Rot[7]	Rot[8]	
1	0.00500	78.56608	-105.22370	-0.36084	0.60404	0.13587	0.76619	1.11181	0.99991	-0.01337	-0.00237	0.01340	0.99985	0.01054	0.00223	-0.01057	0.99994		20.64799	-120.89368	-1.15116	-0.29912	0.47492	-2.28487	0.29045	0.99917	0.03987	-0.00829	-0.03991	0.99919	-0.00522	0.00807	0.00555	0.99995	
2	0.01000	78.46676	-105.26518	-0.37573	0.60007	0.14637	0.75213	1.05238	0.99991	-0.01313	-0.00255	0.01315	0.99986	0.01047	0.00242	-0.01051	0.99994		20.56567	-120.83238	-1.14849	-0.27653	0.48698	-2.28974	0.25532	0.99917	0.03995	-0.00850	-0.03999	0.99919	-0.00483	0.00830	0.00516	0.99995	
3	0.01500	78.45999	-105.26200	-0.37090	0.59870	0.15034	0.75316	1.04197	0.99991	-0.01314	-0.00262	0.01317	0.99986	0.01045	0.00249	-0.01048	0.99994		20.58816	-120.81018	-1.12462	-0.26577	0.48766	-2.29165	0.25885	0.99916	0.03998	-0.00851	-0.04003	0.99919	-0.00464	0.00832	0.00498	0.99995	
4	0.02000	78.44008	-105.28934	-0.36133	0.59745	0.15480	0.75196	1.03612	0.99991	-0.01312	-0.00270	0.01315	0.99986	0.01043	0.00256	-0.01046	0.99994		20.58571	-120.78702	-1.10801	-0.25483	0.48190	-2.28922	0.24891	0.99917	0.03994	-0.00841	-0.03998	0.99919	-0.00445	0.00823	0.00478	0.99995	
5	0.02500	78.44496	-105.28531	-0.33994	0.59399	0.15931	0.75525	1.05252	0.99991	-0.01318	-0.00278	0.01321	0.99986	0.01037	0.00264	-0.01040	0.99994		20.56634	-120.77079	-1.08752	-0.24062	0.48409	-2.28941	0.26589	0.99917	0.03995	-0.00845	-0.03998	0.99919	-0.00420	0.00827	0.00453	0.99996	
6	0.03000	78.44374	-105.30023	-0.32770	0.59326	0.16668	0.75226	1.03828	0.99991	-0.01313	-0.00291	0.01316	0.99986	0.01035	0.00277	-0.01039	0.99994		20.58604	-120.74981	-1.07608	-0.22810	0.48477	-2.28853	0.25852	0.99917	0.03993	-0.00846	-0.03997	0.99919	-0.00398	0.00829	0.00432	0.99996	
7	0.03500	78.40411	-105.32890	-0.32385	0.58913	0.17127	0.75489	1.04437	0.99991	-0.01317	-0.00299	0.01321	0.99986	0.01028	0.00285	-0.01032	0.99994		20.55439	-120.70104	-1.09410	-0.20966	0.48756	-2.29156	0.25372	0.99916	0.03998	-0.00851	-0.04002	0.99919	-0.00366	0.00836	0.00400	0.99996	
8	0.04000	78.42233	-105.35182	-0.30241	0.58464	0.17315	0.75695	1.03532	0.99991	-0.01321	-0.00302	0.01324	0.99986	0.01020	0.00289	-0.01024	0.99994		20.54718	-120.67919	-1.09032	-0.19767	0.48500	-2.28965	0.25575	0.99917	0.03995	-0.00846	-0.03998	0.99919	-0.00345	0.00832	0.00379	0.99996	
9	0.04500	78.40792	-105.35264	-0.28669	0.58471	0.17945	0.75552	1.03369	0.99991	-0.01319	-0.00313	0.01322	0.99986	0.01020	0.00300	-0.01025	0.99994		20.55348	-120.66528	-1.06136	-0.18637	0.48169	-2.28619	0.23842	0.99917	0.03989	-0.00841	-0.03992	0.99920	-0.00325	0.00827	0.00359	0.99996	
10	0.05000	78.42821	-105.38168	-0.28774	0.57969	0.17921	0.75955	1.03433	0.99991	-0.01326	-0.00313	0.01329	0.99986	0.01012	0.00299	-0.01016	0.99994		20.53673	-120.62102	-1.04103	-0.17112	0.48188	-2.29025	0.24875	0.99917	0.03996	-0.00841	-0.03999	0.99920	-0.00299	0.00828	0.00332	0.99996	
11	0.05500	78.15495	-105.53255	-0.17311	0.57923	0.18341	0.77561	1.11862	0.99990	-0.01354	-0.00320	0.01357	0.99986	0.01011	0.00306	-0.01015	0.99994		20.53072	-120.60490	-1.02870	-0.15912	0.48142	-2.29077	0.26792	0.99917	0.03997	-0.00840	-0.03999	0.99920	-0.00278	0.00828	0.00311	0.99996	
12	0.06000	78.14671	-105.57829	-0.15612	0.57224	0.18846	0.77428	1.11720	0.99990	-0.01351	-0.00329	0.01355	0.99986	0.00999	0.00315	-0.01003	0.99994		20.53352	-120.57315	-1.01264	-0.14579	0.47902	-2.29008	0.25662	0.99917	0.03996	-0.00836	-0.03998	0.99920	-0.00254	0.00825	0.00288	0.99996	
13	0.06500	78.14259	-105.58420	-0.14383	0.57173	0.18722	0.77818	1.12468	0.99990	-0.01358	-0.00327	0.01361	0.99986	0.00998	0.00313	-0.01002	0.99994		20.52330	-120.53771	-1.01315	-0.13262	0.47772	-2.29167	0.24995	0.99917	0.03999	-0.00834	-0.04001	0.99920	-0.00231	0.00824	0.00265	0.99996	
14	0.07000	78.11017	-105.62147	-0.11066	0.56529	0.19087	0.78201	1.12919	0.99990	-0.01365	-0.00333	0.01368	0.99986	0.00987	0.00320	-0.00991	0.99995		20.50108	-120.51620	-0.99241	-0.11973	0.47612	-2.29199	0.25704	0.99917	0.03999	-0.00831	-0.04001	0.99920	-0.00209	0.00822	0.00242	0.99996	
15	0.07500	78.12128	-105.62433	-0.09070	0.56388	0.18765	0.77820	1.13249	0.99990	-0.01358	-0.00328	0.01361	0.99986	0.00984	0.00314	-0.00989	0.99995		20.50067	-120.51749	-0.97995	-0.11180	0.47445	-2.29283	0.25374	0.99917	0.04001	-0.00828	-0.04002	0.99920	-0.00195	0.00820	0.00228	0.99996	
16	0.08000	78.07643	-105.64208	-0.07600	0.55863	0.19691	0.78554	1.12841	0.99990	-0.01371	-0.00344	0.01374	0.99986	0.00975	0.00330	-0.00980	0.99995		20.51214	-120.48495	-0.98081	-0.09692	0.47243	-2.29781	0.27011	0.99916	0.04009	-0.00825	-0.04011	0.99919	-0.00169	0.00817	0.00202	0.99996	
17	0.08500	78.07771	-105.66801	-0.06132	0.55477	0.19296	0.77939	1.13590	0.99990	-0.01360	-0.00337	0.01363	0.99986	0.00968	0.00324	-0.00973	0.99995		20.48424	-120.44264	-0.97674	-0.08474	0.47066	-2.29273	0.24671	0.99917	0.04000	-0.00821	-0.04002	0.99920	-0.00148	0.00815	0.00181	0.99997	
18	0.09000	78.07198	-105.70601	-0.03018	0.54521	0.19748	0.78748	1.12783	0.99990	-0.01374	-0.00345	0.01378	0.99986	0.00952	0.00332	-0.00956	0.99995		20.51695	-120.44326	-0.97731	-0.07641	0.46600	-2.29280	0.25397	0.99917	0.04000	-0.00813	-0.04002	0.99920	-0.00133	0.00807	0.00166	0.99997	
19	0.09500	78.07057	-105.71770	-0.00846	0.54358	0.19500	0.78201	1.12056	0.99990	-0.01365	-0.00340	0.01368	0.99986	0.00949	0.00327	-0.00953	0.99995		20.49824	-120.41845	-0.98175	-0.06490	0.46393	-2.29077	0.24230	0.99917	0.03997	-0.00810	-0.03998	0.99920	-0.00113	0.00805	0.00146	0.99997	
20	0.10000	78.10349	-105.72120	-0.00268	0.53959	0.19107	0.78934	1.14766	0.99990	-0.01378	-0.00333	0.01381	0.99986	0.00942	0.00320	-0.00946	0.99995		20.51273	-120.36786	-0.97414	-0.05211	0.46259	-2.29498	0.24743	0.99917	0.04004	-0.00807	-0.04005	0.99920	-0.00091	0.00803	0.00123	0.99997	
21	0.10500	78.05539	-105.75813	0.04480	0.53238	0.19572	0.78210	1.12984	0.99990	-0.01365	-0.00342	0.01368	0.99986	0.00929	0.00329	-0.00934	0.99995		20.51611	-120.36343	-0.98706	-0.04202	0.45729	-2.29720	0.23142	0.99916	0.04008	-0.00798	-0.04009	0.99920	-0.00073	0.00795	0.00105	0.99997	
22	0.11000	78.07434	-105.76631	0.06072	0.52611	0.19027	0.78752	1.15234	0.99990	-0.01374	-0.00332	0.01377	0.99986	0.00918	0.00319	-0.00923	0.99995		20.50213	-120.33090	-0.99565	-0.03161	0.45715	-2.29406	0.25388	0.99917	0.04003	-0.00798	-0.04003	0.99920	-0.00055	0.00795	0.00087	0.99997	
23	0.11500	78.03717	-105.79091	0.07967	0.51967	0.19584	0.78984	1.12847	0.99990	-0.01378	-0.00342	0.01382	0.99986	0.00907	0.00329	-0.00912	0.99995		20.50927	-120.30855	-1.00004	-0.02081	0.44932	-2.29875	0.23649	0.99916	0.04011	-0.00784	-0.04011	0.99920	-0.00036	0.00782	0.00068	0.99997	
24	0.12000	78.03747	-105.79382	0.12006	0.51689	0.19257	0.78933	1.13189	0.99990	-0.01378	-0.00336	0.01381	0.99986	0.00902	0.00324	-0.00907	0.99995		20.50253	-120.29895	-1.00509	-0.01054	0.45629	-2.30353	0.25101	0.99916	0.04019	-0.00796	-0.04019	0.99919	-0.00018	0.00795	0.00050	0.99997	
25	0.12500	78.09794	-105.82506	0.13201	0.50636	0.18038	0.78670	1.14810	0.99990	-0.01373	-0.00315	0.01376	0.99987	0.00884	0.00303	-0.00888	0.99996		20.49328	-120.25843	-1.01740	-0.00217	0.44871	-2.30343	0.25943	0.99916	0.04019	-0.00783	-0.04019	0.99919	-0.00004	0.00782	0.00035	0.99997	
26	0.13000	78.05405	-105.84266	0.15044	0.50183	0.18301	0.79070	1.15956	0.99990	-0.01380	-0.00319	0.01383	0.99987	0.00876	0.00307	-0.00880	0.99996		20.49592	-120.24747	-1.01336	0.00651	0.44664	-2.30263	0.25550	0.99916	0.04018	-0.00780	-0.04018	0.99919	0.00011	0.00779	0.00020	0.99997	
27	0.13500	78.09191	-105.85260	0.17120	0.49839	0.17815	0.78739	1.14090	0.99990	-0.01374	-0.00311	0.01377	0.99987	0.00870	0.00299	-0.00874	0.99996		20.52860	-120.25256	-1.03888	0.01257	0.43981	-2.30208	0.25056	0.99916	0.04017	-0.00768	-0.04017	0.99919	0.00022	0.00768	0.00009	0.99997	
28	0.14000	78.05259	-105.85914	0.19612	0.48893	0.17762	0.78979	1.15004	0.99990	-0.01378	-0.00310	0.01381	0.99987	0.00853	0.00298	-0.00858	0.99996		20.50877	-120.23325	-1.05123	0.01827	0.43429	-2.30285	0.23662	0.99916	0.04018	-0.00758	-0.04018	0.99919	0.00032	0.00759	-0.00001	0.99997	
29	0.14500	78.05448	-105.87768	0.20633	0.48376	0.17908	0.79006	1.14991	0.99990	-0.01379	-0.00313	0.01381	0.99987	0.00844	0.00301	-0.00849	0.99996		20.53197	-120.23530	-1.04756	0.02353	0.43506	-2.30161	0.24669	0.99916	0.04016	-0.00759	-0.04016	0.99919	0.00041	0.00760	-0.00011	0.99997	
30	0.15000	78.09253	-105.86274	0.23792	0.48138	0.17224	0.79162	1.14291	0.99990	-0.01382	-0.00301	0.01384	0.99987	0.00840	0.00289	-0.00844	0.99996		20.51081	-120.21675	-1.07229	0.02915	0.42991	-2.30760	0.24898	0.99916	0.04026	-0.00750	-0.04026	0.99919	0.00051	0.00752	-0.00021	0.99997	
31	0.15500	78.07089	-105.88029	0.25218	0.47456	0.16806	0.79168	1.15456	0.99990	-0.01382	-0.00293	0.01384	0.99987	0.00828	0.00282	-0.00832	0.99996		20.51248	-120.20319	-1.10225	0.03774	0.43062	-2.30979	0.25049	0.99916	0.04030	-0.00752	-0.04030	0.99919	0.00066	0.00754	-0.00036	0.99997	
32	0.16000	78.08609	-105.90673	0.28464	0.46515	0.16621	0.79597	1.15073	0.99990	-0.01389	-0.00290	0.01392	0.99987	0.00812	0.00279	-0.00816	0.99996		20.53482	-120.18384	-1.09370	0.03857	0.42367	-2.30594	0.25765	0.99916	0.04023	-0.00739	-0.04023	0.99919	0.00067	0.00742	-0.00038	0.99997	
33	0.16500	78.07671	-105.91509	0.29569	0.46001	0.15600	0.78742	1.14948	0.99990	-0.01374	-0.00272	0.01376	0.99987	0.00803	0.00261	-0.00807	0.99996		20.52396	-120.17790	-1.11871	0.04705	0.42218	-2.30578	0.26385	0.99916	0.04023	-0.00737	-0.04023	0.99919	0.00082	0.00740	-0.00052	0.99997	
34	0.17000	78.07565	-105.91413	0.31034	0.45413	0.15088	0.79120	1.14384	0.99990	-0.01381	-0.00263	0.01383	0.99987	0.00793	0.00252	-0.00796	0.99997		20.51364	-120.16503	-1.15236	0.05176	0.41917	-2.30826	0.25908	0.99916	0.04027	-0.00732	-0.04027	0.99919	0.00090	0.00735	-0.00061	0.99997	
35	0.17500	78.09616	-105.89554	0.34046	0.45031	0.15099	0.79200	1.15340	0.99990	-0.01382	-0.00264	0.01384	0.99987	0.00786	0.00253	-0.00790	0.99997		20.55836	-120.17864	-1.15243	0.05081	0.41329	-2.30881	0.26685	0.99916	0.04028	-0.00721	-0.04028	0.99919	0.00089	0.00724	-0.00060	0.99997	
36	0.18000	78.08353	-105.90740	0.35648	0.44282	0.14478	0.79084	1.15287	0.99990	-0.01380	-0.00253	0.01382	0.99987	0.00773	0.00242	-0.00776	0.99997		20.50653	-120.14672	-1.19026	0.05767	0.41546	-2.31084	0.25247	0.99916	0.04032	-0.00725	-0.04031	0.99919	0.00101	0.00729	-0.00071	0.99997	
37	0.18500	78.07532	-105.91501	0.37454	0.43682	0.14199	0.79491	1.15499	0.99990	-0.01387	-0.00248	0.01389	0.99987	0.00762	0.00237	-0.00766	0.99997		20.57808	-120.15346	-1.20723	0.05803	0.40311	-2.30759	0.25644	0.99916	0.04026	-0.00704	-0.04026	0.99919	0.00101	0.00707	-0.00073	0.99997	
38	0.19000	78.09391	-105.91630	0.40014	0.42994	0.13446	0.79537	1.16163	0.99990	-0.01388	-0.00235	0.01390	0.99988	0.00750	0.00224	-0.00754	0.99997		20.55621	-120.17064	-1.22367	0.05723	0.40528	-2.30995	0.24936	0.99916	0.04030	-0.00707	-0.04030	0.99919	0.00100	0.00711	-0.00071	0.99997	
39	0.19500	78.11103	-105.90717	0.40835	0.42541	0.12369	0.79645	1.16989	0.99990	-0.01390	-0.00216	0.01392	0.99988	0.00742	0.00206	-0.00745	0.99997		20.56180	-120.15641	-1.25299	0.05912	0.40167	-2.30829	0.25180	0.99916	0.04028	-0.00701	-0.04027	0.99919	0.00103	0.00705	-0.00075	0.99997	
40	0.20000	78.12325	-105.93710	0.42870	0.41561	0.11680	0.79558	1.15605	0.99990	-0.01389	-0.00204	0.01390	0.99988	0.00725	0.00194	-0.00728	0.99997		20.55716	-120.15547	-1.28684	0.06158	0.40225	-2.31235	0.25354	0.99916	0.04035	-0.00702	-0.04034	0.99919	0.00107	0.00706	-0.00079	0.99997	
41	0.20500	78.16454	-105.93761	0.45416	0.40887	0.10977	0.78979	1.16440	0.99990	-0.01378	-0.00192	0.01380	0.99988	0.00714	0.00182	-0.00716	0.99997		20.56656	-120.15007	-1.31153	0.06097	0.39315	-2.30977	0.23632	0.99916	0.04030	-0.00686	-0.04029	0.99919	0.00106	0.00690	-0.00079	0.99998	
42	0.21000	78.15779	-105.95004	0.47361	0.40031	0.09873	0.79499	1.15174	0.99990	-0.01387	-0.00172	0.01389	0.99988	0.00699	0.00163	-0.00701	0.99997		20.58371	-120.15174	-1.33284	0.05968	0.39168	-2.30878	0.23043	0.99916	0.04028	-0.00684	-0.04028	0.99919	0.00104	0.00687	-0.00077	0.99998	
43	0.21500	78.16883	-105.96593	0.48544	0.39084	0.09411	0.80022	1.15222	0.99990	-0.01397	-0.00164	0.01398	0.99988	0.00682	0.00155	-0.00684	0.99998		20.56327	-120.16616	-1.35753	0.05942	0.39336	-2.30683	0.24844	0.99917	0.04025	-0.00687	-0.04024	0.99919	0.00104	0.00690	-0.00076	0.99998	
44	0.22000	78.16949	-105.95018	0.49432	0.38625	0.08857	0.80185	1.17269	0.99990	-0.01399	-0.00155	0.01400	0.99988	0.00674	0.00145	-0.00676	0.99998		20.55593	-120.14979	-1.39097	0.05872	0.39115	-2.31107	0.25303	0.99916	0.04032	-0.00683	-0.04032	0.99919	0.00102	0.00686	-0.00075	0.99998	
45	0.22500	78.17385	-105.96042	0.52711	0.38102	0.08092	0.79528	1.16386	0.99990	-0.01388	-0.00141	0.01389	0.99988	0.00665	0.00132	-0.00667	0.99998		20.54639	-120.16368	-1.42815	0.05601	0.38603	-2.30938	0.24988	0.99917	0.04029	-0.00674	-0.04029	0.99919	0.00098	0.00677	-0.00071	0.99998	
46	0.23000	78.20572	-105.97244	0.53759	0.37250	0.06597	0.79878	1.17049	0.99990	-0.01394	-0.00115	0.01395	0.99988	0.00650	0.00106	-0.00652	0.99998		20.54204	-120.16126	-1.45748	0.05246	0.38774	-2.30828	0.25763	0.99917	0.04028	-0.00677	-0.04027	0.99919	0.00092	0.00680	-0.00064	0.99998	
47	0.23500	78.21282	-105.97326	0.55066	0.36485	0.06256	0.79750	1.15930	0.99990	-0.01392	-0.00109	0.01393	0.99988	0.00637	0.00100	-0.00638	0.99998		20.56000	-120.18361	-1.49131	0.04854	0.38591	-2.31140	0.24101	0.99916	0.04033	-0.00674	-0.04032	0.99919	0.00085	0.00676	-0.00057	0.99998	
48	0.24000	78.25284	-105.96808	0.57549	0.36044	0.04828	0.80124	1.18569	0.99990	-0.01398	-0.00084	0.01399	0.99988	0.00629	0.00075	-0.00630	0.99998		20.55609	-120.19903	-1.52426	0.04256	0.38249	-2.31027	0.24557	0.99916	0.04031	-0.00668	-0.04031	0.99919	0.00074	0.00670	-0.00047	0.99998	
49	0.24500	78.22774	-105.97490	0.58486	0.35352	0.04493	0.80173	1.17096	0.99990	-0.01399	-0.00078	0.01400	0.99988	0.00617	0.00070	-0.00618	0.99998		20.59148	-120.20694	-1.54130	0.03811	0.38226	-2.31035	0.25598	0.99916	0.04031	-0.00667	-0.04031	0.99919	0.00067	0.00669	-0.00040	0.99998	
50	0.25000	78.23930	-105.95725	0.59249	0.35204	0.03826	0.79721	1.17433	0.99990	-0.01391	-0.00067	0.01392	0.99988	0.00614	0.00058	-0.00615	0.99998		20.57615	-120.21647	-1.57881	0.03360	0.38146	-2.31244	0.24846	0.99916	0.04035	-0.00666	-0.04034	0.99919	0.00059	0.00668	-0.00032	0.99998	
51	0.25500	78.20790	-105.96095	0.61896	0.34723	0.03395	0.79767	1.17131	0.99990	-0.01392	-0.00059	0.01392	0.99988	0.00606	0.00051	-0.00607	0.99998		20.58482	-120.23310	-1.62455	0.02643	0.37781	-2.30934	0.25452	0.99917	0.04029	-0.00659	-0.04029	0.99919	0.00046	0.00661	-0.00020	0.99998	
52	0.26000	78.23959	-105.95865	0.60372	0.34334	0.02132	0.79553	1.17585	0.99990	-0.01388	-0.00037	0.01389	0.99989	0.00599	0.00029	-0.00600	0.99998		20.56431	-120.25689	-1.64061	0.01867	0.37842	-2.30805	0.25502	0.99917	0.04027	-0.00660	-0.04027	0.99919	0.00033	0.00661	-0.00006	0.99998	
53	0.26500	78.25520	-105.95395	0.62575	0.33673	0.01180	0.79986	1.18391	0.99990	-0.01396	-0.00021	0.01396	0.99989	0.00588	0.00012	-0.00588	0.99998		20.60443	-120.26700	-1.67435	0.01234	0.37489	-2.30692	0.24570	0.99917	0.04025	-0.00654	-0.04025	0.99919	0.00022	0.00655	0.00005	0.99998	
54	0.27000	78.29448	-105.94701	0.61316	0.33521	0.00543	0.79768	1.17420	0.99990	-0.01392	-0.00009	0.01392	0.99989	0.00585	0.00001	-0.00585	0.99998		20.58242	-120.26738	-1.70762	0.00579	0.37638	-2.30818	0.24745	0.99917	0.04027	-0.00657	-0.04027	0.99919	0.00010	0.00657	0.00016	0.99998	
55	0.27500	78.27501	-105.90045	0.61401	0.33729	-0.00373	0.80219	1.18719	0.99990	-0.01400	0.00007	0.01400	0.99988	0.00589	-0.00015	-0.00589	0.99998		20.55879	-120.27885	-1.74073	0.00097	0.37764	-2.30841	0.26356	0.99917	0.04028	-0.00659	-0.04028	0.99919	0.00002	0.00659	0.00025	0.99998	
56	0.28000	78.32825	-105.92915	0.63097	0.32787	-0.01469	0.79732	1.19090	0.99990	-0.01392	0.00026	0.01391	0.99989	0.00572	-0.00034	-0.00572	0.99998		20.58236	-120.28529	-1.77422	-0.00772	0.37618	-2.30694	0.26137	0.99917	0.04025	-0.00657	-0.04025	0.99919	-0.00013	0.00655	0.00040	0.99998	
57	0.28500	78.32517	-105.93172	0.64749	0.32420	-0.02361	0.80108	1.18016	0.99990	-0.01398	0.00041	0.01398	0.99989	0.00566	-0.00049	-0.00565	0.99998		20.59633	-120.31076	-1.81155	-0.01902	0.37175	-2.30341	0.24708	0.99917	0.04019	-0.00649	-0.04019	0.99919	-0.00033	0.00647	0.00059	0.99998	
58	0.29000	78.31242	-105.89717	0.64755	0.32447	-0.02749	0.80117	1.17628	0.99990	-0.01398	0.00048	0.01398	0.99989	0.00566	-0.00056	-0.00566	0.99998		20.56144	-120.32644	-1.84034	-0.02477	0.37560	-2.30639	0.25518	0.99917	0.04024	-0.00656	-0.04025	0.99919	-0.00043	0.00653	0.00070	0.99998	
59	0.29500	78.33014	-105.88516	0.65022	0.32354	-0.03255	0.80148	1.19204	0.99990	-0.01399	0.00057	0.01398	0.99989	0.00565	-0.00065	-0.00564	0.99998		20.56725	-120.34300	-1.87769	-0.03601	0.37363	-2.30641	0.25003	0.99917	0.04024	-0.00652	-0.04025	0.99919	-0.00063	0.00649	0.00089	0.99998	
60	0.30000	78.32175	-105.89862	0.66416	0.31802	-0.03975	0.80075	1.17643	0.99990	-0.01398	0.00069	0.01397	0.99989	0.00555	-0.00077	-0.00554	0.99998		20.58387	-120.35654	-1.91111	-0.04537	0.37104	-2.30789	0.24798	0.99917	0.04027	-0.00648	-0.04027	0.99919	-0.00079	0.00644	0.00105	0.99998	
61	0.30500	78.35105	-105.87322	0.64874	0.32022	-0.04969	0.79620	1.18682	0.99990	-0.01390	0.00087	0.01389	0.99989	0.00559	-0.00094	-0.00558	0.99998		20.58766	-120.38584	-1.93181	-0.05702	0.37392	-2.30543	0.24559	0.99917	0.04023	-0.00653	-0.04023	0.99919	-0.00100	0.00648	0.00126	0.99998	
62	0.31000	78.35565	-105.87295	0.66401	0.31876	-0.05817	0.79613	1.18629	0.99990	-0.01389	0.00102	0.01389	0.99989	0.00556	-0.00109	-0.00555	0.99998		20.54415	-120.39535	-1.98149	-0.06670	0.37827	-2.30535	0.25638	0.99917	0.04022	-0.00660	-0.04023	0.99919	-0.00116	0.00655	0.00143	0.99998	
63	0.31500	78.39436	-105.86474	0.65943	0.31797	-0.06779	0.80325	1.19573	0.99990	-0.01402	0.00118	0.01401	0.99989	0.00555	-0.00126	-0.00553	0.99998		20.56178	-120.43023	-2.00228	-0.07635	0.37980	-2.30648	0.25302	0.99917	0.04024	-0.00663	-0.04025	0.99919	-0.00133	0.00657	0.00160	0.99998	
64	0.32000	78.38114	-105.85955	0.66206	0.31758	-0.07175	0.80008	1.18757	0.99990	-0.01396	0.00125	0.01396	0.99989	0.00554	-0.00133	-0.00552	0.99998		20.56685	-120.43697	-2.02744	-0.08615	0.38036	-2.30928	0.24959	0.99917	0.04029	-0.00664	-0.04030	0.99919	-0.00150	0.00657	0.00177	0.99998	
65	0.32500	78.38697	-105.82909	0.64485	0.32175	-0.07562	0.79734	1.17812	0.99990	-0.01392	0.00132	0.01391	0.99989	0.00562	-0.00140	-0.00560	0.99998		20.53752	-120.46802	-2.06423	-0.09970	0.38381	-2.30529	0.24072	0.99917	0.04022	-0.00670	-0.04024	0.99919	-0.00174	0.00662	0.00201	0.99998	
66	0.33000	78.41164	-105.82926	0.65631	0.32234	-0.08246	0.80123	1.19028	0.99990	-0.01398	0.00144	0.01398	0.99989	0.00563	-0.00152	-0.00561	0.99998		20.51459	-120.48425	-2.09293	-0.10772	0.38537	-2.30594	0.25372	0.99917	0.04023	-0.00673	-0.04025	0.99919	-0.00188	0.00664	0.00215	0.99998	
67	0.33500	78.41785	-105.82640	0.65951	0.32227	-0.09060	0.80578	1.20503	0.99990	-0.01406	0.00158	0.01405	0.99989	0.00562	-0.00166	-0.00560	0.99998		20.52838	-120.49613	-2.11779	-0.12093	0.38446	-2.30147	0.23348	0.99917	0.04016	-0.00671	-0.04017	0.99919	-0.00211	0.00662	0.00238	0.99998	
68	0.34000	78.41768	-105.80322	0.64598	0.32717	-0.09597	0.80144	1.19864	0.99990	-0.01399	0.00167	0.01398	0.99989	0.00571	-0.00175	-0.00569	0.99998		20.53358	-120.51032	-2.14281	-0.13120	0.38726	-2.30214	0.24704	0.99917	0.04017	-0.00676	-0.04018	0.99919	-0.00229	0.00666	0.00256	0.99997	
69	0.34500	78.40646	-105.77905	0.63768	0.33103	-0.10156	0.80022	1.19436	0.99990	-0.01397	0.00177	0.01396	0.99989	0.00578	-0.00185	-0.00575	0.99998		20.52471	-120.53542	-2.16720	-0.14136	0.38559	-2.30622	0.25712	0.99917	0.04024	-0.00673	-0.04026	0.99919	-0.00247	0.00663	0.00274	0.99997	
70	0.35000	78.45353	-105.76727	0.63832	0.33581	-0.10833	0.80182	1.21915	0.99990	-0.01399	0.00189	0.01398	0.99989	0.00586	-0.00197	-0.00583	0.99998		20.51785	-120.54233	-2.18800	-0.15117	0.38903	-2.30488	0.23738	0.99917	0.04022	-0.00679	-0.04023	0.99919	-0.00264	0.00668	0.00291	0.99997	
71	0.35500	78.46600	-105.75157	0.61091	0.33976	-0.11302	0.80530	1.19987	0.99990	-0.01405	0.00197	0.01404	0.99988	0.00593	-0.00206	-0.00590	0.99998		20.49014	-120.58218	-2.22032	-0.16794	0.39001	-2.30449	0.23196	0.99917	0.04021	-0.00681	-0.04023	0.99919	-0.00293	0.00668	0.00320	0.99997	
72	0.36000	78.43928	-105.73539	0.60339	0.34559	-0.11448	0.80590	1.20280	0.99990	-0.01407	0.00200	0.01405	0.99988	0.00603	-0.00208	-0.00600	0.99998		20.48607	-120.61466	-2.24088	-0.18024	0.39451	-2.30183	0.22416	0.99917	0.04016	-0.00689	-0.04019	0.99919	-0.00315	0.00675	0.00342	0.99997	
73	0.36500	78.44546	-105.72212	0.60256	0.34992	-0.11783	0.80507	1.19629	0.99990	-0.01405	0.00206	0.01404	0.99988	0.00611	-0.00214	-0.00608	0.99998		20.51063	-120.61482	-2.25335	-0.18952	0.39347	-2.30499	0.22924	0.99917	0.04022	-0.00687	-0.04024	0.99918	-0.00331	0.00673	0.00358	0.99997	
74	0.37000	78.43730	-105.70479	0.57897	0.35722	-0.12099	0.80299	1.20577	0.99990	-0.01401	0.00211	0.01400	0.99988	0.00623	-0.00220	-0.00620	0.99998		20.48492	-120.67444	-2.27268	-0.20885	0.39369	-2.29847	0.21896	0.99917	0.04010	-0.00687	-0.04013	0.99919	-0.00364	0.00672	0.00392	0.99997	
75	0.37500	78.48561	-105.70743	0.56885	0.36056	-0.12658	0.80335	1.20740	0.99990	-0.01402	0.00221	0.01401	0.99988	0.00629	-0.00230	-0.00626	0.99998		20.48604	-120.71908	-2.29288	-0.22317	0.39450	-2.29669	0.21572	0.99917	0.04007	-0.00689	-0.04010	0.99919	-0.00389	0.00672	0.00417	0.99997	
76	0.38000	78.46461	-105.67417	0.57383	0.37012	-0.12970	0.80462	1.21340	0.99990	-0.01404	0.00226	0.01403	0.99988	0.00646	-0.00235	-0.00643	0.99998		20.49424	-120.71693	-2.30938	-0.23178	0.39699	-2.29899	0.23052	0.99917	0.04011	-0.00693	-0.04014	0.99919	-0.00405	0.00676	0.00432	0.99997	
77	0.38500	78.41820	-105.67423	0.55873	0.37530	-0.12640	0.79934	1.19670	0.99990	-0.01395	0.00221	0.01394	0.99988	0.00655	-0.00230	-0.00652	0.99998		20.48292	-120.75170	-2.31657	-0.24631	0.39648	-2.29588	0.22262	0.99917	0.04006	-0.00692	-0.04009	0.99919	-0.00430	0.00674	0.00457	0.99997	
78	0.39000	78.48278	-105.64504	0.53607	0.38617	-0.13580	0.80793	1.21360	0.99990	-0.01410	0.00237	0.01408	0.99988	0.00674	-0.00246	-0.00671	0.99997		20.48142	-120.79470	-2.33242	-0.26030	0.39797	-2.29022	0.22181	0.99918	0.03996	-0.00695	-0.03999	0.99919	-0.00454	0.00676	0.00482	0.99997	
79	0.39500	78.45225	-105.62053	0.51236	0.39506	-0.13469	0.80607	1.21846	0.99990	-0.01407	0.00235	0.01405	0.99988	0.00689	-0.00245	-0.00686	0.99997		20.45074	-120.81321	-2.34799	-0.27419	0.40016	-2.29201	0.22591	0.99918	0.03999	-0.00698	-0.04003	0.99919	-0.00479	0.00679	0.00506	0.99996	
80	0.40000	78.45419	-105.60003	0.49307	0.40603	-0.13369	0.80127	1.21055	0.99990	-0.01398	0.00233	0.01397	0.99988	0.00709	-0.00243	-0.00705	0.99997		20.48123	-120.86021	-2.35573	-0.28885	0.39904	-2.29166	0.23176	0.99918	0.03999	-0.00696	-0.04002	0.99919	-0.00504	0.00676	0.00532	0.99996	
81	0.40500	78.48478	-105.59580	0.49236	0.41265	-0.13962	0.80549	1.20208	0.99990	-0.01406	0.00244	0.01404	0.99988	0.00720	-0.00254	-0.00717	0.99997		20.46501	-120.86510	-2.35912	-0.29863	0.39995	-2.29052	0.22028	0.99918	0.03997	-0.00698	-0.04000	0.99919	-0.00521	0.00677	0.00549	0.99996	
82	0.41000	78.46719	-105.58083	0.47722	0.42187	-0.13827	0.80565	1.20085	0.99990	-0.01406	0.00241	0.01404	0.99987	0.00736	-0.00252	-0.00733	0.99997		20.48096	-120.88832	-2.36712	-0.31178	0.40303	-2.29329	0.23074	0.99917	0.04001	-0.00703	-0.04005	0.99918	-0.00544	0.00681	0.00572	0.99996	
83	0.41500	78.46942	-105.56143	0.46128	0.43342	-0.13658	0.80590	1.20438	0.99990	-0.01407	0.00238	0.01405	0.99987	0.00756	-0.00249	-0.00753	0.99997		20.46181	-120.92225	-2.37809	-0.32458	0.39893	-2.28738	0.21199	0.99918	0.03991	-0.00696	-0.03995	0.99919	-0.00566	0.00673	0.00594	0.99996	
84	0.42000	78.47555	-105.55627	0.44686	0.44278	-0.14168	0.80008	1.21249	0.99990	-0.01396	0.00247	0.01394	0.99987	0.00773	-0.00258	-0.00769	0.99997		20.46552	-120.94942	-2.38183	-0.33643	0.40467	-2.29310	0.22922	0.99917	0.04001	-0.00706	-0.04005	0.99918	-0.00587	0.00682	0.00615	0.99996	
85	0.42500	78.48772	-105.51471	0.40483	0.45628	-0.13920	0.80355	1.20981	0.99990	-0.01402	0.00243	0.01400	0.99987	0.00796	-0.00254	-0.00793	0.99997		20.43223	-120.96750	-2.38883	-0.34954	0.40467	-2.29153	0.22337	0.99918	0.03998	-0.00706	-0.04003	0.99918	-0.00610	0.00681	0.00638	0.99996	
86	0.43000	78.43087	-105.49784	0.41392	0.46947	-0.13515	0.80361	1.19451	0.99990	-0.01403	0.00236	0.01401	0.99987	0.00819	-0.00247	-0.00816	0.99996		20.42421	-121.00746	-2.40049	-0.36272	0.40763	-2.29065	0.22259	0.99918	0.03997	-0.00711	-0.04001	0.99918	-0.00633	0.00686	0.00661	0.99995	
87	0.43500	78.48472	-105.45981	0.39593	0.48500	-0.13988	0.80052	1.21523	0.99990	-0.01397	0.00244	0.01395	0.99987	0.00846	-0.00256	-0.00843	0.99996		20.45133	-121.02300	-2.40048	-0.37302	0.41017	-2.28772	0.22688	0.99918	0.03992	-0.00716	-0.03996	0.99918	-0.00651	0.00689	0.00679	0.99995	
88	0.44000	78.44002	-105.40228	0.39283	0.50350	-0.14391	0.78886	1.17702	0.99990	-0.01377	0.00251	0.01375	0.99987	0.00879	-0.00263	-0.00875	0.99996		20.41931	-121.03720	-2.40787	-0.38181	0.41183	-2.29363	0.20854	0.99917	0.04002	-0.00719	-0.04007	0.99917	-0.00666	0.00692	0.00695	0.99995	
89	0.44500	78.41393	-105.36932	0.38383	0.51884	-0.13381	0.78641	1.16854	0.99990	-0.01372	0.00234	0.01370	0.99987	0.00906	-0.00246	-0.00902	0.99996		20.40784	-121.06962	-2.40689	-0.39537	0.41598	-2.29110	0.22222	0.99917	0.03998	-0.00726	-0.04003	0.99917	-0.00690	0.00698	0.00719	0.99995	
90	0.45000	78.42257	-105.35010	0.34868	0.53452	-0.13570	0.78451	1.16682	0.99990	-0.01369	0.00237	0.01367	0.99986	0.00933	-0.00250	-0.00930	0.99995		20.43689	-121.12896	-2.38852	-0.41321	0.41102	-2.29069	0.22306	0.99918	0.03997	-0.00717	-0.04002	0.99917	-0.00721	0.00688	0.00749	0.99995	
91	0.45500	78.42724	-105.32078	0.32927	0.54984	-0.13389	0.78512	1.16653	0.99990	-0.01370	0.00234	0.01368	0.99986	0.00960	-0.00247	-0.00956	0.99995		20.41018	-121.12571	-2.37501	-0.42106	0.41410	-2.28877	0.22724	0.99918	0.03993	-0.00723	-0.03999	0.99917	-0.00735	0.00693	0.00763	0.99995	
92	0.46000	78.44237	-105.29996	0.30506	0.56298	-0.13276	0.78267	1.16585	0.99990	-0.01366	0.00232	0.01364	0.99986	0.00983	-0.00245	-0.00979	0.99995		20.41469	-121.12547	-2.39226	-0.42477	0.41861	-2.28867	0.21106	0.99918	0.03993	-0.00731	-0.03999	0.99917	-0.00741	0.00700	0.00770	0.99995	
93	0.46500	78.44229	-105.26915	0.30366	0.58123	-0.13026	0.78309	1.17381	0.99990	-0.01367	0.00227	0.01364	0.99986	0.01014	-0.00241	-0.01011	0.99995		20.41188	-121.19943	-2.36009	-0.44672	0.41144	-2.28899	0.22299	0.99918	0.03994	-0.00718	-0.03999	0.99917	-0.00780	0.00686	0.00808	0.99994	
94	0.47000	78.44627	-105.24912	0.25630	0.59385	-0.13095	0.78564	1.18116	0.99990	-0.01371	0.00229	0.01369	0.99985	0.01036	-0.00243	-0.01033	0.99994		20.43488	-121.18206	-2.35648	-0.44945	0.41489	-2.29318	0.21356	0.99917	0.04001	-0.00724	-0.04007	0.99917	-0.00784	0.00692	0.00813	0.99994	
95	0.47500	78.48693	-105.22608	0.24320	0.61058	-0.13029	0.78558	1.18716	0.99990	-0.01371	0.00227	0.01369	0.99985	0.01066	-0.00242	-0.01062	0.99994		20.39666	-121.21174	-2.34657	-0.45976	0.41753	-2.29371	0.22722	0.99917	0.04002	-0.00729	-0.04008	0.99916	-0.00802	0.00696	0.00831	0.99994	
96	0.48000	78.44295	-105.21135	0.22819	0.62502	-0.12002	0.77987	1.16099	0.99991	-0.01361	0.00209	0.01359	0.99985	0.01091	-0.00224	-0.01088	0.99994		20.40150	-121.21511	-2.34648	-0.46677	0.41766	-2.29277	0.20335	0.99917	0.04000	-0.00729	-0.04006	0.99916	-0.00815	0.00696	0.00843	0.99994	
97	0.48500	78.48169	-105.18763	0.18477	0.63821	-0.12363	0.78025	1.17766	0.99990	-0.01362	0.00216	0.01359	0.99985	0.01114	-0.00231	-0.01111	0.99994		20.39836	-121.25687	-2.32411	-0.47551	0.41628	-2.29202	0.21744	0.99917	0.03999	-0.00727	-0.04005	0.99916	-0.00830	0.00693	0.00858	0.99994	
98	0.49000	78.48256	-105.18075	0.18572	0.65326	-0.11703	0.77871	1.15350	0.99991	-0.01359	0.00204	0.01357	0.99984	0.01140	-0.00220	-0.01137	0.99993		20.39811	-121.28755	-2.29783	-0.48678	0.41747	-2.28671	0.21735	0.99918	0.03990	-0.00729	-0.03996	0.99917	-0.00850	0.00694	0.00878	0.99994	
99	0.49500	78.45979	-105.15993	0.17067	0.66637	-0.10899	0.77975	1.17420	0.99991	-0.01361	0.00190	0.01359	0.99984	0.01163	-0.00206	-0.01160	0.99993		20.37190	-121.29350	-2.29724	-0.49040	0.41949	-2.29257	0.21572	0.99917	0.04000	-0.00732	-0.04006	0.99916	-0.00856	0.00697	0.00885	0.99994	
100	0.50000	78.47972	-105.14763	0.16211	0.67978	-0.10677	0.78319	1.17154	0.99990	-0.01367	0.00186	0.01365	0.99984	0.01186	-0.00203	-0.01184	0.99993		20.41822	-121.30271	-2.28861	-0.49873	0.41480	-2.29060	0.21418	0.99917	0.03997	-0.00724	-0.04003	0.99916	-0.00870	0.00689	0.00899	0.99994	
101	0.50500	78.44065	-105.12709	0.11596	0.69676	-0.10075	0.78295	1.17042	0.99991	-0.01366	0.00176	0.01364	0.99983	0.01216	-0.00192	-0.01214	0.99992		20.37703	-121.32559	-2.26667	-0.50490	0.42242	-2.28779	0.22294	0.99918	0.03992	-0.00737	-0.03998	0.99916	-0.00881	0.00701	0.00910	0.99993	
102	0.51000	78.46538	-105.10286	0.09442	0.71326	-0.09542	0.77997	1.16763	0.99991	-0.01361	0.00167	0.01359	0.99983	0.01245	-0.00183	-0.01242	0.99992		20.37085	-121.33573	-2.25756	-0.50970	0.41970	-2.28971	0.21559	0.99917	0.03995	-0.00733	-0.04002	0.99916	-0.00890	0.00696	0.00918	0.99993	
103	0.51500	78.47187	-105.08126	0.09394	0.72733	-0.09314	0.78763	1.17031	0.99990	-0.01375	0.00163	0.01372	0.99983	0.01269	-0.00180	-0.01267	0.99992		20.37074	-121.36101	-2.22324	-0.51684	0.41781	-2.28789	0.20026	0.99918	0.03992	-0.00729	-0.03998	0.99916	-0.00902	0.00693	0.00930	0.99993	
104	0.52000	78.48539	-105.08206	0.07681	0.74002	-0.08730	0.78394	1.16450	0.99991	-0.01368	0.00152	0.01366	0.99982	0.01292	-0.00170	-0.01289	0.99992		20.38476	-121.37256	-2.21868	-0.52121	0.42006	-2.28880	0.21739	0.99918	0.03994	-0.00733	-0.04000	0.99916	-0.00910	0.00696	0.00938	0.99993	
105	0.52500	78.47426	-105.03856	0.02450	0.75835	-0.08206	0.78371	1.18518	0.99991	-0.01368	0.00143	0.01366	0.99982	0.01324	-0.00161	-0.01321	0.99991		20.34933	-121.38819	-2.19235	-0.52755	0.41919	-2.29078	0.20809	0.99917	0.03997	-0.00732	-0.04004	0.99916	-0.00921	0.00694	0.00949	0.99993	
106	0.53000	78.47896	-105.02499	0.02202	0.76980	-0.07070	0.78842	1.17798	0.99990	-0.01376	0.00123	0.01374	0.99982	0.01344	-0.00142	-0.01342	0.99991		20.34555	-121.39318	-2.16734	-0.53023	0.42546	-2.29363	0.21754	0.99917	0.04002	-0.00743	-0.04009	0.99915	-0.00925	0.00705	0.00954	0.99993	
107	0.53500	78.40845	-105.02613	-0.01663	0.78115	-0.05889	0.78428	1.17587	0.99991	-0.01369	0.00103	0.01367	0.99981	0.01363	-0.00121	-0.01362	0.99991		20.34825	-121.41759	-2.14959	-0.53429	0.41981	-2.28984	0.21208	0.99917	0.03995	-0.00733	-0.04002	0.99916	-0.00932	0.00695	0.00961	0.99993	
108	0.54000	78.43792	-104.98919	-0.03814	0.79885	-0.05595	0.78182	1.16674	0.99991	-0.01364	0.00098	0.01363	0.99981	0.01394	-0.00117	-0.01393	0.99990		20.33796	-121.44533	-2.13197	-0.53980	0.41991	-2.29068	0.19830	0.99917	0.03997	-0.00733	-0.04004	0.99915	-0.00942	0.00695	0.00971	0.99993	
109	0.54500	78.45838	-104.97225	-0.06114	0.81168	-0.05020	0.78039	1.17322	0.99991	-0.01362	0.00088	0.01361	0.99981	0.01417	-0.00107	-0.01415	0.99990		20.34343	-121.44963	-2.11112	-0.54035	0.42340	-2.29096	0.22250	0.99917	0.03997	-0.00739	-0.04004	0.99915	-0.00943	0.00701	0.00972	0.99993	
110	0.55000	78.42797	-104.97960	-0.07003	0.82250	-0.04307	0.78378	1.17036	0.99991	-0.01368	0.00075	0.01367	0.99980	0.01435	-0.00095	-0.01434	0.99990		20.36043	-121.45346	-2.08555	-0.54355	0.42006	-2.28810	0.20688	0.99918	0.03992	-0.00733	-0.03999	0.99915	-0.00949	0.00695	0.00977	0.99993	
111	0.55500	78.42308	-104.95400	-0.10205	0.83302	-0.03368	0.78494	1.16842	0.99991	-0.01370	0.00059	0.01369	0.99980	0.01454	-0.00079	-0.01453	0.99989		20.34436	-121.48437	-2.05127	-0.54767	0.42091	-2.28642	0.19345	0.99918	0.03989	-0.00735	-0.03996	0.99916	-0.00956	0.00696	0.00984	0.99993	
112	0.56000	78.38026	-104.95840	-0.09459	0.84183	-0.02330	0.78736	1.15775	0.99991	-0.01374	0.00041	0.01373	0.99980	0.01469	-0.00061	-0.01469	0.99989		20.29578	-121.46719	-2.02127	-0.54637	0.42309	-2.29066	0.20529	0.99917	0.03997	-0.00738	-0.04004	0.99915	-0.00954	0.00700	0.00982	0.99993	
113	0.56500	78.39699	-104.93473	-0.13098	0.85334	-0.01741	0.78881	1.15412	0.99991	-0.01377	0.00030	0.01376	0.99979	0.01489	-0.00051	-0.01489	0.99989		20.30271	-121.47855	-1.98766	-0.54577	0.42336	-2.28795	0.20477	0.99918	0.03992	-0.00739	-0.03999	0.99915	-0.00953	0.00700	0.00981	0.99993	
114	0.57000	78.34275	-104.93513	-0.13535	0.86275	-0.00633	0.78711	1.15501	0.99991	-0.01374	0.00011	0.01373	0.99979	0.01506	-0.00032	-0.01505	0.99989		20.29275	-121.48615	-1.96687	-0.54613	0.42791	-2.28987	0.20010	0.99917	0.03995	-0.00747	-0.04002	0.99915	-0.00953	0.00708	0.00982	0.99993	
115	0.57500	78.35728	-104.93663	-0.15029	0.87109	-0.00290	0.78973	1.16447	0.99991	-0.01378	0.00005	0.01378	0.99979	0.01520	-0.00026	-0.01520	0.99988		20.28852	-121.48845	-1.94119	-0.54796	0.42683	-2.28790	0.20273	0.99918	0.03992	-0.00745	-0.03999	0.99915	-0.00956	0.00706	0.00985	0.99993	
116	0.58000	78.33016	-104.93101	-0.17423	0.88010	0.00482	0.78754	1.16972	0.99991	-0.01374	-0.00008	0.01374	0.99979	0.01536	-0.00013	-0.01536	0.99988		20.25259	-121.50880	-1.90728	-0.54534	0.43138	-2.28733	0.20795	0.99917	0.03991	-0.00753	-0.03998	0.99916	-0.00952	0.00714	0.00981	0.99993	
117	0.58500	78.36566	-104.91775	-0.17134	0.88589	0.01169	0.79180	1.17337	0.99990	-0.01382	-0.00020	0.01382	0.99978	0.01546	-0.00001	-0.01546	0.99988		20.28186	-121.49365	-1.87838	-0.54296	0.42712	-2.28670	0.20149	0.99918	0.03990	-0.00745	-0.03997	0.99916	-0.00948	0.00707	0.00977	0.99993	
118	0.59000	78.32263	-104.92165	-0.18884	0.89440	0.01492	0.78657	1.15902	0.99991	-0.01373	-0.00026	0.01373	0.99978	0.01561	0.00005	-0.01561	0.99988		20.26309	-121.50926	-1.84473	-0.54222	0.43084	-2.29251	0.19983	0.99917	0.04000	-0.00752	-0.04007	0.99915	-0.00946	0.00713	0.00976	0.99993	
119	0.59500	78.34666	-104.90731	-0.21764	0.90188	0.02230	0.78913	1.16542	0.99991	-0.01377	-0.00039	0.01378	0.99978	0.01574	0.00017	-0.01574	0.99988		20.25583	-121.51628	-1.82341	-0.54097	0.42940	-2.28989	0.20009	0.99917	0.03995	-0.00749	-0.04002	0.99915	-0.00944	0.00711	0.00973	0.99993	
120	0.60000	78.32484	-104.90694	-0.19882	0.90556	0.03171	0.78799	1.16142	0.99991	-0.01375	-0.00055	0.01376	0.99978	0.01580	0.00034	-0.01581	0.99987		20.25481	-121.52032	-1.79013	-0.53732	0.43371	-2.29021	0.21326	0.99917	0.03996	-0.00757	-0.04003	0.99915	-0.00938	0.00719	0.00967	0.99993	
121	0.60500	78.30425	-104.92407	-0.22667	0.90992	0.03746	0.78868	1.16826	0.99991	-0.01376	-0.00065	0.01377	0.99978	0.01588	0.00044	-0.01589	0.99987		20.27041	-121.51658	-1.76927	-0.53376	0.42714	-2.29335	0.19937	0.99917	0.04001	-0.00745	-0.04008	0.99915	-0.00932	0.00708	0.00961	0.99993	
122	0.61000	78.29329	-104.89955	-0.25126	0.91636	0.04665	0.79149	1.18149	0.99990	-0.01381	-0.00081	0.01382	0.99978	0.01599	0.00059	-0.01600	0.99987		20.23090	-121.52969	-1.73949	-0.53152	0.43289	-2.29119	0.21693	0.99917	0.03998	-0.00756	-0.04005	0.99915	-0.00928	0.00718	0.00957	0.99993	
123	0.61500	78.29930	-104.92129	-0.26462	0.91742	0.04791	0.78912	1.16379	0.99990	-0.01377	-0.00084	0.01378	0.99978	0.01601	0.00062	-0.01602	0.99987		20.22185	-121.52741	-1.71465	-0.52673	0.43417	-2.29576	0.21916	0.99917	0.04006	-0.00758	-0.04013	0.99915	-0.00919	0.00720	0.00949	0.99993	
124	0.62000	78.27231	-104.90973	-0.25850	0.92178	0.06011	0.78978	1.16857	0.99990	-0.01378	-0.00105	0.01380	0.99978	0.01609	0.00083	-0.01610	0.99987		20.22238	-121.54014	-1.68495	-0.52482	0.43068	-2.28916	0.20856	0.99917	0.03994	-0.00752	-0.04001	0.99916	-0.00916	0.00714	0.00945	0.99993	
125	0.62500	78.30679	-104.89958	-0.27547	0.92441	0.06215	0.78968	1.16521	0.99990	-0.01378	-0.00108	0.01380	0.99977	0.01613	0.00086	-0.01615	0.99987		20.18620	-121.52572	-1.65602	-0.51711	0.43809	-2.29173	0.22150	0.99917	0.03999	-0.00765	-0.04005	0.99916	-0.00902	0.00728	0.00932	0.99993	
126	0.63000	78.23112	-104.90139	-0.28569	0.92442	0.07337	0.79147	1.17018	0.99990	-0.01381	-0.00128	0.01383	0.99977	0.01613	0.00106	-0.01615	0.99987		20.20060	-121.54596	-1.61835	-0.51446	0.43570	-2.29106	0.21382	0.99917	0.03997	-0.00760	-0.04004	0.99916	-0.00898	0.00724	0.00928	0.99993	
127	0.63500	78.28194	-104.91488	-0.29837	0.92552	0.06950	0.79435	1.19627	0.99990	-0.01386	-0.00121	0.01388	0.99977	0.01615	0.00099	-0.01617	0.99987		20.21768	-121.53401	-1.58111	-0.50853	0.43359	-2.29253	0.21441	0.99917	0.04000	-0.00757	-0.04007	0.99916	-0.00888	0.00721	0.00917	0.99993	
128	0.64000	78.23528	-104.90603	-0.29230	0.92512	0.08268	0.79295	1.17385	0.99990	-0.01384	-0.00144	0.01386	0.99977	0.01615	0.00122	-0.01616	0.99987		20.18966	-121.51263	-1.55202	-0.50061	0.43692	-2.29470	0.21709	0.99917	0.04004	-0.00763	-0.04010	0.99916	-0.00874	0.00727	0.00904	0.99993	
129	0.64500	78.21610	-104.91796	-0.29875	0.92294	0.09056	0.78854	1.17154	0.99990	-0.01376	-0.00158	0.01379	0.99978	0.01611	0.00136	-0.01613	0.99987		20.22864	-121.51922	-1.51935	-0.49454	0.43345	-2.29390	0.21431	0.99917	0.04002	-0.00756	-0.04009	0.99916	-0.00863	0.00721	0.00893	0.99993	
130	0.65000	78.25283	-104.92824	-0.31401	0.91998	0.08900	0.79527	1.18722	0.99990	-0.01388	-0.00155	0.01390	0.99977	0.01606	0.00133	-0.01608	0.99987		20.21068	-121.51372	-1.48589	-0.48818	0.43431	-2.29631	0.20822	0.99917	0.04007	-0.00758	-0.04013	0.99916	-0.00852	0.00723	0.00882	0.99993	
131	0.65500	78.21148	-104.95129	-0.32484	0.91455	0.09596	0.79219	1.18653	0.99990	-0.01383	-0.00167	0.01385	0.99978	0.01596	0.00145	-0.01598	0.99987		20.17583	-121.50397	-1.46483	-0.47997	0.43616	-2.29775	0.22887	0.99917	0.04009	-0.00761	-0.04015	0.99916	-0.00838	0.00727	0.00868	0.99994	
132	0.66000	78.24430	-104.95271	-0.32100	0.91322	0.09458	0.78972	1.16870	0.99990	-0.01378	-0.00165	0.01381	0.99978	0.01594	0.00143	-0.01596	0.99987		20.20572	-121.50671	-1.41544	-0.47378	0.43757	-2.29777	0.22785	0.99917	0.04009	-0.00764	-0.04015	0.99916	-0.00827	0.00730	0.00857	0.99994	
133	0.66500	78.21035	-104.94311	-0.33175	0.90754	0.10219	0.79212	1.17041	0.99990	-0.01382	-0.00178	0.01385	0.99978	0.01584	0.00156	-0.01586	0.99987		20.18870	-121.49699	-1.39494	-0.46444	0.43740	-2.29719	0.21301	0.99917	0.04008	-0.00763	-0.04014	0.99916	-0.00811	0.00730	0.00841	0.99994	
134	0.67000	78.23751	-104.93936	-0.32081	0.90451	0.09866	0.79320	1.18509	0.99990	-0.01384	-0.00172	0.01387	0.99978	0.01579	0.00150	-0.01581	0.99987		20.16945	-121.47465	-1.37038	-0.45585	0.44347	-2.29978	0.23887	0.99916	0.04013	-0.00774	-0.04019	0.99916	-0.00796	0.00741	0.00826	0.99994	
135	0.67500	78.21569	-104.97619	-0.33499	0.89346	0.10721	0.79517	1.17977	0.99990	-0.01388	-0.00187	0.01391	0.99978	0.01559	0.00165	-0.01562	0.99988		20.17794	-121.49131	-1.34562	-0.45031	0.44189	-2.29669	0.21478	0.99917	0.04007	-0.00771	-0.04013	0.99916	-0.00786	0.00739	0.00816	0.99994	
136	0.68000	78.18271	-104.95345	-0.30830	0.88972	0.11555	0.79800	1.16162	0.99990	-0.01393	-0.00202	0.01396	0.99978	0.01553	0.00180	-0.01555	0.99988		20.13942	-121.46576	-1.32494	-0.44051	0.44492	-2.29372	0.22056	0.99917	0.04002	-0.00777	-0.04008	0.99917	-0.00769	0.00745	0.00799	0.99994	
137	0.68500	78.17550	-104.97335	-0.35268	0.88164	0.11273	0.78735	1.16590	0.99990	-0.01374	-0.00197	0.01377	0.99979	0.01539	0.00176	-0.01541	0.99988		20.17391	-121.47863	-1.29209	-0.43244	0.44451	-2.29628	0.22904	0.99917	0.04007	-0.00776	-0.04012	0.99917	-0.00755	0.00745	0.00785	0.99994	
