NO_OF_FRAMES	8779
NO_OF_CAMERAS	8
NO_OF_BODIES	2
FREQUENCY	200
NO_OF_ANALOG	0
ANALOG_FREQUENCY	0
DESCRIPTION	--
TIME_STAMP	2013-07-04, 11:01:18	94894.60504423
DATA_INCLUDED	6D
BODY_NAMES	Ice 1	Ice 2
Frame	Time	Ice 1 X	Y	Z	Roll	Pitch	Yaw	Residual	Rot[0]	Rot[1]	Rot[2]	Rot[3]	Rot[4]	Rot[5]	Rot[6]	Rot[7]	Rot[8]	Ice 2 X	Y	Z	Roll	Pitch	Yaw	Residual	Rot[0]	Rot[1]	Rot[2]	Rot[3]	Rot[4]	Rot[5]	Rot[6]	Rot[7]	Rot[8]	
1	0.00500	79.00641	-188.03534	0.07103	0.66960	-0.03445	6.97996	1.00736	0.99259	-0.12152	0.00060	0.12151	0.99252	0.01169	-0.00202	-0.01153	0.99993		-60.15887	-315.21581	0.22552	-0.07560	0.30929	-1.50437	0.31072	0.99964	0.02625	-0.00540	-0.02626	0.99965	-0.00132	0.00536	0.00146	0.99998	
2	0.01000	79.00740	-188.09778	0.05534	0.65058	-0.02674	6.98508	0.99312	0.99258	-0.12161	0.00047	0.12160	0.99251	0.01135	-0.00184	-0.01121	0.99994		-60.18806	-315.14732	0.20223	-0.06314	0.31775	-1.51594	0.29946	0.99963	0.02645	-0.00555	-0.02646	0.99965	-0.00110	0.00551	0.00125	0.99998	
3	0.01500	79.04159	-188.10235	0.06673	0.64263	-0.02885	6.99096	0.98250	0.99257	-0.12171	0.00050	0.12170	0.99250	0.01122	-0.00186	-0.01107	0.99994		-60.18369	-315.14934	0.20220	-0.06300	0.31779	-1.51678	0.30199	0.99963	0.02647	-0.00555	-0.02648	0.99965	-0.00110	0.00552	0.00125	0.99998	
4	0.02000	79.00369	-188.12206	0.07899	0.63217	-0.02903	6.98930	0.97903	0.99257	-0.12168	0.00051	0.12167	0.99251	0.01103	-0.00185	-0.01089	0.99994		-60.19183	-315.15071	0.19513	-0.06263	0.32066	-1.51635	0.30666	0.99963	0.02646	-0.00560	-0.02647	0.99965	-0.00109	0.00557	0.00124	0.99998	
5	0.02500	78.98893	-188.12023	0.07824	0.62704	-0.03257	6.99458	0.99157	0.99256	-0.12178	0.00057	0.12176	0.99250	0.01094	-0.00190	-0.01079	0.99994		-60.16784	-315.13687	0.20723	-0.06115	0.32047	-1.52085	0.31447	0.99963	0.02654	-0.00559	-0.02655	0.99965	-0.00107	0.00556	0.00122	0.99998	
6	0.03000	78.97187	-188.14670	0.10992	0.61827	-0.03209	6.99505	0.98617	0.99256	-0.12178	0.00056	0.12177	0.99250	0.01079	-0.00187	-0.01064	0.99994		-60.17320	-315.16586	0.20199	-0.06757	0.31816	-1.51888	0.30383	0.99963	0.02651	-0.00555	-0.02651	0.99965	-0.00118	0.00552	0.00133	0.99998	
7	0.03500	78.92748	-188.15289	0.09503	0.60971	-0.02909	6.99006	1.00423	0.99257	-0.12170	0.00051	0.12168	0.99251	0.01064	-0.00180	-0.01050	0.99994		-60.20572	-315.16515	0.19431	-0.06566	0.32044	-1.51727	0.30310	0.99963	0.02648	-0.00559	-0.02648	0.99965	-0.00115	0.00556	0.00129	0.99998	
8	0.04000	78.95473	-188.17966	0.09986	0.60025	-0.03210	6.98716	0.98669	0.99257	-0.12165	0.00056	0.12163	0.99252	0.01048	-0.00183	-0.01033	0.99994		-60.20183	-315.15140	0.19802	-0.06539	0.32263	-1.52015	0.30570	0.99963	0.02653	-0.00563	-0.02653	0.99965	-0.00114	0.00560	0.00129	0.99998	
9	0.04500	78.96680	-188.17701	0.10729	0.59312	-0.03588	6.99719	0.99280	0.99255	-0.12182	0.00063	0.12181	0.99250	0.01035	-0.00188	-0.01020	0.99995		-60.19587	-315.17021	0.18411	-0.06909	0.32218	-1.51545	0.31188	0.99963	0.02645	-0.00562	-0.02645	0.99965	-0.00121	0.00559	0.00135	0.99998	
10	0.05000	78.99528	-188.16508	0.11040	0.58996	-0.03829	6.99066	0.99564	0.99257	-0.12171	0.00067	0.12169	0.99251	0.01030	-0.00192	-0.01014	0.99995		-60.21140	-315.16982	0.19528	-0.06951	0.32490	-1.51976	0.30660	0.99963	0.02652	-0.00567	-0.02653	0.99965	-0.00121	0.00564	0.00136	0.99998	
11	0.05500	78.89541	-188.30755	0.22211	0.56995	-0.04289	6.98029	0.98269	0.99259	-0.12153	0.00075	0.12151	0.99254	0.00995	-0.00195	-0.00978	0.99995		-60.22803	-315.16947	0.19126	-0.07268	0.32698	-1.51873	0.29863	0.99963	0.02650	-0.00571	-0.02651	0.99965	-0.00127	0.00567	0.00142	0.99998	
12	0.06000	78.91845	-188.33347	0.23390	0.56158	-0.04783	6.98422	0.99088	0.99258	-0.12160	0.00083	0.12158	0.99253	0.00980	-0.00202	-0.00963	0.99995		-60.18771	-315.17937	0.18389	-0.07614	0.32388	-1.51808	0.31400	0.99963	0.02649	-0.00565	-0.02650	0.99965	-0.00133	0.00562	0.00148	0.99998	
13	0.06500	78.86574	-188.34046	0.24298	0.55281	-0.03903	6.98626	0.98849	0.99258	-0.12163	0.00068	0.12162	0.99253	0.00965	-0.00185	-0.00949	0.99995		-60.20042	-315.18960	0.17035	-0.08232	0.32420	-1.51470	0.31297	0.99963	0.02643	-0.00566	-0.02644	0.99965	-0.00144	0.00562	0.00159	0.99998	
14	0.07000	78.86142	-188.36217	0.25975	0.54425	-0.04229	6.98507	0.99640	0.99258	-0.12161	0.00074	0.12160	0.99253	0.00950	-0.00189	-0.00934	0.99995		-60.23641	-315.19675	0.17188	-0.08236	0.33097	-1.51471	0.29209	0.99963	0.02643	-0.00578	-0.02644	0.99965	-0.00144	0.00574	0.00159	0.99998	
15	0.07500	78.85581	-188.38205	0.26676	0.53727	-0.04026	6.98060	0.98750	0.99259	-0.12153	0.00070	0.12152	0.99254	0.00938	-0.00184	-0.00922	0.99996		-60.23541	-315.20971	0.16794	-0.08802	0.33018	-1.51593	0.31020	0.99963	0.02645	-0.00576	-0.02646	0.99965	-0.00154	0.00572	0.00169	0.99998	
16	0.08000	78.84866	-188.38053	0.25870	0.52990	-0.04346	6.97788	0.98364	0.99259	-0.12149	0.00076	0.12147	0.99255	0.00925	-0.00188	-0.00909	0.99996		-60.25960	-315.20207	0.15248	-0.09018	0.33678	-1.51575	0.29767	0.99963	0.02645	-0.00588	-0.02646	0.99965	-0.00157	0.00583	0.00173	0.99998	
17	0.08500	78.81886	-188.41018	0.26543	0.51953	-0.03783	6.98184	0.98233	0.99258	-0.12155	0.00066	0.12154	0.99254	0.00907	-0.00176	-0.00892	0.99996		-60.21091	-315.21900	0.16594	-0.09266	0.33242	-1.51717	0.29780	0.99963	0.02648	-0.00580	-0.02649	0.99965	-0.00162	0.00576	0.00177	0.99998	
18	0.09000	78.83908	-188.42766	0.25218	0.51193	-0.04178	6.97732	0.99368	0.99259	-0.12148	0.00073	0.12147	0.99256	0.00893	-0.00181	-0.00878	0.99996		-60.25450	-315.24408	0.13609	-0.09980	0.33557	-1.51540	0.31338	0.99963	0.02645	-0.00586	-0.02646	0.99965	-0.00174	0.00581	0.00190	0.99998	
19	0.09500	78.80886	-188.42035	0.26657	0.50831	-0.03980	6.98183	0.99422	0.99258	-0.12155	0.00069	0.12154	0.99255	0.00887	-0.00177	-0.00872	0.99996		-60.26912	-315.22348	0.13157	-0.10108	0.34048	-1.51991	0.31511	0.99963	0.02652	-0.00594	-0.02653	0.99965	-0.00176	0.00589	0.00192	0.99998	
20	0.10000	78.82228	-188.45839	0.26198	0.49756	-0.03590	6.97748	0.99394	0.99259	-0.12148	0.00063	0.12147	0.99256	0.00868	-0.00168	-0.00854	0.99996		-60.21826	-315.26589	0.12811	-0.10689	0.33962	-1.51584	0.30993	0.99963	0.02645	-0.00593	-0.02646	0.99965	-0.00187	0.00588	0.00202	0.99998	
21	0.10500	78.78774	-188.44728	0.25862	0.49103	-0.03137	6.98076	0.99323	0.99259	-0.12154	0.00055	0.12153	0.99255	0.00857	-0.00158	-0.00844	0.99996		-60.25785	-315.27706	0.11381	-0.11959	0.33939	-1.51822	0.30681	0.99963	0.02649	-0.00592	-0.02651	0.99965	-0.00209	0.00587	0.00224	0.99998	
22	0.11000	78.75677	-188.46286	0.25127	0.48359	-0.03220	6.97830	0.99518	0.99259	-0.12149	0.00056	0.12148	0.99256	0.00844	-0.00158	-0.00831	0.99996		-60.28026	-315.26480	0.09839	-0.11661	0.34445	-1.51909	0.30449	0.99963	0.02651	-0.00601	-0.02652	0.99965	-0.00204	0.00596	0.00219	0.99998	
23	0.11500	78.77907	-188.48381	0.26309	0.47675	-0.02737	6.97512	0.99175	0.99260	-0.12144	0.00048	0.12143	0.99257	0.00832	-0.00148	-0.00820	0.99997		-60.24823	-315.29556	0.09926	-0.12235	0.34755	-1.51547	0.29619	0.99963	0.02645	-0.00607	-0.02646	0.99965	-0.00214	0.00601	0.00230	0.99998	
24	0.12000	78.74360	-188.50618	0.22883	0.46948	-0.02747	6.97770	0.99546	0.99259	-0.12148	0.00048	0.12148	0.99256	0.00819	-0.00147	-0.00807	0.99997		-60.32063	-315.35809	0.01707	-0.14978	0.34909	-1.51179	0.31017	0.99963	0.02638	-0.00609	-0.02640	0.99965	-0.00261	0.00602	0.00277	0.99998	
25	0.12500	78.74685	-188.51753	0.23378	0.46191	-0.02221	6.97776	0.99099	0.99259	-0.12148	0.00039	0.12148	0.99256	0.00806	-0.00136	-0.00795	0.99997		-60.27638	-315.40513	0.02101	-0.15992	0.34456	-1.50953	0.30043	0.99963	0.02634	-0.00601	-0.02636	0.99965	-0.00279	0.00594	0.00295	0.99998	
26	0.13000	78.74151	-188.51355	0.23776	0.45747	-0.01825	6.97920	1.00018	0.99259	-0.12151	0.00032	0.12150	0.99256	0.00798	-0.00129	-0.00789	0.99997		-60.27437	-315.43846	0.02964	-0.16917	0.34932	-1.50651	0.30381	0.99964	0.02629	-0.00610	-0.02631	0.99965	-0.00295	0.00602	0.00311	0.99998	
27	0.13500	78.70429	-188.52594	0.21784	0.45297	-0.01689	6.97364	0.98642	0.99260	-0.12141	0.00029	0.12141	0.99257	0.00791	-0.00125	-0.00781	0.99997		-60.32973	-315.41771	-0.00123	-0.16996	0.35206	-1.50568	0.30073	0.99964	0.02628	-0.00614	-0.02629	0.99965	-0.00297	0.00606	0.00313	0.99998	
28	0.14000	78.68541	-188.50566	0.22312	0.45030	-0.01104	6.97398	0.99805	0.99260	-0.12142	0.00019	0.12141	0.99257	0.00786	-0.00115	-0.00778	0.99997		-60.28653	-315.42598	-0.01889	-0.17614	0.35478	-1.50891	0.31586	0.99963	0.02633	-0.00619	-0.02635	0.99965	-0.00307	0.00611	0.00324	0.99998	
29	0.14500	78.68803	-188.53339	0.22173	0.44305	-0.00714	6.97247	0.98761	0.99260	-0.12139	0.00012	0.12139	0.99258	0.00773	-0.00106	-0.00766	0.99997		-60.31851	-315.49785	-0.00518	-0.19289	0.35776	-1.49826	0.32245	0.99964	0.02615	-0.00624	-0.02617	0.99965	-0.00337	0.00615	0.00353	0.99997	
30	0.15000	78.66702	-188.53707	0.18933	0.43885	-0.00493	6.97209	1.00107	0.99261	-0.12139	0.00009	0.12138	0.99258	0.00766	-0.00102	-0.00759	0.99997		-60.38228	-315.50781	-0.02130	-0.19930	0.36101	-1.49949	0.31666	0.99964	0.02617	-0.00630	-0.02619	0.99965	-0.00348	0.00621	0.00364	0.99997	
31	0.15500	78.68037	-188.54066	0.20721	0.43278	0.00141	6.97222	1.00227	0.99261	-0.12139	-0.00002	0.12138	0.99258	0.00755	-0.00089	-0.00750	0.99997		-60.33955	-315.49959	-0.03760	-0.19846	0.36546	-1.49814	0.30250	0.99964	0.02614	-0.00638	-0.02617	0.99965	-0.00346	0.00629	0.00363	0.99997	
32	0.16000	78.63079	-188.55080	0.19687	0.42993	0.01087	6.97229	0.98932	0.99260	-0.12139	-0.00019	0.12139	0.99258	0.00750	-0.00072	-0.00747	0.99997		-60.33081	-315.53367	-0.04105	-0.21050	0.36434	-1.49690	0.30660	0.99964	0.02612	-0.00636	-0.02615	0.99965	-0.00367	0.00626	0.00384	0.99997	
33	0.16500	78.63384	-188.52243	0.15767	0.43084	0.01093	6.97274	1.00717	0.99260	-0.12140	-0.00019	0.12140	0.99258	0.00752	-0.00072	-0.00749	0.99997		-60.38708	-315.52741	-0.06674	-0.21330	0.36935	-1.50053	0.32481	0.99964	0.02619	-0.00645	-0.02621	0.99965	-0.00372	0.00635	0.00389	0.99997	
34	0.17000	78.64216	-188.51800	0.16260	0.42959	0.01535	6.97025	1.01468	0.99261	-0.12135	-0.00027	0.12135	0.99258	0.00750	-0.00064	-0.00747	0.99997		-60.36349	-315.53897	-0.05701	-0.21924	0.37448	-1.49841	0.30707	0.99964	0.02615	-0.00654	-0.02617	0.99965	-0.00383	0.00643	0.00400	0.99997	
35	0.17500	78.61927	-188.52901	0.15437	0.42575	0.01793	6.97166	0.99976	0.99261	-0.12138	-0.00031	0.12138	0.99258	0.00743	-0.00059	-0.00741	0.99997		-60.39077	-315.53571	-0.08506	-0.22283	0.37304	-1.50193	0.32604	0.99964	0.02621	-0.00651	-0.02624	0.99965	-0.00389	0.00641	0.00406	0.99997	
36	0.18000	78.57472	-188.52265	0.14426	0.42351	0.02968	6.97366	1.00241	0.99260	-0.12141	-0.00052	0.12141	0.99257	0.00739	-0.00038	-0.00740	0.99997		-60.37781	-315.56425	-0.09021	-0.23324	0.37946	-1.50282	0.31845	0.99963	0.02623	-0.00662	-0.02625	0.99965	-0.00407	0.00651	0.00424	0.99997	
37	0.18500	78.58497	-188.51692	0.13082	0.42253	0.03656	6.97135	1.01696	0.99261	-0.12137	-0.00064	0.12137	0.99258	0.00737	-0.00026	-0.00740	0.99997		-60.38901	-315.60043	-0.07963	-0.24383	0.37828	-1.49816	0.31937	0.99964	0.02614	-0.00660	-0.02617	0.99965	-0.00426	0.00649	0.00443	0.99997	
38	0.19000	78.56890	-188.53192	0.11251	0.41988	0.03593	6.97064	1.01745	0.99261	-0.12136	-0.00063	0.12136	0.99258	0.00733	-0.00027	-0.00735	0.99997		-60.38792	-315.60086	-0.09484	-0.24478	0.38453	-1.50239	0.31095	0.99963	0.02622	-0.00671	-0.02625	0.99965	-0.00427	0.00660	0.00445	0.99997	
39	0.19500	78.52602	-188.52880	0.08633	0.41720	0.04698	6.97270	1.00177	0.99260	-0.12140	-0.00082	0.12140	0.99258	0.00728	-0.00007	-0.00733	0.99997		-60.42124	-315.59349	-0.12316	-0.24938	0.38896	-1.50032	0.31377	0.99963	0.02618	-0.00679	-0.02621	0.99965	-0.00435	0.00667	0.00453	0.99997	
40	0.20000	78.53858	-188.52991	0.06999	0.41474	0.04982	6.97412	1.02205	0.99260	-0.12142	-0.00087	0.12142	0.99257	0.00724	-0.00002	-0.00729	0.99997		-60.38501	-315.63144	-0.10155	-0.26101	0.38801	-1.49945	0.32208	0.99963	0.02617	-0.00677	-0.02620	0.99965	-0.00456	0.00665	0.00473	0.99997	
41	0.20500	78.50323	-188.52761	0.08190	0.41718	0.06021	6.97080	1.01378	0.99261	-0.12136	-0.00105	0.12137	0.99258	0.00728	0.00016	-0.00735	0.99997		-60.40071	-315.62311	-0.12666	-0.25956	0.39450	-1.50381	0.33000	0.99963	0.02624	-0.00689	-0.02627	0.99964	-0.00453	0.00676	0.00471	0.99997	
42	0.21000	78.47657	-188.51588	0.04078	0.41805	0.06687	6.97143	1.01308	0.99261	-0.12137	-0.00117	0.12138	0.99258	0.00730	0.00027	-0.00738	0.99997		-60.45929	-315.65203	-0.12983	-0.27350	0.39914	-1.49941	0.31341	0.99963	0.02617	-0.00697	-0.02620	0.99965	-0.00477	0.00684	0.00495	0.99996	
43	0.21500	78.46128	-188.51309	0.03809	0.41877	0.07459	6.97431	1.02561	0.99260	-0.12142	-0.00130	0.12143	0.99257	0.00731	0.00040	-0.00741	0.99997		-60.41527	-315.67566	-0.13829	-0.27935	0.40440	-1.50297	0.32505	0.99963	0.02623	-0.00706	-0.02626	0.99964	-0.00488	0.00693	0.00506	0.99996	
44	0.22000	78.44815	-188.48035	0.03112	0.42245	0.07974	6.96878	1.01218	0.99261	-0.12133	-0.00139	0.12134	0.99258	0.00737	0.00049	-0.00749	0.99997		-60.42822	-315.68540	-0.15256	-0.28562	0.40447	-1.49934	0.32543	0.99963	0.02616	-0.00706	-0.02620	0.99964	-0.00498	0.00693	0.00517	0.99996	
45	0.22500	78.40286	-188.49225	0.00270	0.42179	0.09123	6.96760	1.00329	0.99261	-0.12131	-0.00159	0.12132	0.99259	0.00736	0.00069	-0.00750	0.99997		-60.45964	-315.68585	-0.17190	-0.28990	0.40812	-1.50140	0.32834	0.99963	0.02620	-0.00712	-0.02624	0.99964	-0.00506	0.00699	0.00524	0.99996	
46	0.23000	78.42497	-188.49329	-0.02449	0.42264	0.09680	6.97082	1.00549	0.99261	-0.12136	-0.00169	0.12137	0.99258	0.00738	0.00078	-0.00753	0.99997		-60.40430	-315.72246	-0.17529	-0.29852	0.40741	-1.50339	0.32882	0.99963	0.02624	-0.00711	-0.02627	0.99964	-0.00521	0.00697	0.00539	0.99996	
47	0.23500	78.38488	-188.47377	-0.03036	0.42574	0.10493	6.97240	1.01354	0.99260	-0.12139	-0.00183	0.12140	0.99258	0.00743	0.00092	-0.00760	0.99997		-60.42858	-315.74396	-0.17942	-0.30702	0.41471	-1.49958	0.32052	0.99963	0.02617	-0.00724	-0.02621	0.99964	-0.00536	0.00710	0.00555	0.99996	
48	0.24000	78.40910	-188.46392	-0.04284	0.42871	0.10074	6.96853	1.01023	0.99261	-0.12132	-0.00176	0.12133	0.99258	0.00748	0.00084	-0.00764	0.99997		-60.48384	-315.73940	-0.19707	-0.31042	0.41923	-1.49981	0.32151	0.99963	0.02617	-0.00732	-0.02621	0.99964	-0.00542	0.00717	0.00561	0.99996	
49	0.24500	78.38303	-188.44992	-0.07057	0.43050	0.11785	6.97051	1.00910	0.99261	-0.12136	-0.00206	0.12137	0.99258	0.00751	0.00113	-0.00771	0.99997		-60.45820	-315.76631	-0.20836	-0.31688	0.42501	-1.50300	0.33117	0.99963	0.02623	-0.00742	-0.02627	0.99964	-0.00553	0.00727	0.00572	0.99996	
50	0.25000	78.34477	-188.46101	-0.09353	0.43034	0.12480	6.97023	1.00302	0.99261	-0.12135	-0.00218	0.12137	0.99258	0.00751	0.00125	-0.00772	0.99997		-60.49946	-315.78169	-0.20847	-0.32428	0.42773	-1.49899	0.32608	0.99963	0.02616	-0.00747	-0.02620	0.99964	-0.00566	0.00731	0.00585	0.99996	
51	0.25500	78.40283	-188.42371	-0.11787	0.43867	0.12090	6.96804	1.01553	0.99261	-0.12132	-0.00211	0.12133	0.99258	0.00766	0.00117	-0.00786	0.99997		-60.49121	-315.79176	-0.22768	-0.33001	0.43167	-1.49891	0.33674	0.99963	0.02616	-0.00753	-0.02620	0.99964	-0.00576	0.00738	0.00595	0.99995	
52	0.26000	78.35150	-188.45171	-0.14144	0.43801	0.13512	6.97840	1.02259	0.99259	-0.12149	-0.00236	0.12151	0.99256	0.00764	0.00141	-0.00787	0.99997		-60.45776	-315.82327	-0.22974	-0.33707	0.43266	-1.49620	0.31355	0.99963	0.02611	-0.00755	-0.02615	0.99964	-0.00588	0.00739	0.00608	0.99995	
53	0.26500	78.30982	-188.43444	-0.15167	0.44306	0.14328	6.96946	1.00678	0.99261	-0.12134	-0.00250	0.12136	0.99258	0.00773	0.00154	-0.00798	0.99997		-60.51381	-315.83666	-0.25160	-0.34516	0.44042	-1.49896	0.31932	0.99963	0.02616	-0.00769	-0.02620	0.99964	-0.00602	0.00753	0.00622	0.99995	
54	0.27000	78.31298	-188.40451	-0.16394	0.44628	0.15451	6.97393	0.99816	0.99260	-0.12142	-0.00270	0.12143	0.99257	0.00779	0.00173	-0.00806	0.99997		-60.50698	-315.85325	-0.25166	-0.34904	0.44266	-1.49943	0.33400	0.99963	0.02617	-0.00773	-0.02621	0.99964	-0.00609	0.00756	0.00629	0.99995	
55	0.27500	78.31930	-188.42216	-0.18570	0.44885	0.15468	6.97187	0.99710	0.99260	-0.12138	-0.00270	0.12140	0.99257	0.00783	0.00173	-0.00810	0.99997		-60.49028	-315.88724	-0.26726	-0.35466	0.44663	-1.50048	0.32212	0.99963	0.02618	-0.00780	-0.02623	0.99964	-0.00619	0.00763	0.00639	0.99995	
56	0.28000	78.36514	-188.41828	-0.22301	0.44934	0.16366	6.98862	0.98935	0.99257	-0.12167	-0.00286	0.12169	0.99254	0.00784	0.00188	-0.00813	0.99997		-60.54206	-315.86126	-0.28871	-0.35683	0.45204	-1.50094	0.32945	0.99963	0.02619	-0.00789	-0.02624	0.99964	-0.00623	0.00772	0.00643	0.99995	
57	0.28500	78.37618	-188.41400	-0.23163	0.45469	0.16560	6.98689	0.98136	0.99257	-0.12164	-0.00289	0.12166	0.99254	0.00794	0.00190	-0.00823	0.99996		-60.50101	-315.90838	-0.28719	-0.36526	0.45495	-1.49824	0.32447	0.99963	0.02615	-0.00794	-0.02620	0.99964	-0.00637	0.00777	0.00658	0.99995	
58	0.29000	78.25622	-188.39585	-0.23412	0.46399	0.17522	6.97046	1.01091	0.99260	-0.12136	-0.00306	0.12138	0.99257	0.00810	0.00205	-0.00841	0.99996		-60.57939	-315.90139	-0.30142	-0.36694	0.46272	-1.49999	0.32396	0.99962	0.02618	-0.00808	-0.02623	0.99964	-0.00640	0.00791	0.00661	0.99995	
59	0.29500	78.28283	-188.36991	-0.25870	0.47130	0.18251	6.97338	1.00166	0.99260	-0.12141	-0.00319	0.12143	0.99257	0.00823	0.00216	-0.00855	0.99996		-60.53779	-315.92668	-0.30369	-0.37507	0.46520	-1.50279	0.33861	0.99962	0.02622	-0.00812	-0.02628	0.99963	-0.00655	0.00794	0.00676	0.99995	
60	0.30000	78.27126	-188.37250	-0.27235	0.47629	0.18944	6.97379	0.97889	0.99260	-0.12141	-0.00331	0.12144	0.99256	0.00831	0.00227	-0.00865	0.99996		-60.57430	-315.96218	-0.31441	-0.38098	0.46935	-1.49623	0.33325	0.99963	0.02611	-0.00819	-0.02617	0.99964	-0.00665	0.00801	0.00686	0.99994	
61	0.30500	78.30790	-188.35157	-0.29480	0.48630	0.18786	6.96259	1.00612	0.99262	-0.12122	-0.00328	0.12124	0.99259	0.00849	0.00223	-0.00882	0.99996		-60.59547	-315.95177	-0.32489	-0.38280	0.47468	-1.50209	0.34730	0.99962	0.02621	-0.00828	-0.02627	0.99963	-0.00668	0.00811	0.00690	0.99994	
62	0.31000	78.30201	-188.32594	-0.31834	0.49184	0.19550	6.97221	0.99137	0.99260	-0.12139	-0.00341	0.12141	0.99257	0.00858	0.00234	-0.00893	0.99996		-60.55987	-315.98831	-0.32275	-0.39028	0.47638	-1.49757	0.33946	0.99962	0.02613	-0.00831	-0.02619	0.99963	-0.00681	0.00813	0.00703	0.99994	
63	0.31500	78.31520	-188.31483	-0.34840	0.49694	0.20162	6.97194	0.98221	0.99260	-0.12138	-0.00352	0.12141	0.99256	0.00867	0.00244	-0.00904	0.99996		-60.59445	-315.99174	-0.33619	-0.39283	0.48083	-1.49944	0.34489	0.99962	0.02617	-0.00839	-0.02622	0.99963	-0.00686	0.00821	0.00707	0.99994	
64	0.32000	78.27178	-188.29204	-0.35750	0.50672	0.21277	6.97034	0.99648	0.99260	-0.12135	-0.00371	0.12138	0.99257	0.00884	0.00261	-0.00923	0.99995		-60.57345	-316.00028	-0.35019	-0.39480	0.48407	-1.50182	0.32775	0.99962	0.02621	-0.00845	-0.02627	0.99963	-0.00689	0.00826	0.00711	0.99994	
65	0.32500	78.26970	-188.26425	-0.38261	0.51300	0.21553	6.97200	0.98801	0.99260	-0.12138	-0.00376	0.12141	0.99256	0.00895	0.00265	-0.00934	0.99995		-60.56651	-316.02237	-0.35635	-0.40068	0.48512	-1.50096	0.34240	0.99962	0.02619	-0.00847	-0.02625	0.99963	-0.00699	0.00828	0.00721	0.99994	
66	0.33000	78.24098	-188.24175	-0.40310	0.52339	0.22327	6.97034	0.98340	0.99260	-0.12135	-0.00390	0.12139	0.99256	0.00913	0.00276	-0.00954	0.99995		-60.60001	-316.02190	-0.36420	-0.40212	0.48979	-1.50041	0.33076	0.99962	0.02618	-0.00855	-0.02624	0.99963	-0.00702	0.00836	0.00724	0.99994	
67	0.33500	78.24083	-188.23784	-0.42511	0.52779	0.23056	6.97146	0.97617	0.99260	-0.12137	-0.00402	0.12141	0.99256	0.00921	0.00288	-0.00963	0.99995		-60.61622	-316.02921	-0.36148	-0.40322	0.49433	-1.50119	0.33138	0.99962	0.02620	-0.00863	-0.02626	0.99963	-0.00704	0.00844	0.00726	0.99994	
68	0.34000	78.20077	-188.20353	-0.45147	0.53888	0.23661	6.97088	0.98674	0.99260	-0.12136	-0.00413	0.12140	0.99256	0.00940	0.00296	-0.00984	0.99995		-60.60223	-316.03932	-0.36431	-0.40651	0.49748	-1.49985	0.33414	0.99962	0.02617	-0.00868	-0.02624	0.99963	-0.00709	0.00849	0.00732	0.99994	
69	0.34500	78.22435	-188.19107	-0.45593	0.54636	0.24161	6.96924	0.98718	0.99260	-0.12134	-0.00422	0.12137	0.99256	0.00954	0.00303	-0.00998	0.99995		-60.63663	-316.04642	-0.37861	-0.40840	0.50072	-1.49885	0.33149	0.99962	0.02616	-0.00874	-0.02622	0.99963	-0.00713	0.00855	0.00735	0.99994	
70	0.35000	78.19652	-188.19536	-0.48525	0.55149	0.24550	6.96744	0.99110	0.99261	-0.12130	-0.00428	0.12134	0.99256	0.00963	0.00309	-0.01007	0.99994		-60.62437	-316.07651	-0.37630	-0.41365	0.50086	-1.49973	0.32932	0.99962	0.02617	-0.00874	-0.02623	0.99963	-0.00722	0.00855	0.00745	0.99994	
71	0.35500	78.20328	-188.15018	-0.48130	0.56442	0.25251	6.96699	0.99503	0.99261	-0.12130	-0.00441	0.12133	0.99256	0.00985	0.00318	-0.01031	0.99994		-60.60148	-316.07638	-0.38411	-0.41501	0.50116	-1.49928	0.34355	0.99962	0.02616	-0.00875	-0.02623	0.99963	-0.00724	0.00855	0.00747	0.99994	
72	0.36000	78.18709	-188.15306	-0.50540	0.56962	0.25424	6.96698	0.98884	0.99261	-0.12130	-0.00444	0.12134	0.99256	0.00994	0.00320	-0.01041	0.99994		-60.62969	-316.09541	-0.39628	-0.41875	0.50844	-1.49851	0.33233	0.99962	0.02615	-0.00887	-0.02622	0.99963	-0.00731	0.00868	0.00754	0.99993	
73	0.36500	78.20123	-188.09837	-0.51726	0.58138	0.25901	6.96299	0.99738	0.99261	-0.12123	-0.00452	0.12127	0.99257	0.01015	0.00326	-0.01062	0.99994		-60.63131	-316.09062	-0.39341	-0.41465	0.51394	-1.50010	0.31911	0.99962	0.02618	-0.00897	-0.02624	0.99963	-0.00724	0.00878	0.00747	0.99993	
74	0.37000	78.21404	-188.09522	-0.52777	0.58882	0.26341	6.96138	0.99303	0.99262	-0.12120	-0.00460	0.12124	0.99257	0.01028	0.00332	-0.01076	0.99994		-60.63316	-316.10241	-0.38836	-0.41789	0.51736	-1.49972	0.32486	0.99962	0.02617	-0.00903	-0.02624	0.99963	-0.00729	0.00884	0.00753	0.99993	
75	0.37500	78.18657	-188.08712	-0.56159	0.59679	0.26679	6.96215	0.96737	0.99262	-0.12121	-0.00466	0.12126	0.99257	0.01042	0.00336	-0.01090	0.99993		-60.64913	-316.09181	-0.39125	-0.41899	0.51494	-1.50126	0.32831	0.99962	0.02620	-0.00899	-0.02626	0.99963	-0.00731	0.00879	0.00755	0.99993	
76	0.38000	78.21253	-188.06325	-0.57282	0.60669	0.26658	6.95731	0.98672	0.99263	-0.12113	-0.00465	0.12117	0.99258	0.01059	0.00334	-0.01107	0.99993		-60.62277	-316.11414	-0.38029	-0.42023	0.51574	-1.49974	0.32685	0.99962	0.02617	-0.00900	-0.02624	0.99963	-0.00733	0.00881	0.00757	0.99993	
77	0.38500	78.17302	-188.05548	-0.57187	0.61291	0.27371	6.95803	0.98636	0.99262	-0.12114	-0.00478	0.12119	0.99257	0.01070	0.00345	-0.01120	0.99993		-60.63086	-316.11440	-0.38376	-0.42100	0.51622	-1.50311	0.33526	0.99962	0.02623	-0.00901	-0.02630	0.99963	-0.00735	0.00881	0.00758	0.99993	
78	0.39000	78.22136	-188.02934	-0.58908	0.62213	0.27205	6.96127	0.97535	0.99262	-0.12120	-0.00475	0.12124	0.99256	0.01086	0.00340	-0.01135	0.99993		-60.62602	-316.12709	-0.39640	-0.41987	0.51797	-1.49883	0.34025	0.99962	0.02616	-0.00904	-0.02622	0.99963	-0.00733	0.00885	0.00756	0.99993	
79	0.39500	78.23964	-188.01249	-0.61812	0.63039	0.27020	6.95722	0.97807	0.99263	-0.12113	-0.00472	0.12117	0.99257	0.01100	0.00335	-0.01149	0.99993		-60.66732	-316.10587	-0.40962	-0.41640	0.52457	-1.49939	0.32707	0.99962	0.02617	-0.00916	-0.02623	0.99963	-0.00727	0.00896	0.00750	0.99993	
80	0.40000	78.21215	-187.99130	-0.61176	0.63929	0.27563	6.95839	0.99166	0.99262	-0.12115	-0.00481	0.12119	0.99257	0.01116	0.00342	-0.01166	0.99993		-60.66694	-316.12352	-0.39083	-0.42092	0.52403	-1.50146	0.32516	0.99961	0.02620	-0.00915	-0.02627	0.99963	-0.00735	0.00895	0.00758	0.99993	
81	0.40500	78.23356	-187.98826	-0.63313	0.64723	0.27485	6.95829	0.99331	0.99262	-0.12115	-0.00480	0.12119	0.99256	0.01130	0.00339	-0.01179	0.99992		-60.67406	-316.10829	-0.39320	-0.41336	0.52823	-1.50227	0.32934	0.99961	0.02622	-0.00922	-0.02628	0.99963	-0.00721	0.00903	0.00745	0.99993	
82	0.41000	78.23123	-187.94188	-0.64152	0.65705	0.28198	6.95687	0.98143	0.99263	-0.12112	-0.00492	0.12117	0.99257	0.01147	0.00350	-0.01198	0.99992		-60.65946	-316.12391	-0.40127	-0.41899	0.52560	-1.50390	0.32021	0.99961	0.02624	-0.00917	-0.02631	0.99963	-0.00731	0.00898	0.00755	0.99993	
83	0.41500	78.24993	-187.93849	-0.66277	0.66269	0.27789	6.96068	0.98576	0.99262	-0.12119	-0.00485	0.12124	0.99256	0.01157	0.00341	-0.01207	0.99992		-60.64206	-316.15034	-0.37398	-0.41777	0.52619	-1.50270	0.34183	0.99961	0.02622	-0.00918	-0.02629	0.99963	-0.00729	0.00899	0.00753	0.99993	
84	0.42000	78.24327	-187.91751	-0.67151	0.67259	0.27903	6.95919	0.97518	0.99262	-0.12116	-0.00487	0.12121	0.99256	0.01174	0.00341	-0.01224	0.99992		-60.65130	-316.15161	-0.39698	-0.41876	0.52698	-1.50208	0.34737	0.99961	0.02621	-0.00920	-0.02628	0.99963	-0.00731	0.00900	0.00755	0.99993	
85	0.42500	78.24567	-187.87747	-0.68341	0.68204	0.28390	6.95938	0.97196	0.99262	-0.12116	-0.00495	0.12122	0.99255	0.01190	0.00348	-0.01242	0.99992		-60.63610	-316.13898	-0.38224	-0.41515	0.52877	-1.50241	0.33010	0.99961	0.02622	-0.00923	-0.02629	0.99963	-0.00725	0.00904	0.00749	0.99993	
86	0.43000	78.22223	-187.91149	-0.69147	0.68293	0.28641	6.96045	0.97668	0.99262	-0.12118	-0.00500	0.12123	0.99255	0.01192	0.00352	-0.01244	0.99992		-60.64227	-316.13563	-0.39679	-0.41199	0.53019	-1.49947	0.32428	0.99961	0.02617	-0.00925	-0.02623	0.99963	-0.00719	0.00906	0.00743	0.99993	
87	0.43500	78.24223	-187.87127	-0.70755	0.69342	0.28253	6.95501	0.95868	0.99263	-0.12109	-0.00493	0.12114	0.99256	0.01210	0.00343	-0.01261	0.99991		-60.66852	-316.13362	-0.38548	-0.41374	0.52840	-1.50307	0.33271	0.99961	0.02623	-0.00922	-0.02630	0.99963	-0.00722	0.00903	0.00746	0.99993	
88	0.44000	78.29225	-187.85982	-0.70770	0.69979	0.28493	6.96078	0.96768	0.99262	-0.12119	-0.00497	0.12124	0.99255	0.01221	0.00346	-0.01273	0.99991		-60.61547	-316.15256	-0.37205	-0.41225	0.52660	-1.49992	0.32438	0.99962	0.02617	-0.00919	-0.02624	0.99963	-0.00719	0.00900	0.00743	0.99993	
89	0.44500	78.26018	-187.85300	-0.73006	0.70598	0.28099	6.96636	0.98053	0.99261	-0.12129	-0.00490	0.12134	0.99253	0.01232	0.00337	-0.01283	0.99991		-60.66717	-316.13635	-0.39543	-0.40666	0.52920	-1.50430	0.34177	0.99961	0.02625	-0.00924	-0.02632	0.99963	-0.00710	0.00905	0.00734	0.99993	
90	0.45000	78.30345	-187.81916	-0.72923	0.71573	0.27885	6.95711	0.96362	0.99263	-0.12112	-0.00487	0.12118	0.99255	0.01249	0.00332	-0.01299	0.99991		-60.60843	-316.13256	-0.38541	-0.40531	0.52492	-1.49967	0.31998	0.99962	0.02617	-0.00916	-0.02624	0.99963	-0.00707	0.00897	0.00731	0.99993	
91	0.45500	78.30828	-187.81289	-0.73602	0.72251	0.27601	6.96348	0.97182	0.99261	-0.12124	-0.00482	0.12129	0.99254	0.01261	0.00325	-0.01310	0.99991		-60.59382	-316.16081	-0.36701	-0.40645	0.52297	-1.50015	0.32404	0.99962	0.02618	-0.00913	-0.02624	0.99963	-0.00709	0.00894	0.00733	0.99993	
92	0.46000	78.29706	-187.77919	-0.74274	0.72832	0.27984	6.96491	0.97065	0.99261	-0.12126	-0.00488	0.12131	0.99253	0.01271	0.00331	-0.01321	0.99991		-60.65505	-316.13186	-0.38333	-0.40224	0.52439	-1.49473	0.30396	0.99962	0.02608	-0.00915	-0.02615	0.99963	-0.00702	0.00897	0.00726	0.99993	
93	0.46500	78.31242	-187.76328	-0.76044	0.73554	0.27669	6.96051	0.95818	0.99262	-0.12118	-0.00483	0.12124	0.99254	0.01284	0.00324	-0.01333	0.99991		-60.59726	-316.12465	-0.37643	-0.39788	0.52018	-1.50058	0.30793	0.99962	0.02619	-0.00908	-0.02625	0.99963	-0.00694	0.00889	0.00718	0.99993	
94	0.47000	78.29032	-187.78067	-0.75802	0.73803	0.27606	6.96004	0.96403	0.99262	-0.12118	-0.00482	0.12123	0.99254	0.01288	0.00322	-0.01337	0.99991		-60.56515	-316.14884	-0.34597	-0.40078	0.51781	-1.49490	0.32757	0.99962	0.02609	-0.00904	-0.02615	0.99963	-0.00699	0.00885	0.00723	0.99993	
95	0.47500	78.29763	-187.75120	-0.75874	0.74469	0.27344	6.96596	0.95440	0.99261	-0.12128	-0.00477	0.12133	0.99253	0.01300	0.00316	-0.01348	0.99990		-60.63392	-316.12970	-0.37203	-0.39276	0.52308	-1.49646	0.32297	0.99962	0.02611	-0.00913	-0.02618	0.99963	-0.00685	0.00895	0.00709	0.99993	
96	0.48000	78.29993	-187.74281	-0.77309	0.74920	0.27369	6.96206	0.96161	0.99262	-0.12121	-0.00478	0.12126	0.99253	0.01308	0.00316	-0.01356	0.99990		-60.56763	-316.13404	-0.34789	-0.39370	0.51271	-1.49764	0.32216	0.99962	0.02613	-0.00895	-0.02620	0.99963	-0.00687	0.00877	0.00710	0.99994	
97	0.48500	78.34826	-187.72749	-0.75949	0.75387	0.26602	6.96425	0.96267	0.99261	-0.12125	-0.00464	0.12130	0.99253	0.01316	0.00301	-0.01362	0.99990		-60.56740	-316.14157	-0.33566	-0.39130	0.51180	-1.49860	0.31472	0.99962	0.02615	-0.00893	-0.02621	0.99963	-0.00683	0.00875	0.00706	0.99994	
98	0.49000	78.36560	-187.72136	-0.78066	0.75969	0.26098	6.96308	0.96398	0.99261	-0.12123	-0.00455	0.12128	0.99253	0.01326	0.00291	-0.01371	0.99990		-60.60139	-316.10886	-0.34293	-0.38210	0.51407	-1.50100	0.32860	0.99962	0.02619	-0.00897	-0.02625	0.99963	-0.00667	0.00879	0.00690	0.99994	
99	0.49500	78.35264	-187.67733	-0.79232	0.76496	0.26342	6.96148	0.95759	0.99262	-0.12120	-0.00460	0.12125	0.99253	0.01335	0.00295	-0.01381	0.99990		-60.57491	-316.09743	-0.35063	-0.37836	0.51002	-1.49970	0.33228	0.99962	0.02617	-0.00890	-0.02623	0.99963	-0.00660	0.00873	0.00683	0.99994	
100	0.50000	78.37770	-187.69457	-0.78493	0.76935	0.25798	6.96091	0.95679	0.99262	-0.12119	-0.00450	0.12124	0.99253	0.01343	0.00284	-0.01387	0.99990		-60.56560	-316.12557	-0.32345	-0.37994	0.50467	-1.50042	0.32699	0.99962	0.02618	-0.00881	-0.02624	0.99963	-0.00663	0.00863	0.00686	0.99994	
101	0.50500	78.39073	-187.67248	-0.77013	0.77227	0.25501	6.96236	0.95016	0.99262	-0.12122	-0.00445	0.12127	0.99253	0.01348	0.00278	-0.01392	0.99990		-60.55771	-316.12044	-0.32414	-0.37512	0.50119	-1.49885	0.31975	0.99962	0.02616	-0.00875	-0.02621	0.99963	-0.00655	0.00857	0.00677	0.99994	
102	0.51000	78.42898	-187.66389	-0.80089	0.77768	0.24739	6.96031	0.95676	0.99262	-0.12118	-0.00432	0.12123	0.99253	0.01357	0.00264	-0.01400	0.99990		-60.51606	-316.10125	-0.31171	-0.36979	0.49747	-1.49674	0.31281	0.99962	0.02612	-0.00868	-0.02618	0.99964	-0.00645	0.00851	0.00668	0.99994	
103	0.51500	78.42994	-187.65872	-0.79897	0.77952	0.24209	6.96780	0.96165	0.99261	-0.12131	-0.00423	0.12136	0.99252	0.01360	0.00254	-0.01402	0.99990		-60.55083	-316.08210	-0.32980	-0.36484	0.49819	-1.49911	0.32556	0.99962	0.02616	-0.00870	-0.02622	0.99964	-0.00637	0.00853	0.00659	0.99994	
104	0.52000	78.44602	-187.65320	-0.79006	0.78107	0.23573	6.96855	0.97887	0.99260	-0.12132	-0.00411	0.12137	0.99251	0.01363	0.00243	-0.01403	0.99990		-60.54110	-316.07792	-0.31170	-0.35910	0.49230	-1.49988	0.33073	0.99962	0.02617	-0.00859	-0.02623	0.99964	-0.00627	0.00843	0.00649	0.99994	
105	0.52500	78.43334	-187.64881	-0.79219	0.78159	0.23572	6.96839	0.95270	0.99260	-0.12132	-0.00411	0.12137	0.99251	0.01364	0.00243	-0.01404	0.99990		-60.51168	-316.06232	-0.29459	-0.35614	0.48876	-1.50320	0.32833	0.99962	0.02623	-0.00853	-0.02629	0.99964	-0.00622	0.00836	0.00644	0.99994	
106	0.53000	78.48702	-187.63704	-0.79471	0.78694	0.22357	6.96677	0.96490	0.99261	-0.12129	-0.00390	0.12134	0.99252	0.01373	0.00221	-0.01411	0.99990		-60.46833	-316.06231	-0.27870	-0.35468	0.48174	-1.50284	0.32863	0.99962	0.02623	-0.00841	-0.02628	0.99964	-0.00619	0.00824	0.00641	0.99995	
107	0.53500	78.52779	-187.62141	-0.79625	0.78934	0.21809	6.96466	0.95767	0.99261	-0.12126	-0.00381	0.12130	0.99252	0.01378	0.00211	-0.01414	0.99990		-60.46747	-316.06819	-0.28143	-0.35161	0.47710	-1.50030	0.32306	0.99962	0.02618	-0.00833	-0.02623	0.99964	-0.00614	0.00816	0.00635	0.99995	
108	0.54000	78.53647	-187.63342	-0.79820	0.78614	0.21092	6.96732	0.96539	0.99261	-0.12130	-0.00368	0.12134	0.99252	0.01372	0.00199	-0.01407	0.99990		-60.44069	-316.05411	-0.25654	-0.34690	0.47386	-1.50134	0.33240	0.99962	0.02620	-0.00827	-0.02625	0.99964	-0.00605	0.00811	0.00627	0.99995	
109	0.54500	78.53001	-187.62206	-0.79125	0.78839	0.20989	6.96662	0.96000	0.99261	-0.12129	-0.00366	0.12133	0.99252	0.01376	0.00197	-0.01410	0.99990		-60.42392	-316.05949	-0.25605	-0.34338	0.46635	-1.49872	0.32173	0.99962	0.02615	-0.00814	-0.02620	0.99964	-0.00599	0.00798	0.00620	0.99995	
110	0.55000	78.57272	-187.59670	-0.78754	0.79232	0.19902	6.96489	0.95199	0.99261	-0.12126	-0.00347	0.12130	0.99252	0.01383	0.00177	-0.01415	0.99990		-60.44078	-316.02458	-0.26237	-0.33616	0.46473	-1.50000	0.33358	0.99962	0.02618	-0.00811	-0.02622	0.99964	-0.00587	0.00795	0.00608	0.99995	
111	0.55500	78.57580	-187.58548	-0.77758	0.79364	0.19369	6.96704	0.95248	0.99261	-0.12130	-0.00338	0.12133	0.99252	0.01385	0.00168	-0.01416	0.99990		-60.41844	-316.00754	-0.24941	-0.32864	0.46191	-1.50313	0.33116	0.99962	0.02623	-0.00806	-0.02628	0.99964	-0.00574	0.00791	0.00595	0.99995	
112	0.56000	78.62660	-187.58450	-0.77748	0.79334	0.18611	6.96400	0.95996	0.99262	-0.12124	-0.00325	0.12128	0.99252	0.01385	0.00155	-0.01414	0.99990		-60.42928	-316.01154	-0.25328	-0.32636	0.45789	-1.49886	0.32366	0.99963	0.02616	-0.00799	-0.02620	0.99964	-0.00570	0.00784	0.00590	0.99995	
113	0.56500	78.63770	-187.58134	-0.78293	0.79106	0.17870	6.96490	0.96646	0.99262	-0.12126	-0.00312	0.12129	0.99252	0.01381	0.00142	-0.01408	0.99990		-60.41292	-315.99582	-0.22147	-0.32456	0.45148	-1.50101	0.33156	0.99963	0.02619	-0.00788	-0.02624	0.99964	-0.00566	0.00773	0.00587	0.99995	
114	0.57000	78.67297	-187.57391	-0.76622	0.79168	0.17124	6.96456	0.94623	0.99262	-0.12125	-0.00299	0.12128	0.99252	0.01382	0.00129	-0.01408	0.99990		-60.37030	-315.98548	-0.22404	-0.31501	0.44628	-1.50047	0.31861	0.99963	0.02618	-0.00779	-0.02623	0.99964	-0.00550	0.00764	0.00570	0.99995	
115	0.57500	78.64529	-187.57794	-0.75525	0.79018	0.16769	6.96696	0.96186	0.99261	-0.12130	-0.00293	0.12133	0.99252	0.01379	0.00123	-0.01404	0.99990		-60.40239	-315.98349	-0.21091	-0.31495	0.44088	-1.50049	0.33280	0.99963	0.02618	-0.00769	-0.02623	0.99964	-0.00550	0.00755	0.00570	0.99996	
116	0.58000	78.68094	-187.58159	-0.76387	0.78868	0.16000	6.96419	0.95215	0.99262	-0.12125	-0.00279	0.12128	0.99252	0.01376	0.00110	-0.01400	0.99990		-60.36279	-315.99195	-0.18923	-0.31304	0.43484	-1.49945	0.30990	0.99963	0.02617	-0.00759	-0.02621	0.99964	-0.00546	0.00744	0.00566	0.99996	
117	0.58500	78.74347	-187.55223	-0.75089	0.78922	0.14706	6.96649	0.95138	0.99261	-0.12129	-0.00257	0.12131	0.99252	0.01377	0.00088	-0.01398	0.99990		-60.34157	-315.94514	-0.18758	-0.30330	0.43225	-1.49902	0.32205	0.99963	0.02616	-0.00754	-0.02620	0.99964	-0.00529	0.00740	0.00549	0.99996	
118	0.59000	78.71467	-187.57253	-0.74710	0.78565	0.14663	6.95994	0.94847	0.99263	-0.12117	-0.00256	0.12120	0.99253	0.01371	0.00088	-0.01392	0.99990		-60.32263	-315.95177	-0.18850	-0.30241	0.42431	-1.50118	0.31730	0.99963	0.02620	-0.00741	-0.02624	0.99964	-0.00528	0.00726	0.00547	0.99996	
119	0.59500	78.72281	-187.56877	-0.75603	0.78272	0.14027	6.96331	0.95742	0.99262	-0.12123	-0.00245	0.12126	0.99253	0.01366	0.00077	-0.01386	0.99990		-60.31022	-315.95018	-0.16663	-0.29905	0.41897	-1.49662	0.31138	0.99963	0.02612	-0.00731	-0.02616	0.99964	-0.00522	0.00717	0.00541	0.99996	
120	0.60000	78.77090	-187.57262	-0.74827	0.78087	0.13065	6.96101	0.94698	0.99263	-0.12119	-0.00228	0.12121	0.99253	0.01363	0.00061	-0.01380	0.99990		-60.30988	-315.92845	-0.16402	-0.29200	0.41441	-1.49823	0.31127	0.99963	0.02615	-0.00723	-0.02618	0.99964	-0.00510	0.00710	0.00528	0.99996	
121	0.60500	78.71741	-187.57978	-0.71741	0.77673	0.13052	6.96600	0.96831	0.99262	-0.12128	-0.00228	0.12130	0.99252	0.01356	0.00062	-0.01373	0.99991		-60.33566	-315.90378	-0.16797	-0.28510	0.41831	-1.49355	0.31414	0.99963	0.02606	-0.00730	-0.02610	0.99965	-0.00498	0.00717	0.00516	0.99996	
122	0.61000	78.75926	-187.58057	-0.72173	0.77228	0.11949	6.96693	0.96540	0.99261	-0.12130	-0.00209	0.12131	0.99252	0.01348	0.00044	-0.01363	0.99991		-60.27197	-315.89397	-0.16070	-0.28230	0.40515	-1.50098	0.33089	0.99963	0.02619	-0.00707	-0.02623	0.99964	-0.00493	0.00694	0.00511	0.99996	
123	0.61500	78.77529	-187.59382	-0.69969	0.76823	0.11491	6.96728	0.95817	0.99261	-0.12130	-0.00201	0.12132	0.99252	0.01341	0.00036	-0.01355	0.99991		-60.28908	-315.88113	-0.15639	-0.27824	0.40293	-1.49507	0.30075	0.99963	0.02609	-0.00703	-0.02612	0.99965	-0.00486	0.00690	0.00504	0.99996	
124	0.62000	78.81110	-187.57629	-0.71331	0.76817	0.10234	6.96524	0.96066	0.99262	-0.12127	-0.00179	0.12128	0.99253	0.01341	0.00015	-0.01352	0.99991		-60.27448	-315.90828	-0.14232	-0.28077	0.39426	-1.49496	0.30622	0.99964	0.02609	-0.00688	-0.02612	0.99965	-0.00490	0.00675	0.00508	0.99996	
125	0.62500	78.83050	-187.59772	-0.70583	0.75983	0.09212	6.96299	0.96018	0.99262	-0.12123	-0.00161	0.12124	0.99253	0.01326	-0.00001	-0.01336	0.99991		-60.25314	-315.87524	-0.13118	-0.27330	0.39327	-1.50025	0.33435	0.99963	0.02618	-0.00686	-0.02621	0.99964	-0.00477	0.00674	0.00495	0.99997	
126	0.63000	78.86464	-187.60160	-0.68840	0.75670	0.08639	6.96091	0.95426	0.99263	-0.12119	-0.00151	0.12120	0.99254	0.01321	-0.00010	-0.01329	0.99991		-60.25984	-315.87906	-0.13660	-0.26934	0.38713	-1.49712	0.31565	0.99964	0.02613	-0.00676	-0.02616	0.99965	-0.00470	0.00663	0.00488	0.99997	
127	0.63500	78.85912	-187.60889	-0.68009	0.75050	0.07765	6.96427	0.96993	0.99262	-0.12125	-0.00136	0.12126	0.99253	0.01310	-0.00024	-0.01317	0.99991		-60.23511	-315.86657	-0.12091	-0.26703	0.38085	-1.49945	0.33354	0.99964	0.02617	-0.00665	-0.02620	0.99965	-0.00466	0.00652	0.00483	0.99997	
128	0.64000	78.91459	-187.60394	-0.67117	0.74714	0.07039	6.96369	0.96136	0.99262	-0.12124	-0.00123	0.12125	0.99254	0.01304	-0.00036	-0.01309	0.99991		-60.22314	-315.85221	-0.11738	-0.26255	0.38016	-1.50164	0.33305	0.99963	0.02620	-0.00664	-0.02624	0.99965	-0.00458	0.00651	0.00475	0.99997	
129	0.64500	78.90286	-187.60474	-0.65612	0.74475	0.06950	6.96307	0.96194	0.99262	-0.12123	-0.00121	0.12123	0.99254	0.01300	-0.00037	-0.01305	0.99991		-60.22960	-315.83109	-0.10921	-0.25739	0.37429	-1.50233	0.32901	0.99963	0.02622	-0.00653	-0.02625	0.99965	-0.00449	0.00641	0.00466	0.99997	
130	0.65000	78.92448	-187.59773	-0.64426	0.73790	0.05802	6.96532	0.96606	0.99262	-0.12127	-0.00101	0.12127	0.99254	0.01288	-0.00056	-0.01291	0.99992		-60.19209	-315.81969	-0.11168	-0.25374	0.36766	-1.50324	0.31958	0.99964	0.02623	-0.00642	-0.02626	0.99965	-0.00443	0.00630	0.00460	0.99997	
131	0.65500	78.91343	-187.61182	-0.62996	0.73464	0.05549	6.96043	0.95580	0.99263	-0.12118	-0.00097	0.12119	0.99255	0.01282	-0.00059	-0.01284	0.99992		-60.17967	-315.82851	-0.09906	-0.25347	0.36101	-1.49850	0.32567	0.99964	0.02615	-0.00630	-0.02618	0.99965	-0.00442	0.00618	0.00459	0.99997	
132	0.66000	78.92154	-187.63222	-0.62512	0.72646	0.05112	6.96596	0.96946	0.99262	-0.12128	-0.00089	0.12128	0.99254	0.01268	-0.00065	-0.01269	0.99992		-60.18903	-315.80248	-0.09699	-0.24882	0.35701	-1.49675	0.31575	0.99964	0.02612	-0.00623	-0.02615	0.99965	-0.00434	0.00612	0.00450	0.99997	
133	0.66500	78.95566	-187.62633	-0.60500	0.72466	0.03531	6.96346	0.96930	0.99262	-0.12124	-0.00062	0.12123	0.99254	0.01265	-0.00092	-0.01263	0.99992		-60.16999	-315.79442	-0.08251	-0.24501	0.35224	-1.49604	0.31855	0.99964	0.02611	-0.00615	-0.02613	0.99965	-0.00428	0.00603	0.00444	0.99997	
134	0.67000	78.94221	-187.66491	-0.60336	0.71421	0.03325	6.96626	0.96254	0.99262	-0.12128	-0.00058	0.12128	0.99254	0.01246	-0.00094	-0.01244	0.99992		-60.17139	-315.79810	-0.09751	-0.24346	0.34861	-1.49420	0.30919	0.99964	0.02608	-0.00608	-0.02610	0.99965	-0.00425	0.00597	0.00441	0.99997	
135	0.67500	78.96074	-187.64509	-0.59222	0.71239	0.02525	6.96880	0.96908	0.99261	-0.12133	-0.00044	0.12132	0.99253	0.01243	-0.00107	-0.01239	0.99992		-60.16495	-315.77416	-0.10086	-0.23676	0.34520	-1.49751	0.31885	0.99964	0.02613	-0.00602	-0.02616	0.99965	-0.00413	0.00591	0.00429	0.99997	
136	0.68000	79.01147	-187.65273	-0.58351	0.70525	0.01796	6.96510	0.96712	0.99262	-0.12126	-0.00031	0.12126	0.99254	0.01231	-0.00118	-0.01226	0.99992		-60.12147	-315.76961	-0.07681	-0.23682	0.33380	-1.49930	0.31867	0.99964	0.02616	-0.00583	-0.02619	0.99965	-0.00413	0.00572	0.00428	0.99997	
