NO_OF_FRAMES	12028
NO_OF_CAMERAS	8
NO_OF_BODIES	2
FREQUENCY	200
NO_OF_ANALOG	0
ANALOG_FREQUENCY	0
DESCRIPTION	--
TIME_STAMP	2013-07-02, 18:08:39	3304416.42162751
DATA_INCLUDED	6D
BODY_NAMES	Ice 1	Ice 2
Frame	Time	Ice 1 X	Y	Z	Roll	Pitch	Yaw	Residual	Rot[0]	Rot[1]	Rot[2]	Rot[3]	Rot[4]	Rot[5]	Rot[6]	Rot[7]	Rot[8]	Ice 2 X	Y	Z	Roll	Pitch	Yaw	Residual	Rot[0]	Rot[1]	Rot[2]	Rot[3]	Rot[4]	Rot[5]	Rot[6]	Rot[7]	Rot[8]	
1	0.00500	132.59997	43.64782	0.89688	0.63242	-0.20052	-1.15341	1.07984	0.99979	0.02013	0.00350	-0.02017	0.99974	0.01104	-0.00328	-0.01111	0.99993		-68.92363	-168.04612	-0.81524	-0.08037	0.33195	0.32187	0.25368	0.99997	-0.00562	-0.00579	0.00561	0.99998	-0.00140	0.00580	0.00137	0.99998	
2	0.01000	132.49932	43.58270	0.92176	0.62442	-0.18756	-1.16343	1.00917	0.99979	0.02030	0.00327	-0.02034	0.99973	0.01090	-0.00305	-0.01096	0.99994		-68.92713	-168.04819	-0.79091	-0.07956	0.33495	0.31770	0.22394	0.99997	-0.00554	-0.00585	0.00554	0.99998	-0.00139	0.00585	0.00136	0.99998	
3	0.01500	132.46754	43.60156	0.93293	0.63249	-0.18665	-1.16586	1.00194	0.99979	0.02035	0.00326	-0.02038	0.99973	0.01104	-0.00303	-0.01110	0.99993		-68.94197	-168.07764	-0.79070	-0.08521	0.34027	0.32267	0.22191	0.99997	-0.00563	-0.00594	0.00562	0.99998	-0.00149	0.00595	0.00145	0.99998	
4	0.02000	132.47234	43.59781	0.94799	0.63695	-0.18733	-1.17106	0.98869	0.99979	0.02044	0.00327	-0.02047	0.99973	0.01112	-0.00304	-0.01118	0.99993		-68.93885	-168.05700	-0.77449	-0.08137	0.34229	0.31915	0.22406	0.99997	-0.00557	-0.00597	0.00556	0.99998	-0.00142	0.00598	0.00139	0.99998	
5	0.02500	132.40539	43.61095	0.96485	0.64139	-0.17872	-1.17269	0.98947	0.99979	0.02047	0.00312	-0.02050	0.99973	0.01119	-0.00289	-0.01126	0.99993		-68.97993	-168.06828	-0.79073	-0.08424	0.34703	0.31852	0.22239	0.99997	-0.00556	-0.00606	0.00555	0.99998	-0.00147	0.00606	0.00144	0.99998	
6	0.03000	132.41860	43.59103	0.97361	0.64307	-0.17776	-1.16822	0.98835	0.99979	0.02039	0.00310	-0.02042	0.99973	0.01122	-0.00287	-0.01128	0.99993		-68.96280	-168.08901	-0.77860	-0.08550	0.34951	0.32032	0.21466	0.99997	-0.00559	-0.00610	0.00558	0.99998	-0.00149	0.00611	0.00146	0.99998	
7	0.03500	132.39004	43.61395	0.98858	0.64825	-0.17546	-1.17015	0.98935	0.99979	0.02042	0.00306	-0.02045	0.99973	0.01131	-0.00283	-0.01137	0.99993		-68.98012	-168.09408	-0.76618	-0.08658	0.35347	0.31367	0.23094	0.99997	-0.00547	-0.00617	0.00547	0.99998	-0.00151	0.00618	0.00148	0.99998	
8	0.04000	132.39914	43.62709	0.99417	0.65255	-0.17593	-1.17228	0.99083	0.99979	0.02046	0.00307	-0.02049	0.99973	0.01139	-0.00284	-0.01145	0.99993		-69.00981	-168.10401	-0.76585	-0.08803	0.35780	0.31467	0.22661	0.99997	-0.00549	-0.00624	0.00548	0.99998	-0.00154	0.00625	0.00150	0.99998	
9	0.04500	132.41385	43.63127	0.99038	0.65390	-0.17412	-1.16838	0.99080	0.99979	0.02039	0.00304	-0.02042	0.99973	0.01141	-0.00281	-0.01147	0.99993		-69.01412	-168.11433	-0.76591	-0.08921	0.36091	0.31747	0.22399	0.99996	-0.00554	-0.00630	0.00553	0.99998	-0.00156	0.00631	0.00152	0.99998	
10	0.05000	132.36874	43.64312	0.99903	0.65499	-0.16971	-1.16723	0.99313	0.99979	0.02037	0.00296	-0.02040	0.99973	0.01143	-0.00273	-0.01149	0.99993		-69.00285	-168.12829	-0.76614	-0.09421	0.36328	0.31601	0.21526	0.99996	-0.00552	-0.00634	0.00550	0.99998	-0.00164	0.00635	0.00161	0.99998	
11	0.05500	132.18437	43.49951	1.09965	0.65575	-0.16984	-1.16179	1.05921	0.99979	0.02028	0.00296	-0.02031	0.99973	0.01144	-0.00273	-0.01150	0.99993		-69.03247	-168.13565	-0.76167	-0.09709	0.36791	0.31705	0.22689	0.99996	-0.00553	-0.00642	0.00552	0.99998	-0.00169	0.00643	0.00166	0.99998	
12	0.06000	132.18928	43.50249	1.13307	0.65497	-0.17116	-1.16546	1.06804	0.99979	0.02034	0.00299	-0.02037	0.99973	0.01143	-0.00275	-0.01149	0.99993		-69.04504	-168.12898	-0.75775	-0.09764	0.37131	0.31419	0.22395	0.99996	-0.00548	-0.00648	0.00547	0.99998	-0.00170	0.00649	0.00167	0.99998	
13	0.06500	132.13756	43.50091	1.12387	0.65786	-0.16884	-1.16320	1.07723	0.99979	0.02030	0.00295	-0.02033	0.99973	0.01148	-0.00271	-0.01154	0.99993		-69.00626	-168.16047	-0.76614	-0.10632	0.37196	0.31632	0.22309	0.99996	-0.00552	-0.00649	0.00551	0.99998	-0.00186	0.00650	0.00182	0.99998	
14	0.07000	132.12835	43.50873	1.12927	0.65722	-0.16757	-1.16115	1.07460	0.99979	0.02026	0.00292	-0.02030	0.99973	0.01147	-0.00269	-0.01153	0.99993		-69.04330	-168.17382	-0.76203	-0.10617	0.38227	0.31748	0.23220	0.99996	-0.00554	-0.00667	0.00553	0.99998	-0.00185	0.00668	0.00182	0.99998	
15	0.07500	132.12358	43.50626	1.13315	0.65650	-0.16359	-1.15792	1.08390	0.99979	0.02021	0.00286	-0.02024	0.99973	0.01146	-0.00262	-0.01151	0.99993		-69.07063	-168.17498	-0.75765	-0.10884	0.38423	0.31495	0.22372	0.99996	-0.00550	-0.00671	0.00548	0.99998	-0.00190	0.00672	0.00186	0.99998	
16	0.08000	132.12117	43.51000	1.14257	0.65739	-0.15962	-1.15859	1.07790	0.99979	0.02022	0.00279	-0.02025	0.99973	0.01147	-0.00255	-0.01153	0.99993		-69.06678	-168.19300	-0.76135	-0.11503	0.38369	0.31759	0.22792	0.99996	-0.00554	-0.00670	0.00553	0.99998	-0.00201	0.00671	0.00197	0.99998	
17	0.08500	132.06585	43.49609	1.16149	0.65225	-0.15631	-1.15257	1.08604	0.99979	0.02011	0.00273	-0.02014	0.99973	0.01138	-0.00250	-0.01144	0.99993		-69.08447	-168.20987	-0.77423	-0.11949	0.39501	0.31593	0.23921	0.99996	-0.00551	-0.00689	0.00550	0.99998	-0.00209	0.00691	0.00205	0.99997	
18	0.09000	132.09966	43.48999	1.15969	0.64721	-0.16003	-1.15617	1.08416	0.99979	0.02018	0.00279	-0.02021	0.99973	0.01130	-0.00256	-0.01135	0.99993		-69.07351	-168.21331	-0.77009	-0.12357	0.39050	0.31553	0.20591	0.99996	-0.00551	-0.00682	0.00549	0.99998	-0.00216	0.00683	0.00212	0.99997	
19	0.09500	132.04190	43.50507	1.17474	0.64580	-0.14839	-1.15337	1.08702	0.99979	0.02013	0.00259	-0.02016	0.99973	0.01127	-0.00236	-0.01132	0.99993		-69.10018	-168.22699	-0.78223	-0.12874	0.39698	0.31214	0.22794	0.99996	-0.00545	-0.00693	0.00543	0.99998	-0.00225	0.00694	0.00221	0.99997	
20	0.10000	132.01197	43.49310	1.16662	0.64387	-0.14510	-1.15696	1.08595	0.99979	0.02019	0.00253	-0.02022	0.99973	0.01124	-0.00230	-0.01129	0.99993		-69.08979	-168.25302	-0.77796	-0.13648	0.39967	0.31222	0.23327	0.99996	-0.00545	-0.00698	0.00543	0.99998	-0.00238	0.00699	0.00234	0.99997	
21	0.10500	132.02632	43.49484	1.15952	0.63716	-0.14519	-1.15359	1.09181	0.99979	0.02013	0.00253	-0.02016	0.99973	0.01112	-0.00231	-0.01117	0.99993		-69.06431	-168.27503	-0.78646	-0.14328	0.39878	0.31893	0.21721	0.99996	-0.00557	-0.00696	0.00555	0.99998	-0.00250	0.00697	0.00246	0.99997	
22	0.11000	132.02402	43.48600	1.18784	0.63196	-0.14328	-1.15191	1.10216	0.99979	0.02010	0.00250	-0.02013	0.99974	0.01103	-0.00228	-0.01108	0.99994		-69.10290	-168.28078	-0.77784	-0.14668	0.40801	0.31503	0.23416	0.99996	-0.00550	-0.00712	0.00548	0.99998	-0.00256	0.00714	0.00252	0.99997	
23	0.11500	131.99222	43.49616	1.18333	0.62495	-0.13354	-1.14930	1.10050	0.99980	0.02006	0.00233	-0.02008	0.99974	0.01091	-0.00211	-0.01095	0.99994		-69.12611	-168.30296	-0.79852	-0.15387	0.41356	0.31765	0.22250	0.99996	-0.00554	-0.00722	0.00552	0.99998	-0.00269	0.00723	0.00265	0.99997	
24	0.12000	131.94520	43.49794	1.18301	0.62290	-0.13294	-1.15227	1.08737	0.99980	0.02011	0.00232	-0.02013	0.99974	0.01087	-0.00210	-0.01092	0.99994		-69.12808	-168.30621	-0.79423	-0.15873	0.41481	0.31433	0.23087	0.99996	-0.00549	-0.00724	0.00547	0.99998	-0.00277	0.00725	0.00273	0.99997	
25	0.12500	131.97149	43.47088	1.18809	0.61219	-0.12490	-1.14695	1.09057	0.99980	0.02002	0.00218	-0.02004	0.99974	0.01068	-0.00197	-0.01073	0.99994		-69.12371	-168.33852	-0.79880	-0.16553	0.42299	0.31389	0.22473	0.99996	-0.00548	-0.00738	0.00546	0.99998	-0.00289	0.00740	0.00285	0.99997	
26	0.13000	131.96934	43.45048	1.18814	0.60277	-0.12009	-1.14535	1.10848	0.99980	0.01999	0.00210	-0.02001	0.99974	0.01052	-0.00189	-0.01056	0.99994		-69.14285	-168.33778	-0.81111	-0.17078	0.42586	0.31521	0.21463	0.99996	-0.00550	-0.00743	0.00548	0.99998	-0.00298	0.00745	0.00294	0.99997	
27	0.13500	131.96779	43.47170	1.18277	0.59676	-0.11381	-1.13488	1.11231	0.99980	0.01981	0.00199	-0.01983	0.99975	0.01042	-0.00178	-0.01045	0.99994		-69.15847	-168.36590	-0.81932	-0.17694	0.43421	0.31674	0.22407	0.99996	-0.00553	-0.00758	0.00550	0.99998	-0.00309	0.00760	0.00305	0.99997	
28	0.14000	131.97907	43.44252	1.17005	0.58781	-0.11417	-1.13696	1.11852	0.99980	0.01984	0.00199	-0.01986	0.99975	0.01026	-0.00179	-0.01030	0.99995		-69.18347	-168.38835	-0.81857	-0.18646	0.43594	0.31235	0.22746	0.99996	-0.00545	-0.00761	0.00543	0.99998	-0.00325	0.00763	0.00321	0.99997	
29	0.14500	131.95280	43.46417	1.17141	0.58025	-0.10591	-1.13035	1.13126	0.99980	0.01973	0.00185	-0.01974	0.99975	0.01013	-0.00165	-0.01016	0.99995		-69.16880	-168.39922	-0.82720	-0.19159	0.44019	0.31191	0.23724	0.99996	-0.00544	-0.00768	0.00542	0.99998	-0.00334	0.00770	0.00330	0.99996	
30	0.15000	131.94034	43.44907	1.17893	0.57330	-0.10282	-1.13464	1.11947	0.99980	0.01980	0.00179	-0.01982	0.99975	0.01001	-0.00160	-0.01004	0.99995		-69.18281	-168.41285	-0.84389	-0.19770	0.44620	0.31432	0.23144	0.99995	-0.00549	-0.00779	0.00546	0.99998	-0.00345	0.00781	0.00341	0.99996	
31	0.15500	131.95004	43.44618	1.17179	0.56441	-0.10143	-1.13836	1.11802	0.99980	0.01987	0.00177	-0.01988	0.99975	0.00985	-0.00157	-0.00988	0.99995		-69.20126	-168.43603	-0.84740	-0.20839	0.44881	0.31651	0.22466	0.99995	-0.00552	-0.00783	0.00550	0.99998	-0.00364	0.00785	0.00359	0.99996	
32	0.16000	131.89843	43.44130	1.18527	0.55482	-0.09613	-1.13188	1.12028	0.99980	0.01975	0.00168	-0.01977	0.99976	0.00968	-0.00149	-0.00971	0.99995		-69.16513	-168.46492	-0.85578	-0.21548	0.44779	0.31389	0.22878	0.99995	-0.00548	-0.00782	0.00545	0.99998	-0.00376	0.00784	0.00372	0.99996	
33	0.16500	131.88523	43.44600	1.18674	0.54946	-0.09462	-1.12972	1.12496	0.99980	0.01972	0.00165	-0.01973	0.99976	0.00959	-0.00146	-0.00962	0.99995		-69.21476	-168.47668	-0.87171	-0.22182	0.45260	0.31447	0.22064	0.99995	-0.00549	-0.00790	0.00546	0.99998	-0.00387	0.00792	0.00383	0.99996	
34	0.17000	131.85471	43.44575	1.17539	0.54178	-0.08520	-1.13418	1.12391	0.99980	0.01979	0.00149	-0.01981	0.99976	0.00946	-0.00130	-0.00948	0.99995		-69.21302	-168.47438	-0.87210	-0.22625	0.45549	0.31013	0.21722	0.99995	-0.00541	-0.00795	0.00538	0.99998	-0.00395	0.00797	0.00391	0.99996	
35	0.17500	131.81433	43.45643	1.17331	0.53525	-0.08057	-1.13329	1.13708	0.99980	0.01978	0.00141	-0.01979	0.99976	0.00934	-0.00122	-0.00937	0.99996		-69.23166	-168.51099	-0.87575	-0.23649	0.46474	0.31394	0.22573	0.99995	-0.00548	-0.00811	0.00545	0.99998	-0.00413	0.00813	0.00408	0.99996	
36	0.18000	131.85878	43.42837	1.17243	0.52254	-0.08090	-1.12746	1.13569	0.99981	0.01968	0.00141	-0.01969	0.99976	0.00912	-0.00123	-0.00915	0.99996		-69.24620	-168.53397	-0.87929	-0.24499	0.46619	0.31233	0.22859	0.99995	-0.00545	-0.00814	0.00542	0.99998	-0.00428	0.00816	0.00423	0.99996	
37	0.18500	131.77967	43.44616	1.16696	0.51564	-0.06968	-1.13542	1.12232	0.99980	0.01982	0.00122	-0.01983	0.99976	0.00900	-0.00104	-0.00902	0.99996		-69.27126	-168.53815	-0.89147	-0.24924	0.47010	0.31561	0.23170	0.99995	-0.00551	-0.00820	0.00547	0.99998	-0.00435	0.00823	0.00430	0.99996	
38	0.19000	131.75891	43.44012	1.18495	0.50678	-0.06785	-1.13355	1.11201	0.99980	0.01978	0.00118	-0.01979	0.99976	0.00884	-0.00101	-0.00887	0.99996		-69.26024	-168.56616	-0.89507	-0.25981	0.46813	0.31714	0.21371	0.99995	-0.00553	-0.00817	0.00550	0.99997	-0.00453	0.00820	0.00449	0.99996	
39	0.19500	131.79375	43.44810	1.16559	0.49770	-0.06389	-1.12791	1.13710	0.99981	0.01968	0.00112	-0.01969	0.99977	0.00869	-0.00094	-0.00871	0.99996		-69.26445	-168.58212	-0.90311	-0.26752	0.46988	0.31260	0.22304	0.99995	-0.00546	-0.00820	0.00542	0.99997	-0.00467	0.00823	0.00462	0.99996	
40	0.20000	131.79757	43.45117	1.13418	0.49190	-0.06477	-1.12956	1.12532	0.99981	0.01971	0.00113	-0.01972	0.99977	0.00859	-0.00096	-0.00861	0.99996		-69.27244	-168.60158	-0.91953	-0.27501	0.47444	0.31697	0.21946	0.99995	-0.00553	-0.00828	0.00549	0.99997	-0.00480	0.00831	0.00475	0.99995	
41	0.20500	131.71378	43.43052	1.14025	0.47993	-0.05379	-1.13490	1.13046	0.99980	0.01981	0.00094	-0.01981	0.99977	0.00838	-0.00077	-0.00839	0.99996		-69.27567	-168.62204	-0.91926	-0.28265	0.47816	0.31241	0.21956	0.99995	-0.00545	-0.00835	0.00541	0.99997	-0.00493	0.00837	0.00489	0.99995	
42	0.21000	131.72398	43.44156	1.13857	0.47353	-0.05606	-1.13634	1.12736	0.99980	0.01983	0.00098	-0.01984	0.99977	0.00826	-0.00081	-0.00828	0.99997		-69.28037	-168.65253	-0.93085	-0.28992	0.47439	0.31663	0.21266	0.99995	-0.00553	-0.00828	0.00548	0.99997	-0.00506	0.00831	0.00501	0.99995	
43	0.21500	131.70952	43.44719	1.13662	0.46899	-0.05391	-1.13754	1.13059	0.99980	0.01985	0.00094	-0.01986	0.99977	0.00819	-0.00078	-0.00820	0.99997		-69.27763	-168.67471	-0.94320	-0.29877	0.47912	0.31383	0.22461	0.99995	-0.00548	-0.00836	0.00543	0.99997	-0.00521	0.00839	0.00517	0.99995	
44	0.22000	131.70927	43.43416	1.10511	0.45923	-0.05388	-1.13637	1.12369	0.99980	0.01983	0.00094	-0.01984	0.99977	0.00801	-0.00078	-0.00803	0.99997		-69.29782	-168.68394	-0.94692	-0.30417	0.48186	0.31325	0.22666	0.99995	-0.00547	-0.00841	0.00542	0.99997	-0.00531	0.00844	0.00526	0.99995	
45	0.22500	131.69706	43.44874	1.09797	0.45427	-0.04823	-1.13965	1.12502	0.99980	0.01989	0.00084	-0.01990	0.99977	0.00793	-0.00068	-0.00794	0.99997		-69.31043	-168.75823	-0.94904	-0.32068	0.47702	0.32632	0.21168	0.99995	-0.00570	-0.00833	0.00565	0.99997	-0.00560	0.00836	0.00555	0.99995	
46	0.23000	131.71036	43.42254	1.09510	0.44158	-0.04925	-1.13070	1.13655	0.99980	0.01973	0.00086	-0.01974	0.99978	0.00771	-0.00071	-0.00772	0.99997		-69.31287	-168.77273	-0.95264	-0.32726	0.47570	0.32652	0.20575	0.99995	-0.00570	-0.00830	0.00565	0.99997	-0.00571	0.00833	0.00566	0.99995	
47	0.23500	131.66302	43.42606	1.08752	0.43566	-0.04480	-1.13452	1.13476	0.99980	0.01980	0.00078	-0.01981	0.99977	0.00760	-0.00063	-0.00762	0.99997		-69.33177	-168.79333	-0.95615	-0.33616	0.48086	0.32760	0.21079	0.99995	-0.00572	-0.00839	0.00567	0.99997	-0.00587	0.00843	0.00582	0.99995	
48	0.24000	131.65365	43.42865	1.06573	0.42948	-0.04598	-1.13594	1.12589	0.99980	0.01982	0.00080	-0.01983	0.99978	0.00750	-0.00065	-0.00751	0.99997		-69.35026	-168.81337	-0.97218	-0.34187	0.48293	0.32306	0.22941	0.99995	-0.00564	-0.00843	0.00559	0.99997	-0.00597	0.00846	0.00592	0.99995	
49	0.24500	131.61905	43.42180	1.06019	0.42231	-0.03836	-1.12982	1.12685	0.99981	0.01972	0.00067	-0.01972	0.99978	0.00737	-0.00052	-0.00738	0.99997		-69.34934	-168.82904	-0.98014	-0.34868	0.48077	0.32382	0.21855	0.99995	-0.00565	-0.00839	0.00560	0.99997	-0.00609	0.00843	0.00604	0.99995	
50	0.25000	131.63514	43.41826	1.05172	0.41504	-0.04085	-1.13348	1.13241	0.99980	0.01978	0.00071	-0.01979	0.99978	0.00724	-0.00057	-0.00726	0.99997		-69.34063	-168.84641	-0.98815	-0.35564	0.48154	0.32676	0.21782	0.99995	-0.00570	-0.00840	0.00565	0.99996	-0.00621	0.00844	0.00616	0.99995	
51	0.25500	131.63403	43.40708	1.03114	0.40946	-0.04327	-1.13069	1.13705	0.99981	0.01973	0.00076	-0.01974	0.99978	0.00715	-0.00061	-0.00716	0.99997		-69.39855	-168.85731	-1.00396	-0.35872	0.48544	0.32306	0.22389	0.99995	-0.00564	-0.00847	0.00559	0.99996	-0.00626	0.00851	0.00621	0.99994	
52	0.26000	131.64568	43.42878	1.01646	0.40562	-0.03889	-1.13431	1.13472	0.99980	0.01980	0.00068	-0.01980	0.99978	0.00708	-0.00054	-0.00709	0.99997		-69.41450	-168.89370	-1.00702	-0.36826	0.48689	0.32561	0.22511	0.99995	-0.00568	-0.00850	0.00563	0.99996	-0.00643	0.00853	0.00638	0.99994	
53	0.26500	131.61458	43.43075	0.99511	0.40170	-0.04252	-1.13482	1.12602	0.99980	0.01980	0.00074	-0.01981	0.99978	0.00701	-0.00060	-0.00702	0.99998		-69.38366	-168.91702	-1.01525	-0.37534	0.48470	0.32486	0.22399	0.99995	-0.00567	-0.00846	0.00561	0.99996	-0.00655	0.00850	0.00650	0.99994	
54	0.27000	131.58634	43.41419	0.99185	0.39473	-0.03757	-1.13608	1.11637	0.99980	0.01983	0.00066	-0.01983	0.99978	0.00689	-0.00052	-0.00690	0.99998		-69.41453	-168.92619	-1.01046	-0.37885	0.48499	0.32066	0.22040	0.99995	-0.00560	-0.00846	0.00554	0.99996	-0.00661	0.00850	0.00656	0.99994	
55	0.27500	131.59783	43.41026	0.96908	0.39246	-0.04451	-1.13602	1.13665	0.99980	0.01983	0.00078	-0.01983	0.99978	0.00685	-0.00064	-0.00686	0.99998		-69.39422	-168.94948	-1.02240	-0.38625	0.48056	0.32409	0.21587	0.99995	-0.00566	-0.00839	0.00560	0.99996	-0.00674	0.00843	0.00669	0.99994	
56	0.28000	131.59938	43.41842	0.96559	0.38923	-0.04410	-1.13702	1.11558	0.99980	0.01984	0.00077	-0.01985	0.99978	0.00679	-0.00063	-0.00681	0.99998		-69.38472	-168.96126	-1.03483	-0.39190	0.48117	0.32734	0.21048	0.99995	-0.00571	-0.00840	0.00566	0.99996	-0.00684	0.00844	0.00679	0.99994	
57	0.28500	131.59955	43.41557	0.95343	0.38643	-0.04901	-1.13101	1.12991	0.99980	0.01974	0.00086	-0.01974	0.99978	0.00674	-0.00072	-0.00676	0.99998		-69.37029	-168.97345	-1.03851	-0.39666	0.47841	0.32218	0.22662	0.99995	-0.00562	-0.00835	0.00557	0.99996	-0.00692	0.00839	0.00688	0.99994	
58	0.29000	131.60286	43.40902	0.93130	0.38266	-0.04638	-1.12976	1.12680	0.99981	0.01972	0.00081	-0.01972	0.99978	0.00668	-0.00068	-0.00669	0.99998		-69.42934	-168.99037	-1.03311	-0.40032	0.47997	0.32447	0.21837	0.99995	-0.00566	-0.00838	0.00560	0.99996	-0.00699	0.00842	0.00694	0.99994	
59	0.29500	131.59533	43.43293	0.91690	0.38207	-0.04649	-1.13111	1.10980	0.99980	0.01974	0.00081	-0.01975	0.99978	0.00667	-0.00068	-0.00668	0.99998		-69.40514	-169.01240	-1.04965	-0.40413	0.47641	0.32429	0.20961	0.99995	-0.00566	-0.00831	0.00560	0.99996	-0.00705	0.00835	0.00701	0.99994	
60	0.30000	131.59265	43.42762	0.92407	0.38158	-0.05229	-1.13546	1.12303	0.99980	0.01982	0.00091	-0.01982	0.99978	0.00666	-0.00078	-0.00668	0.99998		-69.42591	-169.01610	-1.04484	-0.40732	0.47691	0.32286	0.22635	0.99995	-0.00563	-0.00832	0.00558	0.99996	-0.00711	0.00836	0.00706	0.99994	
61	0.30500	131.54309	43.41797	0.89157	0.37944	-0.05039	-1.14048	1.12217	0.99980	0.01990	0.00088	-0.01991	0.99978	0.00662	-0.00075	-0.00664	0.99998		-69.39574	-169.03477	-1.05302	-0.41250	0.47238	0.32496	0.20733	0.99995	-0.00567	-0.00824	0.00561	0.99996	-0.00720	0.00828	0.00715	0.99994	
62	0.31000	131.55459	43.41840	0.87573	0.37920	-0.05393	-1.13411	1.13573	0.99980	0.01979	0.00094	-0.01980	0.99978	0.00662	-0.00081	-0.00664	0.99998		-69.41745	-169.05237	-1.04773	-0.41806	0.47057	0.32696	0.20672	0.99995	-0.00571	-0.00821	0.00565	0.99996	-0.00730	0.00825	0.00725	0.99994	
63	0.31500	131.49808	43.42872	0.87904	0.37917	-0.05238	-1.13436	1.12944	0.99980	0.01980	0.00091	-0.01980	0.99978	0.00662	-0.00078	-0.00663	0.99998		-69.44457	-169.05173	-1.05173	-0.41812	0.47210	0.32207	0.20853	0.99995	-0.00562	-0.00824	0.00556	0.99996	-0.00730	0.00828	0.00725	0.99994	
64	0.32000	131.54963	43.43078	0.84655	0.38047	-0.05840	-1.13285	1.13134	0.99980	0.01977	0.00102	-0.01978	0.99978	0.00664	-0.00089	-0.00666	0.99998		-69.41590	-169.09148	-1.05544	-0.42392	0.46712	0.32337	0.20415	0.99995	-0.00564	-0.00815	0.00558	0.99996	-0.00740	0.00819	0.00735	0.99994	
65	0.32500	131.54019	43.41931	0.84629	0.37977	-0.06199	-1.13359	1.14194	0.99980	0.01978	0.00108	-0.01979	0.99978	0.00663	-0.00095	-0.00665	0.99998		-69.44250	-169.09776	-1.04221	-0.42574	0.46859	0.32449	0.20655	0.99995	-0.00566	-0.00818	0.00560	0.99996	-0.00743	0.00822	0.00738	0.99994	
66	0.33000	131.49844	43.42391	0.82701	0.38237	-0.06112	-1.13814	1.12111	0.99980	0.01986	0.00107	-0.01987	0.99978	0.00667	-0.00093	-0.00669	0.99998		-69.45174	-169.11673	-1.06210	-0.43154	0.46360	0.32568	0.20173	0.99995	-0.00568	-0.00809	0.00562	0.99996	-0.00753	0.00813	0.00749	0.99994	
67	0.33500	131.49484	43.42249	0.83017	0.38259	-0.06352	-1.14145	1.11515	0.99980	0.01992	0.00111	-0.01993	0.99978	0.00668	-0.00098	-0.00670	0.99998		-69.45065	-169.10736	-1.06647	-0.42924	0.46364	0.32002	0.22994	0.99995	-0.00559	-0.00809	0.00552	0.99996	-0.00749	0.00813	0.00745	0.99994	
68	0.34000	131.51570	43.43583	0.81924	0.38734	-0.06922	-1.13625	1.13543	0.99980	0.01983	0.00121	-0.01984	0.99978	0.00676	-0.00107	-0.00678	0.99998		-69.46543	-169.13702	-1.05729	-0.43223	0.46146	0.32161	0.21544	0.99995	-0.00561	-0.00805	0.00555	0.99996	-0.00754	0.00810	0.00750	0.99994	
69	0.34500	131.54205	43.42282	0.80548	0.38665	-0.07525	-1.13380	1.14492	0.99980	0.01979	0.00131	-0.01980	0.99978	0.00675	-0.00118	-0.00677	0.99998		-69.45797	-169.14263	-1.06075	-0.43589	0.45541	0.32147	0.21733	0.99995	-0.00561	-0.00795	0.00555	0.99996	-0.00761	0.00799	0.00756	0.99994	
70	0.35000	131.50497	43.41768	0.77913	0.38946	-0.07628	-1.13477	1.14555	0.99980	0.01980	0.00133	-0.01981	0.99978	0.00680	-0.00120	-0.00682	0.99998		-69.47215	-169.16012	-1.06053	-0.43789	0.45810	0.32714	0.20919	0.99995	-0.00571	-0.00800	0.00565	0.99995	-0.00764	0.00804	0.00760	0.99994	
71	0.35500	131.49711	43.43264	0.78592	0.39555	-0.08108	-1.14003	1.14045	0.99980	0.01990	0.00142	-0.01991	0.99978	0.00690	-0.00128	-0.00693	0.99998		-69.48844	-169.16240	-1.04757	-0.43657	0.45706	0.32166	0.21925	0.99995	-0.00561	-0.00798	0.00555	0.99996	-0.00762	0.00802	0.00757	0.99994	
72	0.36000	131.56775	43.44807	0.76386	0.40147	-0.09471	-1.13670	1.15122	0.99980	0.01984	0.00165	-0.01985	0.99978	0.00701	-0.00151	-0.00704	0.99997		-69.47336	-169.16893	-1.07233	-0.43710	0.45094	0.32334	0.21848	0.99995	-0.00564	-0.00787	0.00558	0.99996	-0.00763	0.00791	0.00758	0.99994	
73	0.36500	131.50124	43.43914	0.75545	0.40542	-0.09190	-1.13941	1.14068	0.99980	0.01989	0.00160	-0.01990	0.99978	0.00708	-0.00146	-0.00711	0.99997		-69.49805	-169.17792	-1.05905	-0.43867	0.44921	0.32520	0.21068	0.99995	-0.00568	-0.00784	0.00562	0.99995	-0.00766	0.00788	0.00761	0.99994	
74	0.37000	131.45139	43.44400	0.74660	0.41096	-0.09122	-1.14127	1.13290	0.99980	0.01992	0.00159	-0.01993	0.99978	0.00717	-0.00145	-0.00720	0.99997		-69.48721	-169.19234	-1.05048	-0.43980	0.44652	0.31917	0.21723	0.99995	-0.00557	-0.00779	0.00551	0.99996	-0.00768	0.00784	0.00763	0.99994	
75	0.37500	131.49331	43.44692	0.73619	0.41484	-0.09788	-1.13165	1.14313	0.99980	0.01975	0.00171	-0.01976	0.99978	0.00724	-0.00156	-0.00727	0.99997		-69.48501	-169.18813	-1.05851	-0.43916	0.44126	0.32231	0.20756	0.99995	-0.00563	-0.00770	0.00557	0.99996	-0.00766	0.00774	0.00762	0.99994	
76	0.38000	131.49821	43.44263	0.71744	0.41945	-0.10458	-1.14068	1.14498	0.99980	0.01991	0.00183	-0.01992	0.99977	0.00732	-0.00168	-0.00736	0.99997		-69.46353	-169.21391	-1.04176	-0.43964	0.43777	0.31798	0.20839	0.99996	-0.00555	-0.00764	0.00549	0.99996	-0.00767	0.00768	0.00763	0.99994	
77	0.38500	131.49494	43.42511	0.71751	0.42266	-0.10756	-1.14031	1.12501	0.99980	0.01990	0.00188	-0.01991	0.99977	0.00738	-0.00173	-0.00741	0.99997		-69.45406	-169.21322	-1.04971	-0.44065	0.43353	0.32244	0.21641	0.99996	-0.00563	-0.00757	0.00557	0.99995	-0.00769	0.00761	0.00765	0.99994	
78	0.39000	131.51518	43.44571	0.71364	0.43123	-0.11427	-1.14336	1.14138	0.99980	0.01995	0.00199	-0.01997	0.99977	0.00753	-0.00184	-0.00756	0.99997		-69.48390	-169.21644	-1.04922	-0.44081	0.43298	0.32235	0.20510	0.99996	-0.00563	-0.00756	0.00557	0.99995	-0.00769	0.00760	0.00765	0.99994	
79	0.39500	131.49638	43.42707	0.68713	0.43548	-0.12267	-1.14283	1.14225	0.99980	0.01994	0.00214	-0.01996	0.99977	0.00760	-0.00199	-0.00764	0.99997		-69.48595	-169.24446	-1.03984	-0.44249	0.42544	0.32231	0.19813	0.99996	-0.00563	-0.00743	0.00557	0.99995	-0.00772	0.00747	0.00768	0.99994	
80	0.40000	131.44840	43.44302	0.68073	0.44453	-0.12192	-1.14120	1.14385	0.99980	0.01992	0.00213	-0.01993	0.99977	0.00776	-0.00197	-0.00780	0.99997		-69.51648	-169.24485	-1.03978	-0.43960	0.42964	0.31881	0.21415	0.99996	-0.00556	-0.00750	0.00551	0.99996	-0.00767	0.00754	0.00763	0.99994	
81	0.40500	131.47883	43.42707	0.66049	0.44877	-0.12992	-1.13995	1.15587	0.99980	0.01989	0.00227	-0.01991	0.99977	0.00783	-0.00211	-0.00788	0.99997		-69.52459	-169.23665	-1.03114	-0.43710	0.42436	0.31703	0.20467	0.99996	-0.00553	-0.00741	0.00548	0.99996	-0.00763	0.00745	0.00759	0.99994	
82	0.41000	131.51271	43.43852	0.66648	0.45620	-0.13454	-1.14056	1.14970	0.99980	0.01991	0.00235	-0.01992	0.99977	0.00796	-0.00219	-0.00801	0.99997		-69.48307	-169.23362	-1.03581	-0.43406	0.41900	0.32331	0.19975	0.99996	-0.00564	-0.00731	0.00559	0.99996	-0.00758	0.00736	0.00753	0.99994	
83	0.41500	131.47235	43.44298	0.68517	0.46595	-0.13477	-1.14444	1.14878	0.99980	0.01997	0.00235	-0.01999	0.99977	0.00813	-0.00219	-0.00818	0.99996		-69.49770	-169.25121	-1.03100	-0.43431	0.41676	0.32451	0.18375	0.99996	-0.00566	-0.00727	0.00561	0.99996	-0.00758	0.00732	0.00754	0.99994	
84	0.42000	131.47016	43.44833	0.67109	0.47434	-0.14435	-1.14846	1.15316	0.99980	0.02004	0.00252	-0.02006	0.99976	0.00828	-0.00235	-0.00833	0.99996		-69.51209	-169.25657	-1.01781	-0.43286	0.41267	0.32199	0.19106	0.99996	-0.00562	-0.00720	0.00557	0.99996	-0.00755	0.00724	0.00751	0.99995	
85	0.42500	131.46312	43.44233	0.67391	0.48129	-0.14657	-1.14391	1.15008	0.99980	0.01996	0.00256	-0.01998	0.99977	0.00840	-0.00239	-0.00845	0.99996		-69.51730	-169.24794	-1.01389	-0.42878	0.41354	0.31933	0.20106	0.99996	-0.00557	-0.00722	0.00552	0.99996	-0.00748	0.00726	0.00744	0.99995	
86	0.43000	131.46537	43.46107	0.66579	0.49218	-0.15321	-1.14780	1.16482	0.99980	0.02003	0.00267	-0.02005	0.99976	0.00859	-0.00250	-0.00864	0.99996		-69.50941	-169.24050	-1.01824	-0.42400	0.40890	0.31539	0.20491	0.99996	-0.00550	-0.00714	0.00545	0.99996	-0.00740	0.00718	0.00736	0.99995	
87	0.43500	131.45251	43.44942	0.66564	0.49654	-0.15429	-1.14713	1.14929	0.99980	0.02002	0.00269	-0.02004	0.99976	0.00867	-0.00252	-0.00872	0.99996		-69.53128	-169.25018	-1.01731	-0.42489	0.40392	0.32311	0.18458	0.99996	-0.00564	-0.00705	0.00559	0.99996	-0.00742	0.00709	0.00738	0.99995	
88	0.44000	131.50896	43.45528	0.65296	0.50720	-0.16530	-1.14224	1.15671	0.99980	0.01993	0.00289	-0.01996	0.99976	0.00885	-0.00271	-0.00891	0.99996		-69.53937	-169.24294	-1.00475	-0.42021	0.40303	0.31816	0.20240	0.99996	-0.00555	-0.00703	0.00550	0.99996	-0.00733	0.00707	0.00729	0.99995	
89	0.44500	131.47584	43.46703	0.65644	0.51704	-0.16598	-1.14287	1.15019	0.99980	0.01995	0.00290	-0.01997	0.99976	0.00902	-0.00272	-0.00908	0.99996		-69.53323	-169.28204	-0.98741	-0.42378	0.40320	0.31902	0.21936	0.99996	-0.00557	-0.00704	0.00552	0.99996	-0.00740	0.00708	0.00736	0.99995	
90	0.45000	131.48881	43.45747	0.64762	0.52333	-0.17475	-1.14221	1.15254	0.99980	0.01993	0.00305	-0.01996	0.99976	0.00913	-0.00287	-0.00919	0.99995		-69.51419	-169.24306	-1.00080	-0.41390	0.39633	0.31695	0.20587	0.99996	-0.00553	-0.00692	0.00548	0.99996	-0.00722	0.00696	0.00719	0.99995	
91	0.45500	131.52094	43.47014	0.64061	0.53283	-0.17588	-1.13991	1.15499	0.99980	0.01989	0.00307	-0.01992	0.99976	0.00930	-0.00288	-0.00936	0.99995		-69.51169	-169.24805	-0.98408	-0.41007	0.39235	0.31645	0.19345	0.99996	-0.00552	-0.00685	0.00547	0.99996	-0.00716	0.00689	0.00712	0.99995	
92	0.46000	131.48961	43.48050	0.64605	0.54128	-0.17869	-1.14072	1.17286	0.99980	0.01991	0.00312	-0.01994	0.99976	0.00945	-0.00293	-0.00951	0.99995		-69.54205	-169.24426	-0.97097	-0.40954	0.39484	0.31644	0.21286	0.99996	-0.00552	-0.00689	0.00547	0.99996	-0.00715	0.00693	0.00711	0.99995	
93	0.46500	131.47486	43.47186	0.65879	0.54939	-0.17926	-1.14431	1.16142	0.99980	0.01997	0.00313	-0.02000	0.99975	0.00959	-0.00294	-0.00965	0.99995		-69.52042	-169.24887	-0.97498	-0.40763	0.38677	0.31853	0.19193	0.99996	-0.00556	-0.00675	0.00551	0.99996	-0.00711	0.00679	0.00708	0.99995	
94	0.47000	131.48918	43.47379	0.66121	0.55603	-0.18210	-1.14285	1.15805	0.99980	0.01994	0.00318	-0.01997	0.99975	0.00970	-0.00298	-0.00977	0.99995		-69.53622	-169.25018	-0.96246	-0.40297	0.38709	0.32147	0.18679	0.99996	-0.00561	-0.00676	0.00556	0.99996	-0.00703	0.00680	0.00700	0.99995	
95	0.47500	131.48029	43.48072	0.65312	0.56445	-0.18480	-1.14061	1.17111	0.99980	0.01991	0.00323	-0.01994	0.99975	0.00985	-0.00303	-0.00991	0.99995		-69.52264	-169.24025	-0.96266	-0.40058	0.38417	0.31670	0.19646	0.99996	-0.00553	-0.00670	0.00548	0.99996	-0.00699	0.00674	0.00695	0.99995	
96	0.48000	131.50368	43.47778	0.64746	0.57420	-0.19761	-1.14464	1.17205	0.99979	0.01998	0.00345	-0.02001	0.99975	0.01002	-0.00325	-0.01009	0.99994		-69.52155	-169.24180	-0.94594	-0.39589	0.38059	0.31537	0.20440	0.99996	-0.00550	-0.00664	0.00546	0.99996	-0.00691	0.00668	0.00687	0.99995	
97	0.48500	131.52064	43.48923	0.67509	0.58091	-0.19553	-1.13998	1.18741	0.99980	0.01990	0.00341	-0.01993	0.99975	0.01014	-0.00321	-0.01020	0.99994		-69.51669	-169.25208	-0.92867	-0.39235	0.37371	0.31738	0.19130	0.99996	-0.00554	-0.00652	0.00549	0.99996	-0.00685	0.00656	0.00681	0.99996	
98	0.49000	131.47032	43.48838	0.67841	0.58892	-0.19567	-1.14574	1.16612	0.99979	0.02000	0.00342	-0.02003	0.99975	0.01028	-0.00321	-0.01034	0.99994		-69.53441	-169.23129	-0.92462	-0.38881	0.37574	0.31769	0.20112	0.99996	-0.00554	-0.00656	0.00550	0.99996	-0.00679	0.00660	0.00675	0.99996	
99	0.49500	131.46331	43.47267	0.67055	0.59646	-0.19516	-1.14030	1.18362	0.99980	0.01990	0.00341	-0.01993	0.99975	0.01041	-0.00320	-0.01048	0.99994		-69.52796	-169.22212	-0.92934	-0.38042	0.37322	0.31584	0.20043	0.99996	-0.00551	-0.00651	0.00547	0.99996	-0.00664	0.00655	0.00660	0.99996	
100	0.50000	131.46544	43.48841	0.67340	0.60386	-0.19884	-1.13976	1.17431	0.99980	0.01989	0.00347	-0.01993	0.99975	0.01054	-0.00326	-0.01061	0.99994		-69.52627	-169.22531	-0.92483	-0.38030	0.37024	0.31883	0.19727	0.99996	-0.00556	-0.00646	0.00552	0.99996	-0.00664	0.00650	0.00660	0.99996	
101	0.50500	131.45059	43.49581	0.70033	0.61231	-0.20202	-1.14238	1.17711	0.99980	0.01994	0.00353	-0.01997	0.99974	0.01069	-0.00331	-0.01075	0.99994		-69.50799	-169.22041	-0.90839	-0.37385	0.36758	0.31723	0.20258	0.99996	-0.00554	-0.00642	0.00549	0.99996	-0.00652	0.00645	0.00649	0.99996	
102	0.51000	131.45161	43.48047	0.70012	0.61799	-0.20033	-1.14811	1.16294	0.99979	0.02004	0.00350	-0.02007	0.99974	0.01079	-0.00328	-0.01085	0.99994		-69.52314	-169.23014	-0.89133	-0.37429	0.36612	0.31547	0.19947	0.99996	-0.00551	-0.00639	0.00546	0.99996	-0.00653	0.00643	0.00650	0.99996	
103	0.51500	131.45582	43.49936	0.68193	0.62502	-0.20357	-1.14535	1.17835	0.99979	0.01999	0.00355	-0.02003	0.99974	0.01091	-0.00333	-0.01098	0.99993		-69.53535	-169.21141	-0.89562	-0.36829	0.36369	0.31754	0.18433	0.99996	-0.00554	-0.00635	0.00550	0.99996	-0.00643	0.00638	0.00639	0.99996	
104	0.52000	131.48428	43.49134	0.71056	0.63217	-0.20907	-1.14713	1.17050	0.99979	0.02002	0.00365	-0.02006	0.99974	0.01103	-0.00343	-0.01110	0.99993		-69.56280	-169.19022	-0.88759	-0.36051	0.36727	0.31801	0.19349	0.99996	-0.00555	-0.00641	0.00551	0.99996	-0.00629	0.00644	0.00626	0.99996	
105	0.52500	131.45607	43.49306	0.71632	0.63659	-0.21066	-1.14202	1.17787	0.99979	0.01993	0.00368	-0.01997	0.99974	0.01111	-0.00345	-0.01118	0.99993		-69.53247	-169.19296	-0.87574	-0.35753	0.36680	0.31483	0.19444	0.99996	-0.00549	-0.00640	0.00545	0.99997	-0.00624	0.00644	0.00620	0.99996	
106	0.53000	131.44310	43.51184	0.73740	0.64315	-0.20750	-1.14624	1.17227	0.99979	0.02000	0.00362	-0.02004	0.99974	0.01122	-0.00340	-0.01130	0.99993		-69.52706	-169.17812	-0.86795	-0.35296	0.36779	0.31238	0.19818	0.99996	-0.00545	-0.00642	0.00541	0.99997	-0.00616	0.00645	0.00613	0.99996	
107	0.53500	131.42173	43.49871	0.74992	0.64838	-0.20609	-1.14184	1.16427	0.99979	0.01993	0.00360	-0.01997	0.99974	0.01132	-0.00337	-0.01139	0.99993		-69.53868	-169.17403	-0.86336	-0.34934	0.36280	0.31309	0.19105	0.99997	-0.00546	-0.00633	0.00543	0.99997	-0.00610	0.00637	0.00606	0.99996	
108	0.54000	131.41738	43.49314	0.74542	0.65269	-0.20798	-1.14950	1.16312	0.99979	0.02006	0.00363	-0.02010	0.99973	0.01139	-0.00340	-0.01146	0.99993		-69.54058	-169.16272	-0.84708	-0.34263	0.36259	0.31300	0.19015	0.99997	-0.00546	-0.00633	0.00542	0.99997	-0.00598	0.00636	0.00595	0.99996	
109	0.54500	131.41589	43.49704	0.77633	0.65982	-0.21153	-1.15818	1.15942	0.99979	0.02021	0.00369	-0.02025	0.99973	0.01152	-0.00346	-0.01159	0.99993		-69.54259	-169.15642	-0.83457	-0.34009	0.36528	0.31349	0.20104	0.99996	-0.00547	-0.00638	0.00543	0.99997	-0.00594	0.00641	0.00590	0.99996	
110	0.55000	131.36141	43.48584	0.80033	0.65925	-0.20190	-1.14799	1.16878	0.99979	0.02003	0.00352	-0.02007	0.99973	0.01151	-0.00329	-0.01157	0.99993		-69.54507	-169.13097	-0.82687	-0.33216	0.36565	0.30869	0.20639	0.99997	-0.00539	-0.00638	0.00535	0.99997	-0.00580	0.00641	0.00576	0.99996	
111	0.55500	131.38585	43.49535	0.80611	0.66472	-0.20875	-1.16189	1.15941	0.99979	0.02028	0.00364	-0.02032	0.99973	0.01160	-0.00341	-0.01167	0.99993		-69.55569	-169.14093	-0.82242	-0.33156	0.36503	0.31427	0.19215	0.99996	-0.00548	-0.00637	0.00545	0.99997	-0.00579	0.00640	0.00575	0.99996	
112	0.56000	131.36606	43.52361	0.81893	0.67222	-0.21182	-1.15767	1.16417	0.99979	0.02020	0.00370	-0.02025	0.99973	0.01173	-0.00346	-0.01180	0.99992		-69.53904	-169.12589	-0.81479	-0.32568	0.36578	0.31149	0.20359	0.99996	-0.00544	-0.00638	0.00540	0.99997	-0.00568	0.00641	0.00565	0.99996	
113	0.56500	131.38690	43.51268	0.81958	0.67447	-0.20974	-1.15752	1.15570	0.99979	0.02020	0.00366	-0.02024	0.99973	0.01177	-0.00342	-0.01184	0.99992		-69.54658	-169.12106	-0.78965	-0.32170	0.36454	0.31367	0.19825	0.99996	-0.00547	-0.00636	0.00544	0.99997	-0.00561	0.00639	0.00558	0.99996	
114	0.57000	131.37495	43.50115	0.84812	0.67446	-0.20983	-1.16017	1.16130	0.99979	0.02025	0.00366	-0.02029	0.99972	0.01177	-0.00342	-0.01184	0.99992		-69.52539	-169.11014	-0.78613	-0.31894	0.36435	0.31690	0.18561	0.99996	-0.00553	-0.00636	0.00550	0.99997	-0.00557	0.00639	0.00553	0.99996	
115	0.57500	131.34641	43.50889	0.86673	0.67565	-0.20472	-1.15527	1.15860	0.99979	0.02016	0.00357	-0.02020	0.99973	0.01179	-0.00333	-0.01186	0.99992		-69.58367	-169.09300	-0.77778	-0.31240	0.37024	0.30985	0.19270	0.99996	-0.00541	-0.00646	0.00537	0.99997	-0.00545	0.00649	0.00542	0.99996	
116	0.58000	131.35567	43.51425	0.86683	0.67753	-0.20957	-1.16140	1.16235	0.99979	0.02027	0.00366	-0.02031	0.99972	0.01182	-0.00342	-0.01190	0.99992		-69.55900	-169.08041	-0.77002	-0.30713	0.36898	0.31035	0.19581	0.99996	-0.00542	-0.00644	0.00538	0.99997	-0.00536	0.00647	0.00533	0.99996	
117	0.58500	131.37254	43.49017	0.86703	0.67680	-0.20901	-1.16204	1.15833	0.99979	0.02028	0.00365	-0.02032	0.99972	0.01181	-0.00341	-0.01188	0.99992		-69.57223	-169.07321	-0.75791	-0.30135	0.37137	0.31021	0.19355	0.99996	-0.00541	-0.00648	0.00538	0.99997	-0.00526	0.00651	0.00522	0.99997	
118	0.59000	131.33262	43.48064	0.89797	0.67279	-0.20286	-1.15454	1.15360	0.99979	0.02015	0.00354	-0.02019	0.99973	0.01174	-0.00330	-0.01181	0.99992		-69.56544	-169.06244	-0.75385	-0.29890	0.36983	0.30995	0.19322	0.99996	-0.00541	-0.00645	0.00538	0.99997	-0.00522	0.00648	0.00518	0.99997	
119	0.59500	131.35951	43.49410	0.91885	0.67470	-0.20585	-1.15972	1.17241	0.99979	0.02024	0.00359	-0.02028	0.99972	0.01178	-0.00335	-0.01185	0.99992		-69.56999	-169.06731	-0.73335	-0.29562	0.37478	0.31293	0.19602	0.99996	-0.00546	-0.00654	0.00543	0.99997	-0.00516	0.00657	0.00512	0.99997	
120	0.60000	131.32295	43.46289	0.92317	0.66922	-0.19699	-1.15586	1.17536	0.99979	0.02017	0.00344	-0.02021	0.99973	0.01168	-0.00320	-0.01175	0.99993		-69.56632	-169.04047	-0.72125	-0.28949	0.37402	0.30912	0.20509	0.99996	-0.00539	-0.00653	0.00536	0.99997	-0.00505	0.00655	0.00502	0.99997	
121	0.60500	131.28916	43.47280	0.94374	0.66980	-0.19444	-1.15653	1.16449	0.99979	0.02018	0.00339	-0.02022	0.99973	0.01169	-0.00316	-0.01176	0.99993		-69.57708	-169.02930	-0.71339	-0.28485	0.37633	0.30645	0.19859	0.99996	-0.00535	-0.00657	0.00532	0.99997	-0.00497	0.00659	0.00494	0.99997	
122	0.61000	131.34531	43.45891	0.96122	0.66492	-0.20088	-1.15330	1.15682	0.99979	0.02013	0.00351	-0.02017	0.99973	0.01160	-0.00327	-0.01167	0.99993		-69.57471	-169.02417	-0.70133	-0.28136	0.38010	0.30845	0.20045	0.99996	-0.00538	-0.00663	0.00535	0.99997	-0.00491	0.00666	0.00487	0.99997	
123	0.61500	131.31882	43.46020	0.97131	0.66336	-0.20098	-1.15849	1.16858	0.99979	0.02022	0.00351	-0.02026	0.99973	0.01158	-0.00327	-0.01165	0.99993		-69.59304	-169.01118	-0.69689	-0.27785	0.37700	0.30805	0.19008	0.99996	-0.00538	-0.00658	0.00534	0.99997	-0.00485	0.00661	0.00481	0.99997	
124	0.62000	131.30834	43.44958	0.98240	0.65847	-0.19395	-1.16088	1.16463	0.99979	0.02026	0.00339	-0.02030	0.99973	0.01149	-0.00315	-0.01156	0.99993		-69.56411	-169.00756	-0.68950	-0.27317	0.38162	0.31097	0.20381	0.99996	-0.00543	-0.00666	0.00540	0.99997	-0.00477	0.00669	0.00473	0.99997	
125	0.62500	131.31015	43.44200	0.99969	0.65244	-0.19255	-1.15472	1.16675	0.99979	0.02015	0.00336	-0.02019	0.99973	0.01139	-0.00313	-0.01145	0.99993		-69.56679	-168.98536	-0.66880	-0.26927	0.38028	0.30486	0.20201	0.99996	-0.00532	-0.00664	0.00529	0.99997	-0.00470	0.00666	0.00466	0.99997	
126	0.63000	131.29745	43.42143	1.02170	0.64801	-0.19125	-1.16077	1.14894	0.99979	0.02026	0.00334	-0.02029	0.99973	0.01131	-0.00311	-0.01137	0.99993		-69.59753	-168.98138	-0.67314	-0.26542	0.38430	0.30475	0.20396	0.99996	-0.00532	-0.00671	0.00529	0.99998	-0.00463	0.00673	0.00460	0.99997	
127	0.63500	131.32511	43.42033	1.03004	0.64209	-0.18710	-1.15279	1.16447	0.99979	0.02012	0.00327	-0.02015	0.99973	0.01121	-0.00304	-0.01127	0.99993		-69.58856	-168.97549	-0.66133	-0.26268	0.38912	0.30703	0.19976	0.99996	-0.00536	-0.00679	0.00533	0.99998	-0.00458	0.00682	0.00455	0.99997	
128	0.64000	131.29241	43.39900	1.05018	0.63035	-0.18281	-1.15146	1.16790	0.99979	0.02010	0.00319	-0.02013	0.99974	0.01100	-0.00297	-0.01106	0.99993		-69.58402	-168.94230	-0.64523	-0.25602	0.39078	0.30473	0.20222	0.99996	-0.00532	-0.00682	0.00529	0.99998	-0.00447	0.00684	0.00443	0.99997	
129	0.64500	131.33869	43.38273	1.05634	0.62542	-0.18699	-1.15044	1.17640	0.99979	0.02008	0.00326	-0.02011	0.99974	0.01092	-0.00304	-0.01098	0.99994		-69.60128	-168.94165	-0.63685	-0.25285	0.39202	0.30447	0.21403	0.99996	-0.00531	-0.00684	0.00528	0.99998	-0.00441	0.00687	0.00438	0.99997	
130	0.65000	131.29902	43.37381	1.06848	0.61719	-0.17972	-1.14745	1.18141	0.99979	0.02003	0.00314	-0.02006	0.99974	0.01077	-0.00292	-0.01083	0.99994		-69.58827	-168.91987	-0.63757	-0.24669	0.39123	0.30260	0.19711	0.99996	-0.00528	-0.00683	0.00525	0.99998	-0.00431	0.00685	0.00427	0.99997	
131	0.65500	131.34525	43.36828	1.07482	0.61294	-0.18483	-1.14737	1.18531	0.99979	0.02002	0.00323	-0.02006	0.99974	0.01070	-0.00301	-0.01076	0.99994		-69.62194	-168.90398	-0.63368	-0.24310	0.39897	0.30237	0.21104	0.99996	-0.00528	-0.00696	0.00525	0.99998	-0.00424	0.00699	0.00421	0.99997	
132	0.66000	131.31141	43.36014	1.08838	0.60300	-0.17681	-1.14130	1.18401	0.99980	0.01992	0.00309	-0.01995	0.99975	0.01052	-0.00288	-0.01058	0.99994		-69.60422	-168.90540	-0.61325	-0.24114	0.39924	0.30393	0.19399	0.99996	-0.00530	-0.00697	0.00528	0.99998	-0.00421	0.00699	0.00417	0.99997	
133	0.66500	131.33551	43.35203	1.09533	0.59603	-0.17630	-1.14456	1.16785	0.99980	0.01997	0.00308	-0.02001	0.99975	0.01040	-0.00287	-0.01046	0.99994		-69.59308	-168.90199	-0.60047	-0.24066	0.39183	0.30507	0.17998	0.99996	-0.00532	-0.00684	0.00530	0.99998	-0.00420	0.00686	0.00416	0.99997	
134	0.67000	131.29459	43.32853	1.12301	0.58442	-0.16742	-1.14455	1.16535	0.99980	0.01997	0.00292	-0.02000	0.99975	0.01020	-0.00272	-0.01026	0.99994		-69.59104	-168.88623	-0.58881	-0.23555	0.39839	0.30191	0.19449	0.99996	-0.00527	-0.00695	0.00524	0.99998	-0.00411	0.00697	0.00407	0.99997	
135	0.67500	131.29849	43.32354	1.13202	0.57502	-0.16418	-1.13689	1.17854	0.99980	0.01984	0.00287	-0.01987	0.99975	0.01004	-0.00267	-0.01009	0.99995		-69.61674	-168.85246	-0.56851	-0.22797	0.40445	0.30610	0.18698	0.99996	-0.00534	-0.00706	0.00531	0.99998	-0.00398	0.00708	0.00394	0.99997	
136	0.68000	131.31321	43.32718	1.13824	0.56769	-0.16783	-1.14035	1.18442	0.99980	0.01990	0.00293	-0.01993	0.99975	0.00991	-0.00273	-0.00996	0.99995		-69.62524	-168.86333	-0.57237	-0.22744	0.40351	0.29947	0.19597	0.99996	-0.00523	-0.00704	0.00520	0.99998	-0.00397	0.00706	0.00393	0.99997	
137	0.68500	131.31179	43.32065	1.15681	0.55768	-0.16578	-1.13589	1.20016	0.99980	0.01982	0.00289	-0.01985	0.99976	0.00973	-0.00270	-0.00979	0.99995		-69.59875	-168.86186	-0.56056	-0.22558	0.40425	0.30108	0.19018	0.99996	-0.00525	-0.00706	0.00523	0.99998	-0.00394	0.00708	0.00390	0.99997	
