NO_OF_FRAMES	12050
NO_OF_CAMERAS	8
NO_OF_BODIES	2
FREQUENCY	200
NO_OF_ANALOG	0
ANALOG_FREQUENCY	0
DESCRIPTION	--
TIME_STAMP	2013-07-04, 11:50:24	97839.51455206
DATA_INCLUDED	6D
BODY_NAMES	Ice 1	Ice 2
Frame	Time	Ice 1 X	Y	Z	Roll	Pitch	Yaw	Residual	Rot[0]	Rot[1]	Rot[2]	Rot[3]	Rot[4]	Rot[5]	Rot[6]	Rot[7]	Rot[8]	Ice 2 X	Y	Z	Roll	Pitch	Yaw	Residual	Rot[0]	Rot[1]	Rot[2]	Rot[3]	Rot[4]	Rot[5]	Rot[6]	Rot[7]	Rot[8]	
1	0.00500	121.74869	-124.86978	-0.33292	0.99082	0.23246	4.28670	1.09327	0.99719	-0.07475	-0.00406	0.07481	0.99705	0.01729	0.00275	-0.01755	0.99984		14.06926	-33.42447	-1.46186	-0.35530	0.49526	-0.64969	0.36767	0.99990	0.01134	-0.00864	-0.01139	0.99992	-0.00620	0.00857	0.00630	0.99994	
2	0.01000	121.63584	-124.86782	-0.30412	0.98854	0.24439	4.27452	1.08505	0.99721	-0.07453	-0.00427	0.07460	0.99706	0.01725	0.00297	-0.01752	0.99984		13.99764	-33.41178	-1.49538	-0.35874	0.50791	-0.64998	0.35227	0.99990	0.01134	-0.00886	-0.01140	0.99992	-0.00626	0.00879	0.00636	0.99994	
3	0.01500	121.64928	-124.86270	-0.31225	0.99304	0.24822	4.26807	1.07210	0.99722	-0.07442	-0.00433	0.07449	0.99707	0.01733	0.00303	-0.01761	0.99984		14.03423	-33.42433	-1.50693	-0.37118	0.49905	-0.65339	0.36456	0.99990	0.01140	-0.00871	-0.01146	0.99991	-0.00648	0.00864	0.00658	0.99994	
4	0.02000	121.62061	-124.85587	-0.32611	0.99658	0.24758	4.26970	1.05810	0.99722	-0.07445	-0.00432	0.07451	0.99707	0.01739	0.00301	-0.01767	0.99984		14.04088	-33.46766	-1.51015	-0.38116	0.49744	-0.64704	0.36034	0.99990	0.01129	-0.00868	-0.01135	0.99991	-0.00665	0.00861	0.00675	0.99994	
5	0.02500	121.62924	-124.85672	-0.33788	0.99678	0.25147	4.26964	1.06415	0.99722	-0.07445	-0.00439	0.07452	0.99707	0.01740	0.00308	-0.01767	0.99984		14.00377	-33.44273	-1.52622	-0.38632	0.49833	-0.65498	0.38696	0.99990	0.01143	-0.00870	-0.01149	0.99991	-0.00674	0.00862	0.00684	0.99994	
6	0.03000	121.63379	-124.85924	-0.34839	0.99608	0.25057	4.27051	1.07073	0.99721	-0.07446	-0.00437	0.07453	0.99707	0.01738	0.00307	-0.01766	0.99984		14.05932	-33.49074	-1.54288	-0.39890	0.49526	-0.64632	0.34771	0.99990	0.01128	-0.00864	-0.01134	0.99991	-0.00696	0.00856	0.00706	0.99994	
7	0.03500	121.62943	-124.86943	-0.35645	0.99459	0.25391	4.26912	1.06205	0.99722	-0.07444	-0.00443	0.07451	0.99707	0.01736	0.00313	-0.01764	0.99984		14.07002	-33.49453	-1.57177	-0.40508	0.49147	-0.64897	0.35980	0.99990	0.01133	-0.00858	-0.01139	0.99991	-0.00707	0.00850	0.00717	0.99994	
8	0.04000	121.59730	-124.85705	-0.36932	0.99735	0.25722	4.26724	1.06207	0.99722	-0.07441	-0.00449	0.07448	0.99707	0.01741	0.00318	-0.01769	0.99984		14.06427	-33.51171	-1.58778	-0.41433	0.49120	-0.65140	0.36536	0.99990	0.01137	-0.00857	-0.01143	0.99991	-0.00723	0.00849	0.00733	0.99994	
9	0.04500	121.58543	-124.86397	-0.37402	0.99454	0.25980	4.27280	1.06790	0.99721	-0.07450	-0.00453	0.07457	0.99706	0.01736	0.00323	-0.01765	0.99984		14.08340	-33.53181	-1.60002	-0.42189	0.48985	-0.65091	0.34492	0.99990	0.01136	-0.00855	-0.01142	0.99991	-0.00736	0.00846	0.00746	0.99994	
10	0.05000	121.60547	-124.88746	-0.38627	0.99261	0.25850	4.27096	1.06491	0.99721	-0.07447	-0.00451	0.07454	0.99707	0.01732	0.00321	-0.01761	0.99984		14.04326	-33.55113	-1.60703	-0.42898	0.48991	-0.64728	0.36206	0.99990	0.01130	-0.00855	-0.01136	0.99991	-0.00749	0.00847	0.00758	0.99994	
11	0.05500	121.61540	-124.87064	-0.39616	0.99366	0.25689	4.27156	1.06559	0.99721	-0.07448	-0.00448	0.07455	0.99707	0.01734	0.00318	-0.01763	0.99984		14.03447	-33.55170	-1.63589	-0.43438	0.49061	-0.65084	0.34858	0.99990	0.01136	-0.00856	-0.01142	0.99991	-0.00758	0.00848	0.00768	0.99993	
12	0.06000	121.58398	-124.88780	-0.38808	0.98979	0.26307	4.27101	1.05654	0.99721	-0.07447	-0.00459	0.07454	0.99707	0.01727	0.00329	-0.01757	0.99984		14.09169	-33.57455	-1.64458	-0.44020	0.48478	-0.65259	0.34563	0.99990	0.01139	-0.00846	-0.01145	0.99990	-0.00768	0.00837	0.00778	0.99993	
13	0.06500	121.56732	-124.88675	-0.39720	0.98677	0.26493	4.26825	1.06178	0.99722	-0.07443	-0.00462	0.07449	0.99707	0.01722	0.00333	-0.01752	0.99984		14.09983	-33.57207	-1.66925	-0.44509	0.48134	-0.65079	0.34686	0.99990	0.01136	-0.00840	-0.01142	0.99990	-0.00777	0.00831	0.00786	0.99993	
14	0.07000	121.53178	-125.03116	-0.25560	0.96712	0.25780	4.26785	1.06598	0.99722	-0.07442	-0.00450	0.07448	0.99708	0.01688	0.00323	-0.01717	0.99985		14.06119	-33.58375	-1.68521	-0.44821	0.48083	-0.65111	0.33956	0.99990	0.01136	-0.00839	-0.01143	0.99990	-0.00782	0.00830	0.00792	0.99993	
15	0.07500	121.53393	-125.06347	-0.27117	0.96273	0.25730	4.26650	1.06692	0.99722	-0.07439	-0.00449	0.07446	0.99708	0.01680	0.00323	-0.01709	0.99985		14.08364	-33.59935	-1.68894	-0.45478	0.47857	-0.65092	0.35153	0.99990	0.01136	-0.00835	-0.01143	0.99990	-0.00794	0.00826	0.00803	0.99993	
16	0.08000	121.52409	-125.09234	-0.24767	0.95404	0.26259	4.26527	1.06641	0.99722	-0.07437	-0.00458	0.07444	0.99709	0.01665	0.00333	-0.01695	0.99985		14.07456	-33.62188	-1.71316	-0.46149	0.47348	-0.64895	0.34796	0.99990	0.01133	-0.00826	-0.01139	0.99990	-0.00805	0.00817	0.00815	0.99993	
17	0.08500	121.47181	-125.10716	-0.25475	0.94923	0.26317	4.26175	1.07172	0.99722	-0.07431	-0.00459	0.07438	0.99709	0.01657	0.00335	-0.01686	0.99985		14.07444	-33.61938	-1.73404	-0.46290	0.47402	-0.65050	0.35202	0.99990	0.01135	-0.00827	-0.01142	0.99990	-0.00808	0.00818	0.00817	0.99993	
18	0.09000	121.44604	-125.13413	-0.25496	0.94022	0.26835	4.26415	1.07881	0.99722	-0.07435	-0.00468	0.07442	0.99709	0.01641	0.00345	-0.01671	0.99985		14.05400	-33.64253	-1.74174	-0.46645	0.47356	-0.64887	0.33925	0.99990	0.01132	-0.00827	-0.01139	0.99990	-0.00814	0.00817	0.00823	0.99993	
19	0.09500	121.47105	-125.15038	-0.24903	0.93365	0.26506	4.26226	1.07573	0.99722	-0.07432	-0.00463	0.07439	0.99710	0.01629	0.00340	-0.01659	0.99986		14.06935	-33.67149	-1.75350	-0.47216	0.46758	-0.64946	0.35551	0.99990	0.01133	-0.00816	-0.01140	0.99990	-0.00824	0.00807	0.00833	0.99993	
20	0.10000	121.46067	-125.16723	-0.25775	0.92566	0.26658	4.26202	1.07243	0.99722	-0.07432	-0.00465	0.07438	0.99710	0.01615	0.00344	-0.01646	0.99986		14.07215	-33.66879	-1.77434	-0.47273	0.46466	-0.65013	0.33782	0.99990	0.01135	-0.00811	-0.01141	0.99990	-0.00825	0.00802	0.00834	0.99993	
21	0.10500	121.43719	-125.19705	-0.23161	0.91726	0.26802	4.25994	1.05968	0.99723	-0.07428	-0.00468	0.07435	0.99710	0.01601	0.00348	-0.01631	0.99986		14.08586	-33.68109	-1.77820	-0.47551	0.46158	-0.65140	0.36530	0.99990	0.01137	-0.00806	-0.01144	0.99990	-0.00830	0.00796	0.00839	0.99993	
22	0.11000	121.41877	-125.21948	-0.23373	0.90800	0.27299	4.26381	1.07505	0.99722	-0.07435	-0.00476	0.07441	0.99710	0.01585	0.00357	-0.01616	0.99986		14.09694	-33.69609	-1.79893	-0.47687	0.45866	-0.65275	0.36311	0.99990	0.01139	-0.00801	-0.01146	0.99990	-0.00832	0.00791	0.00841	0.99993	
23	0.11500	121.43793	-125.23516	-0.25045	0.90066	0.26885	4.26153	1.07097	0.99722	-0.07431	-0.00469	0.07437	0.99711	0.01572	0.00351	-0.01602	0.99987		14.05910	-33.71031	-1.80237	-0.47859	0.45743	-0.65150	0.35158	0.99990	0.01137	-0.00798	-0.01144	0.99990	-0.00835	0.00789	0.00844	0.99993	
24	0.12000	121.45687	-125.26705	-0.23479	0.88980	0.26898	4.26733	1.07442	0.99722	-0.07441	-0.00469	0.07447	0.99710	0.01553	0.00353	-0.01584	0.99987		14.07757	-33.70758	-1.81901	-0.47711	0.45063	-0.65415	0.35804	0.99990	0.01142	-0.00786	-0.01148	0.99990	-0.00833	0.00777	0.00842	0.99993	
25	0.12500	121.39888	-125.29097	-0.21978	0.87813	0.27624	4.26661	1.06876	0.99722	-0.07440	-0.00482	0.07446	0.99711	0.01533	0.00367	-0.01564	0.99987		14.10060	-33.71612	-1.82314	-0.47793	0.44761	-0.65088	0.35371	0.99990	0.01136	-0.00781	-0.01142	0.99990	-0.00834	0.00772	0.00843	0.99993	
26	0.13000	121.41943	-125.31982	-0.22956	0.86713	0.27338	4.26251	1.06999	0.99722	-0.07433	-0.00477	0.07439	0.99711	0.01513	0.00363	-0.01545	0.99987		14.10376	-33.74368	-1.83516	-0.47912	0.44359	-0.65300	0.36249	0.99991	0.01140	-0.00774	-0.01146	0.99990	-0.00836	0.00765	0.00845	0.99994	
27	0.13500	121.42494	-125.32305	-0.21443	0.85888	0.27519	4.26531	1.06148	0.99722	-0.07437	-0.00480	0.07444	0.99711	0.01499	0.00367	-0.01531	0.99988		14.09796	-33.73750	-1.83935	-0.47591	0.43982	-0.65513	0.36030	0.99991	0.01143	-0.00768	-0.01150	0.99990	-0.00831	0.00758	0.00839	0.99994	
28	0.14000	121.40058	-125.33904	-0.22067	0.85114	0.27360	4.26364	1.07436	0.99722	-0.07435	-0.00478	0.07441	0.99712	0.01485	0.00366	-0.01517	0.99988		14.11487	-33.73830	-1.86005	-0.47534	0.43323	-0.64999	0.33933	0.99991	0.01134	-0.00756	-0.01141	0.99990	-0.00830	0.00747	0.00838	0.99994	
29	0.14500	121.43479	-125.37780	-0.21553	0.83774	0.27176	4.25895	1.06972	0.99723	-0.07426	-0.00474	0.07433	0.99713	0.01462	0.00364	-0.01493	0.99988		14.11805	-33.74754	-1.87232	-0.47650	0.43000	-0.65150	0.35220	0.99991	0.01137	-0.00750	-0.01143	0.99990	-0.00832	0.00741	0.00840	0.99994	
30	0.15000	121.39082	-125.40811	-0.19827	0.82469	0.27508	4.26242	1.07650	0.99722	-0.07432	-0.00480	0.07439	0.99713	0.01439	0.00372	-0.01471	0.99988		14.12784	-33.76732	-1.86373	-0.47478	0.42660	-0.64953	0.35688	0.99991	0.01134	-0.00745	-0.01140	0.99990	-0.00829	0.00735	0.00837	0.99994	
31	0.15500	121.37575	-125.45811	-0.20165	0.80880	0.27508	4.26350	1.06638	0.99722	-0.07434	-0.00480	0.07440	0.99713	0.01412	0.00374	-0.01443	0.99989		14.12574	-33.76783	-1.88068	-0.46985	0.42392	-0.65081	0.34376	0.99991	0.01136	-0.00740	-0.01142	0.99990	-0.00820	0.00730	0.00828	0.99994	
32	0.16000	121.35038	-125.47915	-0.18705	0.79451	0.27399	4.26427	1.06977	0.99722	-0.07436	-0.00478	0.07442	0.99713	0.01387	0.00374	-0.01418	0.99989		14.14864	-33.76673	-1.88917	-0.46845	0.42078	-0.65086	0.35654	0.99991	0.01136	-0.00734	-0.01142	0.99990	-0.00818	0.00725	0.00826	0.99994	
33	0.16500	121.33023	-125.51098	-0.18654	0.78375	0.27715	4.26169	1.07498	0.99722	-0.07431	-0.00484	0.07437	0.99714	0.01368	0.00381	-0.01400	0.99989		14.11101	-33.78303	-1.89254	-0.46648	0.41876	-0.64984	0.35581	0.99991	0.01134	-0.00731	-0.01140	0.99990	-0.00814	0.00722	0.00822	0.99994	
34	0.17000	121.38026	-125.53423	-0.16754	0.76926	0.27392	4.26197	1.06482	0.99722	-0.07432	-0.00478	0.07437	0.99714	0.01343	0.00377	-0.01374	0.99990		14.13983	-33.78285	-1.89289	-0.46322	0.41396	-0.64999	0.35681	0.99991	0.01134	-0.00722	-0.01140	0.99990	-0.00808	0.00713	0.00817	0.99994	
35	0.17500	121.38552	-125.57537	-0.17284	0.75369	0.27148	4.26557	1.07238	0.99722	-0.07438	-0.00474	0.07444	0.99714	0.01315	0.00375	-0.01347	0.99990		14.13786	-33.78368	-1.89312	-0.45923	0.41378	-0.64966	0.35927	0.99991	0.01134	-0.00722	-0.01140	0.99990	-0.00801	0.00713	0.00810	0.99994	
36	0.18000	121.32799	-125.62288	-0.15260	0.73763	0.27732	4.26619	1.06436	0.99722	-0.07439	-0.00484	0.07445	0.99714	0.01287	0.00387	-0.01320	0.99991		14.15857	-33.78230	-1.90147	-0.45386	0.40569	-0.65079	0.36911	0.99991	0.01136	-0.00708	-0.01141	0.99990	-0.00792	0.00699	0.00800	0.99994	
37	0.18500	121.38966	-125.70051	-0.18145	0.71249	0.27514	4.28544	1.07082	0.99719	-0.07472	-0.00480	0.07478	0.99712	0.01243	0.00386	-0.01276	0.99991		14.14771	-33.80206	-1.90944	-0.45248	0.40236	-0.64872	0.35988	0.99991	0.01132	-0.00702	-0.01138	0.99990	-0.00790	0.00693	0.00798	0.99994	
38	0.19000	121.41360	-125.72954	-0.17279	0.69843	0.27576	4.28013	1.06701	0.99720	-0.07463	-0.00481	0.07469	0.99713	0.01219	0.00389	-0.01251	0.99991		14.16717	-33.79003	-1.91036	-0.44616	0.40438	-0.64867	0.36053	0.99991	0.01132	-0.00706	-0.01138	0.99990	-0.00779	0.00697	0.00787	0.99994	
39	0.19500	121.35869	-125.76589	-0.15833	0.68582	0.27906	4.28425	1.06691	0.99719	-0.07470	-0.00487	0.07476	0.99713	0.01197	0.00396	-0.01230	0.99992		14.17889	-33.77591	-1.90678	-0.43877	0.40096	-0.65254	0.36345	0.99991	0.01139	-0.00700	-0.01144	0.99991	-0.00766	0.00691	0.00774	0.99995	
40	0.20000	121.37236	-125.80937	-0.15130	0.66743	0.27507	4.28692	1.07644	0.99719	-0.07475	-0.00480	0.07480	0.99713	0.01165	0.00392	-0.01197	0.99992		14.18127	-33.77754	-1.91112	-0.43200	0.39670	-0.65424	0.36940	0.99991	0.01142	-0.00692	-0.01147	0.99991	-0.00754	0.00684	0.00762	0.99995	
41	0.20500	121.41410	-125.84212	-0.14751	0.65167	0.26781	4.29341	1.08109	0.99718	-0.07486	-0.00467	0.07491	0.99713	0.01137	0.00381	-0.01169	0.99992		14.17887	-33.78138	-1.89834	-0.42995	0.39431	-0.65061	0.37665	0.99991	0.01135	-0.00688	-0.01141	0.99991	-0.00750	0.00680	0.00758	0.99995	
42	0.21000	121.43082	-125.86928	-0.12384	0.63972	0.26637	4.29370	1.08456	0.99718	-0.07487	-0.00465	0.07492	0.99713	0.01116	0.00380	-0.01148	0.99993		14.21593	-33.78049	-1.90742	-0.42535	0.38977	-0.65073	0.35038	0.99991	0.01136	-0.00680	-0.01141	0.99991	-0.00742	0.00672	0.00750	0.99995	
43	0.21500	121.38072	-125.89872	-0.12075	0.62305	0.27150	4.29034	1.07039	0.99719	-0.07481	-0.00474	0.07486	0.99713	0.01087	0.00391	-0.01120	0.99993		14.17662	-33.76585	-1.90337	-0.41806	0.39337	-0.65486	0.35613	0.99991	0.01143	-0.00687	-0.01148	0.99991	-0.00730	0.00678	0.00737	0.99995	
44	0.22000	121.36524	-125.93159	-0.10876	0.60749	0.26757	4.28751	1.08301	0.99719	-0.07476	-0.00467	0.07481	0.99714	0.01060	0.00386	-0.01092	0.99993		14.19799	-33.77156	-1.90773	-0.41400	0.38988	-0.65321	0.37253	0.99991	0.01140	-0.00680	-0.01145	0.99991	-0.00723	0.00672	0.00730	0.99995	
45	0.22500	121.38351	-125.95493	-0.09922	0.59432	0.26485	4.28973	1.06682	0.99719	-0.07480	-0.00462	0.07484	0.99714	0.01037	0.00383	-0.01069	0.99994		14.17670	-33.76716	-1.89073	-0.40710	0.38900	-0.65123	0.37662	0.99991	0.01137	-0.00679	-0.01141	0.99991	-0.00711	0.00671	0.00718	0.99995	
46	0.23000	121.39018	-125.99547	-0.08853	0.57694	0.26025	4.28704	1.06304	0.99719	-0.07475	-0.00454	0.07480	0.99715	0.01007	0.00378	-0.01038	0.99994		14.18016	-33.75797	-1.90391	-0.40166	0.38996	-0.65391	0.37031	0.99991	0.01141	-0.00681	-0.01146	0.99991	-0.00701	0.00673	0.00709	0.99995	
47	0.23500	121.42755	-126.02404	-0.08619	0.56241	0.25794	4.28656	1.06757	0.99719	-0.07474	-0.00450	0.07479	0.99715	0.00982	0.00376	-0.01012	0.99994		14.21657	-33.76433	-1.88770	-0.39667	0.38533	-0.65310	0.34907	0.99991	0.01140	-0.00673	-0.01144	0.99991	-0.00692	0.00665	0.00700	0.99995	
48	0.24000	121.38007	-126.04348	-0.05508	0.54954	0.25604	4.28865	1.08308	0.99719	-0.07478	-0.00447	0.07482	0.99715	0.00959	0.00374	-0.00990	0.99994		14.18440	-33.74164	-1.89215	-0.38875	0.38491	-0.65640	0.36240	0.99991	0.01146	-0.00672	-0.01150	0.99991	-0.00678	0.00664	0.00686	0.99995	
49	0.24500	121.37472	-126.07784	-0.05791	0.53262	0.25686	4.28946	1.07230	0.99719	-0.07479	-0.00448	0.07483	0.99715	0.00930	0.00378	-0.00961	0.99995		14.15978	-33.71543	-1.90558	-0.37863	0.38956	-0.65266	0.35100	0.99991	0.01139	-0.00680	-0.01144	0.99991	-0.00661	0.00672	0.00669	0.99996	
50	0.25000	121.38344	-126.12123	-0.02465	0.51635	0.25617	4.28484	1.06125	0.99720	-0.07471	-0.00447	0.07475	0.99716	0.00901	0.00378	-0.00932	0.99995		14.17941	-33.72224	-1.88100	-0.37363	0.38877	-0.65519	0.34665	0.99991	0.01143	-0.00679	-0.01148	0.99991	-0.00652	0.00671	0.00660	0.99996	
51	0.25500	121.36979	-126.15143	-0.01472	0.50151	0.24976	4.29009	1.06920	0.99719	-0.07481	-0.00436	0.07484	0.99716	0.00875	0.00369	-0.00905	0.99995		14.20350	-33.74166	-1.88498	-0.37272	0.38499	-0.65355	0.34551	0.99991	0.01141	-0.00672	-0.01145	0.99991	-0.00650	0.00664	0.00658	0.99996	
52	0.26000	121.38580	-126.18305	-0.00877	0.48505	0.24367	4.29092	1.06689	0.99719	-0.07482	-0.00425	0.07485	0.99716	0.00847	0.00361	-0.00876	0.99996		14.22807	-33.72416	-1.86880	-0.36556	0.38093	-0.65095	0.35527	0.99991	0.01136	-0.00665	-0.01140	0.99991	-0.00638	0.00658	0.00646	0.99996	
53	0.26500	121.42193	-126.20264	0.01755	0.47114	0.23809	4.28802	1.05642	0.99719	-0.07477	-0.00416	0.07480	0.99716	0.00822	0.00353	-0.00851	0.99996		14.18494	-33.71996	-1.86475	-0.35944	0.38764	-0.65225	0.35474	0.99991	0.01138	-0.00677	-0.01143	0.99992	-0.00627	0.00669	0.00635	0.99996	
54	0.27000	121.42775	-126.24062	0.01959	0.45369	0.23657	4.28867	1.06850	0.99719	-0.07478	-0.00413	0.07481	0.99717	0.00792	0.00352	-0.00820	0.99996		14.20483	-33.70288	-1.85287	-0.35318	0.38745	-0.65492	0.36183	0.99991	0.01143	-0.00676	-0.01147	0.99992	-0.00616	0.00669	0.00624	0.99996	
55	0.27500	121.43268	-126.26656	0.04569	0.43891	0.23158	4.29064	1.06888	0.99719	-0.07482	-0.00404	0.07484	0.99717	0.00766	0.00346	-0.00794	0.99996		14.19438	-33.68064	-1.85756	-0.34430	0.38415	-0.65618	0.35456	0.99991	0.01145	-0.00670	-0.01149	0.99992	-0.00601	0.00664	0.00609	0.99996	
56	0.28000	121.44097	-126.30530	0.05353	0.42436	0.22318	4.28910	1.06266	0.99719	-0.07479	-0.00390	0.07482	0.99717	0.00741	0.00333	-0.00768	0.99997		14.22089	-33.69661	-1.84075	-0.34353	0.38218	-0.65340	0.36032	0.99991	0.01140	-0.00667	-0.01144	0.99992	-0.00600	0.00660	0.00607	0.99996	
57	0.28500	121.42976	-126.33495	0.05291	0.40990	0.22432	4.28592	1.06605	0.99720	-0.07473	-0.00392	0.07476	0.99718	0.00715	0.00337	-0.00743	0.99997		14.21964	-33.69117	-1.82422	-0.33813	0.38174	-0.65211	0.36246	0.99991	0.01138	-0.00666	-0.01142	0.99992	-0.00590	0.00659	0.00598	0.99996	
58	0.29000	121.43667	-126.36135	0.07163	0.39680	0.21744	4.28550	1.06807	0.99720	-0.07473	-0.00380	0.07475	0.99718	0.00693	0.00327	-0.00719	0.99997		14.21681	-33.65121	-1.82541	-0.32570	0.38408	-0.65592	0.35214	0.99991	0.01145	-0.00670	-0.01149	0.99992	-0.00568	0.00664	0.00576	0.99996	
59	0.29500	121.42369	-126.37606	0.09099	0.38529	0.21841	4.28557	1.06689	0.99720	-0.07473	-0.00381	0.07475	0.99718	0.00672	0.00330	-0.00699	0.99997		14.21935	-33.65109	-1.81280	-0.32273	0.38067	-0.65511	0.34347	0.99991	0.01143	-0.00664	-0.01147	0.99992	-0.00563	0.00658	0.00571	0.99996	
60	0.30000	121.39626	-126.40061	0.12314	0.36879	0.21670	4.28587	1.06250	0.99720	-0.07473	-0.00378	0.07476	0.99718	0.00644	0.00329	-0.00670	0.99997		14.21904	-33.62738	-1.80530	-0.31494	0.38507	-0.65380	0.34499	0.99991	0.01141	-0.00672	-0.01145	0.99992	-0.00550	0.00666	0.00557	0.99996	
61	0.30500	121.44320	-126.40975	0.10669	0.35794	0.20937	4.28831	1.07498	0.99719	-0.07477	-0.00365	0.07480	0.99718	0.00625	0.00318	-0.00650	0.99997		14.22914	-33.62968	-1.78858	-0.31223	0.38453	-0.65316	0.35626	0.99991	0.01140	-0.00671	-0.01144	0.99992	-0.00545	0.00665	0.00553	0.99996	
62	0.31000	121.41220	-126.43058	0.11957	0.34805	0.21018	4.28762	1.07106	0.99719	-0.07476	-0.00367	0.07478	0.99718	0.00607	0.00320	-0.00633	0.99997		14.24348	-33.61310	-1.76781	-0.30647	0.38089	-0.65381	0.35414	0.99991	0.01141	-0.00665	-0.01145	0.99992	-0.00535	0.00659	0.00542	0.99996	
63	0.31500	121.43000	-126.47866	0.13421	0.33217	0.20074	4.27959	1.06286	0.99721	-0.07462	-0.00350	0.07464	0.99719	0.00580	0.00306	-0.00604	0.99998		14.26440	-33.60813	-1.75560	-0.30204	0.37801	-0.65496	0.35544	0.99991	0.01143	-0.00660	-0.01147	0.99992	-0.00527	0.00654	0.00535	0.99996	
64	0.32000	121.44369	-126.47870	0.13412	0.32471	0.19721	4.28514	1.07285	0.99720	-0.07472	-0.00344	0.07474	0.99719	0.00567	0.00301	-0.00591	0.99998		14.24632	-33.59235	-1.75581	-0.29558	0.37903	-0.64871	0.35095	0.99991	0.01132	-0.00662	-0.01136	0.99992	-0.00516	0.00656	0.00523	0.99996	
65	0.32500	121.40417	-126.49545	0.14811	0.31082	0.19875	4.28830	1.06576	0.99719	-0.07477	-0.00347	0.07479	0.99718	0.00542	0.00305	-0.00567	0.99998		14.27782	-33.58447	-1.74009	-0.29018	0.37830	-0.65346	0.36446	0.99991	0.01140	-0.00660	-0.01144	0.99992	-0.00506	0.00654	0.00514	0.99997	
66	0.33000	121.46318	-126.50282	0.16197	0.29982	0.19498	4.28339	1.05319	0.99720	-0.07469	-0.00340	0.07471	0.99719	0.00523	0.00300	-0.00547	0.99998		14.25404	-33.56528	-1.72714	-0.28617	0.37908	-0.65190	0.34279	0.99991	0.01138	-0.00662	-0.01141	0.99992	-0.00499	0.00656	0.00507	0.99997	
67	0.33500	121.46855	-126.51779	0.17733	0.28997	0.18758	4.28248	1.06517	0.99720	-0.07467	-0.00327	0.07469	0.99719	0.00506	0.00289	-0.00529	0.99998		14.25867	-33.55809	-1.71084	-0.28119	0.38003	-0.65342	0.34200	0.99991	0.01140	-0.00663	-0.01144	0.99992	-0.00491	0.00658	0.00498	0.99997	
68	0.34000	121.43753	-126.56246	0.19007	0.27675	0.18565	4.28302	1.05867	0.99720	-0.07468	-0.00324	0.07470	0.99719	0.00483	0.00287	-0.00506	0.99998		14.25755	-33.54131	-1.69873	-0.27620	0.38237	-0.65443	0.35190	0.99991	0.01142	-0.00667	-0.01145	0.99992	-0.00482	0.00662	0.00490	0.99997	
69	0.34500	121.46196	-126.57243	0.20409	0.26748	0.18338	4.28599	1.06214	0.99720	-0.07473	-0.00320	0.07475	0.99719	0.00467	0.00284	-0.00489	0.99998		14.28134	-33.53377	-1.66983	-0.27335	0.37931	-0.65841	0.33068	0.99991	0.01149	-0.00662	-0.01152	0.99992	-0.00477	0.00656	0.00485	0.99997	
70	0.35000	121.49367	-126.57137	0.21374	0.25880	0.17471	4.28254	1.05726	0.99720	-0.07467	-0.00305	0.07469	0.99720	0.00452	0.00270	-0.00473	0.99999		14.29347	-33.49895	-1.68303	-0.26632	0.37875	-0.65494	0.36128	0.99991	0.01143	-0.00661	-0.01146	0.99992	-0.00465	0.00656	0.00472	0.99997	
71	0.35500	121.46769	-126.61546	0.25628	0.24864	0.17874	4.27732	1.06037	0.99721	-0.07458	-0.00312	0.07460	0.99720	0.00434	0.00279	-0.00456	0.99999		14.29708	-33.52294	-1.64502	-0.26780	0.37714	-0.64995	0.34148	0.99991	0.01134	-0.00658	-0.01137	0.99992	-0.00467	0.00653	0.00475	0.99997	
72	0.36000	121.47555	-126.62080	0.25321	0.24064	0.16720	4.29085	1.07192	0.99719	-0.07482	-0.00292	0.07483	0.99719	0.00420	0.00260	-0.00441	0.99999		14.27463	-33.49110	-1.64134	-0.26047	0.38229	-0.65051	0.35346	0.99991	0.01135	-0.00667	-0.01138	0.99992	-0.00455	0.00662	0.00462	0.99997	
73	0.36500	121.49120	-126.62991	0.23371	0.23152	0.16963	4.28229	1.06585	0.99720	-0.07467	-0.00296	0.07468	0.99720	0.00404	0.00265	-0.00425	0.99999		14.27210	-33.45427	-1.62946	-0.25201	0.38302	-0.65650	0.35679	0.99991	0.01146	-0.00668	-0.01149	0.99992	-0.00440	0.00663	0.00447	0.99997	
74	0.37000	121.47780	-126.64667	0.26582	0.22360	0.16913	4.27979	1.05645	0.99721	-0.07463	-0.00295	0.07464	0.99720	0.00390	0.00265	-0.00411	0.99999		14.29492	-33.45809	-1.60870	-0.25057	0.38220	-0.65383	0.36436	0.99991	0.01141	-0.00667	-0.01144	0.99992	-0.00437	0.00662	0.00445	0.99997	
75	0.37500	121.50198	-126.62199	0.26705	0.22242	0.16344	4.28210	1.07670	0.99720	-0.07467	-0.00285	0.07468	0.99720	0.00388	0.00255	-0.00408	0.99999		14.30581	-33.42439	-1.59253	-0.24498	0.38014	-0.65984	0.32533	0.99991	0.01152	-0.00663	-0.01154	0.99992	-0.00428	0.00658	0.00435	0.99997	
76	0.38000	121.49780	-126.64565	0.26409	0.21479	0.16255	4.28946	1.06289	0.99719	-0.07479	-0.00284	0.07481	0.99719	0.00375	0.00255	-0.00395	0.99999		14.29694	-33.42699	-1.56712	-0.24264	0.37928	-0.65639	0.33145	0.99991	0.01146	-0.00662	-0.01148	0.99993	-0.00423	0.00657	0.00431	0.99997	
77	0.38500	121.52926	-126.63957	0.26968	0.21395	0.15514	4.28251	1.06490	0.99720	-0.07467	-0.00271	0.07468	0.99720	0.00373	0.00242	-0.00393	0.99999		14.27894	-33.40621	-1.56716	-0.23907	0.38124	-0.65602	0.33394	0.99991	0.01145	-0.00665	-0.01148	0.99993	-0.00417	0.00661	0.00425	0.99997	
78	0.39000	121.52868	-126.66700	0.27354	0.20575	0.15466	4.28436	1.06900	0.99720	-0.07471	-0.00270	0.07472	0.99720	0.00359	0.00242	-0.00378	0.99999		14.29292	-33.38884	-1.52990	-0.23608	0.38052	-0.65570	0.33127	0.99991	0.01144	-0.00664	-0.01147	0.99993	-0.00412	0.00659	0.00420	0.99997	
79	0.39500	121.52051	-126.66023	0.27918	0.20192	0.15344	4.28607	1.07575	0.99720	-0.07474	-0.00268	0.07475	0.99720	0.00352	0.00241	-0.00371	0.99999		14.29518	-33.37711	-1.51317	-0.23227	0.38231	-0.65528	0.33480	0.99991	0.01144	-0.00667	-0.01146	0.99993	-0.00405	0.00663	0.00413	0.99997	
80	0.40000	121.54474	-126.66559	0.27541	0.20075	0.14698	4.28203	1.07131	0.99721	-0.07467	-0.00257	0.07467	0.99720	0.00350	0.00230	-0.00369	0.99999		14.29862	-33.36346	-1.50518	-0.22919	0.38142	-0.65226	0.33906	0.99991	0.01138	-0.00666	-0.01141	0.99993	-0.00400	0.00661	0.00408	0.99997	
81	0.40500	121.54179	-126.66107	0.29203	0.19988	0.14763	4.29106	1.07546	0.99719	-0.07482	-0.00258	0.07483	0.99719	0.00349	0.00231	-0.00367	0.99999		14.28656	-33.35087	-1.48034	-0.22641	0.38418	-0.65097	0.31248	0.99991	0.01136	-0.00671	-0.01139	0.99993	-0.00395	0.00666	0.00403	0.99997	
82	0.41000	121.55828	-126.63938	0.30007	0.19889	0.14989	4.28707	1.07179	0.99720	-0.07475	-0.00262	0.07476	0.99720	0.00347	0.00235	-0.00366	0.99999		14.29467	-33.34238	-1.45919	-0.22359	0.37985	-0.65299	0.32317	0.99991	0.01140	-0.00663	-0.01142	0.99993	-0.00390	0.00658	0.00398	0.99997	
83	0.41500	121.54939	-126.62362	0.30912	0.20220	0.14577	4.28629	1.07126	0.99720	-0.07474	-0.00254	0.07475	0.99720	0.00353	0.00227	-0.00371	0.99999		14.29474	-33.33012	-1.44256	-0.22084	0.37985	-0.65336	0.32227	0.99991	0.01140	-0.00663	-0.01143	0.99993	-0.00385	0.00659	0.00393	0.99997	
84	0.42000	121.56543	-126.64129	0.31319	0.20183	0.14109	4.28705	1.07288	0.99720	-0.07475	-0.00246	0.07476	0.99720	0.00352	0.00219	-0.00370	0.99999		14.29093	-33.31391	-1.43025	-0.21714	0.38070	-0.65699	0.33938	0.99991	0.01147	-0.00664	-0.01149	0.99993	-0.00379	0.00660	0.00387	0.99997	
85	0.42500	121.57114	-126.61878	0.31572	0.20537	0.13879	4.28676	1.07990	0.99720	-0.07475	-0.00242	0.07476	0.99720	0.00358	0.00215	-0.00376	0.99999		14.29100	-33.30178	-1.41363	-0.21440	0.38070	-0.65739	0.33858	0.99991	0.01147	-0.00664	-0.01150	0.99993	-0.00374	0.00660	0.00382	0.99997	
86	0.43000	121.62418	-126.60382	0.30626	0.20625	0.13456	4.28880	1.08637	0.99720	-0.07478	-0.00235	0.07479	0.99719	0.00360	0.00207	-0.00377	0.99999		14.27153	-33.29420	-1.38804	-0.21187	0.38280	-0.65276	0.31487	0.99991	0.01139	-0.00668	-0.01142	0.99993	-0.00370	0.00664	0.00377	0.99997	
87	0.43500	121.60561	-126.58039	0.31991	0.21229	0.13692	4.28814	1.07135	0.99720	-0.07477	-0.00239	0.07478	0.99719	0.00371	0.00211	-0.00387	0.99999		14.27108	-33.28220	-1.37574	-0.20915	0.38272	-0.65161	0.33819	0.99991	0.01137	-0.00668	-0.01140	0.99993	-0.00365	0.00664	0.00373	0.99997	
88	0.44000	121.63867	-126.58168	0.32460	0.21305	0.13555	4.28788	1.07903	0.99720	-0.07477	-0.00237	0.07478	0.99719	0.00372	0.00208	-0.00388	0.99999		14.25516	-33.26844	-1.34624	-0.20514	0.38397	-0.65304	0.33945	0.99991	0.01140	-0.00670	-0.01142	0.99993	-0.00358	0.00666	0.00366	0.99997	
89	0.44500	121.64511	-126.57882	0.33025	0.21726	0.13068	4.28431	1.07210	0.99720	-0.07471	-0.00228	0.07471	0.99720	0.00379	0.00199	-0.00395	0.99999		14.26346	-33.25888	-1.33382	-0.20299	0.38219	-0.65599	0.32103	0.99991	0.01145	-0.00667	-0.01147	0.99993	-0.00354	0.00663	0.00362	0.99997	
90	0.45000	121.63536	-126.54488	0.31578	0.22541	0.13096	4.28659	1.06949	0.99720	-0.07475	-0.00229	0.07475	0.99719	0.00393	0.00199	-0.00409	0.99999		14.23298	-33.25091	-1.31248	-0.20148	0.38442	-0.65258	0.32777	0.99991	0.01139	-0.00671	-0.01141	0.99993	-0.00352	0.00667	0.00359	0.99997	
91	0.45500	121.64151	-126.53128	0.32167	0.23320	0.13014	4.28474	1.06525	0.99720	-0.07471	-0.00227	0.07472	0.99720	0.00407	0.00196	-0.00423	0.99999		14.23330	-33.23865	-1.29586	-0.19873	0.38440	-0.65298	0.32704	0.99991	0.01140	-0.00671	-0.01142	0.99993	-0.00347	0.00667	0.00354	0.99997	
92	0.46000	121.69190	-126.52632	0.30422	0.24017	0.12216	4.28509	1.07281	0.99720	-0.07472	-0.00213	0.07473	0.99720	0.00419	0.00181	-0.00434	0.99999		14.21938	-33.22864	-1.28338	-0.19558	0.38497	-0.65350	0.31039	0.99991	0.01141	-0.00672	-0.01143	0.99993	-0.00341	0.00668	0.00349	0.99997	
93	0.46500	121.66990	-126.49287	0.31029	0.24748	0.12899	4.28646	1.07140	0.99720	-0.07474	-0.00225	0.07475	0.99719	0.00432	0.00192	-0.00448	0.99999		14.20575	-33.20226	-1.26620	-0.19105	0.38133	-0.65309	0.32902	0.99991	0.01140	-0.00666	-0.01142	0.99993	-0.00333	0.00662	0.00341	0.99997	
94	0.47000	121.71952	-126.48290	0.30934	0.25461	0.12093	4.28030	1.06544	0.99721	-0.07464	-0.00211	0.07464	0.99720	0.00444	0.00177	-0.00459	0.99999		14.21457	-33.22092	-1.25792	-0.19207	0.38101	-0.65288	0.32411	0.99991	0.01139	-0.00665	-0.01142	0.99993	-0.00335	0.00661	0.00343	0.99997	
95	0.47500	121.68210	-126.47811	0.31663	0.26273	0.12699	4.28415	1.05818	0.99720	-0.07470	-0.00222	0.07471	0.99719	0.00459	0.00187	-0.00474	0.99999		14.20749	-33.20194	-1.23258	-0.18898	0.38061	-0.65342	0.32694	0.99991	0.01140	-0.00664	-0.01143	0.99993	-0.00330	0.00660	0.00337	0.99997	
96	0.48000	121.69656	-126.44906	0.30132	0.27465	0.12261	4.28656	1.05690	0.99720	-0.07474	-0.00214	0.07475	0.99719	0.00479	0.00178	-0.00494	0.99999		14.17827	-33.18511	-1.22373	-0.18789	0.37809	-0.65173	0.32729	0.99991	0.01137	-0.00660	-0.01140	0.99993	-0.00328	0.00656	0.00335	0.99997	
97	0.48500	121.71616	-126.42554	0.29387	0.28479	0.12313	4.27984	1.05766	0.99721	-0.07463	-0.00215	0.07464	0.99720	0.00497	0.00177	-0.00512	0.99999		14.21530	-33.20354	-1.19889	-0.18655	0.37582	-0.65166	0.31272	0.99991	0.01137	-0.00656	-0.01139	0.99993	-0.00326	0.00652	0.00333	0.99997	
98	0.49000	121.70542	-126.38710	0.29670	0.30011	0.12247	4.27957	1.05711	0.99721	-0.07462	-0.00214	0.07463	0.99720	0.00524	0.00174	-0.00538	0.99998		14.18415	-33.18947	-1.18190	-0.18563	0.37872	-0.65283	0.32555	0.99991	0.01139	-0.00661	-0.01142	0.99993	-0.00324	0.00657	0.00331	0.99997	
99	0.49500	121.70156	-126.36381	0.29390	0.31244	0.12492	4.28399	1.06616	0.99720	-0.07470	-0.00218	0.07471	0.99719	0.00545	0.00177	-0.00560	0.99998		14.18736	-33.17084	-1.18204	-0.18258	0.37594	-0.65415	0.31145	0.99991	0.01142	-0.00656	-0.01144	0.99993	-0.00319	0.00652	0.00326	0.99997	
100	0.50000	121.71405	-126.34425	0.27427	0.32199	0.12838	4.28167	1.05155	0.99721	-0.07466	-0.00224	0.07467	0.99719	0.00562	0.00181	-0.00577	0.99998		14.21360	-33.18997	-1.16144	-0.18132	0.37599	-0.65608	0.31597	0.99991	0.01145	-0.00656	-0.01147	0.99993	-0.00316	0.00653	0.00324	0.99997	
101	0.50500	121.71954	-126.31732	0.27358	0.33876	0.12806	4.28346	1.07596	0.99720	-0.07469	-0.00223	0.07470	0.99719	0.00591	0.00179	-0.00606	0.99998		14.17125	-33.15292	-1.15260	-0.17670	0.37445	-0.65868	0.32422	0.99991	0.01150	-0.00654	-0.01152	0.99993	-0.00308	0.00650	0.00316	0.99997	
102	0.51000	121.72681	-126.30098	0.25971	0.35114	0.12441	4.28384	1.06693	0.99720	-0.07470	-0.00217	0.07471	0.99719	0.00613	0.00171	-0.00627	0.99998		14.16427	-33.16938	-1.13968	-0.17635	0.37551	-0.65670	0.31980	0.99991	0.01146	-0.00655	-0.01148	0.99993	-0.00308	0.00652	0.00315	0.99997	
103	0.51500	121.70085	-126.26668	0.27226	0.36479	0.13029	4.28449	1.05460	0.99720	-0.07471	-0.00227	0.07472	0.99718	0.00637	0.00179	-0.00652	0.99998		14.17150	-33.16628	-1.12718	-0.17569	0.37362	-0.65317	0.32106	0.99991	0.01140	-0.00652	-0.01142	0.99993	-0.00307	0.00649	0.00314	0.99997	
104	0.52000	121.76073	-126.25598	0.25601	0.37859	0.12522	4.28623	1.06928	0.99720	-0.07474	-0.00219	0.07475	0.99718	0.00661	0.00169	-0.00675	0.99998		14.18966	-33.14797	-1.11919	-0.17241	0.37214	-0.65630	0.31735	0.99991	0.01145	-0.00650	-0.01147	0.99993	-0.00301	0.00646	0.00308	0.99997	
105	0.52500	121.74461	-126.22634	0.23181	0.39348	0.13019	4.28317	1.06319	0.99720	-0.07469	-0.00227	0.07470	0.99718	0.00687	0.00175	-0.00702	0.99997		14.16247	-33.13986	-1.11479	-0.16870	0.37326	-0.65676	0.32886	0.99991	0.01146	-0.00651	-0.01148	0.99993	-0.00294	0.00648	0.00302	0.99997	
106	0.53000	121.77602	-126.18587	0.25011	0.41133	0.13039	4.28489	1.06712	0.99720	-0.07472	-0.00228	0.07473	0.99718	0.00718	0.00173	-0.00733	0.99997		14.16608	-33.13571	-1.09799	-0.16699	0.36979	-0.65608	0.31444	0.99991	0.01145	-0.00645	-0.01147	0.99993	-0.00291	0.00642	0.00299	0.99997	
107	0.53500	121.77672	-126.16059	0.23964	0.42454	0.12902	4.28703	1.07267	0.99720	-0.07475	-0.00225	0.07477	0.99717	0.00741	0.00169	-0.00756	0.99997		14.13131	-33.14494	-1.09310	-0.16723	0.37295	-0.65500	0.32374	0.99991	0.01143	-0.00651	-0.01145	0.99993	-0.00292	0.00648	0.00299	0.99997	
108	0.54000	121.77112	-126.14560	0.21860	0.43960	0.13136	4.28218	1.05883	0.99721	-0.07467	-0.00229	0.07468	0.99718	0.00767	0.00171	-0.00782	0.99997		14.15569	-33.13296	-1.08985	-0.16292	0.37430	-0.66427	0.32864	0.99991	0.01159	-0.00653	-0.01161	0.99993	-0.00284	0.00650	0.00292	0.99997	
109	0.54500	121.76792	-126.12612	0.22481	0.45416	0.13373	4.28258	1.05155	0.99721	-0.07468	-0.00233	0.07469	0.99718	0.00793	0.00174	-0.00808	0.99997		14.17949	-33.13206	-1.07729	-0.16284	0.36868	-0.66032	0.33264	0.99991	0.01152	-0.00643	-0.01154	0.99993	-0.00284	0.00640	0.00292	0.99998	
110	0.55000	121.79078	-126.10345	0.20399	0.46978	0.13327	4.28508	1.06345	0.99720	-0.07472	-0.00233	0.07474	0.99717	0.00820	0.00171	-0.00835	0.99996		14.16617	-33.12466	-1.07721	-0.15933	0.36665	-0.66262	0.32715	0.99991	0.01156	-0.00640	-0.01158	0.99993	-0.00278	0.00637	0.00285	0.99998	
111	0.55500	121.77136	-126.06768	0.21082	0.48829	0.13938	4.28079	1.06607	0.99721	-0.07464	-0.00243	0.07466	0.99717	0.00852	0.00179	-0.00868	0.99996		14.16079	-33.13393	-1.06053	-0.15695	0.37203	-0.66299	0.32991	0.99991	0.01157	-0.00649	-0.01159	0.99993	-0.00274	0.00646	0.00281	0.99998	
112	0.56000	121.78476	-126.03220	0.19549	0.50317	0.14111	4.28824	1.06087	0.99720	-0.07477	-0.00246	0.07479	0.99716	0.00878	0.00180	-0.00894	0.99996		14.15234	-33.11789	-1.04800	-0.15455	0.37181	-0.66164	0.33298	0.99991	0.01155	-0.00649	-0.01157	0.99993	-0.00270	0.00646	0.00277	0.99998	
113	0.56500	121.79895	-126.00321	0.18824	0.52453	0.13776	4.28600	1.06716	0.99720	-0.07473	-0.00240	0.07475	0.99716	0.00915	0.00171	-0.00931	0.99996		14.11973	-33.10607	-1.05638	-0.15119	0.37192	-0.66403	0.31316	0.99991	0.01159	-0.00649	-0.01161	0.99993	-0.00264	0.00646	0.00271	0.99998	
114	0.57000	121.81211	-125.98284	0.18363	0.54130	0.14008	4.28841	1.06500	0.99720	-0.07478	-0.00244	0.07480	0.99715	0.00945	0.00173	-0.00960	0.99995		14.17088	-33.13077	-1.05641	-0.15331	0.36670	-0.65863	0.32136	0.99991	0.01149	-0.00640	-0.01151	0.99993	-0.00268	0.00637	0.00275	0.99998	
115	0.57500	121.79750	-125.94549	0.19176	0.55880	0.14367	4.28486	1.06424	0.99720	-0.07471	-0.00251	0.07474	0.99716	0.00975	0.00177	-0.00991	0.99995		14.13971	-33.10120	-1.03989	-0.14769	0.37177	-0.66628	0.32138	0.99991	0.01163	-0.00649	-0.01165	0.99993	-0.00258	0.00646	0.00265	0.99998	
116	0.58000	121.79604	-125.91055	0.16144	0.57674	0.14398	4.27997	1.05018	0.99721	-0.07463	-0.00251	0.07465	0.99716	0.01007	0.00175	-0.01023	0.99995		14.15520	-33.10415	-1.05282	-0.14725	0.37020	-0.65980	0.31817	0.99991	0.01152	-0.00646	-0.01153	0.99993	-0.00257	0.00643	0.00264	0.99998	
117	0.58500	121.85554	-125.87409	0.16830	0.59419	0.14459	4.28120	1.06899	0.99721	-0.07465	-0.00252	0.07467	0.99715	0.01037	0.00174	-0.01053	0.99994		14.14614	-33.11010	-1.04443	-0.14526	0.37434	-0.66306	0.33122	0.99991	0.01157	-0.00653	-0.01159	0.99993	-0.00254	0.00650	0.00261	0.99998	
118	0.59000	121.80826	-125.85641	0.14219	0.61074	0.14921	4.28170	1.06524	0.99721	-0.07466	-0.00260	0.07468	0.99715	0.01066	0.00180	-0.01082	0.99994		14.14953	-33.09780	-1.04004	-0.14274	0.36889	-0.66588	0.32373	0.99991	0.01162	-0.00644	-0.01164	0.99993	-0.00249	0.00641	0.00257	0.99998	
119	0.59500	121.78394	-125.76863	0.18075	0.63846	0.14688	4.26381	1.06582	0.99723	-0.07435	-0.00256	0.07437	0.99717	0.01114	0.00173	-0.01130	0.99993		14.15344	-33.10936	-1.04846	-0.14420	0.37017	-0.66287	0.31853	0.99991	0.01157	-0.00646	-0.01159	0.99993	-0.00252	0.00643	0.00259	0.99998	
120	0.60000	121.83011	-125.73375	0.17421	0.66164	0.14312	4.26055	1.06174	0.99723	-0.07429	-0.00250	0.07432	0.99717	0.01155	0.00163	-0.01170	0.99993		14.14693	-33.10608	-1.04390	-0.14384	0.36675	-0.66279	0.32831	0.99991	0.01157	-0.00640	-0.01158	0.99993	-0.00251	0.00637	0.00258	0.99998	
121	0.60500	121.82087	-125.68617	0.17203	0.67827	0.14517	4.26326	1.05681	0.99723	-0.07434	-0.00253	0.07436	0.99716	0.01184	0.00165	-0.01199	0.99993		14.17436	-33.09590	-1.05337	-0.13880	0.36963	-0.66474	0.32575	0.99991	0.01160	-0.00645	-0.01162	0.99993	-0.00242	0.00642	0.00250	0.99998	
122	0.61000	121.78057	-125.65760	0.16364	0.69544	0.15178	4.25958	1.05038	0.99723	-0.07428	-0.00265	0.07430	0.99716	0.01214	0.00174	-0.01230	0.99992		14.18257	-33.10237	-1.05335	-0.13812	0.36744	-0.66827	0.33243	0.99991	0.01166	-0.00641	-0.01168	0.99993	-0.00241	0.00638	0.00249	0.99998	
123	0.61500	121.83245	-125.61571	0.17973	0.71376	0.14382	4.26605	1.06742	0.99723	-0.07439	-0.00251	0.07441	0.99715	0.01246	0.00158	-0.01261	0.99992		14.19635	-33.13258	-1.04428	-0.14302	0.36382	-0.66456	0.35229	0.99991	0.01160	-0.00635	-0.01161	0.99993	-0.00250	0.00632	0.00257	0.99998	
124	0.62000	121.82159	-125.60332	0.16190	0.72570	0.14694	4.26276	1.06440	0.99723	-0.07433	-0.00256	0.07436	0.99715	0.01267	0.00162	-0.01282	0.99992		14.17979	-33.11824	-1.06567	-0.13970	0.36755	-0.66537	0.34923	0.99991	0.01161	-0.00641	-0.01163	0.99993	-0.00244	0.00639	0.00251	0.99998	
125	0.62500	121.81119	-125.58096	0.15591	0.74383	0.14887	4.26732	1.07517	0.99722	-0.07441	-0.00260	0.07444	0.99714	0.01298	0.00162	-0.01314	0.99991		14.19626	-33.11273	-1.06173	-0.13643	0.36333	-0.66654	0.33145	0.99991	0.01163	-0.00634	-0.01165	0.99993	-0.00238	0.00631	0.00245	0.99998	
126	0.63000	121.82861	-125.54841	0.15461	0.76073	0.14705	4.26003	1.05946	0.99723	-0.07428	-0.00257	0.07431	0.99715	0.01328	0.00157	-0.01343	0.99991		14.21701	-33.14164	-1.07005	-0.14061	0.36302	-0.66469	0.32358	0.99991	0.01160	-0.00634	-0.01162	0.99993	-0.00245	0.00631	0.00253	0.99998	
127	0.63500	121.84814	-125.49938	0.15207	0.77807	0.15117	4.26715	1.06488	0.99722	-0.07441	-0.00264	0.07444	0.99713	0.01358	0.00162	-0.01374	0.99990		14.20031	-33.12482	-1.08273	-0.13699	0.36210	-0.66999	0.33816	0.99991	0.01169	-0.00632	-0.01171	0.99993	-0.00239	0.00629	0.00246	0.99998	
128	0.64000	121.84938	-125.48498	0.14721	0.79065	0.15231	4.26162	1.05396	0.99723	-0.07431	-0.00266	0.07434	0.99714	0.01380	0.00163	-0.01396	0.99990		14.17623	-33.13908	-1.07407	-0.13814	0.36739	-0.66809	0.33254	0.99991	0.01166	-0.00641	-0.01168	0.99993	-0.00241	0.00638	0.00249	0.99998	
129	0.64500	121.86549	-125.43558	0.13539	0.80652	0.15386	4.26547	1.05630	0.99723	-0.07438	-0.00269	0.07441	0.99713	0.01408	0.00163	-0.01424	0.99990		14.17962	-33.15089	-1.08676	-0.14051	0.37123	-0.66620	0.33524	0.99991	0.01163	-0.00648	-0.01164	0.99993	-0.00245	0.00645	0.00253	0.99998	
130	0.65000	121.84917	-125.44180	0.13947	0.81798	0.15372	4.26061	1.04971	0.99723	-0.07429	-0.00268	0.07432	0.99713	0.01428	0.00161	-0.01444	0.99989		14.18753	-33.15665	-1.09486	-0.14303	0.36734	-0.66540	0.32440	0.99991	0.01161	-0.00641	-0.01163	0.99993	-0.00250	0.00638	0.00257	0.99998	
131	0.65500	121.86679	-125.41333	0.14578	0.83340	0.15334	4.26277	1.04963	0.99723	-0.07433	-0.00268	0.07436	0.99713	0.01455	0.00159	-0.01470	0.99989		14.19320	-33.13829	-1.09136	-0.13975	0.36838	-0.66525	0.32092	0.99991	0.01161	-0.00643	-0.01163	0.99993	-0.00244	0.00640	0.00251	0.99998	
132	0.66000	121.89070	-125.38324	0.13971	0.84707	0.15078	4.26714	1.04425	0.99722	-0.07441	-0.00263	0.07444	0.99712	0.01478	0.00152	-0.01494	0.99989		14.20193	-33.16145	-1.11645	-0.14172	0.36824	-0.66840	0.31581	0.99991	0.01167	-0.00643	-0.01168	0.99993	-0.00247	0.00640	0.00255	0.99998	
133	0.66500	121.88515	-125.36476	0.12937	0.85935	0.15046	4.26651	1.03149	0.99723	-0.07440	-0.00263	0.07443	0.99711	0.01500	0.00150	-0.01515	0.99988		14.18474	-33.17095	-1.11176	-0.14415	0.36750	-0.66825	0.32999	0.99991	0.01166	-0.00641	-0.01168	0.99993	-0.00252	0.00638	0.00259	0.99998	
134	0.67000	121.91496	-125.33062	0.13006	0.87144	0.15065	4.26742	1.04349	0.99722	-0.07441	-0.00263	0.07444	0.99711	0.01521	0.00149	-0.01536	0.99988		14.17282	-33.16080	-1.12482	-0.14271	0.37267	-0.66694	0.31707	0.99991	0.01164	-0.00650	-0.01166	0.99993	-0.00249	0.00647	0.00257	0.99998	
135	0.67500	121.92205	-125.29173	0.12456	0.88534	0.15262	4.26302	1.04950	0.99723	-0.07433	-0.00266	0.07437	0.99711	0.01545	0.00151	-0.01561	0.99988		14.16067	-33.18749	-1.12855	-0.14754	0.37775	-0.66745	0.34654	0.99991	0.01165	-0.00659	-0.01167	0.99993	-0.00258	0.00656	0.00265	0.99997	
136	0.68000	121.89908	-125.28700	0.12156	0.89453	0.15573	4.26240	1.03136	0.99723	-0.07432	-0.00272	0.07436	0.99711	0.01561	0.00155	-0.01577	0.99987		14.17175	-33.19341	-1.13662	-0.14928	0.37031	-0.66300	0.32438	0.99991	0.01157	-0.00646	-0.01159	0.99993	-0.00261	0.00643	0.00268	0.99998	
137	0.68500	121.93933	-125.25205	0.13588	0.90684	0.15084	4.26459	1.03734	0.99723	-0.07436	-0.00263	0.07439	0.99710	0.01583	0.00145	-0.01598	0.99987		14.16126	-33.20512	-1.14456	-0.15106	0.37021	-0.66346	0.32645	0.99991	0.01158	-0.00646	-0.01160	0.99993	-0.00264	0.00643	0.00271	0.99998	
