NO_OF_FRAMES	12035
NO_OF_CAMERAS	8
NO_OF_BODIES	2
FREQUENCY	200
NO_OF_ANALOG	0
ANALOG_FREQUENCY	0
DESCRIPTION	--
TIME_STAMP	2013-07-02, 18:14:35	3304772.78057948
DATA_INCLUDED	6D
BODY_NAMES	Ice 1	Ice 2
Frame	Time	Ice 1 X	Y	Z	Roll	Pitch	Yaw	Residual	Rot[0]	Rot[1]	Rot[2]	Rot[3]	Rot[4]	Rot[5]	Rot[6]	Rot[7]	Rot[8]	Ice 2 X	Y	Z	Roll	Pitch	Yaw	Residual	Rot[0]	Rot[1]	Rot[2]	Rot[3]	Rot[4]	Rot[5]	Rot[6]	Rot[7]	Rot[8]	
1	0.00500	120.31053	18.62894	0.21063	0.52665	-0.15677	-1.17273	1.10382	0.99979	0.02047	0.00274	-0.02049	0.99975	0.00919	-0.00255	-0.00925	0.99995		-74.12706	-150.76693	-0.58970	-0.47919	0.37120	0.16716	0.18757	0.99997	-0.00292	-0.00648	0.00286	0.99996	-0.00836	0.00650	0.00834	0.99994	
2	0.01000	120.18907	18.60397	0.21362	0.52242	-0.13525	-1.18703	1.03199	0.99978	0.02072	0.00236	-0.02074	0.99974	0.00912	-0.00217	-0.00916	0.99996		-74.12464	-150.73693	-0.58730	-0.47622	0.37594	0.16606	0.10604	0.99997	-0.00290	-0.00656	0.00284	0.99996	-0.00831	0.00659	0.00829	0.99994	
3	0.01500	120.17877	18.60409	0.22947	0.52088	-0.13141	-1.18487	1.02279	0.99978	0.02068	0.00229	-0.02070	0.99974	0.00909	-0.00210	-0.00914	0.99996		-74.16702	-150.73723	-0.57415	-0.47661	0.38112	0.16597	0.12731	0.99997	-0.00290	-0.00665	0.00284	0.99996	-0.00832	0.00668	0.00830	0.99994	
4	0.02000	120.20641	18.61331	0.22939	0.51990	-0.13268	-1.18561	1.02819	0.99978	0.02069	0.00232	-0.02071	0.99974	0.00907	-0.00213	-0.00912	0.99996		-74.15198	-150.74295	-0.57480	-0.47647	0.38424	0.16936	0.11986	0.99997	-0.00296	-0.00671	0.00290	0.99996	-0.00832	0.00673	0.00830	0.99994	
5	0.02500	120.20705	18.63462	0.22787	0.52035	-0.12987	-1.18640	1.02317	0.99978	0.02071	0.00227	-0.02072	0.99974	0.00908	-0.00208	-0.00913	0.99996		-74.15496	-150.72766	-0.57952	-0.47468	0.39038	0.16236	0.14274	0.99997	-0.00283	-0.00681	0.00278	0.99996	-0.00828	0.00684	0.00827	0.99994	
6	0.03000	120.21809	18.63829	0.23768	0.51607	-0.12584	-1.18213	1.04011	0.99978	0.02063	0.00220	-0.02065	0.99975	0.00901	-0.00201	-0.00905	0.99996		-74.15945	-150.74037	-0.56687	-0.47767	0.39116	0.16623	0.12451	0.99997	-0.00290	-0.00683	0.00284	0.99996	-0.00834	0.00685	0.00832	0.99994	
7	0.03500	120.23109	18.62771	0.23660	0.51331	-0.12352	-1.18495	1.04166	0.99978	0.02068	0.00216	-0.02070	0.99975	0.00896	-0.00197	-0.00900	0.99996		-74.16163	-150.72544	-0.56324	-0.47508	0.39435	0.16283	0.12291	0.99997	-0.00284	-0.00688	0.00278	0.99996	-0.00829	0.00691	0.00827	0.99994	
8	0.04000	120.25825	18.64613	0.24769	0.51080	-0.12019	-1.18292	1.02330	0.99978	0.02064	0.00210	-0.02066	0.99975	0.00891	-0.00191	-0.00896	0.99996		-74.12084	-150.74288	-0.55912	-0.47886	0.38933	0.16817	0.10047	0.99997	-0.00294	-0.00679	0.00288	0.99996	-0.00836	0.00682	0.00834	0.99994	
9	0.04500	120.27953	18.65578	0.24418	0.51026	-0.11603	-1.17620	1.04357	0.99979	0.02053	0.00203	-0.02054	0.99975	0.00891	-0.00184	-0.00895	0.99996		-74.12540	-150.72315	-0.55578	-0.47611	0.39557	0.16453	0.10639	0.99997	-0.00287	-0.00690	0.00281	0.99996	-0.00831	0.00693	0.00829	0.99994	
10	0.05000	120.28221	18.64586	0.25103	0.50689	-0.11566	-1.18428	1.01881	0.99978	0.02067	0.00202	-0.02069	0.99975	0.00885	-0.00184	-0.00889	0.99996		-74.12066	-150.73674	-0.54742	-0.47892	0.39919	0.16755	0.11606	0.99997	-0.00292	-0.00697	0.00287	0.99996	-0.00836	0.00699	0.00834	0.99994	
11	0.05500	120.10629	18.50869	0.36702	0.50433	-0.11591	-1.17211	1.10864	0.99979	0.02046	0.00202	-0.02047	0.99975	0.00880	-0.00184	-0.00884	0.99996		-74.11592	-150.70864	-0.55694	-0.47516	0.40573	0.16731	0.11861	0.99997	-0.00292	-0.00708	0.00286	0.99996	-0.00829	0.00711	0.00827	0.99994	
12	0.06000	120.10162	18.51354	0.37553	0.50152	-0.10607	-1.17043	1.10316	0.99979	0.02043	0.00185	-0.02044	0.99975	0.00875	-0.00167	-0.00879	0.99996		-74.13030	-150.68879	-0.56152	-0.47271	0.40940	0.16674	0.11611	0.99997	-0.00291	-0.00715	0.00285	0.99996	-0.00825	0.00717	0.00823	0.99994	
13	0.06500	120.05818	18.50660	0.39280	0.49934	-0.10310	-1.16769	1.13096	0.99979	0.02038	0.00180	-0.02039	0.99975	0.00872	-0.00162	-0.00875	0.99996		-74.13911	-150.66842	-0.57073	-0.46783	0.41607	0.16731	0.11916	0.99997	-0.00292	-0.00726	0.00286	0.99996	-0.00816	0.00729	0.00814	0.99994	
14	0.07000	120.10828	18.50693	0.39161	0.49760	-0.09945	-1.17160	1.12924	0.99979	0.02045	0.00174	-0.02046	0.99975	0.00868	-0.00156	-0.00872	0.99996		-74.12450	-150.68455	-0.54565	-0.47122	0.41758	0.16782	0.11962	0.99997	-0.00293	-0.00729	0.00287	0.99996	-0.00822	0.00731	0.00820	0.99994	
15	0.07500	120.05766	18.51655	0.40012	0.49672	-0.08921	-1.16685	1.12631	0.99979	0.02036	0.00156	-0.02038	0.99975	0.00867	-0.00138	-0.00870	0.99996		-74.10450	-150.66449	-0.55527	-0.46809	0.42262	0.16791	0.11322	0.99997	-0.00293	-0.00738	0.00287	0.99996	-0.00817	0.00740	0.00815	0.99994	
16	0.08000	120.10283	18.52222	0.40640	0.49537	-0.09379	-1.17065	1.13312	0.99979	0.02043	0.00164	-0.02044	0.99975	0.00865	-0.00146	-0.00868	0.99996		-74.11237	-150.64792	-0.56361	-0.46843	0.42534	0.16773	0.13471	0.99997	-0.00293	-0.00742	0.00287	0.99996	-0.00818	0.00745	0.00815	0.99994	
17	0.08500	120.10579	18.52133	0.41660	0.49563	-0.09178	-1.16991	1.13943	0.99979	0.02042	0.00160	-0.02043	0.99975	0.00865	-0.00142	-0.00868	0.99996		-74.10476	-150.62365	-0.57412	-0.46004	0.43701	0.16991	0.11814	0.99997	-0.00297	-0.00763	0.00290	0.99996	-0.00803	0.00765	0.00801	0.99994	
18	0.09000	120.10395	18.52857	0.41725	0.49261	-0.08192	-1.16651	1.14317	0.99979	0.02036	0.00143	-0.02037	0.99976	0.00860	-0.00125	-0.00862	0.99996		-74.10267	-150.63525	-0.56501	-0.46504	0.43223	0.16822	0.11060	0.99997	-0.00294	-0.00754	0.00287	0.99996	-0.00812	0.00757	0.00809	0.99994	
19	0.09500	120.09783	18.52815	0.43481	0.48999	-0.07433	-1.16325	1.13125	0.99979	0.02030	0.00130	-0.02031	0.99976	0.00855	-0.00112	-0.00858	0.99996		-74.10439	-150.61899	-0.56602	-0.46066	0.44224	0.16617	0.13677	0.99997	-0.00290	-0.00772	0.00284	0.99996	-0.00804	0.00774	0.00802	0.99994	
20	0.10000	120.12257	18.52637	0.45224	0.48641	-0.07437	-1.16353	1.14094	0.99979	0.02031	0.00130	-0.02032	0.99976	0.00849	-0.00113	-0.00851	0.99996		-74.06724	-150.61832	-0.56284	-0.46198	0.44340	0.16516	0.11051	0.99997	-0.00288	-0.00774	0.00282	0.99996	-0.00806	0.00776	0.00804	0.99994	
21	0.10500	120.14093	18.54541	0.44763	0.48782	-0.07464	-1.16299	1.14958	0.99979	0.02030	0.00130	-0.02031	0.99976	0.00851	-0.00113	-0.00854	0.99996		-74.08046	-150.57449	-0.58966	-0.45144	0.45572	0.16733	0.12069	0.99996	-0.00292	-0.00795	0.00286	0.99996	-0.00788	0.00798	0.00786	0.99994	
22	0.11000	120.11179	18.54065	0.46659	0.48450	-0.06174	-1.16171	1.14930	0.99979	0.02027	0.00108	-0.02028	0.99976	0.00846	-0.00091	-0.00848	0.99996		-74.07940	-150.56161	-0.60289	-0.44938	0.45785	0.16759	0.10318	0.99996	-0.00292	-0.00799	0.00286	0.99997	-0.00784	0.00801	0.00782	0.99994	
23	0.11500	120.17122	18.53564	0.45830	0.48444	-0.06746	-1.16716	1.15189	0.99979	0.02037	0.00118	-0.02038	0.99976	0.00846	-0.00100	-0.00848	0.99996		-74.05185	-150.57575	-0.58201	-0.45318	0.45900	0.16817	0.11655	0.99996	-0.00294	-0.00801	0.00287	0.99996	-0.00791	0.00803	0.00789	0.99994	
24	0.12000	120.13362	18.52924	0.47504	0.48163	-0.05879	-1.16114	1.16090	0.99979	0.02026	0.00103	-0.02027	0.99976	0.00841	-0.00086	-0.00842	0.99996		-74.03976	-150.54824	-0.58731	-0.44745	0.46336	0.16890	0.12124	0.99996	-0.00295	-0.00809	0.00288	0.99997	-0.00781	0.00811	0.00779	0.99994	
25	0.12500	120.15096	18.53943	0.47001	0.48080	-0.05231	-1.15716	1.16306	0.99980	0.02019	0.00091	-0.02020	0.99976	0.00839	-0.00074	-0.00841	0.99996		-74.04156	-150.53541	-0.59259	-0.44394	0.47327	0.16763	0.13397	0.99996	-0.00293	-0.00826	0.00286	0.99997	-0.00775	0.00828	0.00772	0.99994	
26	0.13000	120.14263	18.54464	0.46954	0.48157	-0.04929	-1.16000	1.15181	0.99979	0.02024	0.00086	-0.02025	0.99976	0.00840	-0.00069	-0.00842	0.99996		-74.03326	-150.51201	-0.60597	-0.43944	0.47377	0.16766	0.11899	0.99996	-0.00293	-0.00827	0.00286	0.99997	-0.00767	0.00829	0.00765	0.99994	
27	0.13500	120.17551	18.55623	0.48431	0.48008	-0.04731	-1.15937	1.14861	0.99979	0.02023	0.00083	-0.02024	0.99976	0.00838	-0.00066	-0.00839	0.99996		-74.04377	-150.49113	-0.61565	-0.43328	0.48292	0.16683	0.10802	0.99996	-0.00291	-0.00843	0.00285	0.99997	-0.00756	0.00845	0.00754	0.99994	
28	0.14000	120.19982	18.54482	0.47269	0.47810	-0.04573	-1.16035	1.14473	0.99979	0.02025	0.00080	-0.02026	0.99976	0.00834	-0.00063	-0.00836	0.99996		-73.99449	-150.51018	-0.61617	-0.43370	0.48295	0.16814	0.12170	0.99996	-0.00293	-0.00843	0.00287	0.99997	-0.00757	0.00845	0.00754	0.99994	
29	0.14500	120.19989	18.55832	0.46344	0.47763	-0.04234	-1.15527	1.17094	0.99980	0.02016	0.00074	-0.02017	0.99976	0.00834	-0.00057	-0.00835	0.99996		-73.99619	-150.47622	-0.61754	-0.42652	0.49050	0.16713	0.12230	0.99996	-0.00292	-0.00856	0.00285	0.99997	-0.00744	0.00858	0.00742	0.99994	
30	0.15000	120.18069	18.54607	0.46992	0.47762	-0.03425	-1.15844	1.15520	0.99980	0.02022	0.00060	-0.02022	0.99976	0.00834	-0.00043	-0.00835	0.99997		-73.98913	-150.42638	-0.65265	-0.41568	0.49612	0.16690	0.12476	0.99996	-0.00291	-0.00866	0.00285	0.99997	-0.00725	0.00868	0.00723	0.99994	
31	0.15500	120.21279	18.55345	0.48864	0.47960	-0.03688	-1.16315	1.16346	0.99979	0.02030	0.00064	-0.02030	0.99976	0.00837	-0.00047	-0.00838	0.99996		-73.96306	-150.43650	-0.64062	-0.41653	0.49693	0.16615	0.11314	0.99996	-0.00290	-0.00867	0.00284	0.99997	-0.00727	0.00869	0.00724	0.99994	
32	0.16000	120.21691	18.56421	0.48096	0.47982	-0.03280	-1.15790	1.17323	0.99980	0.02021	0.00057	-0.02021	0.99976	0.00837	-0.00040	-0.00838	0.99996		-73.97619	-150.40500	-0.66271	-0.40699	0.50418	0.16695	0.11606	0.99996	-0.00291	-0.00880	0.00285	0.99997	-0.00710	0.00882	0.00708	0.99994	
33	0.16500	120.25774	18.55426	0.48659	0.47893	-0.03402	-1.15479	1.17176	0.99980	0.02015	0.00059	-0.02016	0.99976	0.00836	-0.00043	-0.00837	0.99996		-73.97710	-150.39598	-0.67158	-0.40163	0.50626	0.16690	0.12472	0.99996	-0.00291	-0.00884	0.00285	0.99997	-0.00701	0.00886	0.00698	0.99994	
34	0.17000	120.26765	18.56139	0.48274	0.47906	-0.02704	-1.15543	1.16322	0.99980	0.02016	0.00047	-0.02017	0.99976	0.00836	-0.00030	-0.00837	0.99996		-73.92699	-150.35889	-0.67349	-0.39347	0.50650	0.17023	0.09852	0.99996	-0.00297	-0.00884	0.00291	0.99997	-0.00687	0.00886	0.00684	0.99994	
35	0.17500	120.27677	18.56508	0.47332	0.48254	-0.02888	-1.15826	1.16647	0.99980	0.02021	0.00050	-0.02022	0.99976	0.00842	-0.00033	-0.00843	0.99996		-73.90963	-150.34846	-0.69075	-0.39070	0.50733	0.16690	0.10814	0.99996	-0.00291	-0.00885	0.00285	0.99997	-0.00682	0.00887	0.00679	0.99994	
36	0.18000	120.31626	18.56242	0.47490	0.48107	-0.02904	-1.15812	1.16839	0.99980	0.02021	0.00051	-0.02022	0.99976	0.00840	-0.00034	-0.00840	0.99996		-73.90480	-150.31437	-0.70035	-0.38146	0.51303	0.16955	0.12287	0.99996	-0.00296	-0.00895	0.00290	0.99997	-0.00666	0.00897	0.00663	0.99994	
37	0.18500	120.27812	18.54746	0.48897	0.48063	-0.02226	-1.15536	1.16668	0.99980	0.02016	0.00039	-0.02017	0.99976	0.00839	-0.00022	-0.00839	0.99996		-73.91468	-150.30313	-0.70518	-0.37356	0.51665	0.17004	0.13013	0.99995	-0.00297	-0.00902	0.00291	0.99997	-0.00652	0.00904	0.00649	0.99994	
38	0.19000	120.32286	18.56797	0.46061	0.48344	-0.02543	-1.15870	1.17291	0.99980	0.02022	0.00044	-0.02022	0.99976	0.00844	-0.00027	-0.00844	0.99996		-73.87762	-150.25014	-0.71998	-0.36035	0.52270	0.16045	0.13616	0.99995	-0.00280	-0.00912	0.00274	0.99998	-0.00629	0.00914	0.00626	0.99994	
39	0.19500	120.31089	18.55177	0.49369	0.48148	-0.01911	-1.15459	1.18335	0.99980	0.02015	0.00033	-0.02015	0.99976	0.00840	-0.00016	-0.00841	0.99996		-73.84038	-150.23668	-0.72935	-0.35487	0.51833	0.15966	0.11235	0.99996	-0.00279	-0.00905	0.00273	0.99998	-0.00619	0.00906	0.00617	0.99994	
40	0.20000	120.33873	18.56716	0.48547	0.48494	-0.01970	-1.15138	1.17995	0.99980	0.02009	0.00034	-0.02010	0.99976	0.00846	-0.00017	-0.00847	0.99996		-73.84225	-150.21650	-0.72585	-0.34584	0.52284	0.15831	0.13368	0.99995	-0.00276	-0.00913	0.00271	0.99998	-0.00604	0.00914	0.00601	0.99994	
41	0.20500	120.34188	18.56347	0.47520	0.48642	-0.02149	-1.15931	1.18791	0.99980	0.02023	0.00037	-0.02023	0.99976	0.00849	-0.00020	-0.00850	0.99996		-73.79148	-150.20622	-0.74814	-0.33869	0.51966	0.16264	0.11968	0.99995	-0.00284	-0.00907	0.00278	0.99998	-0.00591	0.00909	0.00589	0.99994	
42	0.21000	120.38180	18.58110	0.47996	0.49168	-0.02374	-1.15465	1.18799	0.99980	0.02015	0.00041	-0.02015	0.99976	0.00858	-0.00024	-0.00859	0.99996		-73.77127	-150.18703	-0.76148	-0.33191	0.51943	0.16285	0.12097	0.99995	-0.00284	-0.00907	0.00279	0.99998	-0.00579	0.00908	0.00577	0.99994	
43	0.21500	120.42762	18.56435	0.48061	0.48938	-0.02659	-1.14906	1.20549	0.99980	0.02005	0.00046	-0.02006	0.99976	0.00854	-0.00029	-0.00855	0.99996		-73.78443	-150.16658	-0.76626	-0.32105	0.52128	0.16465	0.12685	0.99995	-0.00287	-0.00910	0.00282	0.99998	-0.00560	0.00911	0.00558	0.99994	
44	0.22000	120.39247	18.56790	0.48838	0.49433	-0.02365	-1.15478	1.18129	0.99980	0.02015	0.00041	-0.02016	0.99976	0.00863	-0.00024	-0.00863	0.99996		-73.75576	-150.13580	-0.78025	-0.31125	0.52382	0.16134	0.13697	0.99995	-0.00282	-0.00914	0.00277	0.99998	-0.00543	0.00916	0.00541	0.99994	
45	0.22500	120.43789	18.57417	0.47788	0.49445	-0.02979	-1.14995	1.20210	0.99980	0.02007	0.00052	-0.02007	0.99976	0.00863	-0.00035	-0.00864	0.99996		-73.74638	-150.12923	-0.78071	-0.30443	0.52304	0.16425	0.13701	0.99995	-0.00287	-0.00913	0.00282	0.99998	-0.00531	0.00914	0.00529	0.99994	
46	0.23000	120.43647	18.55927	0.46296	0.49644	-0.02622	-1.15283	1.18226	0.99980	0.02012	0.00046	-0.02012	0.99976	0.00866	-0.00028	-0.00867	0.99996		-73.73414	-150.09110	-0.78623	-0.29333	0.52456	0.16408	0.13081	0.99995	-0.00286	-0.00916	0.00282	0.99998	-0.00512	0.00917	0.00509	0.99994	
47	0.23500	120.42625	18.56748	0.47703	0.49827	-0.02758	-1.15246	1.19415	0.99980	0.02011	0.00048	-0.02012	0.99976	0.00870	-0.00031	-0.00870	0.99996		-73.71779	-150.07074	-0.79551	-0.28215	0.52442	0.16348	0.13055	0.99995	-0.00285	-0.00915	0.00281	0.99998	-0.00492	0.00917	0.00490	0.99995	
48	0.24000	120.46091	18.56387	0.47426	0.50143	-0.02828	-1.14955	1.19756	0.99980	0.02006	0.00049	-0.02007	0.99976	0.00875	-0.00032	-0.00876	0.99996		-73.71427	-150.05485	-0.81268	-0.27228	0.52245	0.16677	0.14179	0.99995	-0.00291	-0.00912	0.00287	0.99998	-0.00475	0.00913	0.00473	0.99995	
49	0.24500	120.47519	18.57660	0.46911	0.50375	-0.03486	-1.14771	1.19965	0.99980	0.02003	0.00061	-0.02003	0.99976	0.00879	-0.00043	-0.00880	0.99996		-73.71480	-150.02700	-0.80940	-0.26265	0.52442	0.16337	0.13756	0.99995	-0.00285	-0.00915	0.00281	0.99999	-0.00458	0.00917	0.00456	0.99995	
50	0.25000	120.49828	18.56540	0.45151	0.50338	-0.03849	-1.15047	1.19457	0.99980	0.02008	0.00067	-0.02008	0.99976	0.00879	-0.00050	-0.00880	0.99996		-73.66732	-150.00836	-0.83156	-0.25354	0.52215	0.16503	0.13825	0.99995	-0.00288	-0.00911	0.00284	0.99999	-0.00442	0.00913	0.00440	0.99995	
51	0.25500	120.53282	18.55823	0.47033	0.50453	-0.04048	-1.14755	1.20344	0.99980	0.02003	0.00071	-0.02003	0.99976	0.00881	-0.00053	-0.00882	0.99996		-73.65064	-150.00519	-0.82810	-0.24332	0.51895	0.16462	0.12610	0.99995	-0.00287	-0.00906	0.00283	0.99999	-0.00425	0.00907	0.00422	0.99995	
52	0.26000	120.54445	18.56168	0.44034	0.50735	-0.04300	-1.14656	1.19625	0.99980	0.02001	0.00075	-0.02002	0.99976	0.00885	-0.00057	-0.00887	0.99996		-73.64619	-149.98001	-0.83694	-0.23333	0.51734	0.16348	0.14008	0.99996	-0.00285	-0.00903	0.00282	0.99999	-0.00407	0.00904	0.00405	0.99995	
53	0.26500	120.59843	18.57167	0.45344	0.50992	-0.04813	-1.14846	1.19242	0.99980	0.02004	0.00084	-0.02005	0.99976	0.00890	-0.00066	-0.00891	0.99996		-73.62381	-149.96523	-0.84589	-0.22466	0.51350	0.16514	0.14225	0.99996	-0.00288	-0.00896	0.00285	0.99999	-0.00392	0.00897	0.00390	0.99995	
54	0.27000	120.53342	18.54712	0.45305	0.50777	-0.04269	-1.14509	1.20447	0.99980	0.01998	0.00075	-0.01999	0.99976	0.00886	-0.00057	-0.00888	0.99996		-73.59443	-149.95933	-0.84639	-0.21885	0.51077	0.16561	0.14523	0.99996	-0.00289	-0.00891	0.00286	0.99999	-0.00382	0.00893	0.00379	0.99995	
55	0.27500	120.60804	18.56071	0.44546	0.51355	-0.05403	-1.15369	1.19365	0.99980	0.02013	0.00094	-0.02014	0.99976	0.00896	-0.00076	-0.00898	0.99996		-73.60350	-149.92904	-0.84665	-0.20509	0.50452	0.16284	0.14791	0.99996	-0.00284	-0.00881	0.00281	0.99999	-0.00358	0.00882	0.00355	0.99995	
56	0.28000	120.63160	18.56471	0.42459	0.51618	-0.05738	-1.14578	1.19071	0.99980	0.02000	0.00100	-0.02000	0.99976	0.00901	-0.00082	-0.00903	0.99996		-73.57104	-149.92103	-0.86414	-0.19668	0.50054	0.16747	0.13670	0.99996	-0.00292	-0.00874	0.00289	0.99999	-0.00343	0.00875	0.00341	0.99996	
57	0.28500	120.63441	18.55613	0.45348	0.51454	-0.05735	-1.14817	1.18296	0.99980	0.02004	0.00100	-0.02005	0.99976	0.00898	-0.00082	-0.00900	0.99996		-73.56179	-149.90858	-0.85998	-0.18969	0.49785	0.16681	0.16563	0.99996	-0.00291	-0.00869	0.00288	0.99999	-0.00331	0.00870	0.00329	0.99996	
58	0.29000	120.65534	18.56366	0.43336	0.51844	-0.06198	-1.14863	1.19162	0.99980	0.02005	0.00108	-0.02006	0.99976	0.00905	-0.00090	-0.00907	0.99996		-73.54274	-149.87748	-0.85674	-0.17836	0.49273	0.16261	0.14302	0.99996	-0.00284	-0.00860	0.00281	0.99999	-0.00311	0.00861	0.00309	0.99996	
59	0.29500	120.66039	18.56510	0.43990	0.52017	-0.06700	-1.14194	1.20215	0.99980	0.01993	0.00117	-0.01994	0.99976	0.00908	-0.00099	-0.00910	0.99996		-73.49774	-149.87473	-0.85308	-0.16913	0.48553	0.16268	0.15059	0.99996	-0.00284	-0.00847	0.00281	0.99999	-0.00295	0.00848	0.00293	0.99996	
60	0.30000	120.67020	18.58424	0.42832	0.52675	-0.07109	-1.14982	1.21121	0.99980	0.02007	0.00124	-0.02008	0.99976	0.00919	-0.00106	-0.00922	0.99996		-73.49901	-149.85266	-0.86998	-0.15820	0.47999	0.16514	0.14280	0.99996	-0.00288	-0.00838	0.00286	0.99999	-0.00276	0.00839	0.00274	0.99996	
61	0.30500	120.69671	18.57236	0.43055	0.52410	-0.07761	-1.14583	1.20558	0.99980	0.02000	0.00135	-0.02001	0.99976	0.00915	-0.00117	-0.00917	0.99996		-73.50296	-149.83772	-0.87396	-0.14889	0.47504	0.16989	0.15800	0.99996	-0.00297	-0.00829	0.00294	0.99999	-0.00260	0.00830	0.00257	0.99996	
62	0.31000	120.71952	18.55124	0.43566	0.52307	-0.08439	-1.14427	1.21814	0.99980	0.01997	0.00147	-0.01998	0.99976	0.00913	-0.00129	-0.00916	0.99996		-73.45452	-149.82107	-0.86231	-0.13940	0.47005	0.16707	0.16371	0.99996	-0.00292	-0.00820	0.00290	0.99999	-0.00243	0.00821	0.00241	0.99996	
63	0.31500	120.69519	18.54875	0.44207	0.52357	-0.08390	-1.14521	1.21261	0.99980	0.01999	0.00146	-0.02000	0.99976	0.00914	-0.00128	-0.00917	0.99996		-73.43338	-149.81162	-0.86232	-0.13218	0.46209	0.16754	0.15807	0.99996	-0.00292	-0.00806	0.00291	0.99999	-0.00231	0.00807	0.00228	0.99996	
64	0.32000	120.70255	18.55850	0.42780	0.52672	-0.08363	-1.14558	1.19500	0.99980	0.01999	0.00146	-0.02001	0.99976	0.00919	-0.00128	-0.00922	0.99996		-73.40671	-149.78945	-0.86675	-0.12405	0.45315	0.16346	0.15437	0.99996	-0.00285	-0.00791	0.00284	0.99999	-0.00216	0.00792	0.00214	0.99997	
65	0.32500	120.76113	18.55043	0.43219	0.52369	-0.09658	-1.14850	1.20328	0.99980	0.02004	0.00169	-0.02006	0.99976	0.00914	-0.00150	-0.00917	0.99996		-73.40319	-149.77624	-0.87939	-0.11598	0.44905	0.16625	0.15753	0.99997	-0.00290	-0.00784	0.00289	0.99999	-0.00202	0.00784	0.00200	0.99997	
66	0.33000	120.76163	18.55539	0.42477	0.52536	-0.10163	-1.14701	1.20983	0.99980	0.02002	0.00177	-0.02003	0.99976	0.00917	-0.00159	-0.00920	0.99996		-73.39075	-149.76917	-0.86267	-0.10724	0.44257	0.16554	0.16305	0.99997	-0.00289	-0.00772	0.00287	0.99999	-0.00187	0.00773	0.00185	0.99997	
67	0.33500	120.78811	18.56904	0.40897	0.52820	-0.10878	-1.14262	1.19267	0.99980	0.01994	0.00190	-0.01996	0.99976	0.00922	-0.00171	-0.00925	0.99996		-73.35884	-149.75878	-0.86210	-0.10298	0.43041	0.16493	0.18915	0.99997	-0.00288	-0.00751	0.00286	0.99999	-0.00180	0.00752	0.00178	0.99997	
68	0.34000	120.77864	18.55287	0.41759	0.52535	-0.10997	-1.14565	1.19556	0.99980	0.01999	0.00192	-0.02001	0.99976	0.00917	-0.00174	-0.00921	0.99996		-73.37197	-149.76217	-0.87871	-0.09792	0.42728	0.16992	0.16785	0.99997	-0.00297	-0.00746	0.00295	0.99999	-0.00171	0.00746	0.00169	0.99997	
69	0.34500	120.82019	18.54380	0.40418	0.52626	-0.11948	-1.14631	1.19703	0.99980	0.02001	0.00209	-0.02002	0.99976	0.00918	-0.00190	-0.00922	0.99996		-73.32846	-149.74717	-0.87061	-0.09120	0.41921	0.16781	0.17545	0.99997	-0.00293	-0.00732	0.00292	0.99999	-0.00159	0.00732	0.00157	0.99997	
70	0.35000	120.81734	18.56581	0.41963	0.52689	-0.12272	-1.14756	1.19803	0.99980	0.02003	0.00214	-0.02005	0.99976	0.00920	-0.00196	-0.00924	0.99996		-73.32255	-149.72991	-0.86656	-0.08428	0.41506	0.16811	0.16580	0.99997	-0.00293	-0.00724	0.00292	0.99999	-0.00147	0.00725	0.00145	0.99997	
71	0.35500	120.85511	18.54949	0.40092	0.52545	-0.12949	-1.14981	1.20330	0.99980	0.02007	0.00226	-0.02009	0.99976	0.00917	-0.00208	-0.00921	0.99996		-73.29349	-149.73011	-0.86630	-0.07923	0.40512	0.16726	0.17683	0.99997	-0.00292	-0.00707	0.00291	0.99999	-0.00138	0.00707	0.00136	0.99997	
72	0.36000	120.82321	18.54631	0.41916	0.52331	-0.12417	-1.14857	1.20157	0.99980	0.02004	0.00217	-0.02006	0.99976	0.00913	-0.00198	-0.00917	0.99996		-73.28475	-149.73972	-0.85322	-0.07763	0.39764	0.17137	0.17208	0.99997	-0.00299	-0.00694	0.00298	0.99999	-0.00135	0.00694	0.00133	0.99997	
73	0.36500	120.84477	18.55582	0.40094	0.52337	-0.12918	-1.14941	1.20529	0.99980	0.02006	0.00225	-0.02008	0.99976	0.00913	-0.00207	-0.00918	0.99996		-73.26954	-149.72101	-0.84900	-0.07239	0.39176	0.16918	0.17888	0.99997	-0.00295	-0.00684	0.00294	0.99999	-0.00126	0.00684	0.00124	0.99998	
74	0.37000	120.88403	18.54802	0.40097	0.52101	-0.13938	-1.15053	1.20437	0.99980	0.02008	0.00243	-0.02010	0.99976	0.00909	-0.00225	-0.00914	0.99996		-73.20804	-149.70692	-0.84929	-0.06589	0.37948	0.17090	0.17995	0.99997	-0.00298	-0.00662	0.00298	0.99999	-0.00115	0.00663	0.00113	0.99998	
75	0.37500	120.92688	18.56204	0.38062	0.52142	-0.14631	-1.14463	1.21572	0.99980	0.01998	0.00255	-0.02000	0.99976	0.00910	-0.00237	-0.00915	0.99996		-73.19356	-149.69050	-0.84066	-0.06244	0.37148	0.16816	0.17678	0.99997	-0.00293	-0.00648	0.00293	1.00000	-0.00109	0.00649	0.00107	0.99998	
76	0.38000	120.92574	18.55018	0.39269	0.51754	-0.14927	-1.15024	1.20952	0.99980	0.02007	0.00261	-0.02010	0.99976	0.00903	-0.00242	-0.00908	0.99996		-73.20836	-149.70709	-0.82749	-0.06243	0.36933	0.17481	0.18001	0.99997	-0.00305	-0.00645	0.00304	0.99999	-0.00109	0.00645	0.00107	0.99998	
77	0.38500	120.92252	18.55561	0.39705	0.51571	-0.15178	-1.14738	1.20422	0.99980	0.02002	0.00265	-0.02005	0.99976	0.00900	-0.00247	-0.00905	0.99996		-73.17149	-149.68172	-0.81474	-0.05684	0.35641	0.16752	0.18194	0.99998	-0.00292	-0.00622	0.00292	1.00000	-0.00099	0.00622	0.00097	0.99998	
78	0.39000	120.88180	18.54922	0.38620	0.51229	-0.14986	-1.14777	1.19310	0.99980	0.02003	0.00262	-0.02005	0.99976	0.00894	-0.00244	-0.00899	0.99996		-73.15187	-149.68077	-0.80574	-0.05579	0.34947	0.17460	0.20067	0.99998	-0.00305	-0.00610	0.00304	0.99999	-0.00097	0.00610	0.00096	0.99998	
79	0.39500	120.93939	18.54132	0.39395	0.50832	-0.15841	-1.14870	1.20919	0.99980	0.02005	0.00276	-0.02007	0.99976	0.00887	-0.00259	-0.00893	0.99996		-73.15670	-149.66723	-0.79305	-0.05299	0.34588	0.17160	0.19200	0.99998	-0.00299	-0.00604	0.00299	1.00000	-0.00092	0.00604	0.00091	0.99998	
80	0.40000	120.97056	18.53874	0.39448	0.50370	-0.15685	-1.15476	1.20323	0.99979	0.02015	0.00274	-0.02018	0.99976	0.00879	-0.00256	-0.00884	0.99996		-73.12763	-149.65457	-0.78459	-0.05340	0.33741	0.17489	0.17748	0.99998	-0.00305	-0.00589	0.00305	0.99999	-0.00093	0.00589	0.00091	0.99998	
81	0.40500	120.97324	18.54810	0.40601	0.50257	-0.16144	-1.14859	1.21015	0.99980	0.02005	0.00282	-0.02007	0.99976	0.00877	-0.00264	-0.00883	0.99996		-73.08356	-149.65810	-0.76350	-0.05299	0.32954	0.17379	0.18657	0.99998	-0.00303	-0.00575	0.00303	0.99999	-0.00092	0.00575	0.00091	0.99998	
82	0.41000	121.02244	18.56192	0.39087	0.49881	-0.16965	-1.14582	1.20901	0.99980	0.02000	0.00296	-0.02002	0.99976	0.00871	-0.00279	-0.00876	0.99996		-73.05314	-149.65073	-0.75925	-0.05243	0.32044	0.17340	0.17250	0.99998	-0.00303	-0.00559	0.00302	1.00000	-0.00092	0.00560	0.00090	0.99998	
83	0.41500	121.01883	18.54172	0.38476	0.49228	-0.17117	-1.14856	1.20136	0.99979	0.02004	0.00299	-0.02007	0.99976	0.00859	-0.00281	-0.00865	0.99996		-73.05126	-149.63916	-0.75893	-0.05419	0.31618	0.17015	0.16603	0.99998	-0.00297	-0.00552	0.00296	1.00000	-0.00095	0.00552	0.00093	0.99998	
84	0.42000	121.00657	18.53711	0.39832	0.48815	-0.17312	-1.15038	1.21095	0.99979	0.02008	0.00302	-0.02010	0.99976	0.00852	-0.00285	-0.00858	0.99996		-73.03898	-149.64138	-0.74572	-0.05599	0.31118	0.17651	0.18332	0.99998	-0.00308	-0.00543	0.00308	0.99999	-0.00098	0.00543	0.00096	0.99998	
85	0.42500	121.02836	18.56504	0.40872	0.48834	-0.17405	-1.14626	1.22906	0.99980	0.02000	0.00304	-0.02003	0.99976	0.00852	-0.00287	-0.00858	0.99996		-73.00440	-149.63407	-0.74132	-0.05959	0.30190	0.17469	0.17045	0.99998	-0.00305	-0.00527	0.00304	0.99999	-0.00104	0.00527	0.00102	0.99999	
86	0.43000	121.07335	18.57035	0.39235	0.48306	-0.17940	-1.15081	1.20211	0.99979	0.02008	0.00313	-0.02011	0.99976	0.00843	-0.00296	-0.00849	0.99996		-73.02553	-149.63347	-0.72821	-0.06066	0.30476	0.17490	0.20503	0.99998	-0.00305	-0.00532	0.00305	0.99999	-0.00106	0.00532	0.00104	0.99999	
87	0.43500	121.05316	18.57268	0.40319	0.47887	-0.17625	-1.14623	1.21091	0.99980	0.02000	0.00308	-0.02003	0.99976	0.00836	-0.00291	-0.00842	0.99996		-73.00883	-149.64773	-0.71908	-0.06625	0.29664	0.17360	0.20378	0.99998	-0.00303	-0.00518	0.00302	0.99999	-0.00116	0.00518	0.00114	0.99999	
88	0.44000	121.06192	18.54481	0.39609	0.47011	-0.17964	-1.14738	1.21877	0.99979	0.02002	0.00314	-0.02005	0.99977	0.00820	-0.00297	-0.00827	0.99996		-72.95526	-149.62934	-0.71126	-0.07006	0.29043	0.17420	0.18729	0.99998	-0.00304	-0.00507	0.00303	0.99999	-0.00122	0.00507	0.00121	0.99999	
89	0.44500	121.06320	18.55863	0.38451	0.46592	-0.17604	-1.14779	1.20182	0.99979	0.02003	0.00307	-0.02006	0.99977	0.00813	-0.00291	-0.00819	0.99996		-72.95383	-149.64091	-0.69384	-0.07506	0.28581	0.17252	0.18186	0.99998	-0.00301	-0.00499	0.00300	0.99999	-0.00131	0.00499	0.00130	0.99999	
90	0.45000	121.08140	18.57077	0.38962	0.46197	-0.17796	-1.14383	1.20952	0.99980	0.01996	0.00311	-0.01999	0.99977	0.00806	-0.00294	-0.00812	0.99996		-72.94309	-149.64155	-0.69332	-0.08152	0.28451	0.18019	0.19603	0.99998	-0.00314	-0.00497	0.00314	0.99999	-0.00142	0.00497	0.00141	0.99999	
91	0.45500	121.07634	18.56409	0.40178	0.45490	-0.18039	-1.14810	1.22234	0.99979	0.02004	0.00315	-0.02006	0.99977	0.00794	-0.00299	-0.00800	0.99996		-72.91359	-149.63937	-0.67213	-0.08841	0.27681	0.17881	0.18184	0.99998	-0.00312	-0.00483	0.00311	0.99999	-0.00154	0.00484	0.00153	0.99999	
92	0.46000	121.13236	18.59724	0.40019	0.45365	-0.17902	-1.14031	1.21774	0.99980	0.01990	0.00312	-0.01992	0.99977	0.00792	-0.00297	-0.00798	0.99996		-72.88765	-149.63342	-0.67651	-0.09409	0.27443	0.17408	0.17479	0.99998	-0.00304	-0.00479	0.00303	0.99999	-0.00164	0.00479	0.00163	0.99999	
93	0.46500	121.11176	18.58511	0.37340	0.44652	-0.18305	-1.14585	1.22061	0.99979	0.02000	0.00319	-0.02002	0.99977	0.00779	-0.00304	-0.00786	0.99996		-72.90920	-149.62393	-0.67154	-0.09971	0.27368	0.17846	0.18867	0.99998	-0.00311	-0.00478	0.00311	0.99999	-0.00174	0.00478	0.00173	0.99999	
94	0.47000	121.12619	18.60387	0.38258	0.44164	-0.18122	-1.14054	1.22354	0.99980	0.01990	0.00316	-0.01993	0.99977	0.00771	-0.00301	-0.00777	0.99997		-72.90707	-149.65163	-0.65811	-0.11137	0.27191	0.18065	0.18119	0.99998	-0.00315	-0.00475	0.00314	0.99999	-0.00194	0.00475	0.00193	0.99999	
95	0.47500	121.19251	18.61183	0.38873	0.43600	-0.18005	-1.14303	1.21089	0.99980	0.01995	0.00314	-0.01997	0.99977	0.00761	-0.00299	-0.00767	0.99997		-72.87167	-149.65422	-0.65375	-0.11911	0.26730	0.18372	0.18641	0.99998	-0.00321	-0.00467	0.00320	0.99999	-0.00208	0.00467	0.00206	0.99999	
96	0.48000	121.20380	18.60112	0.39424	0.43056	-0.17940	-1.14763	1.21345	0.99979	0.02003	0.00313	-0.02005	0.99977	0.00751	-0.00298	-0.00758	0.99997		-72.88296	-149.64427	-0.64923	-0.12747	0.26712	0.18196	0.17597	0.99998	-0.00318	-0.00466	0.00317	0.99999	-0.00222	0.00467	0.00221	0.99999	
97	0.48500	121.20126	18.60785	0.39342	0.42365	-0.17743	-1.14459	1.20525	0.99980	0.01998	0.00310	-0.02000	0.99977	0.00739	-0.00295	-0.00745	0.99997		-72.87553	-149.66022	-0.63642	-0.13830	0.26903	0.18332	0.17559	0.99998	-0.00320	-0.00470	0.00319	0.99999	-0.00241	0.00470	0.00240	0.99999	
98	0.49000	121.19625	18.61519	0.38967	0.41869	-0.17271	-1.14614	1.21328	0.99980	0.02000	0.00301	-0.02002	0.99977	0.00731	-0.00287	-0.00737	0.99997		-72.86607	-149.67143	-0.62347	-0.15122	0.26874	0.18247	0.16930	0.99998	-0.00318	-0.00469	0.00317	0.99999	-0.00264	0.00470	0.00262	0.99999	
99	0.49500	121.22978	18.64873	0.37876	0.41653	-0.17701	-1.14457	1.21802	0.99980	0.01998	0.00309	-0.02000	0.99977	0.00727	-0.00294	-0.00733	0.99997		-72.82482	-149.67205	-0.62349	-0.15936	0.26544	0.18276	0.17346	0.99998	-0.00319	-0.00463	0.00318	0.99999	-0.00278	0.00464	0.00277	0.99999	
100	0.50000	121.23471	18.63680	0.41245	0.40901	-0.16982	-1.14492	1.19906	0.99980	0.01998	0.00296	-0.02000	0.99977	0.00714	-0.00282	-0.00720	0.99997		-72.82748	-149.68921	-0.61884	-0.17159	0.26755	0.18251	0.17373	0.99998	-0.00319	-0.00467	0.00317	0.99999	-0.00299	0.00468	0.00298	0.99998	
101	0.50500	121.24012	18.62714	0.39763	0.40056	-0.16765	-1.14566	1.20228	0.99980	0.01999	0.00293	-0.02001	0.99978	0.00699	-0.00279	-0.00705	0.99997		-72.81186	-149.68969	-0.61884	-0.18176	0.27049	0.18549	0.18440	0.99998	-0.00324	-0.00472	0.00322	0.99999	-0.00317	0.00473	0.00316	0.99998	
102	0.51000	121.24943	18.63699	0.38214	0.39642	-0.16331	-1.14727	1.19246	0.99980	0.02002	0.00285	-0.02004	0.99978	0.00692	-0.00271	-0.00697	0.99997		-72.79580	-149.69784	-0.61052	-0.19279	0.27093	0.18318	0.16341	0.99998	-0.00320	-0.00473	0.00318	0.99999	-0.00336	0.00474	0.00335	0.99998	
103	0.51500	121.25207	18.66147	0.39981	0.39289	-0.16195	-1.14421	1.20646	0.99980	0.01997	0.00283	-0.01999	0.99978	0.00686	-0.00269	-0.00691	0.99997		-72.78262	-149.70058	-0.60585	-0.20589	0.27014	0.18708	0.15760	0.99998	-0.00327	-0.00471	0.00325	0.99999	-0.00359	0.00473	0.00358	0.99998	
104	0.52000	121.31554	18.67301	0.39621	0.38917	-0.16450	-1.13806	1.21096	0.99980	0.01986	0.00287	-0.01988	0.99978	0.00679	-0.00274	-0.00685	0.99997		-72.80743	-149.70321	-0.58880	-0.21401	0.27469	0.18769	0.14952	0.99998	-0.00328	-0.00479	0.00326	0.99999	-0.00374	0.00481	0.00372	0.99998	
105	0.52500	121.22836	18.66150	0.39824	0.38179	-0.15375	-1.14303	1.20716	0.99980	0.01995	0.00268	-0.01997	0.99978	0.00666	-0.00255	-0.00672	0.99997		-72.80264	-149.71206	-0.58430	-0.22732	0.27795	0.19119	0.14942	0.99998	-0.00334	-0.00485	0.00332	0.99999	-0.00397	0.00486	0.00395	0.99998	
106	0.53000	121.27138	18.67671	0.38388	0.37655	-0.14969	-1.14466	1.21156	0.99980	0.01998	0.00261	-0.01999	0.99978	0.00657	-0.00248	-0.00662	0.99997		-72.78682	-149.67896	-0.62243	-0.23295	0.27924	0.18341	0.15682	0.99998	-0.00320	-0.00487	0.00318	0.99999	-0.00407	0.00489	0.00405	0.99998	
107	0.53500	121.28325	18.68281	0.40518	0.37231	-0.14468	-1.14166	1.20565	0.99980	0.01992	0.00253	-0.01994	0.99978	0.00650	-0.00240	-0.00655	0.99998		-72.77216	-149.68488	-0.60952	-0.24238	0.28221	0.18840	0.18122	0.99998	-0.00329	-0.00493	0.00327	0.99999	-0.00423	0.00494	0.00421	0.99998	
108	0.54000	121.32827	18.68678	0.40748	0.36798	-0.14164	-1.14572	1.20075	0.99980	0.02000	0.00247	-0.02001	0.99978	0.00642	-0.00234	-0.00647	0.99998		-72.78213	-149.72484	-0.59138	-0.26023	0.28078	0.19729	0.16308	0.99998	-0.00344	-0.00490	0.00342	0.99998	-0.00454	0.00492	0.00452	0.99998	
109	0.54500	121.36827	18.70815	0.40231	0.36154	-0.13932	-1.13761	1.22174	0.99980	0.01985	0.00243	-0.01987	0.99978	0.00631	-0.00231	-0.00636	0.99998		-72.77598	-149.74744	-0.60406	-0.27430	0.28790	0.19947	0.15534	0.99998	-0.00348	-0.00502	0.00346	0.99998	-0.00479	0.00504	0.00477	0.99998	
110	0.55000	121.36834	18.67898	0.37406	0.35380	-0.13151	-1.13118	1.21921	0.99980	0.01974	0.00230	-0.01976	0.99979	0.00617	-0.00217	-0.00622	0.99998		-72.74379	-149.73364	-0.60460	-0.28214	0.28964	0.19852	0.14404	0.99998	-0.00346	-0.00506	0.00344	0.99998	-0.00492	0.00507	0.00491	0.99998	
111	0.55500	121.37175	18.69328	0.38258	0.34930	-0.12325	-1.13514	1.20783	0.99980	0.01981	0.00215	-0.01982	0.99978	0.00610	-0.00203	-0.00614	0.99998		-72.73869	-149.73797	-0.60029	-0.29324	0.29493	0.20144	0.15138	0.99998	-0.00352	-0.00515	0.00349	0.99998	-0.00512	0.00517	0.00510	0.99997	
112	0.56000	121.40883	18.71827	0.40080	0.34863	-0.12200	-1.13581	1.22449	0.99980	0.01982	0.00213	-0.01983	0.99978	0.00608	-0.00201	-0.00613	0.99998		-72.71662	-149.73641	-0.62135	-0.30291	0.29632	0.20164	0.15254	0.99998	-0.00352	-0.00517	0.00349	0.99998	-0.00529	0.00519	0.00527	0.99997	
113	0.56500	121.41912	18.72329	0.38321	0.34385	-0.11707	-1.12857	1.23144	0.99980	0.01970	0.00204	-0.01971	0.99979	0.00600	-0.00192	-0.00604	0.99998		-72.71987	-149.75615	-0.62505	-0.31868	0.30143	0.20533	0.14929	0.99998	-0.00358	-0.00526	0.00355	0.99998	-0.00556	0.00528	0.00554	0.99997	
114	0.57000	121.45059	18.74828	0.39587	0.34203	-0.11368	-1.12765	1.22413	0.99980	0.01968	0.00198	-0.01969	0.99979	0.00597	-0.00187	-0.00601	0.99998		-72.72172	-149.76055	-0.63357	-0.32978	0.30825	0.20422	0.14438	0.99998	-0.00356	-0.00538	0.00353	0.99998	-0.00576	0.00540	0.00574	0.99997	
115	0.57500	121.43748	18.75267	0.36712	0.34152	-0.10782	-1.13052	1.22624	0.99980	0.01973	0.00188	-0.01974	0.99979	0.00596	-0.00176	-0.00600	0.99998		-72.70321	-149.76895	-0.65450	-0.34059	0.31272	0.20561	0.14091	0.99998	-0.00359	-0.00546	0.00356	0.99998	-0.00594	0.00548	0.00592	0.99997	
116	0.58000	121.44028	18.76939	0.37583	0.34070	-0.10335	-1.13681	1.23470	0.99980	0.01984	0.00180	-0.01985	0.99979	0.00595	-0.00169	-0.00598	0.99998		-72.69835	-149.77073	-0.65478	-0.35080	0.32279	0.20795	0.16738	0.99998	-0.00363	-0.00563	0.00359	0.99997	-0.00612	0.00566	0.00610	0.99997	
117	0.58500	121.45815	18.79244	0.39193	0.33806	-0.09158	-1.12870	1.23430	0.99980	0.01970	0.00160	-0.01971	0.99979	0.00590	-0.00148	-0.00593	0.99998		-72.68009	-149.76775	-0.66751	-0.36013	0.32526	0.20645	0.15679	0.99998	-0.00360	-0.00568	0.00357	0.99997	-0.00629	0.00570	0.00626	0.99996	
118	0.59000	121.47897	18.77684	0.39731	0.33278	-0.09221	-1.13003	1.23258	0.99980	0.01972	0.00161	-0.01973	0.99979	0.00581	-0.00149	-0.00584	0.99998		-72.69248	-149.77491	-0.67587	-0.36892	0.33149	0.20881	0.14944	0.99998	-0.00364	-0.00579	0.00361	0.99997	-0.00644	0.00581	0.00642	0.99996	
119	0.59500	121.49903	18.80547	0.39831	0.33534	-0.08626	-1.12460	1.23739	0.99981	0.01963	0.00151	-0.01964	0.99979	0.00585	-0.00139	-0.00588	0.99998		-72.67461	-149.79113	-0.70112	-0.38241	0.33838	0.21285	0.14174	0.99998	-0.00371	-0.00591	0.00368	0.99997	-0.00667	0.00593	0.00665	0.99996	
120	0.60000	121.51074	18.82105	0.38457	0.33719	-0.08190	-1.12915	1.23256	0.99980	0.01971	0.00143	-0.01971	0.99979	0.00589	-0.00131	-0.00591	0.99998		-72.67130	-149.79195	-0.71383	-0.39146	0.34642	0.20882	0.16174	0.99998	-0.00364	-0.00605	0.00360	0.99997	-0.00683	0.00607	0.00681	0.99996	
121	0.60500	121.52867	18.83281	0.40957	0.33491	-0.07411	-1.12152	1.23029	0.99981	0.01957	0.00129	-0.01958	0.99979	0.00585	-0.00118	-0.00587	0.99998		-72.68278	-149.78280	-0.73098	-0.39732	0.35521	0.20898	0.15151	0.99997	-0.00365	-0.00620	0.00360	0.99997	-0.00693	0.00622	0.00691	0.99996	
122	0.61000	121.53109	18.84784	0.41137	0.33457	-0.06787	-1.12605	1.23194	0.99981	0.01965	0.00118	-0.01966	0.99979	0.00584	-0.00107	-0.00586	0.99998		-72.65726	-149.79813	-0.74823	-0.40734	0.36222	0.21180	0.14614	0.99997	-0.00370	-0.00632	0.00365	0.99997	-0.00711	0.00635	0.00709	0.99995	
123	0.61500	121.52411	18.86969	0.41711	0.33775	-0.06314	-1.13033	1.22930	0.99980	0.01973	0.00110	-0.01973	0.99979	0.00589	-0.00099	-0.00592	0.99998		-72.64472	-149.82781	-0.77290	-0.42097	0.36757	0.21622	0.15325	0.99997	-0.00377	-0.00642	0.00373	0.99997	-0.00735	0.00644	0.00732	0.99995	
124	0.62000	121.56336	18.87628	0.42442	0.33817	-0.06041	-1.12804	1.22845	0.99981	0.01969	0.00105	-0.01969	0.99979	0.00590	-0.00094	-0.00592	0.99998		-72.64778	-149.81109	-0.79038	-0.42398	0.37650	0.21467	0.15629	0.99997	-0.00375	-0.00657	0.00370	0.99997	-0.00740	0.00660	0.00738	0.99995	
125	0.62500	121.56001	18.87952	0.42675	0.33739	-0.05205	-1.12300	1.24454	0.99981	0.01960	0.00091	-0.01960	0.99979	0.00589	-0.00079	-0.00591	0.99998		-72.63168	-149.80782	-0.79937	-0.43206	0.38153	0.21180	0.12783	0.99997	-0.00370	-0.00666	0.00365	0.99996	-0.00754	0.00669	0.00752	0.99995	
126	0.63000	121.59843	18.92312	0.40859	0.34463	-0.05299	-1.12736	1.24043	0.99981	0.01967	0.00092	-0.01968	0.99979	0.00601	-0.00081	-0.00603	0.99998		-72.63447	-149.83168	-0.82852	-0.44223	0.38990	0.21631	0.14471	0.99997	-0.00378	-0.00680	0.00372	0.99996	-0.00772	0.00683	0.00769	0.99995	
127	0.63500	121.58111	18.91732	0.41517	0.34507	-0.04844	-1.12738	1.24300	0.99981	0.01968	0.00085	-0.01968	0.99979	0.00602	-0.00073	-0.00604	0.99998		-72.64713	-149.82987	-0.85857	-0.44537	0.40283	0.21677	0.14139	0.99997	-0.00378	-0.00703	0.00373	0.99996	-0.00777	0.00706	0.00775	0.99995	
128	0.64000	121.63165	18.92762	0.42808	0.34707	-0.04263	-1.12479	1.23953	0.99981	0.01963	0.00074	-0.01963	0.99979	0.00606	-0.00062	-0.00607	0.99998		-72.61371	-149.83703	-0.88000	-0.45350	0.40806	0.21651	0.15016	0.99997	-0.00378	-0.00712	0.00372	0.99996	-0.00791	0.00715	0.00789	0.99994	
129	0.64500	121.59163	18.95517	0.43000	0.35178	-0.03541	-1.12744	1.23364	0.99981	0.01968	0.00062	-0.01968	0.99979	0.00614	-0.00050	-0.00615	0.99998		-72.60324	-149.84384	-0.90100	-0.45676	0.41078	0.21403	0.16137	0.99997	-0.00374	-0.00717	0.00368	0.99996	-0.00797	0.00720	0.00794	0.99994	
130	0.65000	121.63109	18.96164	0.45813	0.35566	-0.03711	-1.12813	1.23826	0.99981	0.01969	0.00065	-0.01969	0.99979	0.00621	-0.00053	-0.00622	0.99998		-72.57775	-149.84959	-0.93976	-0.46036	0.41695	0.21298	0.14301	0.99997	-0.00372	-0.00728	0.00366	0.99996	-0.00803	0.00731	0.00801	0.99994	
131	0.65500	121.65527	19.00075	0.45865	0.36498	-0.03709	-1.12940	1.24243	0.99981	0.01971	0.00065	-0.01971	0.99979	0.00637	-0.00052	-0.00638	0.99998		-72.55909	-149.85248	-0.95272	-0.46464	0.42278	0.21420	0.14804	0.99997	-0.00374	-0.00738	0.00368	0.99996	-0.00811	0.00741	0.00808	0.99994	
132	0.66000	121.70500	19.00350	0.46071	0.36773	-0.03816	-1.12694	1.24667	0.99981	0.01967	0.00067	-0.01967	0.99979	0.00642	-0.00054	-0.00643	0.99998		-72.55323	-149.86477	-0.99045	-0.47132	0.42664	0.22219	0.12918	0.99996	-0.00388	-0.00745	0.00382	0.99996	-0.00823	0.00748	0.00820	0.99994	
133	0.66500	121.70122	19.03082	0.43749	0.37593	-0.03379	-1.12988	1.23105	0.99981	0.01972	0.00059	-0.01972	0.99978	0.00656	-0.00046	-0.00657	0.99998		-72.54933	-149.87063	-1.01201	-0.47406	0.43552	0.21936	0.13464	0.99996	-0.00383	-0.00760	0.00377	0.99996	-0.00827	0.00763	0.00824	0.99994	
134	0.67000	121.67395	19.07568	0.47256	0.38482	-0.03028	-1.13286	1.21345	0.99980	0.01977	0.00053	-0.01977	0.99978	0.00672	-0.00040	-0.00673	0.99998		-72.55243	-149.87317	-1.05849	-0.47520	0.44329	0.22181	0.15130	0.99996	-0.00387	-0.00774	0.00381	0.99996	-0.00829	0.00777	0.00826	0.99994	
135	0.67500	121.68811	19.09032	0.47450	0.39294	-0.03067	-1.13401	1.21406	0.99980	0.01979	0.00054	-0.01979	0.99978	0.00686	-0.00040	-0.00687	0.99998		-72.53496	-149.85772	-1.07167	-0.47637	0.44721	0.22152	0.15779	0.99996	-0.00387	-0.00781	0.00380	0.99996	-0.00831	0.00784	0.00828	0.99993	
136	0.68000	121.73654	19.10397	0.48260	0.39911	-0.03317	-1.13147	1.23635	0.99980	0.01975	0.00058	-0.01975	0.99978	0.00697	-0.00044	-0.00698	0.99998		-72.52608	-149.87788	-1.11429	-0.47621	0.45363	0.22406	0.13932	0.99996	-0.00391	-0.00792	0.00384	0.99996	-0.00831	0.00795	0.00828	0.99993	
137	0.68500	121.73748	19.13384	0.48235	0.40998	-0.02961	-1.13471	1.21015	0.99980	0.01980	0.00052	-0.01981	0.99978	0.00716	-0.00037	-0.00716	0.99997		-72.51302	-149.86793	-1.14878	-0.47542	0.46016	0.22601	0.14130	0.99996	-0.00394	-0.00803	0.00388	0.99996	-0.00830	0.00806	0.00827	0.99993	
