NO_OF_FRAMES	12043
NO_OF_CAMERAS	8
NO_OF_BODIES	2
FREQUENCY	200
NO_OF_ANALOG	0
ANALOG_FREQUENCY	0
DESCRIPTION	--
TIME_STAMP	2013-07-04, 10:49:36	94191.79365691
DATA_INCLUDED	6D
BODY_NAMES	Ice 1	Ice 2
Frame	Time	Ice 1 X	Y	Z	Roll	Pitch	Yaw	Residual	Rot[0]	Rot[1]	Rot[2]	Rot[3]	Rot[4]	Rot[5]	Rot[6]	Rot[7]	Rot[8]	Ice 2 X	Y	Z	Roll	Pitch	Yaw	Residual	Rot[0]	Rot[1]	Rot[2]	Rot[3]	Rot[4]	Rot[5]	Rot[6]	Rot[7]	Rot[8]	
1	0.00500	96.23846	-242.97719	-0.50556	0.99206	0.23238	6.14189	1.03052	0.99425	-0.10699	-0.00406	0.10704	0.99410	0.01731	0.00218	-0.01765	0.99984		-116.13063	-244.18075	0.37242	0.31074	0.42380	-0.12406	0.40064	0.99997	0.00217	-0.00740	-0.00213	0.99998	0.00542	0.00741	-0.00541	0.99996	
2	0.01000	96.13242	-242.97744	-0.52113	0.96061	0.25353	6.13356	1.02518	0.99427	-0.10685	-0.00442	0.10691	0.99413	0.01676	0.00261	-0.01714	0.99985		-116.24116	-244.20769	0.40231	0.29857	0.43856	-0.12203	0.33898	0.99997	0.00213	-0.00765	-0.00209	0.99998	0.00521	0.00767	-0.00519	0.99996	
3	0.01500	96.18555	-243.07874	-0.56949	0.92168	0.25389	6.15310	1.00971	0.99423	-0.10718	-0.00443	0.10724	0.99410	0.01609	0.00268	-0.01647	0.99986		-116.23768	-244.24481	0.41918	0.28507	0.44107	-0.12108	0.35371	0.99997	0.00211	-0.00770	-0.00207	0.99999	0.00498	0.00771	-0.00496	0.99996	
4	0.02000	96.19468	-243.10425	-0.58030	0.89200	0.25357	6.14776	0.99954	0.99424	-0.10709	-0.00443	0.10715	0.99412	0.01557	0.00273	-0.01595	0.99987		-116.66664	-244.20965	0.66810	0.28854	0.53140	-0.13317	0.29981	0.99995	0.00232	-0.00927	-0.00228	0.99998	0.00504	0.00929	-0.00501	0.99994	
5	0.02500	96.15756	-243.13805	-0.59711	0.86285	0.25840	6.15533	1.00652	0.99422	-0.10722	-0.00451	0.10728	0.99411	0.01506	0.00287	-0.01546	0.99988		-116.25574	-244.28323	0.46192	0.26227	0.44108	-0.11767	0.35344	0.99997	0.00205	-0.00770	-0.00202	0.99999	0.00458	0.00771	-0.00456	0.99996	
6	0.03000	96.19447	-243.19535	-0.61777	0.82964	0.25810	6.14727	0.98885	0.99424	-0.10708	-0.00450	0.10714	0.99414	0.01448	0.00293	-0.01488	0.99989		-116.24947	-244.32954	0.47879	0.24545	0.44086	-0.11802	0.33509	0.99997	0.00206	-0.00769	-0.00203	0.99999	0.00428	0.00770	-0.00427	0.99996	
7	0.03500	96.18081	-243.21408	-0.64623	0.80484	0.25348	6.14735	1.00013	0.99424	-0.10708	-0.00442	0.10714	0.99415	0.01405	0.00289	-0.01444	0.99989		-116.29417	-244.35665	0.49638	0.23148	0.44553	-0.11902	0.34827	0.99997	0.00208	-0.00778	-0.00205	0.99999	0.00404	0.00778	-0.00402	0.99996	
8	0.04000	96.19792	-243.24235	-0.66095	0.77324	0.25469	6.14813	1.00726	0.99424	-0.10710	-0.00445	0.10715	0.99415	0.01350	0.00297	-0.01389	0.99990		-116.27901	-244.39155	0.53457	0.21390	0.44159	-0.11147	0.33917	0.99997	0.00195	-0.00771	-0.00192	0.99999	0.00373	0.00771	-0.00372	0.99996	
9	0.04500	96.14876	-243.27055	-0.67220	0.74216	0.25539	6.14884	1.01360	0.99424	-0.10711	-0.00446	0.10716	0.99416	0.01295	0.00304	-0.01336	0.99991		-116.28579	-244.43106	0.55610	0.19630	0.44016	-0.11344	0.33306	0.99997	0.00198	-0.00768	-0.00195	0.99999	0.00343	0.00769	-0.00341	0.99996	
10	0.05000	96.15517	-243.30444	-0.69521	0.71373	0.25365	6.14781	1.02165	0.99424	-0.10709	-0.00443	0.10714	0.99417	0.01246	0.00307	-0.01286	0.99991		-116.29308	-244.46658	0.56505	0.17864	0.44123	-0.11094	0.33911	0.99997	0.00194	-0.00770	-0.00191	0.99999	0.00312	0.00771	-0.00310	0.99997	
11	0.05500	96.07430	-243.46469	-0.70211	0.67659	0.24155	6.13435	0.99728	0.99427	-0.10686	-0.00422	0.10690	0.99420	0.01181	0.00293	-0.01219	0.99992		-116.34336	-244.51177	0.59171	0.15599	0.44323	-0.10223	0.34486	0.99997	0.00178	-0.00774	-0.00176	0.99999	0.00272	0.00774	-0.00271	0.99997	
12	0.06000	96.05419	-243.52058	-0.72445	0.64471	0.24351	6.12973	0.99552	0.99427	-0.10678	-0.00425	0.10682	0.99421	0.01125	0.00302	-0.01164	0.99993		-116.34070	-244.56383	0.62578	0.13369	0.44473	-0.10183	0.34721	0.99997	0.00178	-0.00776	-0.00176	1.00000	0.00233	0.00777	-0.00232	0.99997	
13	0.06500	96.03354	-243.57077	-0.74376	0.61023	0.24072	6.12841	0.99995	0.99428	-0.10676	-0.00420	0.10680	0.99422	0.01065	0.00304	-0.01104	0.99993		-116.33891	-244.60431	0.65170	0.11582	0.44135	-0.10357	0.34314	0.99997	0.00181	-0.00770	-0.00179	1.00000	0.00202	0.00771	-0.00201	0.99997	
14	0.07000	96.01175	-243.62164	-0.78213	0.57969	0.23792	6.13214	0.98584	0.99427	-0.10682	-0.00415	0.10686	0.99422	0.01012	0.00305	-0.01050	0.99994		-116.35816	-244.65770	0.66550	0.09169	0.44096	-0.09825	0.34099	0.99997	0.00171	-0.00770	-0.00170	1.00000	0.00160	0.00770	-0.00159	0.99997	
15	0.07500	96.09107	-243.71028	-0.80302	0.54052	0.23687	6.15287	0.98508	0.99423	-0.10718	-0.00413	0.10722	0.99419	0.00943	0.00310	-0.00982	0.99995		-116.32342	-244.70620	0.70376	0.06731	0.43817	-0.09984	0.34398	0.99997	0.00174	-0.00765	-0.00173	1.00000	0.00117	0.00765	-0.00116	0.99997	
16	0.08000	96.10868	-243.74827	-0.82305	0.50891	0.23339	6.14992	0.97847	0.99424	-0.10713	-0.00407	0.10716	0.99420	0.00888	0.00310	-0.00927	0.99995		-116.33090	-244.77465	0.72191	0.04090	0.43713	-0.09421	0.35823	0.99997	0.00164	-0.00763	-0.00164	1.00000	0.00071	0.00763	-0.00070	0.99997	
17	0.08500	96.07858	-243.78604	-0.83053	0.48024	0.23117	6.15060	0.98809	0.99424	-0.10714	-0.00403	0.10717	0.99421	0.00838	0.00311	-0.00877	0.99996		-116.34165	-244.80930	0.75640	0.01822	0.43800	-0.09820	0.35405	0.99997	0.00171	-0.00764	-0.00171	1.00000	0.00032	0.00765	-0.00030	0.99997	
18	0.09000	96.09537	-243.85200	-0.84066	0.44670	0.22585	6.14574	0.96479	0.99425	-0.10706	-0.00394	0.10709	0.99422	0.00780	0.00308	-0.00817	0.99996		-116.33672	-244.87867	0.77018	-0.00802	0.43878	-0.09437	0.37629	0.99997	0.00165	-0.00766	-0.00165	1.00000	-0.00014	0.00766	0.00015	0.99997	
19	0.09500	96.12391	-243.86884	-0.86988	0.41980	0.21912	6.14793	0.98218	0.99424	-0.10709	-0.00382	0.10712	0.99422	0.00733	0.00302	-0.00769	0.99997		-116.31883	-244.93479	0.79205	-0.03322	0.43730	-0.09599	0.36442	0.99997	0.00168	-0.00763	-0.00168	1.00000	-0.00058	0.00763	0.00059	0.99997	
20	0.10000	96.08397	-243.91392	-0.90464	0.39188	0.21674	6.14470	0.97549	0.99425	-0.10704	-0.00378	0.10706	0.99423	0.00684	0.00303	-0.00721	0.99997		-116.35111	-244.96318	0.80954	-0.05245	0.44242	-0.09913	0.35283	0.99997	0.00173	-0.00772	-0.00174	1.00000	-0.00092	0.00772	0.00093	0.99997	
21	0.10500	96.11294	-243.94488	-0.92009	0.36632	0.21106	6.14426	0.97901	0.99425	-0.10703	-0.00368	0.10705	0.99423	0.00639	0.00298	-0.00675	0.99997		-116.34276	-245.02293	0.83578	-0.07975	0.44081	-0.09526	0.34195	0.99997	0.00166	-0.00769	-0.00167	1.00000	-0.00139	0.00769	0.00140	0.99997	
22	0.11000	96.12790	-243.98795	-0.95102	0.33909	0.20181	6.13883	0.98949	0.99426	-0.10694	-0.00352	0.10696	0.99425	0.00592	0.00287	-0.00626	0.99998		-116.37139	-245.09536	0.84165	-0.10590	0.44674	-0.09069	0.34658	0.99997	0.00158	-0.00780	-0.00160	1.00000	-0.00185	0.00779	0.00186	0.99997	
23	0.11500	96.08007	-244.02724	-0.97826	0.31216	0.20079	6.13785	0.98140	0.99426	-0.10692	-0.00350	0.10694	0.99425	0.00545	0.00290	-0.00579	0.99998		-116.38691	-245.13012	0.85970	-0.12859	0.44872	-0.09218	0.36107	0.99997	0.00161	-0.00783	-0.00163	1.00000	-0.00224	0.00783	0.00226	0.99997	
24	0.12000	96.09939	-244.06079	-0.99002	0.28684	0.19588	6.13659	0.97708	0.99426	-0.10690	-0.00342	0.10691	0.99426	0.00501	0.00286	-0.00534	0.99998		-116.37085	-245.19933	0.86051	-0.15231	0.45119	-0.09431	0.35330	0.99997	0.00165	-0.00787	-0.00167	1.00000	-0.00266	0.00787	0.00267	0.99997	
25	0.12500	96.09303	-244.10297	-1.02110	0.26054	0.18846	6.13601	0.99359	0.99427	-0.10689	-0.00329	0.10690	0.99426	0.00455	0.00278	-0.00487	0.99998		-116.41194	-245.25501	0.89609	-0.17832	0.45354	-0.08325	0.35389	0.99997	0.00145	-0.00792	-0.00148	0.99999	-0.00311	0.00791	0.00312	0.99996	
26	0.13000	96.09592	-244.12993	-1.04811	0.23864	0.18256	6.14129	0.99526	0.99426	-0.10698	-0.00319	0.10699	0.99425	0.00417	0.00272	-0.00448	0.99999		-116.41763	-245.31617	0.91054	-0.20504	0.45249	-0.08199	0.36817	0.99997	0.00143	-0.00790	-0.00146	0.99999	-0.00358	0.00789	0.00359	0.99996	
27	0.13500	96.11278	-244.17778	-1.06009	0.21628	0.17441	6.13694	0.98728	0.99426	-0.10690	-0.00304	0.10692	0.99426	0.00377	0.00262	-0.00408	0.99999		-116.40969	-245.39463	0.92011	-0.23090	0.45697	-0.08009	0.36184	0.99997	0.00140	-0.00798	-0.00143	0.99999	-0.00403	0.00797	0.00404	0.99996	
28	0.14000	96.11606	-244.24738	-1.06373	0.18599	0.16679	6.14440	0.98840	0.99425	-0.10703	-0.00291	0.10704	0.99425	0.00325	0.00255	-0.00354	0.99999		-116.41474	-245.44749	0.93856	-0.25576	0.45593	-0.07732	0.35552	0.99997	0.00135	-0.00796	-0.00139	0.99999	-0.00446	0.00795	0.00447	0.99996	
29	0.14500	96.20447	-244.32584	-1.11670	0.15899	0.15757	6.15390	0.97672	0.99423	-0.10720	-0.00275	0.10721	0.99423	0.00277	0.00244	-0.00305	0.99999		-116.46048	-245.49752	0.96104	-0.27789	0.46389	-0.07813	0.34470	0.99997	0.00136	-0.00810	-0.00140	0.99999	-0.00485	0.00809	0.00486	0.99996	
30	0.15000	96.20489	-244.35820	-1.11927	0.14001	0.15472	6.15192	0.97194	0.99424	-0.10716	-0.00270	0.10717	0.99424	0.00244	0.00242	-0.00272	0.99999		-116.44942	-245.56540	0.97544	-0.30284	0.46091	-0.07887	0.35711	0.99997	0.00138	-0.00804	-0.00142	0.99998	-0.00529	0.00804	0.00530	0.99995	
31	0.15500	96.20545	-244.40272	-1.12949	0.12068	0.14886	6.15106	0.97079	0.99424	-0.10715	-0.00260	0.10716	0.99424	0.00211	0.00236	-0.00237	0.99999		-116.42246	-245.61666	0.99332	-0.32998	0.45991	-0.07706	0.35296	0.99997	0.00134	-0.00803	-0.00139	0.99998	-0.00576	0.00802	0.00577	0.99995	
32	0.16000	96.19804	-244.41497	-1.14733	0.10694	0.14283	6.15183	0.97002	0.99424	-0.10716	-0.00249	0.10717	0.99424	0.00187	0.00228	-0.00212	1.00000		-116.39194	-245.67493	1.01131	-0.35125	0.45923	-0.07542	0.34935	0.99997	0.00132	-0.00802	-0.00137	0.99998	-0.00613	0.00801	0.00614	0.99995	
33	0.16500	96.22351	-244.45895	-1.16085	0.08920	0.13269	6.15465	0.97461	0.99423	-0.10721	-0.00232	0.10722	0.99423	0.00156	0.00214	-0.00180	1.00000		-116.40500	-245.75357	1.02172	-0.37664	0.46130	-0.07636	0.33730	0.99997	0.00133	-0.00805	-0.00139	0.99998	-0.00657	0.00804	0.00658	0.99995	
34	0.17000	96.20816	-244.49257	-1.18903	0.07538	0.12643	6.15106	0.97324	0.99424	-0.10715	-0.00221	0.10715	0.99424	0.00132	0.00205	-0.00154	1.00000		-116.43022	-245.79637	1.03200	-0.39822	0.46247	-0.07683	0.33859	0.99997	0.00134	-0.00807	-0.00140	0.99997	-0.00695	0.00806	0.00696	0.99994	
35	0.17500	96.24700	-244.51122	-1.19560	0.06237	0.11602	6.14940	0.97634	0.99424	-0.10712	-0.00202	0.10712	0.99425	0.00109	0.00190	-0.00130	1.00000		-116.38276	-245.85568	1.03289	-0.42036	0.46495	-0.07285	0.35298	0.99997	0.00127	-0.00811	-0.00133	0.99997	-0.00734	0.00811	0.00735	0.99994	
36	0.18000	96.27485	-244.53430	-1.21064	0.05384	0.10725	6.14626	0.97093	0.99425	-0.10707	-0.00187	0.10707	0.99425	0.00094	0.00176	-0.00113	1.00000		-116.37840	-245.91661	1.05117	-0.44254	0.46557	-0.07536	0.35447	0.99997	0.00132	-0.00813	-0.00138	0.99997	-0.00772	0.00812	0.00773	0.99994	
37	0.18500	96.26701	-244.56219	-1.23219	0.04105	0.09893	6.14734	0.96945	0.99425	-0.10709	-0.00173	0.10709	0.99425	0.00072	0.00164	-0.00090	1.00000		-116.38206	-245.97738	1.04448	-0.46469	0.46798	-0.07217	0.33732	0.99997	0.00126	-0.00817	-0.00133	0.99997	-0.00811	0.00816	0.00812	0.99993	
38	0.19000	96.27952	-244.58681	-1.24098	0.03290	0.09016	6.15135	0.97271	0.99424	-0.10716	-0.00157	0.10716	0.99424	0.00057	0.00150	-0.00074	1.00000		-116.39230	-246.03042	1.05442	-0.48215	0.46898	-0.07505	0.34384	0.99997	0.00131	-0.00819	-0.00138	0.99996	-0.00841	0.00817	0.00843	0.99993	
39	0.19500	96.25645	-244.62855	-1.24218	0.02378	0.08659	6.14652	0.97014	0.99425	-0.10707	-0.00151	0.10707	0.99425	0.00042	0.00146	-0.00057	1.00000		-116.40398	-246.07773	1.05581	-0.50128	0.47324	-0.07247	0.32450	0.99997	0.00126	-0.00826	-0.00134	0.99996	-0.00875	0.00825	0.00876	0.99993	
40	0.20000	96.27966	-244.62232	-1.27073	0.02352	0.07612	6.14519	0.96705	0.99425	-0.10705	-0.00133	0.10705	0.99425	0.00041	0.00128	-0.00055	1.00000		-116.41139	-246.13556	1.03236	-0.51937	0.47834	-0.07450	0.34304	0.99996	0.00130	-0.00835	-0.00138	0.99996	-0.00906	0.00834	0.00908	0.99992	
41	0.20500	96.29922	-244.65069	-1.28691	0.01884	0.06585	6.14103	0.97856	0.99426	-0.10698	-0.00115	0.10698	0.99426	0.00033	0.00111	-0.00045	1.00000		-116.41746	-246.19956	1.03369	-0.53899	0.48290	-0.07373	0.33590	0.99996	0.00129	-0.00843	-0.00137	0.99995	-0.00941	0.00842	0.00942	0.99992	
42	0.21000	96.29291	-244.67079	-1.29107	0.01698	0.06125	6.15118	0.98068	0.99424	-0.10715	-0.00107	0.10715	0.99424	0.00030	0.00103	-0.00041	1.00000		-116.40679	-246.25198	1.03108	-0.55817	0.48398	-0.06631	0.33202	0.99996	0.00116	-0.00845	-0.00124	0.99995	-0.00974	0.00844	0.00975	0.99992	
43	0.21500	96.29097	-244.69014	-1.30022	0.01522	0.05006	6.14962	0.96671	0.99425	-0.10713	-0.00087	0.10713	0.99425	0.00027	0.00084	-0.00036	1.00000		-116.38529	-246.31615	1.03207	-0.57545	0.48666	-0.06568	0.31889	0.99996	0.00115	-0.00849	-0.00123	0.99995	-0.01004	0.00848	0.01005	0.99991	
44	0.22000	96.29064	-244.73168	-1.30621	0.01333	0.04301	6.14249	0.97961	0.99426	-0.10700	-0.00075	0.10700	0.99426	0.00023	0.00072	-0.00031	1.00000		-116.40580	-246.37364	1.01703	-0.59180	0.48956	-0.06893	0.32364	0.99996	0.00120	-0.00854	-0.00129	0.99995	-0.01033	0.00853	0.01034	0.99991	
45	0.22500	96.32000	-244.72223	-1.31104	0.01637	0.03286	6.14598	0.98276	0.99425	-0.10706	-0.00057	0.10706	0.99425	0.00029	0.00054	-0.00035	1.00000		-116.41218	-246.41319	1.02653	-0.60793	0.49480	-0.06594	0.31772	0.99996	0.00115	-0.00864	-0.00124	0.99994	-0.01061	0.00862	0.01062	0.99991	
46	0.23000	96.34797	-244.73388	-1.31259	0.01790	0.02667	6.14232	0.96377	0.99426	-0.10700	-0.00047	0.10700	0.99426	0.00031	0.00043	-0.00036	1.00000		-116.41290	-246.48006	1.03235	-0.62408	0.49746	-0.06641	0.33278	0.99996	0.00116	-0.00868	-0.00125	0.99994	-0.01089	0.00867	0.01090	0.99990	
47	0.23500	96.34045	-244.74492	-1.30931	0.02167	0.01928	6.14684	0.98241	0.99425	-0.10708	-0.00034	0.10708	0.99425	0.00038	0.00029	-0.00041	1.00000		-116.42438	-246.51890	1.01254	-0.63694	0.50096	-0.07027	0.33541	0.99996	0.00123	-0.00874	-0.00132	0.99994	-0.01112	0.00873	0.01113	0.99990	
48	0.24000	96.33811	-244.76544	-1.33067	0.02665	0.00888	6.14329	0.97902	0.99426	-0.10702	-0.00016	0.10702	0.99426	0.00047	0.00010	-0.00048	1.00000		-116.38784	-246.57377	1.01314	-0.65101	0.50208	-0.06640	0.31233	0.99996	0.00116	-0.00876	-0.00126	0.99993	-0.01136	0.00875	0.01137	0.99990	
49	0.24500	96.34982	-244.76496	-1.33315	0.03618	-0.00089	6.14064	0.97525	0.99426	-0.10697	0.00002	0.10697	0.99426	0.00063	-0.00008	-0.00063	1.00000		-116.38512	-246.62081	1.01460	-0.66588	0.50214	-0.06503	0.31588	0.99996	0.00113	-0.00876	-0.00124	0.99993	-0.01162	0.00875	0.01163	0.99989	
50	0.25000	96.39580	-244.80407	-1.33446	0.04102	-0.01391	6.14041	0.98017	0.99426	-0.10697	0.00024	0.10697	0.99426	0.00072	-0.00032	-0.00069	1.00000		-116.41182	-246.68600	1.00414	-0.67906	0.50306	-0.06111	0.32821	0.99996	0.00107	-0.00878	-0.00117	0.99993	-0.01185	0.00877	0.01186	0.99989	
51	0.25500	96.39020	-244.81441	-1.32769	0.05072	-0.02104	6.13805	0.96129	0.99427	-0.10692	0.00037	0.10692	0.99427	0.00089	-0.00046	-0.00084	1.00000		-116.42525	-246.73597	1.00567	-0.69260	0.50634	-0.05921	0.34471	0.99996	0.00103	-0.00884	-0.00114	0.99993	-0.01209	0.00882	0.01210	0.99989	
52	0.26000	96.41010	-244.79199	-1.33192	0.06474	-0.02600	6.13459	0.96423	0.99427	-0.10686	0.00045	0.10686	0.99427	0.00113	-0.00057	-0.00107	1.00000		-116.39646	-246.78014	0.99392	-0.70435	0.50486	-0.06102	0.33828	0.99996	0.00106	-0.00881	-0.00117	0.99992	-0.01229	0.00880	0.01230	0.99989	
53	0.26500	96.41283	-244.82627	-1.34024	0.07132	-0.03212	6.13441	0.96019	0.99427	-0.10686	0.00056	0.10686	0.99427	0.00124	-0.00069	-0.00118	1.00000		-116.38470	-246.82416	0.99060	-0.71328	0.50404	-0.05601	0.33248	0.99996	0.00098	-0.00880	-0.00109	0.99992	-0.01245	0.00878	0.01246	0.99988	
54	0.27000	96.37151	-244.81218	-1.32759	0.08450	-0.03390	6.13439	0.96045	0.99427	-0.10686	0.00059	0.10686	0.99427	0.00147	-0.00075	-0.00140	1.00000		-116.38713	-246.86252	0.97108	-0.72529	0.50272	-0.05495	0.32189	0.99996	0.00096	-0.00877	-0.00107	0.99992	-0.01266	0.00876	0.01267	0.99988	
55	0.27500	96.40683	-244.82433	-1.32675	0.09907	-0.04816	6.12930	0.95849	0.99428	-0.10677	0.00084	0.10677	0.99428	0.00173	-0.00102	-0.00163	1.00000		-116.37049	-246.92515	0.97186	-0.73479	0.50744	-0.05452	0.34090	0.99996	0.00095	-0.00886	-0.00106	0.99992	-0.01282	0.00884	0.01283	0.99988	
56	0.28000	96.40639	-244.83528	-1.31918	0.11279	-0.05266	6.12645	0.94797	0.99429	-0.10672	0.00092	0.10672	0.99429	0.00197	-0.00112	-0.00186	1.00000		-116.36457	-246.95475	0.94315	-0.74150	0.50594	-0.05437	0.32183	0.99996	0.00095	-0.00883	-0.00106	0.99992	-0.01294	0.00882	0.01295	0.99988	
57	0.28500	96.37358	-244.78224	-1.28658	0.13731	-0.05943	6.11365	0.98640	0.99431	-0.10650	0.00104	0.10650	0.99431	0.00240	-0.00129	-0.00227	1.00000		-116.38293	-246.96782	0.93107	-0.74442	0.51025	-0.05654	0.32242	0.99996	0.00099	-0.00891	-0.00110	0.99991	-0.01299	0.00889	0.01300	0.99988	
58	0.29000	96.35663	-244.79016	-1.29087	0.15250	-0.06796	6.11206	0.96951	0.99431	-0.10647	0.00119	0.10647	0.99431	0.00266	-0.00146	-0.00252	1.00000		-116.33720	-247.01789	0.91089	-0.75520	0.50892	-0.05401	0.34331	0.99996	0.00094	-0.00888	-0.00106	0.99991	-0.01318	0.00887	0.01319	0.99987	
59	0.29500	96.43592	-244.80182	-1.28786	0.17044	-0.08266	6.10765	0.97824	0.99432	-0.10640	0.00144	0.10639	0.99432	0.00297	-0.00175	-0.00280	0.99999		-116.30158	-247.06702	0.90776	-0.76529	0.50272	-0.05116	0.32460	0.99996	0.00089	-0.00877	-0.00101	0.99991	-0.01336	0.00876	0.01336	0.99987	
60	0.30000	96.37931	-244.77544	-1.27170	0.18917	-0.08005	6.11060	0.97691	0.99432	-0.10645	0.00140	0.10644	0.99431	0.00330	-0.00174	-0.00313	0.99999		-116.33718	-247.09965	0.88348	-0.76974	0.50777	-0.05179	0.34352	0.99996	0.00090	-0.00886	-0.00102	0.99991	-0.01343	0.00885	0.01344	0.99987	
61	0.30500	96.42879	-244.75817	-1.26925	0.21000	-0.08764	6.11623	0.97535	0.99431	-0.10655	0.00153	0.10654	0.99430	0.00367	-0.00191	-0.00348	0.99999		-116.32492	-247.11966	0.86697	-0.77184	0.50944	-0.05384	0.33791	0.99996	0.00094	-0.00889	-0.00106	0.99991	-0.01347	0.00888	0.01348	0.99987	
62	0.31000	96.45825	-244.74590	-1.27260	0.22926	-0.09447	6.11210	0.98437	0.99431	-0.10647	0.00165	0.10647	0.99431	0.00400	-0.00207	-0.00380	0.99999		-116.31783	-247.15755	0.84694	-0.77757	0.50464	-0.05092	0.32500	0.99996	0.00089	-0.00881	-0.00101	0.99991	-0.01357	0.00879	0.01358	0.99987	
63	0.31500	96.43782	-244.75393	-1.24693	0.24783	-0.09745	6.11006	0.96941	0.99432	-0.10644	0.00170	0.10643	0.99431	0.00433	-0.00215	-0.00412	0.99999		-116.31761	-247.18361	0.83084	-0.78435	0.50704	-0.05008	0.33885	0.99996	0.00087	-0.00885	-0.00100	0.99991	-0.01369	0.00884	0.01370	0.99987	
64	0.32000	96.43256	-244.73797	-1.22114	0.27088	-0.10265	6.10957	0.99198	0.99432	-0.10643	0.00179	0.10642	0.99431	0.00473	-0.00228	-0.00451	0.99999		-116.28466	-247.20517	0.80934	-0.78240	0.50758	-0.05206	0.33749	0.99996	0.00091	-0.00886	-0.00103	0.99991	-0.01365	0.00885	0.01366	0.99987	
65	0.32500	96.46852	-244.71845	-1.23824	0.29267	-0.10819	6.11543	0.97189	0.99431	-0.10653	0.00189	0.10652	0.99430	0.00511	-0.00242	-0.00488	0.99999		-116.31119	-247.20532	0.78880	-0.78271	0.50902	-0.05113	0.32908	0.99996	0.00089	-0.00888	-0.00101	0.99991	-0.01366	0.00887	0.01367	0.99987	
66	0.33000	96.46266	-244.70897	-1.23789	0.31434	-0.10743	6.11412	0.97311	0.99431	-0.10651	0.00188	0.10650	0.99430	0.00549	-0.00245	-0.00526	0.99998		-116.29579	-247.23981	0.76424	-0.78636	0.50444	-0.05208	0.33187	0.99996	0.00091	-0.00880	-0.00103	0.99991	-0.01372	0.00879	0.01373	0.99987	
67	0.33500	96.46475	-244.70724	-1.22359	0.33641	-0.10935	6.10832	0.95515	0.99432	-0.10641	0.00191	0.10640	0.99431	0.00587	-0.00252	-0.00564	0.99998		-116.26164	-247.26140	0.73937	-0.78979	0.50335	-0.04676	0.33908	0.99996	0.00082	-0.00878	-0.00094	0.99990	-0.01378	0.00877	0.01379	0.99987	
68	0.34000	96.41799	-244.69195	-1.21077	0.35591	-0.10434	6.11399	0.96944	0.99431	-0.10651	0.00182	0.10649	0.99429	0.00621	-0.00247	-0.00598	0.99998		-116.28113	-247.27851	0.71492	-0.79189	0.50274	-0.05000	0.32913	0.99996	0.00087	-0.00877	-0.00099	0.99990	-0.01382	0.00876	0.01383	0.99987	
69	0.34500	96.43224	-244.67371	-1.21832	0.38143	-0.10600	6.11066	0.95809	0.99432	-0.10645	0.00185	0.10643	0.99430	0.00666	-0.00255	-0.00642	0.99998		-116.25131	-247.30195	0.70163	-0.78827	0.50347	-0.05140	0.34742	0.99996	0.00090	-0.00879	-0.00102	0.99990	-0.01376	0.00877	0.01377	0.99987	
70	0.35000	96.43714	-244.65521	-1.20423	0.40508	-0.10588	6.11719	0.96540	0.99430	-0.10656	0.00185	0.10655	0.99428	0.00707	-0.00259	-0.00683	0.99997		-116.25776	-247.30284	0.66018	-0.78878	0.50017	-0.04943	0.33868	0.99996	0.00086	-0.00873	-0.00098	0.99990	-0.01377	0.00872	0.01377	0.99987	
71	0.35500	96.43148	-244.63942	-1.21470	0.42752	-0.10964	6.11445	0.97649	0.99431	-0.10651	0.00191	0.10650	0.99428	0.00746	-0.00270	-0.00722	0.99997		-116.23557	-247.30789	0.63462	-0.78540	0.49894	-0.04872	0.33204	0.99996	0.00085	-0.00871	-0.00097	0.99991	-0.01371	0.00870	0.01371	0.99987	
72	0.36000	96.46453	-244.61725	-1.18790	0.44945	-0.10577	6.10828	0.95336	0.99432	-0.10641	0.00185	0.10639	0.99429	0.00784	-0.00267	-0.00760	0.99997		-116.22135	-247.32077	0.60537	-0.78197	0.49457	-0.05621	0.35523	0.99996	0.00098	-0.00863	-0.00110	0.99991	-0.01365	0.00862	0.01366	0.99987	
73	0.36500	96.39734	-244.60339	-1.19136	0.47157	-0.09913	6.10777	0.95887	0.99432	-0.10640	0.00173	0.10638	0.99429	0.00823	-0.00260	-0.00800	0.99996		-116.24671	-247.32642	0.58911	-0.78073	0.49246	-0.05076	0.34870	0.99996	0.00089	-0.00859	-0.00100	0.99991	-0.01363	0.00858	0.01363	0.99987	
74	0.37000	96.36401	-244.56487	-1.14706	0.50011	-0.10515	6.09030	0.98291	0.99435	-0.10610	0.00184	0.10608	0.99432	0.00873	-0.00275	-0.00848	0.99996		-116.16495	-247.32957	0.55862	-0.77836	0.48726	-0.04810	0.34111	0.99996	0.00084	-0.00850	-0.00096	0.99991	-0.01358	0.00849	0.01359	0.99987	
75	0.37500	96.39294	-244.52870	-1.12555	0.52326	-0.10058	6.09416	0.99432	0.99435	-0.10616	0.00176	0.10614	0.99431	0.00913	-0.00272	-0.00889	0.99996		-116.18521	-247.33190	0.53407	-0.77627	0.48418	-0.05067	0.33997	0.99996	0.00088	-0.00845	-0.00100	0.99991	-0.01355	0.00844	0.01356	0.99987	
76	0.38000	96.38014	-244.50354	-1.10864	0.54637	-0.09868	6.09254	0.97210	0.99435	-0.10613	0.00172	0.10611	0.99431	0.00954	-0.00272	-0.00930	0.99995		-116.21518	-247.32655	0.50060	-0.76914	0.48509	-0.04892	0.34808	0.99996	0.00085	-0.00847	-0.00097	0.99991	-0.01342	0.00845	0.01343	0.99987	
77	0.38500	96.41902	-244.49022	-1.08438	0.57080	-0.10266	6.09265	0.99651	0.99435	-0.10614	0.00179	0.10611	0.99430	0.00996	-0.00284	-0.00972	0.99995		-116.20355	-247.30276	0.47492	-0.76270	0.48007	-0.05415	0.33708	0.99996	0.00095	-0.00838	-0.00106	0.99991	-0.01331	0.00837	0.01332	0.99988	
78	0.39000	96.40232	-244.48891	-1.07684	0.58895	-0.09500	6.09207	0.98083	0.99435	-0.10613	0.00166	0.10610	0.99430	0.01028	-0.00274	-0.01004	0.99995		-116.16856	-247.29788	0.44448	-0.75591	0.47797	-0.05491	0.32309	0.99996	0.00096	-0.00834	-0.00107	0.99991	-0.01319	0.00833	0.01320	0.99988	
79	0.39500	96.41135	-244.44492	-1.08065	0.61206	-0.09249	6.09335	0.97996	0.99435	-0.10615	0.00161	0.10613	0.99430	0.01068	-0.00274	-0.01045	0.99994		-116.18005	-247.28169	0.41132	-0.75061	0.47095	-0.05801	0.33066	0.99997	0.00101	-0.00822	-0.00112	0.99991	-0.01310	0.00821	0.01311	0.99988	
80	0.40000	96.43718	-244.42059	-1.04683	0.63323	-0.08411	6.09180	0.97121	0.99435	-0.10612	0.00147	0.10610	0.99429	0.01105	-0.00263	-0.01083	0.99994		-116.13846	-247.26942	0.39771	-0.74422	0.46762	-0.05411	0.33530	0.99997	0.00094	-0.00816	-0.00105	0.99992	-0.01299	0.00815	0.01300	0.99988	
81	0.40500	96.40353	-244.41825	-1.02692	0.65165	-0.07688	6.09400	0.97582	0.99435	-0.10616	0.00134	0.10614	0.99429	0.01137	-0.00254	-0.01117	0.99993		-116.15148	-247.27068	0.35991	-0.73735	0.46694	-0.05658	0.32554	0.99997	0.00099	-0.00815	-0.00109	0.99992	-0.01287	0.00814	0.01288	0.99988	
82	0.41000	96.38689	-244.38847	-1.03819	0.67356	-0.07131	6.09109	0.97006	0.99435	-0.10611	0.00124	0.10609	0.99429	0.01176	-0.00248	-0.01156	0.99993		-116.13589	-247.24595	0.33853	-0.72988	0.45837	-0.06025	0.33435	0.99997	0.00105	-0.00800	-0.00115	0.99992	-0.01274	0.00799	0.01275	0.99989	
83	0.41500	96.43189	-244.36568	-1.01374	0.69357	-0.06601	6.09324	0.96718	0.99435	-0.10615	0.00115	0.10613	0.99428	0.01210	-0.00243	-0.01191	0.99993		-116.10504	-247.24308	0.31301	-0.72393	0.45243	-0.05680	0.33367	0.99997	0.00099	-0.00790	-0.00109	0.99992	-0.01263	0.00788	0.01264	0.99989	
84	0.42000	96.38773	-244.34366	-1.00148	0.71069	-0.05579	6.09431	0.96800	0.99435	-0.10617	0.00097	0.10615	0.99427	0.01240	-0.00228	-0.01223	0.99992		-116.11834	-247.21637	0.27910	-0.71394	0.44998	-0.05504	0.32788	0.99997	0.00096	-0.00785	-0.00106	0.99992	-0.01246	0.00784	0.01247	0.99989	
85	0.42500	96.40322	-244.31090	-1.01395	0.72985	-0.05211	6.09302	0.96175	0.99435	-0.10614	0.00091	0.10612	0.99427	0.01274	-0.00226	-0.01257	0.99992		-116.10326	-247.21938	0.24597	-0.70997	0.43824	-0.05336	0.32551	0.99997	0.00093	-0.00765	-0.00103	0.99992	-0.01239	0.00764	0.01240	0.99989	
86	0.43000	96.40843	-244.29946	-0.98122	0.74619	-0.04348	6.09191	0.96336	0.99435	-0.10612	0.00076	0.10610	0.99427	0.01302	-0.00214	-0.01287	0.99991		-116.06603	-247.18350	0.22365	-0.69724	0.43365	-0.05568	0.33787	0.99997	0.00097	-0.00757	-0.00106	0.99993	-0.01217	0.00756	0.01218	0.99990	
87	0.43500	96.39422	-244.28416	-0.98299	0.76213	-0.03335	6.09437	0.96720	0.99435	-0.10617	0.00058	0.10615	0.99426	0.01330	-0.00199	-0.01316	0.99991		-116.07526	-247.16696	0.19877	-0.68987	0.42578	-0.05906	0.34620	0.99997	0.00103	-0.00743	-0.00112	0.99993	-0.01204	0.00742	0.01205	0.99990	
88	0.44000	96.41965	-244.26002	-0.98207	0.77670	-0.02768	6.09043	0.95375	0.99436	-0.10610	0.00048	0.10608	0.99426	0.01356	-0.00192	-0.01343	0.99991		-116.05135	-247.15009	0.16466	-0.68184	0.41923	-0.05542	0.34680	0.99997	0.00097	-0.00732	-0.00105	0.99993	-0.01190	0.00730	0.01191	0.99990	
89	0.44500	96.38395	-244.24644	-0.95788	0.79047	-0.01481	6.09346	0.94647	0.99435	-0.10615	0.00026	0.10614	0.99426	0.01380	-0.00172	-0.01369	0.99990		-116.00374	-247.13466	0.13445	-0.67089	0.40912	-0.05535	0.34524	0.99997	0.00097	-0.00714	-0.00105	0.99993	-0.01171	0.00713	0.01172	0.99991	
90	0.45000	96.39812	-244.22733	-0.94724	0.80392	-0.00749	6.09075	0.95216	0.99436	-0.10610	0.00013	0.10609	0.99426	0.01403	-0.00162	-0.01394	0.99990		-116.01853	-247.11255	0.10496	-0.66203	0.40695	-0.05185	0.35608	0.99997	0.00090	-0.00710	-0.00099	0.99993	-0.01155	0.00709	0.01156	0.99991	
91	0.45500	96.36733	-244.20419	-0.92739	0.81785	0.00612	6.08536	0.94493	0.99437	-0.10601	-0.00011	0.10600	0.99426	0.01427	-0.00141	-0.01420	0.99990		-116.02537	-247.06856	0.08322	-0.64931	0.40095	-0.05520	0.33400	0.99998	0.00096	-0.00700	-0.00104	0.99994	-0.01133	0.00699	0.01134	0.99991	
92	0.46000	96.39799	-244.19697	-0.91545	0.82809	0.01235	6.09012	0.94258	0.99436	-0.10609	-0.00022	0.10608	0.99425	0.01445	-0.00132	-0.01439	0.99990		-116.50099	-246.99382	0.31658	-0.62198	0.50390	-0.06449	0.28397	0.99996	0.00113	-0.00879	-0.00122	0.99994	-0.01086	0.00878	0.01087	0.99990	
93	0.46500	96.35546	-244.18781	-0.90552	0.83731	0.02570	6.09062	0.95084	0.99436	-0.10610	-0.00045	0.10610	0.99425	0.01461	-0.00110	-0.01458	0.99989		-116.50245	-246.95947	0.28262	-0.60939	0.49610	-0.06692	0.30502	0.99996	0.00117	-0.00866	-0.00126	0.99994	-0.01064	0.00865	0.01065	0.99991	
94	0.47000	96.32146	-244.14883	-0.90487	0.85122	0.03940	6.09280	0.95931	0.99435	-0.10614	-0.00069	0.10614	0.99424	0.01486	-0.00089	-0.01485	0.99989		-115.97529	-246.98718	-0.00587	-0.61500	0.37198	-0.05383	0.35906	0.99998	0.00094	-0.00649	-0.00101	0.99994	-0.01073	0.00648	0.01074	0.99992	
95	0.47500	96.35799	-244.12306	-0.87779	0.86272	0.04127	6.08946	0.96100	0.99436	-0.10608	-0.00072	0.10608	0.99424	0.01506	-0.00088	-0.01505	0.99989		-115.94320	-246.96942	-0.02772	-0.60350	0.36562	-0.05295	0.34068	0.99998	0.00092	-0.00638	-0.00099	0.99994	-0.01053	0.00637	0.01054	0.99992	
96	0.48000	96.36742	-244.10297	-0.84585	0.86850	0.05540	6.08953	0.97481	0.99436	-0.10608	-0.00097	0.10608	0.99424	0.01516	-0.00065	-0.01517	0.99988		-115.96803	-246.92498	-0.07056	-0.58752	0.36511	-0.04894	0.34293	0.99998	0.00085	-0.00637	-0.00092	0.99995	-0.01025	0.00636	0.01026	0.99993	
97	0.48500	96.32457	-244.08285	-0.83092	0.87754	0.07188	6.09052	0.95842	0.99435	-0.10610	-0.00125	0.10611	0.99424	0.01532	-0.00038	-0.01536	0.99988		-115.95468	-246.90788	-0.08311	-0.57684	0.35362	-0.04794	0.34430	0.99998	0.00084	-0.00617	-0.00090	0.99995	-0.01007	0.00616	0.01007	0.99993	
98	0.49000	96.36185	-244.05687	-0.81385	0.88497	0.07872	6.08695	0.96880	0.99436	-0.10604	-0.00137	0.10605	0.99424	0.01544	-0.00027	-0.01550	0.99988		-115.92380	-246.88196	-0.11786	-0.56225	0.34952	-0.04953	0.35629	0.99998	0.00086	-0.00610	-0.00092	0.99995	-0.00981	0.00609	0.00982	0.99993	
99	0.49500	96.31595	-244.03965	-0.78960	0.88933	0.09414	6.09098	0.96678	0.99435	-0.10611	-0.00164	0.10612	0.99423	0.01552	-0.00001	-0.01561	0.99988		-115.92572	-246.79609	-0.15234	-0.54234	0.33812	-0.05204	0.34514	0.99998	0.00091	-0.00590	-0.00096	0.99995	-0.00947	0.00589	0.00947	0.99994	
100	0.50000	96.33992	-244.03542	-0.78404	0.89413	0.10343	6.08734	0.96997	0.99436	-0.10604	-0.00181	0.10606	0.99424	0.01560	0.00014	-0.01571	0.99988		-115.92898	-246.79522	-0.16495	-0.53208	0.33207	-0.05039	0.35823	0.99998	0.00088	-0.00580	-0.00093	0.99996	-0.00929	0.00579	0.00929	0.99994	
101	0.50500	96.31326	-244.00625	-0.77671	0.89778	0.11471	6.08724	0.96527	0.99436	-0.10604	-0.00200	0.10606	0.99424	0.01567	0.00033	-0.01579	0.99988		-115.91271	-246.73635	-0.19601	-0.51323	0.32968	-0.05379	0.35198	0.99998	0.00094	-0.00575	-0.00099	0.99996	-0.00896	0.00575	0.00896	0.99994	
102	0.51000	96.28599	-244.00428	-0.76357	0.90024	0.12647	6.08434	0.96065	0.99436	-0.10599	-0.00221	0.10601	0.99424	0.01571	0.00053	-0.01586	0.99987		-115.93129	-246.68734	-0.22970	-0.49561	0.32074	-0.05024	0.36000	0.99998	0.00088	-0.00560	-0.00093	0.99996	-0.00865	0.00559	0.00865	0.99995	
103	0.51500	96.32749	-243.99815	-0.76346	0.89937	0.13532	6.08842	0.96934	0.99436	-0.10606	-0.00236	0.10609	0.99423	0.01570	0.00068	-0.01586	0.99987		-115.94768	-246.65452	-0.23474	-0.47811	0.31764	-0.04992	0.36915	0.99998	0.00087	-0.00554	-0.00092	0.99996	-0.00834	0.00554	0.00835	0.99995	
104	0.52000	96.28991	-243.96208	-0.73456	0.90413	0.14806	6.09276	0.96699	0.99435	-0.10614	-0.00258	0.10617	0.99422	0.01578	0.00089	-0.01596	0.99987		-115.91449	-246.60895	-0.26083	-0.46346	0.30943	-0.05331	0.35324	0.99998	0.00093	-0.00540	-0.00097	0.99997	-0.00809	0.00539	0.00809	0.99995	
105	0.52500	96.28455	-243.97142	-0.75129	0.89861	0.15837	6.09547	0.96757	0.99434	-0.10618	-0.00276	0.10622	0.99422	0.01568	0.00108	-0.01589	0.99987		-115.92174	-246.56262	-0.27824	-0.44399	0.30240	-0.05364	0.35257	0.99999	0.00094	-0.00528	-0.00098	0.99997	-0.00775	0.00527	0.00775	0.99996	
106	0.53000	96.31892	-243.92708	-0.72106	0.90559	0.16258	6.09128	0.97067	0.99435	-0.10611	-0.00284	0.10614	0.99423	0.01580	0.00114	-0.01602	0.99987		-115.89960	-246.54019	-0.29985	-0.43059	0.29566	-0.05027	0.33644	0.99999	0.00088	-0.00516	-0.00092	0.99997	-0.00752	0.00515	0.00752	0.99996	
107	0.53500	96.29832	-243.92245	-0.68854	0.89890	0.17671	6.08632	0.96868	0.99436	-0.10603	-0.00308	0.10606	0.99424	0.01569	0.00140	-0.01593	0.99987		-115.91022	-246.47161	-0.32164	-0.41139	0.28788	-0.05193	0.33826	0.99999	0.00091	-0.00502	-0.00094	0.99997	-0.00718	0.00502	0.00718	0.99996	
108	0.54000	96.26749	-243.93175	-0.68102	0.89566	0.18792	6.09326	0.97424	0.99435	-0.10615	-0.00328	0.10619	0.99422	0.01563	0.00160	-0.01589	0.99987		-115.92110	-246.42497	-0.33542	-0.39031	0.28857	-0.05870	0.35509	0.99999	0.00102	-0.00504	-0.00106	0.99998	-0.00681	0.00503	0.00682	0.99996	
109	0.54500	96.29161	-243.89702	-0.66240	0.89426	0.19381	6.08458	0.96298	0.99436	-0.10600	-0.00338	0.10604	0.99424	0.01561	0.00171	-0.01588	0.99987		-115.87929	-246.39538	-0.35293	-0.37530	0.27710	-0.05170	0.34097	0.99999	0.00090	-0.00484	-0.00093	0.99998	-0.00655	0.00483	0.00655	0.99997	
110	0.55000	96.25413	-243.93423	-0.66409	0.88014	0.20614	6.09002	0.97836	0.99435	-0.10609	-0.00360	0.10613	0.99423	0.01536	0.00195	-0.01566	0.99988		-115.88099	-246.33887	-0.36670	-0.35530	0.27384	-0.05556	0.34389	0.99999	0.00097	-0.00478	-0.00100	0.99998	-0.00620	0.00477	0.00621	0.99997	
111	0.55500	96.24474	-243.91325	-0.65416	0.87702	0.21499	6.08764	0.97043	0.99435	-0.10605	-0.00375	0.10609	0.99424	0.01531	0.00211	-0.01562	0.99988		-115.89230	-246.28358	-0.38856	-0.33342	0.27261	-0.05832	0.35057	0.99999	0.00102	-0.00476	-0.00105	0.99998	-0.00582	0.00475	0.00582	0.99997	
112	0.56000	96.21889	-243.91109	-0.61964	0.86911	0.22335	6.09089	0.98567	0.99435	-0.10611	-0.00390	0.10615	0.99423	0.01517	0.00227	-0.01550	0.99988		-115.85153	-246.23269	-0.39422	-0.31437	0.26425	-0.05960	0.32994	0.99999	0.00104	-0.00461	-0.00107	0.99998	-0.00549	0.00461	0.00549	0.99997	
113	0.56500	96.21759	-243.91476	-0.60948	0.86033	0.23170	6.08557	0.95010	0.99436	-0.10601	-0.00404	0.10606	0.99425	0.01501	0.00243	-0.01536	0.99988		-115.87075	-246.18582	-0.41166	-0.29359	0.26207	-0.06325	0.33941	0.99999	0.00110	-0.00457	-0.00113	0.99999	-0.00512	0.00457	0.00513	0.99998	
114	0.57000	96.22438	-243.88499	-0.60404	0.85660	0.23641	6.08882	0.96596	0.99435	-0.10607	-0.00413	0.10612	0.99424	0.01495	0.00252	-0.01530	0.99988		-115.88254	-246.15150	-0.42485	-0.27574	0.25805	-0.06109	0.32900	0.99999	0.00107	-0.00450	-0.00109	0.99999	-0.00481	0.00450	0.00482	0.99998	
115	0.57500	96.25546	-243.88186	-0.57820	0.84555	0.23959	6.08742	0.96755	0.99435	-0.10604	-0.00418	0.10610	0.99425	0.01476	0.00259	-0.01512	0.99988		-115.88021	-246.12578	-0.42574	-0.25843	0.25746	-0.05618	0.33876	0.99999	0.00098	-0.00449	-0.00100	0.99999	-0.00451	0.00449	0.00451	0.99998	
116	0.58000	96.22310	-243.89017	-0.56556	0.83479	0.24751	6.08738	0.98607	0.99435	-0.10604	-0.00432	0.10610	0.99425	0.01457	0.00275	-0.01495	0.99988		-115.88544	-246.10064	-0.45574	-0.24134	0.25414	-0.05913	0.32549	0.99999	0.00103	-0.00444	-0.00105	0.99999	-0.00421	0.00443	0.00422	0.99998	
117	0.58500	96.20283	-243.87787	-0.52444	0.82502	0.25751	6.08867	0.96018	0.99435	-0.10607	-0.00449	0.10612	0.99425	0.01440	0.00294	-0.01479	0.99989		-115.86757	-246.04381	-0.46545	-0.22099	0.25103	-0.05823	0.31920	0.99999	0.00102	-0.00438	-0.00103	0.99999	-0.00386	0.00438	0.00386	0.99998	
118	0.59000	96.22856	-243.88014	-0.49847	0.81410	0.25454	6.08571	0.96586	0.99435	-0.10601	-0.00444	0.10607	0.99426	0.01421	0.00291	-0.01460	0.99989		-115.86522	-245.99358	-0.47954	-0.19878	0.25310	-0.06347	0.34286	0.99999	0.00111	-0.00442	-0.00112	0.99999	-0.00347	0.00441	0.00347	0.99998	
119	0.59500	96.23090	-243.89331	-0.48426	0.80241	0.25924	6.08426	0.97203	0.99436	-0.10599	-0.00452	0.10604	0.99426	0.01400	0.00301	-0.01440	0.99989		-115.87047	-245.95986	-0.49669	-0.17898	0.24713	-0.06032	0.33339	0.99999	0.00105	-0.00431	-0.00107	0.99999	-0.00312	0.00431	0.00313	0.99999	
120	0.60000	96.21393	-243.87264	-0.46604	0.79100	0.25980	6.09037	0.98063	0.99435	-0.10610	-0.00453	0.10615	0.99425	0.01380	0.00304	-0.01421	0.99989		-115.86179	-245.93217	-0.50178	-0.16114	0.24522	-0.05713	0.32736	0.99999	0.00100	-0.00428	-0.00101	1.00000	-0.00281	0.00428	0.00282	0.99999	
121	0.60500	96.19576	-243.87659	-0.44767	0.77815	0.26702	6.08637	0.97596	0.99435	-0.10603	-0.00466	0.10608	0.99426	0.01358	0.00319	-0.01400	0.99990		-115.87526	-245.87684	-0.51972	-0.14021	0.24662	-0.05848	0.32258	0.99999	0.00102	-0.00430	-0.00103	1.00000	-0.00245	0.00430	0.00245	0.99999	
122	0.61000	96.18017	-243.84992	-0.41909	0.76930	0.27089	6.08380	0.97699	0.99436	-0.10598	-0.00473	0.10604	0.99427	0.01343	0.00328	-0.01385	0.99990		-115.88984	-245.83466	-0.52907	-0.11611	0.24709	-0.05567	0.33526	0.99999	0.00097	-0.00431	-0.00098	1.00000	-0.00203	0.00431	0.00203	0.99999	
123	0.61500	96.19601	-243.86441	-0.39620	0.75378	0.27045	6.08787	0.97737	0.99435	-0.10605	-0.00472	0.10611	0.99427	0.01316	0.00330	-0.01358	0.99990		-115.88839	-245.79565	-0.54281	-0.09762	0.24733	-0.06290	0.32995	0.99999	0.00110	-0.00432	-0.00111	1.00000	-0.00170	0.00431	0.00171	0.99999	
124	0.62000	96.17452	-243.85623	-0.37165	0.74079	0.27470	6.08823	0.95906	0.99435	-0.10606	-0.00479	0.10611	0.99427	0.01293	0.00340	-0.01336	0.99990		-115.88187	-245.76282	-0.55229	-0.07533	0.24753	-0.05952	0.33568	0.99999	0.00104	-0.00432	-0.00104	1.00000	-0.00131	0.00432	0.00132	0.99999	
125	0.62500	96.19398	-243.85007	-0.35858	0.72967	0.26931	6.08658	0.98017	0.99435	-0.10603	-0.00470	0.10608	0.99428	0.01273	0.00332	-0.01316	0.99991		-115.91737	-245.72017	-0.55262	-0.05771	0.24947	-0.05947	0.34031	0.99999	0.00104	-0.00435	-0.00104	1.00000	-0.00101	0.00435	0.00101	0.99999	
126	0.63000	96.16124	-243.84663	-0.33091	0.71596	0.27532	6.08665	0.96768	0.99435	-0.10603	-0.00481	0.10608	0.99428	0.01250	0.00345	-0.01293	0.99991		-115.93229	-245.66578	-0.56683	-0.03040	0.25469	-0.06195	0.34215	0.99999	0.00108	-0.00445	-0.00108	1.00000	-0.00053	0.00444	0.00054	0.99999	
127	0.63500	96.18158	-243.85819	-0.30952	0.70081	0.27005	6.08432	0.98050	0.99436	-0.10599	-0.00471	0.10604	0.99429	0.01223	0.00339	-0.01266	0.99991		-115.91656	-245.64416	-0.56384	-0.01155	0.25546	-0.06474	0.34296	0.99999	0.00113	-0.00446	-0.00113	1.00000	-0.00020	0.00446	0.00021	0.99999	
128	0.64000	96.13227	-243.84574	-0.29385	0.68850	0.26906	6.08001	0.97928	0.99436	-0.10592	-0.00470	0.10597	0.99430	0.01202	0.00340	-0.01245	0.99992		-115.93832	-245.61113	-0.56865	0.00642	0.25859	-0.06834	0.33950	0.99999	0.00119	-0.00451	-0.00119	1.00000	0.00011	0.00451	-0.00011	0.99999	
129	0.64500	96.12733	-243.87010	-0.26751	0.67110	0.26953	6.08167	0.97661	0.99436	-0.10594	-0.00470	0.10599	0.99430	0.01171	0.00344	-0.01215	0.99992		-115.90723	-245.57241	-0.57005	0.02829	0.25837	-0.06697	0.35450	0.99999	0.00117	-0.00451	-0.00117	1.00000	0.00049	0.00451	-0.00049	0.99999	
130	0.65000	96.13388	-243.86583	-0.23085	0.65785	0.27030	6.08450	0.99097	0.99436	-0.10599	-0.00472	0.10604	0.99430	0.01148	0.00347	-0.01192	0.99992		-115.89075	-245.53831	-0.55838	0.04344	0.25543	-0.06636	0.34858	0.99999	0.00116	-0.00446	-0.00115	1.00000	0.00076	0.00446	-0.00075	0.99999	
131	0.65500	96.11284	-243.88096	-0.20797	0.63973	0.26254	6.08599	0.99216	0.99435	-0.10602	-0.00458	0.10607	0.99430	0.01117	0.00337	-0.01159	0.99993		-115.91367	-245.52378	-0.55055	0.06040	0.26053	-0.06895	0.35815	0.99999	0.00120	-0.00455	-0.00120	1.00000	0.00105	0.00455	-0.00105	0.99999	
132	0.66000	96.11297	-243.88550	-0.16161	0.62588	0.25953	6.07859	1.00036	0.99437	-0.10589	-0.00453	0.10594	0.99431	0.01092	0.00335	-0.01134	0.99993		-115.90601	-245.50095	-0.55159	0.08047	0.26063	-0.07086	0.34528	0.99999	0.00124	-0.00455	-0.00123	1.00000	0.00140	0.00455	-0.00140	0.99999	
133	0.66500	96.11567	-243.89079	-0.15382	0.61021	0.25355	6.07750	0.99043	0.99437	-0.10587	-0.00443	0.10591	0.99432	0.01065	0.00327	-0.01106	0.99993		-115.93241	-245.47902	-0.53521	0.09576	0.26468	-0.06945	0.34080	0.99999	0.00121	-0.00462	-0.00120	1.00000	0.00167	0.00462	-0.00167	0.99999	
134	0.67000	96.10221	-243.89204	-0.11888	0.59534	0.25188	6.08334	0.98002	0.99436	-0.10597	-0.00440	0.10601	0.99431	0.01039	0.00327	-0.01080	0.99994		-115.90891	-245.45570	-0.54053	0.11332	0.26893	-0.06964	0.37127	0.99999	0.00122	-0.00469	-0.00121	1.00000	0.00198	0.00470	-0.00197	0.99999	
135	0.67500	96.10968	-243.89614	-0.08477	0.57924	0.24988	6.07865	0.97257	0.99437	-0.10589	-0.00436	0.10593	0.99432	0.01011	0.00327	-0.01051	0.99994		-115.93505	-245.44272	-0.53676	0.12745	0.27011	-0.06725	0.34965	0.99999	0.00117	-0.00471	-0.00116	1.00000	0.00222	0.00472	-0.00222	0.99999	
136	0.68000	96.10068	-243.90718	-0.07179	0.56652	0.24068	6.07860	0.99041	0.99437	-0.10589	-0.00420	0.10593	0.99432	0.00989	0.00313	-0.01028	0.99994		-115.91535	-245.42101	-0.52575	0.14381	0.27772	-0.07173	0.35681	0.99999	0.00125	-0.00485	-0.00124	1.00000	0.00251	0.00485	-0.00250	0.99999	
