NO_OF_FRAMES	12033
NO_OF_CAMERAS	8
NO_OF_BODIES	2
FREQUENCY	200
NO_OF_ANALOG	0
ANALOG_FREQUENCY	0
DESCRIPTION	--
TIME_STAMP	2013-07-02, 17:05:27	3300624.65313293
DATA_INCLUDED	6D
BODY_NAMES	Ice 1	Ice 2
Frame	Time	Ice 1 X	Y	Z	Roll	Pitch	Yaw	Residual	Rot[0]	Rot[1]	Rot[2]	Rot[3]	Rot[4]	Rot[5]	Rot[6]	Rot[7]	Rot[8]	Ice 2 X	Y	Z	Roll	Pitch	Yaw	Residual	Rot[0]	Rot[1]	Rot[2]	Rot[3]	Rot[4]	Rot[5]	Rot[6]	Rot[7]	Rot[8]	
1	0.00500	118.37679	-47.63398	-0.16027	0.79455	-0.14415	-0.67202	1.02951	0.99993	0.01173	0.00252	-0.01176	0.99983	0.01387	-0.00235	-0.01390	0.99990		-118.66885	-146.48491	-0.78093	-0.59506	0.44398	-0.39681	0.10182	0.99995	0.00693	-0.00775	-0.00701	0.99992	-0.01039	0.00768	0.01044	0.99992	
2	0.01000	118.31648	-47.66387	-0.16885	0.78784	-0.13743	-0.68383	1.00903	0.99993	0.01193	0.00240	-0.01197	0.99983	0.01375	-0.00223	-0.01378	0.99990		-118.70352	-146.43240	-0.78746	-0.56480	0.44359	-0.39458	0.10406	0.99995	0.00689	-0.00774	-0.00696	0.99993	-0.00986	0.00767	0.00991	0.99992	
3	0.01500	118.31730	-47.66580	-0.16606	0.78470	-0.13733	-0.68243	1.00617	0.99993	0.01191	0.00240	-0.01194	0.99983	0.01370	-0.00223	-0.01372	0.99990		-118.70432	-146.39402	-0.77640	-0.54781	0.44219	-0.39220	0.11361	0.99995	0.00684	-0.00772	-0.00692	0.99993	-0.00956	0.00765	0.00961	0.99992	
4	0.02000	118.31415	-47.68663	-0.14232	0.78625	-0.14140	-0.68476	1.00230	0.99993	0.01195	0.00247	-0.01198	0.99983	0.01372	-0.00230	-0.01375	0.99990		-118.68990	-146.37860	-0.77339	-0.53095	0.43408	-0.39990	0.12567	0.99995	0.00698	-0.00758	-0.00705	0.99993	-0.00927	0.00751	0.00932	0.99993	
5	0.02500	118.30065	-47.69569	-0.13172	0.78312	-0.13686	-0.68397	0.99849	0.99993	0.01194	0.00239	-0.01197	0.99983	0.01367	-0.00223	-0.01370	0.99990		-118.69381	-146.35214	-0.76190	-0.51367	0.43061	-0.39808	0.17074	0.99995	0.00695	-0.00752	-0.00701	0.99994	-0.00896	0.00745	0.00902	0.99993	
6	0.03000	118.29935	-47.70901	-0.12277	0.77802	-0.13973	-0.68449	0.99695	0.99993	0.01195	0.00244	-0.01198	0.99984	0.01358	-0.00228	-0.01361	0.99990		-118.69059	-146.32698	-0.74247	-0.49551	0.42761	-0.40068	0.16011	0.99995	0.00699	-0.00746	-0.00706	0.99994	-0.00865	0.00740	0.00870	0.99993	
7	0.03500	118.28165	-47.71787	-0.09734	0.77335	-0.13569	-0.68199	0.99679	0.99993	0.01190	0.00237	-0.01193	0.99984	0.01350	-0.00221	-0.01352	0.99991		-118.67754	-146.30931	-0.73103	-0.48005	0.42465	-0.39690	0.16424	0.99995	0.00693	-0.00741	-0.00699	0.99994	-0.00838	0.00735	0.00843	0.99994	
8	0.04000	118.28355	-47.73234	-0.07355	0.77067	-0.13359	-0.68009	1.00709	0.99993	0.01187	0.00233	-0.01190	0.99984	0.01345	-0.00217	-0.01348	0.99991		-118.67447	-146.26907	-0.72854	-0.46019	0.42675	-0.40012	0.14378	0.99995	0.00698	-0.00745	-0.00704	0.99994	-0.00803	0.00739	0.00808	0.99994	
9	0.04500	118.30628	-47.75722	-0.05260	0.76536	-0.13988	-0.68592	1.01460	0.99993	0.01197	0.00244	-0.01200	0.99984	0.01336	-0.00228	-0.01339	0.99991		-118.68625	-146.21367	-0.71720	-0.43959	0.42330	-0.39897	0.15378	0.99995	0.00696	-0.00739	-0.00702	0.99995	-0.00767	0.00733	0.00772	0.99994	
10	0.05000	118.25174	-47.76689	-0.04159	0.75964	-0.13057	-0.68172	1.01656	0.99993	0.01190	0.00228	-0.01193	0.99984	0.01326	-0.00212	-0.01328	0.99991		-118.64876	-146.19212	-0.71054	-0.42365	0.42215	-0.40226	0.14229	0.99995	0.00702	-0.00737	-0.00707	0.99995	-0.00739	0.00732	0.00745	0.99995	
11	0.05500	118.02552	-47.94485	0.09531	0.75284	-0.13232	-0.67340	1.08610	0.99993	0.01175	0.00231	-0.01178	0.99984	0.01314	-0.00215	-0.01317	0.99991		-118.66228	-146.13889	-0.69948	-0.40235	0.42112	-0.40540	0.13632	0.99995	0.00708	-0.00735	-0.00713	0.99995	-0.00702	0.00730	0.00707	0.99995	
12	0.06000	118.03124	-47.96576	0.08244	0.74672	-0.13371	-0.67467	1.08496	0.99993	0.01177	0.00233	-0.01180	0.99985	0.01303	-0.00218	-0.01306	0.99991		-118.65898	-146.12072	-0.68790	-0.38369	0.41763	-0.40597	0.12474	0.99995	0.00709	-0.00729	-0.00713	0.99995	-0.00670	0.00724	0.00675	0.99995	
13	0.06500	118.01821	-47.98087	0.13049	0.74315	-0.13464	-0.67060	1.10770	0.99993	0.01170	0.00235	-0.01173	0.99985	0.01297	-0.00220	-0.01300	0.99991		-118.65201	-146.08065	-0.68551	-0.36185	0.41842	-0.40619	0.14987	0.99995	0.00709	-0.00730	-0.00714	0.99995	-0.00632	0.00726	0.00637	0.99995	
14	0.07000	118.00660	-48.00766	0.13775	0.73586	-0.13282	-0.67107	1.09666	0.99993	0.01171	0.00232	-0.01174	0.99985	0.01284	-0.00217	-0.01287	0.99991		-118.65354	-146.03789	-0.68233	-0.34199	0.41221	-0.41061	0.14149	0.99995	0.00717	-0.00719	-0.00721	0.99996	-0.00597	0.00715	0.00602	0.99996	
15	0.07500	117.99443	-48.04795	0.15007	0.72482	-0.13338	-0.66828	1.10841	0.99993	0.01166	0.00233	-0.01169	0.99985	0.01265	-0.00218	-0.01268	0.99992		-118.62368	-146.00899	-0.66672	-0.32482	0.40807	-0.40713	0.13635	0.99995	0.00711	-0.00712	-0.00715	0.99996	-0.00567	0.00708	0.00572	0.99996	
16	0.08000	117.94200	-48.08600	0.18508	0.71798	-0.12931	-0.67289	1.10724	0.99993	0.01174	0.00226	-0.01177	0.99985	0.01253	-0.00211	-0.01256	0.99992		-118.61864	-145.96405	-0.63858	-0.30338	0.40238	-0.40882	0.12549	0.99995	0.00714	-0.00702	-0.00717	0.99996	-0.00529	0.00698	0.00534	0.99996	
17	0.08500	117.93090	-48.08443	0.19606	0.71179	-0.12581	-0.66629	1.09299	0.99993	0.01163	0.00220	-0.01166	0.99985	0.01242	-0.00205	-0.01245	0.99992		-118.59983	-145.90023	-0.63617	-0.27933	0.39868	-0.41203	0.13429	0.99995	0.00719	-0.00696	-0.00723	0.99996	-0.00488	0.00692	0.00493	0.99996	
18	0.09000	117.92670	-48.11824	0.21569	0.70226	-0.12808	-0.66449	1.12513	0.99993	0.01160	0.00224	-0.01162	0.99986	0.01226	-0.00209	-0.01228	0.99992		-118.63758	-145.87395	-0.61147	-0.26043	0.39788	-0.40992	0.13644	0.99995	0.00715	-0.00694	-0.00719	0.99996	-0.00455	0.00691	0.00459	0.99997	
19	0.09500	117.91376	-48.15435	0.25928	0.69368	-0.12480	-0.67074	1.12554	0.99993	0.01171	0.00218	-0.01173	0.99986	0.01211	-0.00204	-0.01213	0.99992		-118.61090	-145.84282	-0.60011	-0.24263	0.39462	-0.41230	0.14382	0.99995	0.00720	-0.00689	-0.00722	0.99996	-0.00423	0.00686	0.00428	0.99997	
20	0.10000	117.89072	-48.16804	0.26977	0.68727	-0.12198	-0.66846	1.12318	0.99993	0.01167	0.00213	-0.01169	0.99986	0.01199	-0.00199	-0.01202	0.99993		-118.63169	-145.78862	-0.58406	-0.22152	0.39046	-0.41075	0.11777	0.99995	0.00717	-0.00681	-0.00720	0.99997	-0.00387	0.00679	0.00391	0.99997	
21	0.10500	117.93353	-48.20284	0.27776	0.67665	-0.12958	-0.66703	1.11369	0.99993	0.01164	0.00226	-0.01167	0.99986	0.01181	-0.00212	-0.01183	0.99993		-118.61385	-145.77956	-0.56848	-0.20471	0.38815	-0.40732	0.11153	0.99995	0.00711	-0.00677	-0.00713	0.99997	-0.00357	0.00675	0.00362	0.99997	
22	0.11000	117.91241	-48.22633	0.30731	0.66767	-0.12917	-0.66620	1.11704	0.99993	0.01163	0.00225	-0.01165	0.99986	0.01165	-0.00212	-0.01168	0.99993		-118.60384	-145.73925	-0.55262	-0.18607	0.38659	-0.41163	0.12387	0.99995	0.00718	-0.00675	-0.00721	0.99997	-0.00325	0.00672	0.00330	0.99997	
23	0.11500	117.87172	-48.23919	0.31686	0.65941	-0.12245	-0.66510	1.12816	0.99993	0.01161	0.00214	-0.01163	0.99987	0.01151	-0.00200	-0.01153	0.99993		-118.58907	-145.70549	-0.54069	-0.16928	0.37916	-0.41060	0.12994	0.99995	0.00717	-0.00662	-0.00719	0.99997	-0.00295	0.00660	0.00300	0.99997	
24	0.12000	117.86033	-48.28476	0.31883	0.64611	-0.12275	-0.66986	1.12526	0.99993	0.01169	0.00214	-0.01171	0.99987	0.01128	-0.00201	-0.01130	0.99993		-118.61212	-145.66910	-0.52896	-0.14972	0.37989	-0.40991	0.10252	0.99995	0.00715	-0.00663	-0.00717	0.99997	-0.00261	0.00661	0.00266	0.99997	
25	0.12500	117.85861	-48.31973	0.34792	0.63768	-0.12324	-0.67172	1.12056	0.99993	0.01172	0.00215	-0.01175	0.99987	0.01113	-0.00202	-0.01115	0.99994		-118.57455	-145.62217	-0.53025	-0.13046	0.37422	-0.40979	0.09189	0.99995	0.00715	-0.00653	-0.00717	0.99997	-0.00228	0.00651	0.00232	0.99998	
26	0.13000	117.80729	-48.35443	0.36331	0.62512	-0.11575	-0.66647	1.12268	0.99993	0.01163	0.00202	-0.01165	0.99987	0.01091	-0.00189	-0.01093	0.99994		-118.57843	-145.59363	-0.51828	-0.11693	0.37142	-0.40667	0.10699	0.99995	0.00710	-0.00648	-0.00711	0.99997	-0.00204	0.00647	0.00209	0.99998	
27	0.13500	117.83339	-48.37353	0.38418	0.61541	-0.11657	-0.66457	1.12062	0.99993	0.01160	0.00203	-0.01162	0.99987	0.01074	-0.00191	-0.01076	0.99994		-118.57718	-145.58432	-0.50153	-0.10362	0.36675	-0.40617	0.11673	0.99995	0.00709	-0.00640	-0.00710	0.99997	-0.00181	0.00639	0.00185	0.99998	
28	0.14000	117.81395	-48.40047	0.39314	0.60576	-0.11501	-0.66831	1.12130	0.99993	0.01166	0.00201	-0.01168	0.99988	0.01057	-0.00188	-0.01059	0.99994		-118.59940	-145.54196	-0.48988	-0.08478	0.36770	-0.40909	0.10845	0.99995	0.00714	-0.00642	-0.00715	0.99997	-0.00148	0.00641	0.00153	0.99998	
29	0.14500	117.84441	-48.41313	0.39611	0.59511	-0.12081	-0.66335	1.14645	0.99993	0.01158	0.00211	-0.01160	0.99988	0.01039	-0.00199	-0.01041	0.99994		-118.59411	-145.50452	-0.47789	-0.06799	0.36489	-0.40980	0.08608	0.99995	0.00715	-0.00637	-0.00716	0.99997	-0.00119	0.00636	0.00123	0.99998	
30	0.15000	117.86928	-48.44095	0.39404	0.58590	-0.12314	-0.66735	1.13166	0.99993	0.01165	0.00215	-0.01167	0.99988	0.01023	-0.00203	-0.01025	0.99995		-118.60384	-145.46509	-0.48708	-0.05073	0.36548	-0.40761	0.09127	0.99995	0.00711	-0.00638	-0.00712	0.99997	-0.00089	0.00637	0.00093	0.99998	
31	0.15500	117.83737	-48.47846	0.42964	0.57198	-0.11901	-0.66041	1.13635	0.99993	0.01153	0.00208	-0.01155	0.99988	0.00998	-0.00196	-0.01001	0.99995		-118.59953	-145.43286	-0.46658	-0.03630	0.36081	-0.40930	0.08172	0.99995	0.00714	-0.00630	-0.00715	0.99997	-0.00063	0.00629	0.00068	0.99998	
32	0.16000	117.77261	-48.52284	0.43561	0.55764	-0.10927	-0.66608	1.11734	0.99993	0.01163	0.00191	-0.01164	0.99988	0.00973	-0.00179	-0.00975	0.99995		-118.62301	-145.39098	-0.45846	-0.02087	0.36033	-0.40704	0.08567	0.99996	0.00710	-0.00629	-0.00711	0.99997	-0.00036	0.00629	0.00041	0.99998	
33	0.16500	117.77906	-48.54978	0.45927	0.54438	-0.10747	-0.65993	1.12967	0.99993	0.01152	0.00188	-0.01154	0.99989	0.00950	-0.00177	-0.00952	0.99995		-118.58401	-145.35670	-0.43855	-0.00449	0.35454	-0.41277	0.07671	0.99995	0.00720	-0.00619	-0.00720	0.99997	-0.00008	0.00619	0.00012	0.99998	
34	0.17000	117.79024	-48.58247	0.46007	0.53094	-0.10847	-0.66400	1.13389	0.99993	0.01159	0.00189	-0.01161	0.99989	0.00927	-0.00179	-0.00929	0.99996		-118.57760	-145.32673	-0.42630	0.00940	0.34935	-0.41245	0.07970	0.99996	0.00720	-0.00610	-0.00720	0.99997	0.00016	0.00610	-0.00012	0.99998	
35	0.17500	117.77619	-48.61945	0.47564	0.51949	-0.10925	-0.66609	1.12247	0.99993	0.01163	0.00191	-0.01164	0.99989	0.00907	-0.00180	-0.00909	0.99996		-118.55220	-145.30034	-0.41443	0.02072	0.34476	-0.41108	0.07103	0.99996	0.00717	-0.00602	-0.00717	0.99997	0.00036	0.00602	-0.00032	0.99998	
36	0.18000	117.73076	-48.66952	0.49369	0.50376	-0.10113	-0.66745	1.10927	0.99993	0.01165	0.00177	-0.01166	0.99989	0.00879	-0.00166	-0.00881	0.99996		-118.59355	-145.24961	-0.39808	0.03409	0.34955	-0.41495	0.09916	0.99996	0.00724	-0.00610	-0.00724	0.99997	0.00059	0.00610	-0.00055	0.99998	
37	0.18500	117.75894	-48.70969	0.49930	0.48806	-0.10347	-0.66338	1.12386	0.99993	0.01158	0.00181	-0.01159	0.99990	0.00852	-0.00171	-0.00854	0.99996		-118.54846	-145.21942	-0.40322	0.04666	0.34510	-0.41659	0.09745	0.99996	0.00727	-0.00602	-0.00727	0.99997	0.00081	0.00603	-0.00077	0.99998	
38	0.19000	117.71339	-48.72793	0.50863	0.47797	-0.10058	-0.66587	1.13139	0.99993	0.01162	0.00176	-0.01164	0.99990	0.00834	-0.00166	-0.00836	0.99996		-118.56968	-145.20082	-0.37357	0.05757	0.34174	-0.41504	0.10405	0.99996	0.00724	-0.00596	-0.00724	0.99997	0.00100	0.00597	-0.00096	0.99998	
39	0.19500	117.72082	-48.78306	0.51045	0.46179	-0.09953	-0.66161	1.11475	0.99993	0.01155	0.00174	-0.01156	0.99990	0.00806	-0.00164	-0.00808	0.99997		-118.53719	-145.16943	-0.37013	0.06802	0.33608	-0.41799	0.09737	0.99996	0.00730	-0.00587	-0.00729	0.99997	0.00119	0.00587	-0.00114	0.99998	
40	0.20000	117.74785	-48.79536	0.50585	0.44914	-0.09988	-0.66190	1.11984	0.99993	0.01155	0.00174	-0.01157	0.99990	0.00784	-0.00165	-0.00786	0.99997		-118.55943	-145.14501	-0.35776	0.07855	0.33771	-0.41454	0.07465	0.99996	0.00723	-0.00589	-0.00723	0.99997	0.00137	0.00590	-0.00133	0.99998	
41	0.20500	117.73031	-48.84601	0.53128	0.43329	-0.09624	-0.65628	1.12510	0.99993	0.01145	0.00168	-0.01147	0.99991	0.00756	-0.00159	-0.00758	0.99997		-118.53197	-145.13687	-0.35794	0.08363	0.33323	-0.41368	0.09505	0.99996	0.00722	-0.00582	-0.00721	0.99997	0.00146	0.00583	-0.00142	0.99998	
42	0.21000	117.71588	-48.86560	0.53657	0.41916	-0.09158	-0.65486	1.12777	0.99993	0.01143	0.00160	-0.01144	0.99991	0.00732	-0.00151	-0.00733	0.99997		-118.55155	-145.10015	-0.34129	0.09379	0.33281	-0.41613	0.09979	0.99996	0.00726	-0.00581	-0.00725	0.99997	0.00164	0.00582	-0.00159	0.99998	
43	0.21500	117.73175	-48.93707	0.52293	0.40051	-0.09061	-0.64816	1.13553	0.99993	0.01131	0.00158	-0.01132	0.99991	0.00699	-0.00150	-0.00701	0.99997		-118.52718	-145.08235	-0.35039	0.10229	0.33096	-0.42000	0.09980	0.99996	0.00733	-0.00578	-0.00732	0.99997	0.00179	0.00579	-0.00174	0.99998	
44	0.22000	117.72353	-48.94412	0.52879	0.39120	-0.08925	-0.65252	1.14473	0.99993	0.01139	0.00156	-0.01140	0.99991	0.00683	-0.00148	-0.00684	0.99998		-118.55438	-145.05318	-0.32523	0.10864	0.33268	-0.41746	0.09847	0.99996	0.00729	-0.00581	-0.00727	0.99997	0.00190	0.00582	-0.00185	0.99998	
45	0.22500	117.70832	-48.98670	0.53041	0.37602	-0.08423	-0.64829	1.15239	0.99993	0.01131	0.00147	-0.01132	0.99991	0.00656	-0.00140	-0.00658	0.99998		-118.52554	-145.03918	-0.31751	0.11423	0.33031	-0.42100	0.09117	0.99996	0.00735	-0.00576	-0.00734	0.99997	0.00199	0.00578	-0.00195	0.99998	
46	0.23000	117.69800	-49.02065	0.56070	0.36186	-0.08239	-0.64385	1.14543	0.99994	0.01124	0.00144	-0.01125	0.99992	0.00632	-0.00137	-0.00633	0.99998		-118.56256	-145.02694	-0.32934	0.11842	0.32897	-0.41785	0.08365	0.99996	0.00729	-0.00574	-0.00728	0.99997	0.00207	0.00576	-0.00202	0.99998	
47	0.23500	117.71206	-49.03724	0.55062	0.35127	-0.08146	-0.64311	1.14999	0.99994	0.01122	0.00142	-0.01123	0.99992	0.00613	-0.00135	-0.00615	0.99998		-118.57521	-145.01365	-0.31670	0.12237	0.32946	-0.41911	0.10741	0.99996	0.00731	-0.00575	-0.00730	0.99997	0.00214	0.00577	-0.00209	0.99998	
48	0.24000	117.71861	-49.07532	0.55712	0.33764	-0.07886	-0.63852	1.14875	0.99994	0.01114	0.00138	-0.01115	0.99992	0.00589	-0.00131	-0.00591	0.99998		-118.52121	-144.99893	-0.30906	0.12509	0.32435	-0.41824	0.11766	0.99996	0.00730	-0.00566	-0.00729	0.99997	0.00218	0.00568	-0.00214	0.99998	
49	0.24500	117.72303	-49.09544	0.56611	0.32634	-0.07869	-0.63918	1.14011	0.99994	0.01116	0.00137	-0.01116	0.99992	0.00570	-0.00131	-0.00571	0.99998		-118.52899	-144.97844	-0.31339	0.12858	0.32396	-0.41864	0.12127	0.99996	0.00731	-0.00565	-0.00729	0.99997	0.00224	0.00567	-0.00220	0.99998	
50	0.25000	117.75861	-49.13202	0.56547	0.31359	-0.08041	-0.64262	1.14954	0.99994	0.01122	0.00140	-0.01122	0.99992	0.00547	-0.00134	-0.00549	0.99998		-118.54757	-144.97698	-0.28810	0.12968	0.32564	-0.41462	0.09623	0.99996	0.00724	-0.00568	-0.00722	0.99997	0.00226	0.00570	-0.00222	0.99998	
51	0.25500	117.70621	-49.15503	0.57891	0.30378	-0.07487	-0.64348	1.15653	0.99994	0.01123	0.00131	-0.01124	0.99992	0.00530	-0.00125	-0.00532	0.99999		-118.53905	-144.97239	-0.30069	0.13085	0.32381	-0.41935	0.10309	0.99996	0.00732	-0.00565	-0.00731	0.99997	0.00228	0.00567	-0.00224	0.99998	
52	0.26000	117.74298	-49.15681	0.57347	0.29487	-0.07743	-0.64066	1.15679	0.99994	0.01118	0.00135	-0.01119	0.99992	0.00515	-0.00129	-0.00516	0.99999		-118.55580	-144.95368	-0.29195	0.12936	0.32145	-0.41361	0.09079	0.99996	0.00722	-0.00561	-0.00721	0.99997	0.00226	0.00563	-0.00222	0.99998	
53	0.26500	117.72642	-49.16765	0.56953	0.28619	-0.07730	-0.64211	1.15438	0.99994	0.01121	0.00135	-0.01121	0.99992	0.00499	-0.00129	-0.00501	0.99999		-118.54332	-144.97046	-0.28815	0.12999	0.32248	-0.41393	0.08057	0.99996	0.00722	-0.00563	-0.00721	0.99997	0.00227	0.00564	-0.00223	0.99998	
54	0.27000	117.71617	-49.19296	0.58804	0.27558	-0.07262	-0.64543	1.14863	0.99994	0.01126	0.00127	-0.01127	0.99992	0.00481	-0.00121	-0.00482	0.99999		-118.55323	-144.94736	-0.28826	0.12913	0.32597	-0.41669	0.09138	0.99996	0.00727	-0.00569	-0.00726	0.99997	0.00225	0.00571	-0.00221	0.99998	
55	0.27500	117.67109	-49.22482	0.58880	0.26276	-0.06840	-0.64031	1.16694	0.99994	0.01118	0.00119	-0.01118	0.99993	0.00459	-0.00114	-0.00460	0.99999		-118.53712	-144.91512	-0.28885	0.12945	0.32607	-0.41862	0.09883	0.99996	0.00731	-0.00569	-0.00729	0.99997	0.00226	0.00571	-0.00222	0.99998	
56	0.28000	117.72657	-49.23857	0.57521	0.25364	-0.07327	-0.64277	1.15407	0.99994	0.01122	0.00128	-0.01122	0.99993	0.00443	-0.00123	-0.00444	0.99999		-118.54209	-144.93921	-0.28404	0.12352	0.32229	-0.41691	0.07019	0.99996	0.00728	-0.00562	-0.00726	0.99997	0.00216	0.00564	-0.00211	0.99998	
57	0.28500	117.72573	-49.26147	0.59632	0.24164	-0.06881	-0.64286	1.14518	0.99994	0.01122	0.00120	-0.01122	0.99993	0.00422	-0.00115	-0.00423	0.99999		-118.56631	-144.93583	-0.29619	0.12109	0.32633	-0.41734	0.10491	0.99996	0.00728	-0.00570	-0.00727	0.99997	0.00211	0.00571	-0.00207	0.99998	
58	0.29000	117.67888	-49.28701	0.58766	0.23103	-0.06363	-0.64540	1.13697	0.99994	0.01126	0.00111	-0.01127	0.99993	0.00403	-0.00107	-0.00404	0.99999		-118.56015	-144.93008	-0.30046	0.11831	0.32570	-0.41503	0.10363	0.99996	0.00724	-0.00568	-0.00723	0.99997	0.00206	0.00570	-0.00202	0.99998	
59	0.29500	117.68695	-49.30121	0.57819	0.22439	-0.06546	-0.64852	1.13901	0.99994	0.01132	0.00114	-0.01132	0.99993	0.00392	-0.00110	-0.00393	0.99999		-118.51906	-144.94811	-0.28816	0.11227	0.32117	-0.41047	0.09230	0.99996	0.00716	-0.00561	-0.00715	0.99997	0.00196	0.00562	-0.00192	0.99998	
60	0.30000	117.72396	-49.33235	0.57972	0.21145	-0.06410	-0.64561	1.16107	0.99994	0.01127	0.00112	-0.01127	0.99993	0.00369	-0.00108	-0.00370	0.99999		-118.55349	-144.94190	-0.30054	0.10845	0.32771	-0.41031	0.09346	0.99996	0.00716	-0.00572	-0.00715	0.99997	0.00189	0.00573	-0.00185	0.99998	
61	0.30500	117.66114	-49.34675	0.57714	0.20366	-0.06061	-0.64460	1.15329	0.99994	0.01125	0.00106	-0.01125	0.99993	0.00355	-0.00102	-0.00357	0.99999		-118.52130	-144.96555	-0.29218	0.09917	0.32576	-0.41183	0.08383	0.99996	0.00719	-0.00569	-0.00718	0.99997	0.00173	0.00570	-0.00169	0.99998	
62	0.31000	117.66783	-49.35353	0.58071	0.19612	-0.05609	-0.64459	1.15614	0.99994	0.01125	0.00098	-0.01125	0.99993	0.00342	-0.00094	-0.00343	0.99999		-118.55047	-144.95025	-0.30451	0.09713	0.32658	-0.41601	0.10797	0.99996	0.00726	-0.00570	-0.00725	0.99997	0.00170	0.00571	-0.00165	0.99998	
63	0.31500	117.71395	-49.36607	0.57370	0.18658	-0.06095	-0.64821	1.15569	0.99994	0.01131	0.00106	-0.01132	0.99993	0.00326	-0.00103	-0.00327	0.99999		-118.58398	-144.95220	-0.30808	0.09013	0.33072	-0.41192	0.09318	0.99996	0.00719	-0.00577	-0.00718	0.99997	0.00157	0.00578	-0.00153	0.99998	
64	0.32000	117.70750	-49.35438	0.56699	0.18318	-0.06472	-0.64710	1.15676	0.99994	0.01129	0.00113	-0.01130	0.99993	0.00320	-0.00109	-0.00321	0.99999		-118.53501	-144.98921	-0.31270	0.08023	0.32911	-0.41027	0.09249	0.99996	0.00716	-0.00574	-0.00715	0.99997	0.00140	0.00575	-0.00136	0.99998	
65	0.32500	117.69643	-49.39649	0.56617	0.17352	-0.05903	-0.64177	1.15738	0.99994	0.01120	0.00103	-0.01120	0.99993	0.00303	-0.00100	-0.00304	0.99999		-118.53909	-144.98294	-0.31671	0.07426	0.32905	-0.41423	0.08688	0.99996	0.00723	-0.00574	-0.00722	0.99997	0.00130	0.00575	-0.00125	0.99998	
66	0.33000	117.68619	-49.40191	0.56911	0.16748	-0.06091	-0.64818	1.15543	0.99994	0.01131	0.00106	-0.01132	0.99993	0.00292	-0.00103	-0.00293	1.00000		-118.55832	-145.00503	-0.32858	0.06391	0.33214	-0.40824	0.09085	0.99996	0.00712	-0.00580	-0.00712	0.99997	0.00112	0.00580	-0.00107	0.99998	
67	0.33500	117.67446	-49.42535	0.54606	0.15888	-0.06028	-0.64545	1.15462	0.99994	0.01126	0.00105	-0.01127	0.99993	0.00277	-0.00102	-0.00278	1.00000		-118.58412	-145.01381	-0.33256	0.05575	0.33916	-0.40748	0.08556	0.99996	0.00711	-0.00592	-0.00711	0.99997	0.00097	0.00593	-0.00093	0.99998	
68	0.34000	117.73413	-49.42519	0.53237	0.15605	-0.06827	-0.64628	1.16168	0.99994	0.01128	0.00119	-0.01128	0.99993	0.00272	-0.00116	-0.00274	1.00000		-118.59552	-145.02099	-0.34026	0.04645	0.33621	-0.41058	0.09799	0.99996	0.00717	-0.00587	-0.00716	0.99997	0.00081	0.00587	-0.00077	0.99998	
69	0.34500	117.69730	-49.43688	0.54206	0.15067	-0.06552	-0.64815	1.15296	0.99994	0.01131	0.00114	-0.01132	0.99993	0.00263	-0.00111	-0.00264	1.00000		-118.56804	-145.04180	-0.34469	0.03694	0.33773	-0.40659	0.08496	0.99996	0.00710	-0.00589	-0.00709	0.99997	0.00064	0.00590	-0.00060	0.99998	
70	0.35000	117.73084	-49.43213	0.52097	0.14818	-0.06859	-0.64417	1.15764	0.99994	0.01124	0.00120	-0.01125	0.99993	0.00259	-0.00117	-0.00260	1.00000		-118.58679	-145.07699	-0.36476	0.02359	0.34076	-0.40563	0.11043	0.99996	0.00708	-0.00595	-0.00708	0.99997	0.00041	0.00595	-0.00037	0.99998	
71	0.35500	117.69152	-49.44271	0.52615	0.14289	-0.06172	-0.64574	1.15243	0.99994	0.01127	0.00108	-0.01127	0.99993	0.00249	-0.00105	-0.00251	1.00000		-118.60059	-145.08071	-0.37288	0.01543	0.34286	-0.40400	0.08686	0.99996	0.00705	-0.00598	-0.00705	0.99998	0.00027	0.00599	-0.00023	0.99998	
72	0.36000	117.70174	-49.44545	0.49924	0.13871	-0.06630	-0.64258	1.14802	0.99994	0.01121	0.00116	-0.01122	0.99993	0.00242	-0.00113	-0.00243	1.00000		-118.57147	-145.11685	-0.38955	0.00241	0.34418	-0.40036	0.09515	0.99996	0.00699	-0.00601	-0.00699	0.99998	0.00004	0.00601	-0.00000	0.99998	
73	0.36500	117.71180	-49.43175	0.50019	0.13828	-0.06652	-0.64368	1.14948	0.99994	0.01123	0.00116	-0.01124	0.99993	0.00241	-0.00113	-0.00243	1.00000		-118.61880	-145.13066	-0.38877	-0.00844	0.34933	-0.40023	0.08852	0.99996	0.00699	-0.00610	-0.00699	0.99998	-0.00015	0.00610	0.00019	0.99998	
74	0.37000	117.67525	-49.43897	0.49990	0.13674	-0.06422	-0.64703	1.14210	0.99994	0.01129	0.00112	-0.01130	0.99993	0.00239	-0.00109	-0.00240	1.00000		-118.59651	-145.16621	-0.40538	-0.02030	0.34966	-0.40312	0.09177	0.99996	0.00704	-0.00610	-0.00704	0.99998	-0.00035	0.00610	0.00040	0.99998	
75	0.37500	117.68659	-49.46392	0.47468	0.13284	-0.06816	-0.64829	1.13555	0.99994	0.01131	0.00119	-0.01132	0.99993	0.00232	-0.00116	-0.00233	1.00000		-118.62441	-145.17162	-0.43426	-0.03087	0.35548	-0.40744	0.09604	0.99996	0.00711	-0.00620	-0.00711	0.99997	-0.00054	0.00620	0.00058	0.99998	
76	0.38000	117.68973	-49.43879	0.46812	0.13544	-0.06467	-0.64870	1.14822	0.99994	0.01132	0.00113	-0.01132	0.99993	0.00236	-0.00110	-0.00238	1.00000		-118.60140	-145.20890	-0.41712	-0.04647	0.35400	-0.40623	0.10099	0.99996	0.00709	-0.00618	-0.00709	0.99997	-0.00081	0.00617	0.00085	0.99998	
77	0.38500	117.72133	-49.43930	0.45237	0.13527	-0.06829	-0.64795	1.14907	0.99994	0.01131	0.00119	-0.01131	0.99993	0.00236	-0.00117	-0.00237	1.00000		-118.59411	-145.22815	-0.44678	-0.05347	0.35968	-0.40467	0.08206	0.99996	0.00706	-0.00628	-0.00707	0.99997	-0.00093	0.00627	0.00098	0.99998	
78	0.39000	117.65613	-49.44034	0.44278	0.13265	-0.06764	-0.64848	1.13226	0.99994	0.01132	0.00118	-0.01132	0.99993	0.00232	-0.00115	-0.00233	1.00000		-118.60265	-145.25212	-0.46263	-0.06839	0.36123	-0.40152	0.10256	0.99996	0.00701	-0.00630	-0.00702	0.99997	-0.00119	0.00630	0.00124	0.99998	
79	0.39500	117.71189	-49.43032	0.42384	0.13641	-0.07649	-0.64350	1.15993	0.99994	0.01123	0.00134	-0.01123	0.99993	0.00238	-0.00131	-0.00240	1.00000		-118.59293	-145.28828	-0.46187	-0.08082	0.35969	-0.40040	0.10244	0.99996	0.00699	-0.00628	-0.00700	0.99997	-0.00141	0.00627	0.00145	0.99998	
80	0.40000	117.70979	-49.42176	0.40442	0.13894	-0.07715	-0.64401	1.15784	0.99994	0.01124	0.00135	-0.01124	0.99993	0.00242	-0.00132	-0.00244	1.00000		-118.60646	-145.30665	-0.47020	-0.09201	0.36664	-0.40403	0.11711	0.99995	0.00705	-0.00640	-0.00706	0.99997	-0.00161	0.00639	0.00165	0.99998	
81	0.40500	117.69230	-49.41924	0.40751	0.14101	-0.07426	-0.64956	1.15180	0.99993	0.01134	0.00130	-0.01134	0.99993	0.00246	-0.00127	-0.00248	1.00000		-118.61410	-145.33783	-0.48188	-0.10652	0.36739	-0.40105	0.10561	0.99995	0.00700	-0.00641	-0.00701	0.99997	-0.00186	0.00640	0.00190	0.99998	
82	0.41000	117.70192	-49.40078	0.38616	0.14616	-0.07865	-0.64815	1.16057	0.99994	0.01131	0.00137	-0.01132	0.99993	0.00255	-0.00134	-0.00257	1.00000		-118.57928	-145.36576	-0.50265	-0.11767	0.36727	-0.40052	0.09992	0.99996	0.00699	-0.00641	-0.00700	0.99997	-0.00205	0.00640	0.00210	0.99998	
83	0.41500	117.68163	-49.40461	0.36400	0.14798	-0.07913	-0.64562	1.14838	0.99994	0.01127	0.00138	-0.01127	0.99993	0.00258	-0.00135	-0.00260	1.00000		-118.60709	-145.38859	-0.51860	-0.12921	0.37032	-0.40350	0.11915	0.99995	0.00704	-0.00646	-0.00706	0.99997	-0.00226	0.00645	0.00230	0.99998	
84	0.42000	117.72543	-49.39063	0.35745	0.15190	-0.08931	-0.64765	1.15492	0.99993	0.01130	0.00156	-0.01131	0.99993	0.00265	-0.00153	-0.00267	1.00000		-118.64074	-145.41144	-0.53059	-0.14061	0.37924	-0.40331	0.12894	0.99995	0.00704	-0.00662	-0.00706	0.99997	-0.00245	0.00660	0.00250	0.99998	
85	0.42500	117.71426	-49.36797	0.35744	0.15772	-0.08569	-0.64681	1.17054	0.99994	0.01129	0.00150	-0.01129	0.99993	0.00275	-0.00146	-0.00277	1.00000		-118.60171	-145.44682	-0.53061	-0.15343	0.37813	-0.40248	0.10722	0.99995	0.00702	-0.00660	-0.00704	0.99997	-0.00268	0.00658	0.00272	0.99997	
86	0.43000	117.70035	-49.37765	0.34576	0.15906	-0.08788	-0.64629	1.16175	0.99994	0.01128	0.00153	-0.01128	0.99993	0.00278	-0.00150	-0.00279	0.99999		-118.60977	-145.48704	-0.54648	-0.16874	0.38119	-0.40242	0.11398	0.99995	0.00702	-0.00665	-0.00704	0.99997	-0.00294	0.00663	0.00299	0.99997	
87	0.43500	117.72865	-49.36092	0.32064	0.16331	-0.08949	-0.64259	1.15715	0.99994	0.01122	0.00156	-0.01122	0.99993	0.00285	-0.00153	-0.00287	0.99999		-118.65263	-145.50851	-0.55365	-0.17925	0.38504	-0.40165	0.12839	0.99995	0.00701	-0.00672	-0.00703	0.99997	-0.00313	0.00670	0.00318	0.99997	
88	0.44000	117.69417	-49.34601	0.31548	0.17415	-0.09306	-0.64603	1.15510	0.99994	0.01128	0.00162	-0.01128	0.99993	0.00304	-0.00159	-0.00306	0.99999		-118.62904	-145.55276	-0.57421	-0.19408	0.38754	-0.40079	0.12442	0.99995	0.00699	-0.00676	-0.00702	0.99997	-0.00339	0.00674	0.00343	0.99997	
89	0.44500	117.73913	-49.32093	0.30326	0.18256	-0.09706	-0.64702	1.17152	0.99993	0.01129	0.00169	-0.01130	0.99993	0.00319	-0.00166	-0.00321	0.99999		-118.63158	-145.57601	-0.60318	-0.20556	0.38911	-0.39634	0.13837	0.99995	0.00692	-0.00679	-0.00694	0.99997	-0.00359	0.00677	0.00363	0.99997	
90	0.45000	117.70781	-49.30968	0.28337	0.18881	-0.09538	-0.65083	1.15093	0.99993	0.01136	0.00166	-0.01136	0.99993	0.00330	-0.00163	-0.00331	0.99999		-118.61650	-145.62047	-0.61916	-0.21853	0.38870	-0.40000	0.13931	0.99995	0.00698	-0.00678	-0.00701	0.99997	-0.00381	0.00676	0.00386	0.99997	
91	0.45500	117.74906	-49.29822	0.26710	0.19701	-0.09720	-0.64658	1.16408	0.99993	0.01128	0.00170	-0.01129	0.99993	0.00344	-0.00166	-0.00346	0.99999		-118.64152	-145.65906	-0.62257	-0.23156	0.39511	-0.39762	0.13226	0.99995	0.00694	-0.00690	-0.00697	0.99997	-0.00404	0.00687	0.00409	0.99997	
92	0.46000	117.71134	-49.27684	0.25696	0.20490	-0.10109	-0.64744	1.17600	0.99993	0.01130	0.00176	-0.01131	0.99993	0.00358	-0.00172	-0.00360	0.99999		-118.67785	-145.68235	-0.63387	-0.24657	0.39832	-0.39935	0.14419	0.99995	0.00697	-0.00695	-0.00700	0.99997	-0.00430	0.00692	0.00435	0.99997	
93	0.46500	117.71330	-49.25278	0.25698	0.21606	-0.10124	-0.64585	1.18072	0.99993	0.01127	0.00177	-0.01128	0.99993	0.00377	-0.00172	-0.00379	0.99999		-118.64445	-145.71920	-0.66290	-0.25846	0.40058	-0.39681	0.11976	0.99995	0.00693	-0.00699	-0.00696	0.99997	-0.00451	0.00696	0.00456	0.99997	
94	0.47000	117.69314	-49.23999	0.23548	0.22571	-0.10429	-0.64614	1.17362	0.99993	0.01128	0.00182	-0.01128	0.99993	0.00394	-0.00178	-0.00396	0.99999		-118.66152	-145.75600	-0.68292	-0.27215	0.40319	-0.39693	0.13660	0.99995	0.00693	-0.00704	-0.00696	0.99996	-0.00475	0.00700	0.00480	0.99996	
95	0.47500	117.72493	-49.21505	0.21658	0.23874	-0.11275	-0.64620	1.17585	0.99993	0.01128	0.00197	-0.01129	0.99993	0.00417	-0.00192	-0.00419	0.99999		-118.67435	-145.80712	-0.69426	-0.28795	0.40683	-0.39585	0.11635	0.99995	0.00691	-0.00710	-0.00694	0.99996	-0.00503	0.00707	0.00507	0.99996	
96	0.48000	117.72821	-49.17734	0.19239	0.25086	-0.11192	-0.64033	1.16690	0.99994	0.01118	0.00195	-0.01118	0.99993	0.00438	-0.00190	-0.00440	0.99999		-118.66549	-145.83870	-0.71920	-0.29767	0.41241	-0.40021	0.12913	0.99995	0.00698	-0.00720	-0.00702	0.99996	-0.00520	0.00716	0.00525	0.99996	
97	0.48500	117.72896	-49.18156	0.16844	0.25938	-0.12007	-0.64952	1.17422	0.99993	0.01134	0.00210	-0.01135	0.99993	0.00453	-0.00204	-0.00455	0.99999		-118.68064	-145.89359	-0.73888	-0.31338	0.41409	-0.39890	0.14005	0.99995	0.00696	-0.00723	-0.00700	0.99996	-0.00547	0.00719	0.00552	0.99996	
98	0.49000	117.75826	-49.13182	0.14993	0.27668	-0.12282	-0.64046	1.17344	0.99994	0.01118	0.00214	-0.01119	0.99993	0.00483	-0.00209	-0.00485	0.99999		-118.67155	-145.93016	-0.75502	-0.32678	0.41529	-0.39994	0.13936	0.99995	0.00698	-0.00725	-0.00702	0.99996	-0.00570	0.00721	0.00575	0.99996	
99	0.49500	117.74532	-49.13225	0.15436	0.28345	-0.12319	-0.64249	1.17019	0.99993	0.01121	0.00215	-0.01122	0.99992	0.00495	-0.00209	-0.00497	0.99999		-118.66902	-145.96298	-0.77509	-0.33837	0.41543	-0.39616	0.14807	0.99995	0.00691	-0.00725	-0.00696	0.99996	-0.00591	0.00721	0.00596	0.99996	
100	0.50000	117.71929	-49.10025	0.14230	0.29856	-0.12400	-0.64192	1.17238	0.99993	0.01120	0.00216	-0.01121	0.99992	0.00521	-0.00211	-0.00523	0.99998		-118.69196	-145.98382	-0.79529	-0.34718	0.42146	-0.39525	0.14725	0.99995	0.00690	-0.00736	-0.00694	0.99996	-0.00606	0.00731	0.00611	0.99995	
101	0.50500	117.70274	-49.08601	0.11391	0.31137	-0.12166	-0.64311	1.18435	0.99993	0.01122	0.00212	-0.01124	0.99992	0.00543	-0.00206	-0.00546	0.99998		-118.67256	-146.03942	-0.79876	-0.35964	0.42156	-0.39422	0.14030	0.99995	0.00688	-0.00736	-0.00693	0.99996	-0.00628	0.00731	0.00633	0.99995	
102	0.51000	117.76843	-49.05931	0.08666	0.32310	-0.13499	-0.64276	1.17953	0.99993	0.01122	0.00236	-0.01123	0.99992	0.00564	-0.00229	-0.00567	0.99998		-118.72344	-146.05858	-0.80562	-0.37078	0.42528	-0.39443	0.17002	0.99995	0.00688	-0.00742	-0.00693	0.99996	-0.00647	0.00738	0.00652	0.99995	
103	0.51500	117.76916	-49.03968	0.08128	0.33647	-0.13465	-0.64680	1.17399	0.99993	0.01129	0.00235	-0.01130	0.99992	0.00587	-0.00228	-0.00590	0.99998		-118.71106	-146.09913	-0.82971	-0.38303	0.42526	-0.38903	0.16244	0.99995	0.00679	-0.00742	-0.00684	0.99995	-0.00668	0.00738	0.00674	0.99995	
104	0.52000	117.73021	-49.00914	0.08157	0.35124	-0.13651	-0.64467	1.18105	0.99993	0.01125	0.00238	-0.01127	0.99992	0.00613	-0.00231	-0.00616	0.99998		-118.72825	-146.13187	-0.84175	-0.39165	0.42699	-0.39169	0.16204	0.99995	0.00684	-0.00745	-0.00689	0.99995	-0.00684	0.00741	0.00689	0.99995	
105	0.52500	117.74088	-48.98177	0.05002	0.36531	-0.14074	-0.64758	1.17226	0.99993	0.01130	0.00246	-0.01132	0.99992	0.00638	-0.00238	-0.00640	0.99998		-118.72509	-146.16210	-0.84894	-0.40385	0.42484	-0.39346	0.15663	0.99995	0.00687	-0.00741	-0.00692	0.99995	-0.00705	0.00737	0.00710	0.99995	
106	0.53000	117.76395	-48.96337	0.02881	0.37958	-0.14431	-0.64824	1.16560	0.99993	0.01131	0.00252	-0.01133	0.99991	0.00662	-0.00244	-0.00665	0.99997		-118.71949	-146.18483	-0.86937	-0.41198	0.42639	-0.39035	0.15831	0.99995	0.00681	-0.00744	-0.00687	0.99995	-0.00719	0.00739	0.00724	0.99995	
107	0.53500	117.76232	-48.92461	-0.00820	0.39744	-0.14530	-0.64946	1.18606	0.99993	0.01133	0.00254	-0.01135	0.99991	0.00694	-0.00246	-0.00696	0.99997		-118.72668	-146.20379	-0.87737	-0.42125	0.43146	-0.39299	0.16784	0.99995	0.00686	-0.00753	-0.00691	0.99995	-0.00735	0.00748	0.00740	0.99994	
108	0.54000	117.78393	-48.89298	-0.00486	0.41359	-0.15187	-0.64593	1.19566	0.99993	0.01127	0.00265	-0.01129	0.99991	0.00722	-0.00257	-0.00725	0.99997		-118.70408	-146.24186	-0.88110	-0.43264	0.43370	-0.38895	0.13955	0.99995	0.00679	-0.00757	-0.00685	0.99995	-0.00755	0.00752	0.00760	0.99994	
109	0.54500	117.77741	-48.87352	-0.04480	0.42559	-0.14779	-0.65093	1.18875	0.99993	0.01136	0.00258	-0.01138	0.99991	0.00743	-0.00249	-0.00746	0.99997		-118.73650	-146.29332	-0.90023	-0.44677	0.43676	-0.38595	0.13154	0.99995	0.00674	-0.00762	-0.00680	0.99995	-0.00780	0.00757	0.00785	0.99994	
110	0.55000	117.75322	-48.84525	-0.03009	0.44297	-0.15016	-0.65057	1.18750	0.99993	0.01135	0.00262	-0.01137	0.99991	0.00773	-0.00253	-0.00776	0.99997		-118.74516	-146.31020	-0.91225	-0.45380	0.43712	-0.38747	0.15887	0.99995	0.00676	-0.00763	-0.00682	0.99995	-0.00792	0.00758	0.00797	0.99994	
111	0.55500	117.76200	-48.81890	-0.07069	0.45993	-0.15133	-0.65508	1.18303	0.99993	0.01143	0.00264	-0.01145	0.99990	0.00803	-0.00255	-0.00806	0.99996		-118.74443	-146.35346	-0.92342	-0.46575	0.43739	-0.38739	0.15490	0.99995	0.00676	-0.00763	-0.00682	0.99994	-0.00813	0.00758	0.00818	0.99994	
112	0.56000	117.79330	-48.78446	-0.08843	0.47577	-0.16166	-0.65386	1.18339	0.99993	0.01141	0.00282	-0.01143	0.99990	0.00830	-0.00273	-0.00834	0.99996		-118.72794	-146.38757	-0.93560	-0.47437	0.43621	-0.38970	0.17050	0.99995	0.00680	-0.00761	-0.00686	0.99994	-0.00828	0.00756	0.00833	0.99994	
113	0.56500	117.70565	-48.74809	-0.08490	0.49462	-0.15793	-0.66268	1.17987	0.99993	0.01157	0.00276	-0.01159	0.99990	0.00863	-0.00266	-0.00866	0.99996		-118.75325	-146.40822	-0.94724	-0.48240	0.44003	-0.38538	0.14291	0.99995	0.00673	-0.00768	-0.00679	0.99994	-0.00842	0.00762	0.00847	0.99994	
114	0.57000	117.74302	-48.69299	-0.11240	0.51479	-0.16271	-0.66305	1.16205	0.99993	0.01157	0.00284	-0.01160	0.99989	0.00898	-0.00274	-0.00902	0.99996		-118.74773	-146.42882	-0.95089	-0.48921	0.43912	-0.38229	0.15789	0.99995	0.00667	-0.00766	-0.00674	0.99994	-0.00854	0.00761	0.00859	0.99993	
115	0.57500	117.74406	-48.68520	-0.09721	0.52871	-0.16036	-0.66529	1.15667	0.99993	0.01161	0.00280	-0.01164	0.99989	0.00923	-0.00269	-0.00926	0.99995		-118.74521	-146.46407	-0.96649	-0.50135	0.43926	-0.38137	0.15749	0.99995	0.00666	-0.00767	-0.00672	0.99994	-0.00875	0.00761	0.00880	0.99993	
116	0.58000	117.75828	-48.62660	-0.13059	0.54735	-0.16669	-0.66640	1.15747	0.99993	0.01163	0.00291	-0.01166	0.99989	0.00955	-0.00280	-0.00959	0.99995		-118.77610	-146.49905	-0.97774	-0.51082	0.43955	-0.38286	0.15396	0.99995	0.00668	-0.00767	-0.00675	0.99994	-0.00892	0.00761	0.00897	0.99993	
117	0.58500	117.74484	-48.60724	-0.13044	0.56451	-0.16256	-0.66984	1.15987	0.99993	0.01169	0.00284	-0.01172	0.99988	0.00985	-0.00272	-0.00988	0.99995		-118.73803	-146.51440	-0.98209	-0.51487	0.43791	-0.38307	0.14772	0.99995	0.00669	-0.00764	-0.00675	0.99994	-0.00899	0.00758	0.00904	0.99993	
118	0.59000	117.71711	-48.59543	-0.13048	0.57874	-0.16121	-0.66938	1.16378	0.99993	0.01168	0.00281	-0.01171	0.99988	0.01010	-0.00270	-0.01013	0.99995		-118.77781	-146.53948	-0.99329	-0.52418	0.44068	-0.38185	0.15380	0.99995	0.00666	-0.00769	-0.00673	0.99994	-0.00915	0.00763	0.00920	0.99993	
119	0.59500	117.77247	-48.54364	-0.14851	0.59796	-0.16884	-0.67009	1.17384	0.99993	0.01169	0.00295	-0.01173	0.99988	0.01044	-0.00282	-0.01047	0.99994		-118.76560	-146.56145	-1.01347	-0.53128	0.43816	-0.37859	0.16946	0.99995	0.00661	-0.00765	-0.00668	0.99993	-0.00927	0.00759	0.00932	0.99993	
120	0.60000	117.80013	-48.51507	-0.15573	0.61233	-0.17399	-0.67010	1.19040	0.99993	0.01170	0.00304	-0.01173	0.99987	0.01069	-0.00291	-0.01072	0.99994		-118.78397	-146.59817	-1.01224	-0.54080	0.44038	-0.38093	0.15796	0.99995	0.00665	-0.00769	-0.00672	0.99993	-0.00944	0.00762	0.00949	0.99993	
121	0.60500	117.74743	-48.50802	-0.14456	0.62530	-0.16910	-0.67405	1.16690	0.99993	0.01176	0.00295	-0.01180	0.99987	0.01091	-0.00282	-0.01095	0.99994		-118.79866	-146.61311	-1.02001	-0.54745	0.44205	-0.38108	0.17085	0.99995	0.00665	-0.00772	-0.00672	0.99993	-0.00955	0.00765	0.00961	0.99992	
122	0.61000	117.78764	-48.48018	-0.16825	0.64149	-0.17137	-0.66868	1.17423	0.99993	0.01167	0.00299	-0.01170	0.99987	0.01120	-0.00286	-0.01123	0.99993		-118.79399	-146.61690	-1.04060	-0.55033	0.44132	-0.38346	0.15444	0.99995	0.00669	-0.00770	-0.00677	0.99993	-0.00960	0.00764	0.00966	0.99992	
123	0.61500	117.77409	-48.44880	-0.17462	0.65597	-0.17085	-0.66762	1.17378	0.99993	0.01165	0.00298	-0.01169	0.99987	0.01145	-0.00285	-0.01148	0.99993		-118.80815	-146.63766	-1.03146	-0.55840	0.44280	-0.37873	0.16318	0.99995	0.00661	-0.00773	-0.00668	0.99993	-0.00975	0.00766	0.00980	0.99992	
124	0.62000	117.80008	-48.44006	-0.19173	0.66959	-0.17428	-0.66771	1.16631	0.99993	0.01165	0.00304	-0.01169	0.99986	0.01169	-0.00291	-0.01172	0.99993		-118.79132	-146.66506	-1.04354	-0.56846	0.44422	-0.37927	0.14331	0.99995	0.00662	-0.00775	-0.00670	0.99993	-0.00992	0.00769	0.00997	0.99992	
125	0.62500	117.78256	-48.41261	-0.18830	0.68204	-0.17399	-0.66794	1.17177	0.99993	0.01166	0.00304	-0.01169	0.99986	0.01190	-0.00290	-0.01194	0.99992		-118.78328	-146.67814	-1.05150	-0.57146	0.44235	-0.37867	0.14491	0.99995	0.00661	-0.00772	-0.00669	0.99993	-0.00997	0.00765	0.01002	0.99992	
126	0.63000	117.80305	-48.38704	-0.20349	0.69820	-0.17375	-0.67087	1.18096	0.99993	0.01171	0.00303	-0.01174	0.99986	0.01219	-0.00289	-0.01222	0.99992		-118.79781	-146.68659	-1.05068	-0.57783	0.44174	-0.37882	0.12973	0.99995	0.00661	-0.00771	-0.00669	0.99993	-0.01008	0.00764	0.01014	0.99992	
127	0.63500	117.79560	-48.37982	-0.20517	0.70991	-0.17085	-0.67016	1.18156	0.99993	0.01170	0.00298	-0.01173	0.99985	0.01239	-0.00284	-0.01242	0.99992		-118.79398	-146.72036	-1.05818	-0.58464	0.43841	-0.38017	0.16757	0.99995	0.00663	-0.00765	-0.00671	0.99993	-0.01020	0.00758	0.01025	0.99992	
128	0.64000	117.77566	-48.35241	-0.21585	0.72365	-0.16866	-0.67052	1.19236	0.99993	0.01170	0.00294	-0.01174	0.99985	0.01263	-0.00280	-0.01266	0.99992		-118.79131	-146.71713	-1.06658	-0.58680	0.44065	-0.37991	0.14812	0.99995	0.00663	-0.00769	-0.00671	0.99993	-0.01024	0.00762	0.01029	0.99992	
129	0.64500	117.77473	-48.30505	-0.21258	0.73772	-0.16590	-0.66778	1.17243	0.99993	0.01165	0.00290	-0.01169	0.99985	0.01288	-0.00274	-0.01291	0.99991		-118.82613	-146.72735	-1.06548	-0.58977	0.43941	-0.38132	0.15182	0.99995	0.00666	-0.00767	-0.00673	0.99992	-0.01029	0.00760	0.01034	0.99992	
130	0.65000	117.78228	-48.30358	-0.23203	0.74935	-0.16761	-0.66798	1.18220	0.99993	0.01166	0.00293	-0.01170	0.99985	0.01308	-0.00277	-0.01311	0.99991		-118.81567	-146.73007	-1.06506	-0.59663	0.43809	-0.37639	0.16371	0.99995	0.00657	-0.00765	-0.00665	0.99992	-0.01041	0.00758	0.01046	0.99992	
131	0.65500	117.81569	-48.28718	-0.23975	0.76032	-0.17180	-0.67069	1.18102	0.99993	0.01171	0.00300	-0.01174	0.99984	0.01327	-0.00284	-0.01330	0.99991		-118.81150	-146.75326	-1.08157	-0.59952	0.44138	-0.37803	0.14166	0.99995	0.00660	-0.00770	-0.00668	0.99992	-0.01046	0.00763	0.01051	0.99992	
132	0.66000	117.77151	-48.28380	-0.23865	0.76668	-0.16085	-0.67156	1.17360	0.99993	0.01172	0.00281	-0.01176	0.99984	0.01338	-0.00265	-0.01341	0.99991		-118.79069	-146.76071	-1.06017	-0.60534	0.43763	-0.38240	0.14378	0.99995	0.00667	-0.00764	-0.00675	0.99992	-0.01056	0.00757	0.01062	0.99992	
133	0.66500	117.77634	-48.24311	-0.25640	0.78165	-0.16277	-0.66801	1.18760	0.99993	0.01166	0.00284	-0.01170	0.99984	0.01364	-0.00268	-0.01367	0.99990		-118.79818	-146.77401	-1.05555	-0.60870	0.43455	-0.38004	0.13655	0.99995	0.00663	-0.00758	-0.00671	0.99992	-0.01062	0.00751	0.01067	0.99991	
134	0.67000	117.82557	-48.22574	-0.25206	0.79208	-0.16212	-0.67147	1.20297	0.99993	0.01172	0.00283	-0.01176	0.99984	0.01382	-0.00267	-0.01386	0.99990		-118.80146	-146.77692	-1.06351	-0.60946	0.43531	-0.37719	0.12768	0.99995	0.00658	-0.00760	-0.00666	0.99992	-0.01064	0.00753	0.01069	0.99991	
135	0.67500	117.76775	-48.21408	-0.23818	0.80213	-0.15546	-0.67013	1.16846	0.99993	0.01170	0.00271	-0.01173	0.99983	0.01400	-0.00255	-0.01403	0.99990		-118.79171	-146.77986	-1.05925	-0.61132	0.43085	-0.37581	0.14772	0.99995	0.00656	-0.00752	-0.00664	0.99992	-0.01067	0.00745	0.01072	0.99991	
