NO_OF_FRAMES	12035
NO_OF_CAMERAS	8
NO_OF_BODIES	2
FREQUENCY	200
NO_OF_ANALOG	0
ANALOG_FREQUENCY	0
DESCRIPTION	--
TIME_STAMP	2013-07-04, 09:43:49	90245.28724744
DATA_INCLUDED	6D
BODY_NAMES	Ice 1	Ice 2
Frame	Time	Ice 1 X	Y	Z	Roll	Pitch	Yaw	Residual	Rot[0]	Rot[1]	Rot[2]	Rot[3]	Rot[4]	Rot[5]	Rot[6]	Rot[7]	Rot[8]	Ice 2 X	Y	Z	Roll	Pitch	Yaw	Residual	Rot[0]	Rot[1]	Rot[2]	Rot[3]	Rot[4]	Rot[5]	Rot[6]	Rot[7]	Rot[8]	
1	0.00500	79.40206	-171.61969	0.55364	0.34092	0.14973	9.39157	1.07314	0.98659	-0.16318	-0.00261	0.16319	0.98658	0.00595	0.00161	-0.00630	0.99998		-123.72999	54.73686	-0.92141	-0.37130	0.41346	2.56652	0.35807	0.99897	-0.04478	-0.00722	0.04473	0.99898	-0.00648	0.00750	0.00615	0.99995	
2	0.01000	79.36374	-171.63403	0.52175	0.34329	0.15614	9.38656	1.06074	0.98661	-0.16309	-0.00273	0.16311	0.98659	0.00599	0.00171	-0.00636	0.99998		-123.73787	54.72673	-0.87938	-0.37489	0.41306	2.56887	0.32275	0.99897	-0.04482	-0.00721	0.04477	0.99898	-0.00654	0.00750	0.00621	0.99995	
3	0.01500	79.37424	-171.63316	0.50615	0.34874	0.15571	9.37912	1.07065	0.98663	-0.16297	-0.00272	0.16298	0.98661	0.00609	0.00169	-0.00645	0.99998		-123.74542	54.70273	-0.86234	-0.38146	0.41697	2.56955	0.33708	0.99897	-0.04483	-0.00728	0.04478	0.99897	-0.00666	0.00757	0.00632	0.99995	
4	0.02000	79.37518	-171.65109	0.48669	0.35363	0.15235	9.38699	1.05966	0.98661	-0.16310	-0.00266	0.16312	0.98659	0.00617	0.00162	-0.00652	0.99998		-123.74910	54.69027	-0.84104	-0.38541	0.41548	2.56740	0.34471	0.99897	-0.04479	-0.00725	0.04474	0.99898	-0.00673	0.00755	0.00640	0.99995	
5	0.02500	79.32585	-171.66079	0.46506	0.35769	0.15990	9.38390	1.06271	0.98661	-0.16305	-0.00279	0.16306	0.98660	0.00624	0.00174	-0.00661	0.99998		-123.72999	54.67521	-0.80336	-0.38977	0.41341	2.56740	0.34530	0.99897	-0.04479	-0.00722	0.04474	0.99898	-0.00680	0.00751	0.00647	0.99995	
6	0.03000	79.38157	-171.67438	0.44830	0.36330	0.15681	9.38720	1.05866	0.98660	-0.16310	-0.00274	0.16312	0.98659	0.00634	0.00167	-0.00670	0.99998		-123.73379	54.67106	-0.78220	-0.39495	0.41495	2.56807	0.32325	0.99897	-0.04481	-0.00724	0.04476	0.99897	-0.00689	0.00754	0.00656	0.99995	
7	0.03500	79.36837	-171.67781	0.41896	0.36972	0.15730	9.38451	1.05354	0.98661	-0.16306	-0.00275	0.16307	0.98659	0.00645	0.00166	-0.00681	0.99998		-123.72155	54.62433	-0.75219	-0.40348	0.41130	2.57142	0.32692	0.99897	-0.04486	-0.00718	0.04481	0.99897	-0.00704	0.00749	0.00671	0.99995	
8	0.04000	79.37387	-171.65459	0.38443	0.38055	0.15391	9.38168	1.05974	0.98662	-0.16301	-0.00269	0.16302	0.98660	0.00664	0.00157	-0.00699	0.99997		-123.73002	54.61429	-0.72280	-0.40593	0.41314	2.57164	0.32724	0.99897	-0.04487	-0.00721	0.04482	0.99897	-0.00708	0.00752	0.00675	0.99995	
9	0.04500	79.37498	-171.66042	0.34583	0.38673	0.15313	9.38482	1.05727	0.98661	-0.16306	-0.00267	0.16308	0.98659	0.00675	0.00154	-0.00710	0.99997		-123.72866	54.60826	-0.69343	-0.41043	0.41546	2.57101	0.33801	0.99897	-0.04486	-0.00725	0.04480	0.99897	-0.00716	0.00756	0.00683	0.99995	
10	0.05000	79.39721	-171.66307	0.30105	0.39584	0.15047	9.38162	1.06456	0.98662	-0.16301	-0.00263	0.16302	0.98660	0.00691	0.00146	-0.00724	0.99997		-123.72479	54.59677	-0.67627	-0.41412	0.41230	2.57189	0.32791	0.99897	-0.04487	-0.00720	0.04482	0.99897	-0.00723	0.00751	0.00690	0.99995	
11	0.05500	79.35568	-171.71758	0.31677	0.40000	0.14888	9.37673	1.05200	0.98664	-0.16292	-0.00260	0.16294	0.98661	0.00698	0.00143	-0.00731	0.99997		-123.72466	54.57318	-0.64660	-0.41956	0.41204	2.57273	0.32923	0.99897	-0.04489	-0.00719	0.04483	0.99897	-0.00732	0.00751	0.00699	0.99995	
12	0.06000	79.35292	-171.70994	0.28324	0.41038	0.14504	9.37857	1.06924	0.98663	-0.16296	-0.00253	0.16297	0.98660	0.00716	0.00133	-0.00748	0.99997		-123.73271	54.54590	-0.62497	-0.42495	0.41123	2.57360	0.33317	0.99897	-0.04490	-0.00718	0.04485	0.99897	-0.00742	0.00750	0.00709	0.99995	
13	0.06500	79.34346	-171.71963	0.24807	0.41551	0.14648	9.38103	1.04862	0.98662	-0.16300	-0.00256	0.16301	0.98660	0.00725	0.00134	-0.00757	0.99997		-123.75217	54.53566	-0.59543	-0.42860	0.41326	2.57387	0.31660	0.99897	-0.04491	-0.00721	0.04485	0.99897	-0.00748	0.00754	0.00715	0.99995	
14	0.07000	79.33109	-171.71040	0.21514	0.42678	0.14301	9.37403	1.04793	0.98664	-0.16288	-0.00250	0.16289	0.98662	0.00745	0.00125	-0.00776	0.99997		-123.70804	54.50405	-0.57451	-0.43225	0.40944	2.57657	0.32324	0.99896	-0.04495	-0.00715	0.04490	0.99896	-0.00754	0.00748	0.00722	0.99995	
15	0.07500	79.35392	-171.72040	0.17734	0.43366	0.13965	9.37682	1.03437	0.98664	-0.16293	-0.00244	0.16294	0.98661	0.00757	0.00117	-0.00786	0.99997		-123.73943	54.51400	-0.54914	-0.43451	0.41262	2.57481	0.33258	0.99896	-0.04492	-0.00720	0.04487	0.99896	-0.00758	0.00753	0.00725	0.99995	
16	0.08000	79.34346	-171.72026	0.14741	0.44073	0.13890	9.37760	1.05081	0.98663	-0.16294	-0.00242	0.16295	0.98660	0.00769	0.00114	-0.00798	0.99997		-123.72308	54.48368	-0.52348	-0.44136	0.40853	2.57702	0.33804	0.99896	-0.04496	-0.00713	0.04491	0.99896	-0.00770	0.00747	0.00737	0.99994	
17	0.08500	79.35676	-171.70605	0.11005	0.45137	0.13513	9.37411	1.03778	0.98664	-0.16288	-0.00236	0.16289	0.98661	0.00788	0.00104	-0.00816	0.99997		-123.71110	54.47549	-0.50653	-0.44314	0.40579	2.57751	0.33956	0.99896	-0.04497	-0.00708	0.04491	0.99896	-0.00773	0.00742	0.00741	0.99994	
18	0.09000	79.34362	-171.71557	0.07865	0.45973	0.13336	9.37795	1.04473	0.98663	-0.16295	-0.00233	0.16296	0.98660	0.00802	0.00099	-0.00830	0.99997		-123.70322	54.45006	-0.48088	-0.44887	0.40378	2.57850	0.34157	0.99896	-0.04499	-0.00705	0.04493	0.99896	-0.00783	0.00739	0.00751	0.99994	
19	0.09500	79.34869	-171.69823	0.04025	0.47053	0.13123	9.37543	1.04101	0.98664	-0.16290	-0.00229	0.16292	0.98661	0.00821	0.00092	-0.00848	0.99996		-123.73803	54.44613	-0.45959	-0.44822	0.40680	2.58002	0.34599	0.99896	-0.04501	-0.00710	0.04496	0.99896	-0.00782	0.00744	0.00750	0.99994	
20	0.10000	79.40069	-171.67609	0.00630	0.48055	0.12867	9.37331	1.04854	0.98665	-0.16287	-0.00225	0.16288	0.98661	0.00839	0.00085	-0.00864	0.99996		-123.71826	54.41843	-0.43855	-0.45324	0.40420	2.57835	0.32759	0.99896	-0.04498	-0.00705	0.04493	0.99896	-0.00791	0.00740	0.00759	0.99994	
21	0.10500	79.33291	-171.66872	-0.02052	0.48895	0.13213	9.37639	1.05638	0.98664	-0.16292	-0.00231	0.16293	0.98660	0.00853	0.00088	-0.00880	0.99996		-123.71889	54.42054	-0.42994	-0.45389	0.40217	2.58040	0.33319	0.99896	-0.04502	-0.00702	0.04496	0.99896	-0.00792	0.00737	0.00760	0.99994	
22	0.11000	79.39829	-171.66907	-0.06569	0.49678	0.12713	9.37302	1.04412	0.98665	-0.16286	-0.00222	0.16287	0.98661	0.00867	0.00078	-0.00892	0.99996		-123.69951	54.40162	-0.41326	-0.45586	0.40199	2.57887	0.34220	0.99896	-0.04499	-0.00702	0.04494	0.99896	-0.00796	0.00737	0.00763	0.99994	
23	0.11500	79.33670	-171.64880	-0.09254	0.50386	0.13177	9.37479	1.04865	0.98664	-0.16289	-0.00230	0.16291	0.98660	0.00879	0.00084	-0.00905	0.99996		-123.71187	54.38488	-0.40023	-0.45774	0.39988	2.57754	0.33923	0.99896	-0.04497	-0.00698	0.04491	0.99896	-0.00799	0.00733	0.00767	0.99994	
24	0.12000	79.37007	-171.64958	-0.13069	0.51367	0.12583	9.37719	1.05511	0.98663	-0.16293	-0.00220	0.16295	0.98659	0.00897	0.00071	-0.00920	0.99996		-123.65485	54.37694	-0.40060	-0.45896	0.39596	2.58173	0.33706	0.99896	-0.04504	-0.00691	0.04499	0.99896	-0.00801	0.00726	0.00769	0.99994	
25	0.12500	79.36644	-171.62909	-0.17550	0.52233	0.12564	9.37450	1.05687	0.98664	-0.16289	-0.00219	0.16290	0.98660	0.00912	0.00068	-0.00935	0.99996		-123.69028	54.35030	-0.38327	-0.45917	0.39846	2.57982	0.34522	0.99896	-0.04501	-0.00695	0.04495	0.99896	-0.00801	0.00731	0.00769	0.99994	
26	0.13000	79.36739	-171.61315	-0.19695	0.53284	0.12418	9.37205	1.05368	0.98665	-0.16284	-0.00217	0.16286	0.98661	0.00930	0.00062	-0.00953	0.99995		-123.68902	54.36228	-0.37099	-0.45644	0.39835	2.57941	0.34408	0.99896	-0.04500	-0.00695	0.04495	0.99896	-0.00797	0.00730	0.00765	0.99994	
27	0.13500	79.35934	-171.59733	-0.23422	0.53933	0.12166	9.37648	1.04669	0.98664	-0.16292	-0.00212	0.16293	0.98659	0.00941	0.00056	-0.00963	0.99995		-123.66015	54.35232	-0.37497	-0.45844	0.39160	2.57941	0.33307	0.99896	-0.04500	-0.00683	0.04495	0.99896	-0.00800	0.00719	0.00769	0.99994	
28	0.14000	79.41471	-171.58886	-0.26441	0.54662	0.11795	9.37502	1.05290	0.98664	-0.16290	-0.00206	0.16291	0.98660	0.00954	0.00048	-0.00975	0.99995		-123.67419	54.35342	-0.36241	-0.45522	0.39230	2.58083	0.33536	0.99896	-0.04503	-0.00685	0.04497	0.99896	-0.00794	0.00720	0.00763	0.99994	
29	0.14500	79.36833	-171.57455	-0.28925	0.55230	0.12223	9.37970	1.05274	0.98663	-0.16298	-0.00213	0.16299	0.98658	0.00964	0.00053	-0.00986	0.99995		-123.65495	54.32741	-0.35016	-0.45574	0.39386	2.58361	0.33948	0.99896	-0.04508	-0.00687	0.04502	0.99895	-0.00795	0.00723	0.00764	0.99994	
30	0.15000	79.34287	-171.55288	-0.32738	0.56154	0.12311	9.37411	1.05241	0.98664	-0.16288	-0.00215	0.16289	0.98659	0.00980	0.00052	-0.01002	0.99995		-123.66407	54.32581	-0.35795	-0.45308	0.38872	2.58102	0.33612	0.99896	-0.04503	-0.00678	0.04498	0.99896	-0.00791	0.00713	0.00759	0.99995	
31	0.15500	79.38809	-171.55110	-0.36805	0.56917	0.11552	9.37558	1.06953	0.98664	-0.16291	-0.00202	0.16292	0.98659	0.00993	0.00037	-0.01013	0.99995		-123.63545	54.31572	-0.36279	-0.44973	0.38847	2.57889	0.34614	0.99896	-0.04499	-0.00678	0.04494	0.99896	-0.00785	0.00713	0.00754	0.99995	
32	0.16000	79.37621	-171.54226	-0.39329	0.57536	0.11591	9.37617	1.06007	0.98664	-0.16292	-0.00202	0.16293	0.98659	0.01004	0.00036	-0.01024	0.99995		-123.62711	54.31598	-0.35846	-0.44859	0.38416	2.57905	0.33213	0.99896	-0.04500	-0.00670	0.04494	0.99896	-0.00783	0.00705	0.00752	0.99995	
33	0.16500	79.41541	-171.52307	-0.43058	0.58292	0.10836	9.37777	1.07416	0.98663	-0.16294	-0.00189	0.16295	0.98658	0.01017	0.00021	-0.01035	0.99995		-123.59554	54.30221	-0.35471	-0.44509	0.38064	2.57989	0.34650	0.99896	-0.04501	-0.00664	0.04496	0.99896	-0.00777	0.00699	0.00746	0.99995	
34	0.17000	79.41300	-171.51230	-0.47545	0.59094	0.10930	9.37257	1.07174	0.98665	-0.16285	-0.00191	0.16286	0.98659	0.01031	0.00020	-0.01049	0.99994		-123.62593	54.28311	-0.36259	-0.44352	0.38206	2.58072	0.33475	0.99896	-0.04503	-0.00667	0.04497	0.99896	-0.00774	0.00701	0.00743	0.99995	
35	0.17500	79.43565	-171.49948	-0.50689	0.59611	0.10755	9.37789	1.07227	0.98663	-0.16294	-0.00188	0.16296	0.98658	0.01040	0.00016	-0.01057	0.99994		-123.61948	54.27361	-0.36267	-0.44152	0.37983	2.58232	0.33567	0.99896	-0.04505	-0.00663	0.04500	0.99896	-0.00771	0.00697	0.00740	0.99995	
36	0.18000	79.41763	-171.47007	-0.55081	0.60450	0.10705	9.37412	1.06017	0.98664	-0.16288	-0.00187	0.16289	0.98659	0.01055	0.00012	-0.01071	0.99994		-123.59890	54.29466	-0.36357	-0.43223	0.37964	2.58022	0.34577	0.99896	-0.04502	-0.00663	0.04497	0.99896	-0.00754	0.00696	0.00724	0.99995	
37	0.18500	79.42288	-171.45166	-0.58054	0.61199	0.10902	9.37002	1.05497	0.98666	-0.16281	-0.00190	0.16282	0.98660	0.01068	0.00014	-0.01085	0.99994		-123.59187	54.29175	-0.36398	-0.42649	0.37739	2.57880	0.32845	0.99897	-0.04499	-0.00659	0.04494	0.99896	-0.00744	0.00691	0.00714	0.99995	
38	0.19000	79.41782	-171.43689	-0.62099	0.61990	0.10498	9.37067	1.05430	0.98665	-0.16282	-0.00183	0.16283	0.98659	0.01082	0.00005	-0.01097	0.99994		-123.60157	54.28636	-0.37652	-0.42162	0.37877	2.57994	0.34545	0.99896	-0.04501	-0.00661	0.04496	0.99896	-0.00736	0.00694	0.00705	0.99995	
39	0.19500	79.41591	-171.40761	-0.64939	0.62574	0.10374	9.37092	1.06167	0.98665	-0.16282	-0.00181	0.16283	0.98659	0.01092	0.00001	-0.01107	0.99994		-123.61226	54.27771	-0.38478	-0.41848	0.37810	2.58325	0.35043	0.99896	-0.04507	-0.00660	0.04502	0.99896	-0.00730	0.00692	0.00700	0.99995	
40	0.20000	79.44306	-171.39214	-0.67854	0.63198	0.10686	9.37240	1.06598	0.98665	-0.16285	-0.00187	0.16286	0.98659	0.01103	0.00004	-0.01119	0.99994		-123.61755	54.26947	-0.38916	-0.41102	0.37587	2.57788	0.33764	0.99897	-0.04498	-0.00656	0.04493	0.99896	-0.00717	0.00688	0.00687	0.99995	
41	0.20500	79.42307	-171.35310	-0.71216	0.63951	0.10631	9.37317	1.05519	0.98665	-0.16286	-0.00186	0.16287	0.98658	0.01116	0.00001	-0.01131	0.99994		-123.61109	54.28605	-0.40660	-0.40189	0.37635	2.58036	0.33122	0.99896	-0.04502	-0.00657	0.04497	0.99896	-0.00701	0.00688	0.00671	0.99995	
42	0.21000	79.43065	-171.36115	-0.75480	0.64381	0.10388	9.37311	1.04698	0.98665	-0.16286	-0.00181	0.16287	0.98658	0.01124	-0.00004	-0.01138	0.99994		-123.61592	54.29403	-0.41513	-0.39380	0.37214	2.57685	0.34811	0.99897	-0.04496	-0.00650	0.04491	0.99897	-0.00687	0.00680	0.00657	0.99996	
43	0.21500	79.43424	-171.33429	-0.78076	0.64843	0.10211	9.37405	1.06619	0.98664	-0.16288	-0.00178	0.16289	0.98658	0.01132	-0.00008	-0.01146	0.99993		-123.57393	54.28408	-0.42825	-0.38831	0.36843	2.58200	0.33183	0.99896	-0.04505	-0.00643	0.04500	0.99896	-0.00678	0.00673	0.00648	0.99996	
44	0.22000	79.44938	-171.31302	-0.81796	0.65398	0.10141	9.37616	1.06043	0.98664	-0.16292	-0.00177	0.16292	0.98657	0.01141	-0.00011	-0.01155	0.99993		-123.59534	54.29147	-0.43250	-0.38166	0.37062	2.58102	0.33148	0.99896	-0.04503	-0.00647	0.04499	0.99897	-0.00666	0.00676	0.00636	0.99996	
45	0.22500	79.43160	-171.31229	-0.86736	0.65993	0.09906	9.37111	1.04357	0.98665	-0.16283	-0.00173	0.16284	0.98659	0.01152	-0.00017	-0.01165	0.99993		-123.58584	54.28054	-0.44530	-0.37463	0.36958	2.58019	0.34346	0.99897	-0.04502	-0.00645	0.04497	0.99897	-0.00654	0.00674	0.00624	0.99996	
46	0.23000	79.44818	-171.29117	-0.88650	0.66432	0.09671	9.37174	1.03512	0.98665	-0.16284	-0.00169	0.16285	0.98658	0.01159	-0.00022	-0.01171	0.99993		-123.60323	54.26297	-0.44938	-0.36839	0.36761	2.57786	0.33759	0.99897	-0.04498	-0.00642	0.04493	0.99897	-0.00643	0.00670	0.00613	0.99996	
47	0.23500	79.46039	-171.27005	-0.92383	0.67126	0.09217	9.37359	1.04446	0.98665	-0.16287	-0.00161	0.16288	0.98658	0.01172	-0.00032	-0.01182	0.99993		-123.58582	54.26458	-0.47461	-0.36150	0.36286	2.57918	0.33931	0.99897	-0.04500	-0.00633	0.04496	0.99897	-0.00631	0.00661	0.00602	0.99996	
48	0.24000	79.49875	-171.25850	-0.95768	0.67493	0.08801	9.37044	1.04131	0.98666	-0.16282	-0.00154	0.16282	0.98658	0.01178	-0.00040	-0.01187	0.99993		-123.56511	54.26244	-0.47544	-0.35334	0.36187	2.57751	0.33751	0.99897	-0.04497	-0.00632	0.04493	0.99897	-0.00617	0.00659	0.00588	0.99996	
49	0.24500	79.49682	-171.24831	-0.98198	0.67711	0.09199	9.36753	1.03890	0.98666	-0.16277	-0.00161	0.16277	0.98659	0.01182	-0.00034	-0.01192	0.99993		-123.58434	54.26532	-0.50459	-0.34452	0.36073	2.57739	0.32312	0.99897	-0.04497	-0.00630	0.04493	0.99897	-0.00601	0.00656	0.00572	0.99996	
50	0.25000	79.46669	-171.22211	-0.99952	0.68226	0.09489	9.37023	1.03227	0.98666	-0.16281	-0.00166	0.16282	0.98658	0.01191	-0.00030	-0.01202	0.99993		-123.56224	54.25985	-0.50945	-0.33716	0.35919	2.57738	0.33469	0.99897	-0.04497	-0.00627	0.04493	0.99897	-0.00588	0.00653	0.00560	0.99996	
51	0.25500	79.50430	-171.19065	-1.03857	0.68820	0.09295	9.36904	1.04127	0.98666	-0.16279	-0.00162	0.16280	0.98659	0.01201	-0.00035	-0.01211	0.99993		-123.54175	54.25580	-0.53494	-0.33048	0.35580	2.57772	0.33322	0.99897	-0.04497	-0.00621	0.04494	0.99897	-0.00577	0.00646	0.00548	0.99996	
52	0.26000	79.50144	-171.19199	-1.04310	0.69042	0.09207	9.37617	1.04037	0.98664	-0.16292	-0.00161	0.16292	0.98657	0.01205	-0.00038	-0.01215	0.99993		-123.57795	54.25595	-0.54332	-0.31934	0.36063	2.57701	0.34751	0.99897	-0.04496	-0.00629	0.04493	0.99897	-0.00557	0.00654	0.00528	0.99996	
53	0.26500	79.48415	-171.15852	-1.06235	0.69595	0.09257	9.37386	1.03898	0.98665	-0.16288	-0.00162	0.16288	0.98657	0.01215	-0.00038	-0.01225	0.99992		-123.56940	54.23501	-0.56432	-0.31248	0.35479	2.57565	0.34189	0.99897	-0.04494	-0.00619	0.04490	0.99898	-0.00545	0.00643	0.00517	0.99997	
54	0.27000	79.50764	-171.14279	-1.10426	0.69930	0.08958	9.37082	1.03404	0.98665	-0.16282	-0.00156	0.16283	0.98658	0.01220	-0.00044	-0.01230	0.99992		-123.55043	54.24307	-0.59007	-0.30308	0.35182	2.57554	0.34069	0.99897	-0.04494	-0.00614	0.04490	0.99898	-0.00529	0.00637	0.00501	0.99997	
55	0.27500	79.48006	-171.12873	-1.11326	0.70347	0.09560	9.37286	1.04170	0.98665	-0.16286	-0.00167	0.16287	0.98657	0.01228	-0.00035	-0.01239	0.99992		-123.54057	54.24201	-0.60711	-0.29588	0.35104	2.57936	0.33443	0.99897	-0.04500	-0.00613	0.04497	0.99897	-0.00516	0.00635	0.00488	0.99997	
56	0.28000	79.51132	-171.12239	-1.13307	0.70630	0.08932	9.37067	1.03680	0.98665	-0.16282	-0.00156	0.16283	0.98658	0.01233	-0.00047	-0.01242	0.99992		-123.55215	54.24651	-0.62821	-0.28657	0.35282	2.57888	0.34605	0.99897	-0.04499	-0.00616	0.04496	0.99898	-0.00500	0.00638	0.00472	0.99997	
57	0.28500	79.51703	-171.08963	-1.14733	0.70975	0.09330	9.36920	1.02879	0.98666	-0.16280	-0.00163	0.16280	0.98658	0.01239	-0.00041	-0.01249	0.99992		-123.52801	54.24180	-0.65439	-0.27570	0.35294	2.57485	0.33694	0.99897	-0.04492	-0.00616	0.04489	0.99898	-0.00481	0.00637	0.00453	0.99997	
58	0.29000	79.52024	-171.07032	-1.16088	0.71415	0.09064	9.36668	1.02444	0.98667	-0.16275	-0.00158	0.16276	0.98659	0.01246	-0.00047	-0.01256	0.99992		-123.54137	54.21480	-0.68686	-0.27058	0.34734	2.57657	0.32745	0.99897	-0.04495	-0.00606	0.04493	0.99898	-0.00472	0.00627	0.00445	0.99997	
59	0.29500	79.53018	-171.05821	-1.18215	0.71628	0.08974	9.36699	1.02857	0.98666	-0.16276	-0.00157	0.16276	0.98659	0.01250	-0.00049	-0.01259	0.99992		-123.53000	54.20490	-0.71238	-0.26323	0.34581	2.57775	0.32951	0.99897	-0.04497	-0.00604	0.04495	0.99898	-0.00459	0.00624	0.00432	0.99997	
60	0.30000	79.51867	-171.04774	-1.19041	0.71715	0.09402	9.36434	1.00865	0.98667	-0.16271	-0.00164	0.16272	0.98659	0.01252	-0.00042	-0.01262	0.99992		-123.52606	54.23275	-0.73007	-0.24941	0.34680	2.57306	0.34634	0.99897	-0.04489	-0.00605	0.04487	0.99898	-0.00435	0.00624	0.00408	0.99997	
61	0.30500	79.53035	-171.01771	-1.18735	0.72036	0.09258	9.36843	1.02261	0.98666	-0.16278	-0.00162	0.16279	0.98658	0.01257	-0.00045	-0.01267	0.99992		-123.54253	54.22436	-0.75921	-0.24208	0.34712	2.57594	0.32649	0.99897	-0.04494	-0.00606	0.04492	0.99898	-0.00423	0.00624	0.00395	0.99997	
62	0.31000	79.51913	-170.99841	-1.19915	0.72089	0.09980	9.37669	1.02495	0.98664	-0.16292	-0.00174	0.16293	0.98656	0.01258	-0.00033	-0.01270	0.99992		-123.53730	54.20993	-0.78008	-0.23486	0.34457	2.57519	0.32396	0.99897	-0.04493	-0.00601	0.04491	0.99898	-0.00410	0.00619	0.00382	0.99997	
63	0.31500	79.54922	-170.97394	-1.21501	0.72577	0.09142	9.37086	1.01821	0.98665	-0.16282	-0.00160	0.16283	0.98657	0.01267	-0.00049	-0.01276	0.99992		-123.51787	54.21628	-0.80589	-0.22687	0.34394	2.57510	0.33546	0.99897	-0.04493	-0.00600	0.04490	0.99898	-0.00396	0.00617	0.00369	0.99997	
64	0.32000	79.54789	-170.97208	-1.21036	0.72595	0.09676	9.37403	1.02266	0.98664	-0.16288	-0.00169	0.16289	0.98656	0.01267	-0.00040	-0.01278	0.99992		-123.54384	54.20500	-0.82689	-0.21816	0.34613	2.57200	0.34067	0.99897	-0.04487	-0.00604	0.04485	0.99899	-0.00381	0.00621	0.00353	0.99997	
65	0.32500	79.53115	-170.96933	-1.21849	0.72810	0.09522	9.37337	1.02563	0.98665	-0.16287	-0.00166	0.16288	0.98656	0.01271	-0.00043	-0.01281	0.99992		-123.58391	54.21919	-0.85622	-0.20706	0.34967	2.57389	0.34266	0.99897	-0.04491	-0.00610	0.04489	0.99899	-0.00361	0.00626	0.00334	0.99997	
66	0.33000	79.53868	-170.94426	-1.21790	0.72928	0.09923	9.37219	1.02955	0.98665	-0.16285	-0.00173	0.16286	0.98657	0.01273	-0.00036	-0.01284	0.99992		-123.55895	54.21547	-0.87325	-0.19812	0.34535	2.57320	0.34240	0.99897	-0.04489	-0.00603	0.04487	0.99899	-0.00346	0.00618	0.00318	0.99998	
67	0.33500	79.55625	-170.92865	-1.22797	0.73025	0.09876	9.37410	1.03081	0.98664	-0.16288	-0.00172	0.16289	0.98656	0.01274	-0.00038	-0.01286	0.99992		-123.56633	54.21121	-0.90309	-0.19180	0.34827	2.57309	0.33939	0.99897	-0.04489	-0.00608	0.04487	0.99899	-0.00335	0.00622	0.00307	0.99998	
68	0.34000	79.57170	-170.89111	-1.22296	0.73572	0.09748	9.37202	1.01580	0.98665	-0.16284	-0.00170	0.16285	0.98657	0.01284	-0.00041	-0.01295	0.99992		-123.58129	54.21760	-0.92393	-0.18318	0.34864	2.57288	0.33877	0.99897	-0.04489	-0.00608	0.04487	0.99899	-0.00320	0.00622	0.00292	0.99998	
69	0.34500	79.57663	-170.90245	-1.20550	0.73436	0.09990	9.37526	1.03861	0.98664	-0.16290	-0.00174	0.16291	0.98656	0.01282	-0.00037	-0.01293	0.99992		-123.55305	54.20916	-0.94952	-0.17841	0.34600	2.57075	0.33436	0.99898	-0.04485	-0.00604	0.04483	0.99899	-0.00311	0.00617	0.00284	0.99998	
70	0.35000	79.53395	-170.88058	-1.19580	0.73516	0.10678	9.37368	1.01363	0.98665	-0.16287	-0.00186	0.16288	0.98656	0.01283	-0.00025	-0.01296	0.99992		-123.58758	54.18044	-0.96973	-0.17490	0.34763	2.57381	0.33728	0.99897	-0.04491	-0.00607	0.04489	0.99899	-0.00305	0.00620	0.00278	0.99998	
71	0.35500	79.54901	-170.86895	-1.19528	0.73554	0.10652	9.37498	1.01708	0.98664	-0.16289	-0.00186	0.16291	0.98656	0.01284	-0.00026	-0.01297	0.99992		-123.58378	54.19163	-1.00391	-0.16494	0.34821	2.57336	0.33444	0.99897	-0.04490	-0.00608	0.04488	0.99899	-0.00288	0.00620	0.00260	0.99998	
72	0.36000	79.56150	-170.87488	-1.18138	0.73591	0.10346	9.37048	1.02298	0.98665	-0.16282	-0.00181	0.16283	0.98657	0.01284	-0.00031	-0.01297	0.99992		-123.58138	54.19583	-1.01658	-0.15975	0.34726	2.57370	0.33602	0.99897	-0.04490	-0.00606	0.04489	0.99899	-0.00279	0.00618	0.00251	0.99998	
73	0.36500	79.53790	-170.85787	-1.17876	0.73675	0.10717	9.37483	1.02405	0.98664	-0.16289	-0.00187	0.16290	0.98656	0.01286	-0.00025	-0.01299	0.99992		-123.59117	54.18834	-1.03729	-0.15417	0.34631	2.57236	0.31971	0.99897	-0.04488	-0.00604	0.04486	0.99899	-0.00269	0.00616	0.00242	0.99998	
74	0.37000	79.53292	-170.82808	-1.15393	0.73976	0.10975	9.37345	1.02488	0.98665	-0.16287	-0.00192	0.16288	0.98656	0.01291	-0.00021	-0.01305	0.99991		-123.56767	54.17994	-1.07524	-0.15162	0.34493	2.57395	0.30974	0.99897	-0.04491	-0.00602	0.04489	0.99899	-0.00265	0.00613	0.00237	0.99998	
75	0.37500	79.50128	-170.83162	-1.13478	0.73660	0.11941	9.37792	1.02091	0.98663	-0.16295	-0.00208	0.16296	0.98655	0.01286	-0.00004	-0.01302	0.99992		-123.59483	54.17076	-1.09599	-0.14666	0.34792	2.57407	0.30921	0.99897	-0.04491	-0.00607	0.04490	0.99899	-0.00256	0.00618	0.00228	0.99998	
76	0.38000	79.52806	-170.82450	-1.13884	0.73629	0.11475	9.37553	1.03931	0.98664	-0.16290	-0.00200	0.16292	0.98656	0.01285	-0.00012	-0.01300	0.99992		-123.58736	54.16590	-1.12967	-0.14234	0.34765	2.57165	0.32838	0.99897	-0.04487	-0.00607	0.04485	0.99899	-0.00248	0.00617	0.00221	0.99998	
77	0.38500	79.52642	-170.81729	-1.11079	0.73707	0.11616	9.37562	1.01578	0.98664	-0.16291	-0.00203	0.16292	0.98656	0.01286	-0.00010	-0.01302	0.99992		-123.62585	54.16617	-1.15042	-0.13645	0.35122	2.57064	0.31394	0.99897	-0.04485	-0.00613	0.04484	0.99899	-0.00238	0.00623	0.00210	0.99998	
78	0.39000	79.52903	-170.80156	-1.10263	0.73888	0.11608	9.37058	1.01442	0.98665	-0.16282	-0.00203	0.16283	0.98657	0.01290	-0.00010	-0.01305	0.99991		-123.56374	54.15575	-1.18024	-0.13483	0.34332	2.56742	0.33387	0.99898	-0.04479	-0.00599	0.04478	0.99899	-0.00235	0.00609	0.00208	0.99998	
79	0.39500	79.54270	-170.78306	-1.07595	0.73975	0.11638	9.37535	1.02473	0.98664	-0.16290	-0.00203	0.16291	0.98656	0.01291	-0.00010	-0.01307	0.99991		-123.59521	54.13553	-1.20074	-0.13564	0.34983	2.57457	0.32213	0.99897	-0.04492	-0.00611	0.04491	0.99899	-0.00237	0.00621	0.00209	0.99998	
80	0.40000	79.55343	-170.78393	-1.04267	0.73821	0.11873	9.37576	1.02299	0.98664	-0.16291	-0.00207	0.16292	0.98655	0.01288	-0.00005	-0.01305	0.99991		-123.59116	54.14490	-1.23047	-0.13021	0.35090	2.57181	0.31505	0.99897	-0.04487	-0.00612	0.04486	0.99899	-0.00227	0.00622	0.00200	0.99998	
81	0.40500	79.53906	-170.78994	-1.03760	0.73511	0.11792	9.37367	1.02428	0.98665	-0.16287	-0.00206	0.16289	0.98656	0.01283	-0.00006	-0.01299	0.99992		-123.59227	54.14923	-1.25562	-0.12711	0.35102	2.57248	0.31766	0.99897	-0.04488	-0.00613	0.04487	0.99899	-0.00222	0.00622	0.00194	0.99998	
82	0.41000	79.49009	-170.76630	-0.98805	0.73453	0.13133	9.38112	1.03799	0.98662	-0.16300	-0.00229	0.16302	0.98654	0.01282	0.00017	-0.01302	0.99992		-123.59004	54.12960	-1.27621	-0.12734	0.34977	2.57075	0.31426	0.99898	-0.04485	-0.00610	0.04484	0.99899	-0.00222	0.00620	0.00195	0.99998	
83	0.41500	79.53953	-170.76285	-0.98489	0.73478	0.12175	9.37632	1.04240	0.98664	-0.16292	-0.00212	0.16293	0.98655	0.01282	0.00001	-0.01300	0.99992		-123.58722	54.11911	-1.30135	-0.12656	0.35087	2.57435	0.30679	0.99897	-0.04491	-0.00612	0.04490	0.99899	-0.00221	0.00622	0.00193	0.99998	
84	0.42000	79.50711	-170.75679	-0.94145	0.73242	0.12832	9.37794	1.03227	0.98663	-0.16295	-0.00224	0.16296	0.98655	0.01278	0.00013	-0.01298	0.99992		-123.59205	54.11740	-1.32261	-0.12585	0.35400	2.57302	0.32917	0.99897	-0.04489	-0.00618	0.04488	0.99899	-0.00220	0.00627	0.00192	0.99998	
85	0.42500	79.51723	-170.74519	-0.91506	0.73385	0.13000	9.38147	1.03024	0.98662	-0.16301	-0.00227	0.16302	0.98654	0.01281	0.00015	-0.01301	0.99992		-123.58447	54.11550	-1.34763	-0.12613	0.35222	2.57322	0.32967	0.99897	-0.04490	-0.00615	0.04488	0.99899	-0.00220	0.00624	0.00192	0.99998	
86	0.43000	79.49077	-170.74968	-0.89811	0.73313	0.13201	9.37774	1.03883	0.98663	-0.16294	-0.00230	0.16296	0.98655	0.01280	0.00019	-0.01300	0.99992		-123.57241	54.09332	-1.35602	-0.12685	0.35340	2.57255	0.31621	0.99897	-0.04488	-0.00617	0.04487	0.99899	-0.00221	0.00626	0.00193	0.99998	
87	0.43500	79.48113	-170.73952	-0.85815	0.72913	0.13453	9.38090	1.03244	0.98662	-0.16300	-0.00235	0.16301	0.98654	0.01273	0.00024	-0.01294	0.99992		-123.59651	54.09993	-1.38942	-0.12663	0.35669	2.57403	0.31992	0.99897	-0.04491	-0.00623	0.04490	0.99899	-0.00221	0.00632	0.00193	0.99998	
88	0.44000	79.51411	-170.74497	-0.83334	0.73032	0.12905	9.38068	1.03721	0.98662	-0.16299	-0.00225	0.16301	0.98654	0.01275	0.00014	-0.01294	0.99992		-123.60140	54.09202	-1.40596	-0.12841	0.35766	2.57124	0.33891	0.99897	-0.04486	-0.00624	0.04485	0.99899	-0.00224	0.00634	0.00196	0.99998	
89	0.44500	79.49576	-170.72161	-0.80577	0.72824	0.13518	9.37941	1.02606	0.98663	-0.16297	-0.00236	0.16299	0.98655	0.01271	0.00026	-0.01292	0.99992		-123.56183	54.05971	-1.43529	-0.13211	0.35479	2.57226	0.32796	0.99897	-0.04488	-0.00619	0.04486	0.99899	-0.00231	0.00629	0.00203	0.99998	
90	0.45000	79.49972	-170.73329	-0.78025	0.72584	0.13403	9.37965	1.02472	0.98663	-0.16298	-0.00234	0.16299	0.98655	0.01267	0.00024	-0.01288	0.99992		-123.58226	54.05486	-1.44738	-0.13558	0.35497	2.57458	0.32160	0.99897	-0.04492	-0.00620	0.04490	0.99899	-0.00237	0.00630	0.00209	0.99998	
91	0.45500	79.46997	-170.71705	-0.74182	0.72545	0.14109	9.37815	1.03185	0.98663	-0.16295	-0.00246	0.16297	0.98655	0.01266	0.00037	-0.01289	0.99992		-123.58792	54.05832	-1.45992	-0.13581	0.35878	2.57517	0.34758	0.99897	-0.04493	-0.00626	0.04492	0.99899	-0.00237	0.00636	0.00209	0.99998	
92	0.46000	79.49305	-170.70507	-0.73084	0.72521	0.14025	9.37973	1.01720	0.98663	-0.16298	-0.00245	0.16299	0.98655	0.01266	0.00035	-0.01289	0.99992		-123.57046	54.03343	-1.48929	-0.14122	0.35901	2.57507	0.31995	0.99897	-0.04493	-0.00627	0.04491	0.99899	-0.00246	0.00637	0.00218	0.99998	
93	0.46500	79.45150	-170.71586	-0.70883	0.72166	0.14038	9.37904	1.02114	0.98663	-0.16296	-0.00245	0.16298	0.98655	0.01260	0.00036	-0.01283	0.99992		-123.60174	54.02129	-1.50090	-0.14748	0.35943	2.57581	0.33458	0.99897	-0.04494	-0.00627	0.04493	0.99899	-0.00257	0.00638	0.00229	0.99998	
94	0.47000	79.44517	-170.72289	-0.66908	0.72106	0.13973	9.38186	1.03044	0.98662	-0.16301	-0.00244	0.16303	0.98654	0.01258	0.00035	-0.01281	0.99992		-123.60191	54.00499	-1.52167	-0.15017	0.36141	2.57604	0.32167	0.99897	-0.04494	-0.00631	0.04493	0.99899	-0.00262	0.00642	0.00233	0.99998	
95	0.47500	79.45479	-170.72602	-0.63588	0.71724	0.14091	9.38419	1.03071	0.98661	-0.16305	-0.00246	0.16307	0.98653	0.01252	0.00039	-0.01275	0.99992		-123.58257	53.99455	-1.52619	-0.15428	0.36167	2.57579	0.32055	0.99897	-0.04494	-0.00631	0.04492	0.99899	-0.00269	0.00643	0.00241	0.99998	
96	0.48000	79.45361	-170.70835	-0.61484	0.71443	0.13991	9.38658	1.02459	0.98661	-0.16309	-0.00244	0.16311	0.98653	0.01247	0.00038	-0.01270	0.99992		-123.57372	53.98864	-1.53857	-0.16077	0.36257	2.57760	0.31317	0.99897	-0.04497	-0.00633	0.04495	0.99899	-0.00281	0.00645	0.00252	0.99998	
97	0.48500	79.44200	-170.71652	-0.59294	0.71319	0.14198	9.38287	1.01083	0.98662	-0.16303	-0.00248	0.16305	0.98654	0.01245	0.00042	-0.01268	0.99992		-123.59402	53.97901	-1.55504	-0.16418	0.36480	2.57507	0.32018	0.99897	-0.04493	-0.00637	0.04491	0.99899	-0.00287	0.00649	0.00258	0.99998	
98	0.49000	79.40602	-170.72225	-0.55166	0.71131	0.14644	9.37993	1.01752	0.98663	-0.16298	-0.00256	0.16300	0.98655	0.01241	0.00050	-0.01266	0.99992		-123.57863	53.96521	-1.55915	-0.16924	0.36600	2.57748	0.32422	0.99897	-0.04497	-0.00639	0.04495	0.99898	-0.00295	0.00651	0.00266	0.99998	
99	0.49500	79.42090	-170.73269	-0.51904	0.70737	0.14346	9.37731	1.01552	0.98663	-0.16293	-0.00250	0.16295	0.98656	0.01235	0.00046	-0.01259	0.99992		-123.61279	53.96102	-1.57950	-0.17578	0.37191	2.57953	0.34021	0.99897	-0.04501	-0.00649	0.04499	0.99898	-0.00307	0.00662	0.00277	0.99997	
100	0.50000	79.42954	-170.72063	-0.49862	0.70616	0.14266	9.38183	1.02045	0.98662	-0.16301	-0.00249	0.16303	0.98654	0.01232	0.00045	-0.01257	0.99992		-123.62269	53.95275	-1.57958	-0.18088	0.37683	2.57900	0.31334	0.99897	-0.04500	-0.00658	0.04498	0.99898	-0.00316	0.00671	0.00286	0.99997	
101	0.50500	79.45970	-170.72844	-0.47017	0.70432	0.14097	9.37910	1.00083	0.98663	-0.16297	-0.00246	0.16298	0.98655	0.01229	0.00042	-0.01253	0.99992		-123.58882	53.92193	-1.59172	-0.18853	0.37114	2.57980	0.31650	0.99897	-0.04501	-0.00648	0.04499	0.99898	-0.00329	0.00662	0.00300	0.99997	
102	0.51000	79.42322	-170.72345	-0.44769	0.70003	0.14656	9.38376	1.00075	0.98662	-0.16305	-0.00256	0.16306	0.98654	0.01222	0.00053	-0.01247	0.99992		-123.58905	53.89189	-1.59547	-0.19848	0.37351	2.57998	0.32848	0.99897	-0.04501	-0.00652	0.04499	0.99898	-0.00346	0.00667	0.00317	0.99997	
103	0.51500	79.41200	-170.72614	-0.39804	0.69779	0.14776	9.38195	1.01111	0.98662	-0.16301	-0.00258	0.16303	0.98655	0.01218	0.00056	-0.01244	0.99992		-123.59191	53.89936	-1.59999	-0.20100	0.37934	2.58069	0.33134	0.99896	-0.04503	-0.00662	0.04500	0.99898	-0.00351	0.00677	0.00321	0.99997	
104	0.52000	79.39928	-170.72174	-0.38278	0.69475	0.14660	9.37953	1.01633	0.98663	-0.16297	-0.00256	0.16299	0.98655	0.01213	0.00055	-0.01238	0.99992		-123.60015	53.87674	-1.61207	-0.20927	0.38367	2.58256	0.32113	0.99896	-0.04506	-0.00670	0.04503	0.99898	-0.00365	0.00685	0.00335	0.99997	
105	0.52500	79.38751	-170.73191	-0.35472	0.69171	0.14705	9.37772	1.00243	0.98663	-0.16294	-0.00257	0.16296	0.98656	0.01207	0.00056	-0.01233	0.99992		-123.60328	53.86130	-1.60748	-0.21807	0.38233	2.58384	0.33606	0.99896	-0.04508	-0.00667	0.04506	0.99898	-0.00381	0.00684	0.00350	0.99997	
106	0.53000	79.37913	-170.73219	-0.31665	0.68767	0.14985	9.37874	0.99800	0.98663	-0.16296	-0.00262	0.16298	0.98656	0.01200	0.00062	-0.01227	0.99992		-123.57213	53.84249	-1.61628	-0.22402	0.38454	2.58266	0.33454	0.99896	-0.04506	-0.00671	0.04503	0.99898	-0.00391	0.00688	0.00360	0.99997	
107	0.53500	79.35276	-170.73924	-0.27847	0.68470	0.14828	9.38785	1.01287	0.98660	-0.16312	-0.00259	0.16314	0.98653	0.01195	0.00060	-0.01221	0.99993		-123.59625	53.84178	-1.60748	-0.22967	0.38839	2.58310	0.33438	0.99896	-0.04507	-0.00678	0.04504	0.99898	-0.00401	0.00695	0.00370	0.99997	
108	0.54000	79.36789	-170.74881	-0.26660	0.68108	0.14852	9.38208	1.01156	0.98662	-0.16302	-0.00259	0.16304	0.98655	0.01189	0.00062	-0.01215	0.99993		-123.59544	53.83054	-1.60745	-0.23641	0.39319	2.58451	0.33861	0.99896	-0.04509	-0.00686	0.04506	0.99898	-0.00413	0.00704	0.00381	0.99997	
109	0.54500	79.34701	-170.73886	-0.22611	0.68080	0.14969	9.38014	1.01077	0.98663	-0.16298	-0.00261	0.16300	0.98655	0.01188	0.00064	-0.01215	0.99993		-123.60148	53.80206	-1.60701	-0.24398	0.39198	2.58204	0.33311	0.99896	-0.04505	-0.00684	0.04502	0.99898	-0.00426	0.00703	0.00395	0.99997	
110	0.55000	79.32614	-170.75785	-0.19025	0.67253	0.15089	9.38507	1.00166	0.98661	-0.16307	-0.00263	0.16309	0.98654	0.01174	0.00068	-0.01201	0.99993		-123.58553	53.77460	-1.60663	-0.25430	0.39308	2.58705	0.31605	0.99896	-0.04514	-0.00686	0.04511	0.99897	-0.00444	0.00705	0.00412	0.99997	
111	0.55500	79.34880	-170.74331	-0.15906	0.67224	0.15086	9.38625	0.99769	0.98661	-0.16309	-0.00263	0.16311	0.98654	0.01173	0.00068	-0.01200	0.99993		-123.62222	53.78165	-1.59757	-0.25841	0.39514	2.58743	0.33073	0.99896	-0.04514	-0.00690	0.04511	0.99897	-0.00451	0.00709	0.00419	0.99997	
112	0.56000	79.31464	-170.75045	-0.13230	0.66752	0.15738	9.38465	1.00741	0.98661	-0.16306	-0.00275	0.16308	0.98654	0.01165	0.00081	-0.01194	0.99993		-123.60372	53.75734	-1.58916	-0.26584	0.39551	2.58940	0.32195	0.99896	-0.04518	-0.00690	0.04515	0.99897	-0.00464	0.00711	0.00432	0.99997	
113	0.56500	79.30552	-170.78395	-0.10585	0.66123	0.15205	9.38315	1.03020	0.98662	-0.16304	-0.00265	0.16306	0.98655	0.01154	0.00074	-0.01182	0.99993		-123.61718	53.73668	-1.58454	-0.27381	0.40107	2.59281	0.32794	0.99895	-0.04524	-0.00700	0.04520	0.99897	-0.00478	0.00721	0.00446	0.99996	
114	0.57000	79.33294	-170.76212	-0.06898	0.66110	0.15265	9.38549	1.02382	0.98661	-0.16308	-0.00266	0.16310	0.98654	0.01154	0.00075	-0.01182	0.99993		-123.61096	53.74197	-1.58021	-0.27882	0.40042	2.59163	0.32743	0.99895	-0.04522	-0.00699	0.04518	0.99897	-0.00487	0.00720	0.00455	0.99996	
115	0.57500	79.28121	-170.78514	-0.02808	0.65244	0.15643	9.38637	1.02485	0.98661	-0.16309	-0.00273	0.16311	0.98654	0.01139	0.00084	-0.01168	0.99993		-123.59986	53.73314	-1.58058	-0.28584	0.40531	2.58933	0.33381	0.99895	-0.04518	-0.00707	0.04514	0.99897	-0.00499	0.00729	0.00466	0.99996	
116	0.58000	79.30735	-170.78999	-0.01695	0.65012	0.15261	9.39017	1.01835	0.98660	-0.16316	-0.00266	0.16318	0.98653	0.01135	0.00078	-0.01163	0.99993		-123.60236	53.70223	-1.55910	-0.29296	0.40556	2.58868	0.33482	0.99895	-0.04516	-0.00708	0.04513	0.99897	-0.00511	0.00730	0.00479	0.99996	
117	0.58500	79.28461	-170.79637	0.01923	0.64664	0.15612	9.38820	1.02636	0.98660	-0.16312	-0.00272	0.16314	0.98654	0.01129	0.00085	-0.01158	0.99993		-123.61182	53.68956	-1.55856	-0.29915	0.40552	2.59023	0.33739	0.99895	-0.04519	-0.00708	0.04516	0.99897	-0.00522	0.00731	0.00490	0.99996	
118	0.59000	79.29329	-170.79512	0.04934	0.64227	0.15394	9.38980	1.03254	0.98660	-0.16315	-0.00269	0.16317	0.98653	0.01121	0.00082	-0.01150	0.99993		-123.63922	53.69138	-1.53748	-0.30327	0.41238	2.59306	0.32947	0.99895	-0.04524	-0.00720	0.04520	0.99896	-0.00529	0.00743	0.00496	0.99996	
119	0.59500	79.26597	-170.80662	0.06534	0.64021	0.15316	9.38635	1.02560	0.98661	-0.16309	-0.00267	0.16311	0.98654	0.01117	0.00081	-0.01146	0.99993		-123.60719	53.65261	-1.52065	-0.31169	0.40939	2.58924	0.30938	0.99895	-0.04517	-0.00715	0.04514	0.99897	-0.00544	0.00738	0.00511	0.99996	
120	0.60000	79.26985	-170.82203	0.09986	0.63444	0.15519	9.38440	1.02400	0.98661	-0.16306	-0.00271	0.16308	0.98655	0.01107	0.00087	-0.01137	0.99994		-123.61463	53.64479	-1.52044	-0.31557	0.41126	2.58681	0.33038	0.99896	-0.04513	-0.00718	0.04509	0.99897	-0.00551	0.00742	0.00518	0.99996	
121	0.60500	79.23568	-170.82357	0.11077	0.63042	0.15602	9.38792	1.01206	0.98660	-0.16312	-0.00272	0.16314	0.98654	0.01100	0.00089	-0.01130	0.99994		-123.60860	53.62477	-1.49126	-0.32319	0.41703	2.58651	0.33030	0.99895	-0.04513	-0.00728	0.04509	0.99897	-0.00564	0.00753	0.00531	0.99996	
122	0.61000	79.28454	-170.82910	0.14098	0.62688	0.15062	9.38643	1.02621	0.98661	-0.16309	-0.00263	0.16311	0.98655	0.01094	0.00081	-0.01122	0.99994		-123.62351	53.62340	-1.49095	-0.32684	0.41844	2.58882	0.33616	0.99895	-0.04517	-0.00730	0.04513	0.99897	-0.00570	0.00755	0.00537	0.99996	
123	0.61500	79.27067	-170.82611	0.15703	0.62260	0.15530	9.38741	1.02660	0.98660	-0.16311	-0.00271	0.16313	0.98654	0.01087	0.00090	-0.01116	0.99994		-123.62341	53.61907	-1.46988	-0.32996	0.41863	2.58814	0.33307	0.99895	-0.04515	-0.00731	0.04511	0.99897	-0.00576	0.00756	0.00542	0.99996	
124	0.62000	79.23282	-170.83293	0.18188	0.61989	0.15946	9.39103	1.01601	0.98659	-0.16317	-0.00278	0.16319	0.98654	0.01082	0.00098	-0.01113	0.99994		-123.62479	53.57888	-1.44430	-0.33811	0.42077	2.59204	0.32835	0.99895	-0.04522	-0.00734	0.04518	0.99896	-0.00590	0.00760	0.00556	0.99996	
125	0.62500	79.23419	-170.83089	0.17970	0.61700	0.15823	9.38694	1.02238	0.98661	-0.16310	-0.00276	0.16312	0.98655	0.01077	0.00097	-0.01107	0.99994		-123.62704	53.54979	-1.42692	-0.34381	0.41861	2.59138	0.31576	0.99895	-0.04521	-0.00731	0.04517	0.99896	-0.00600	0.00757	0.00566	0.99996	
126	0.63000	79.24896	-170.84389	0.20944	0.61316	0.15384	9.38724	1.01669	0.98660	-0.16311	-0.00269	0.16313	0.98655	0.01070	0.00090	-0.01100	0.99994		-123.62851	53.54845	-1.39382	-0.34619	0.42384	2.58842	0.32077	0.99895	-0.04516	-0.00740	0.04512	0.99896	-0.00604	0.00766	0.00570	0.99995	
127	0.63500	79.24969	-170.84413	0.21621	0.61041	0.15368	9.38841	1.01850	0.98660	-0.16313	-0.00268	0.16315	0.98654	0.01065	0.00091	-0.01095	0.99994		-123.64356	53.52628	-1.37209	-0.35158	0.42226	2.59383	0.33078	0.99895	-0.04525	-0.00737	0.04521	0.99896	-0.00614	0.00764	0.00580	0.99995	
128	0.64000	79.22112	-170.85524	0.23794	0.60758	0.15552	9.39072	1.02469	0.98659	-0.16317	-0.00271	0.16319	0.98654	0.01060	0.00095	-0.01090	0.99994		-123.63024	53.51487	-1.36368	-0.35500	0.42175	2.59167	0.32793	0.99895	-0.04522	-0.00736	0.04517	0.99896	-0.00620	0.00763	0.00586	0.99995	
129	0.64500	79.23026	-170.86744	0.25046	0.60016	0.15639	9.38980	1.02539	0.98660	-0.16315	-0.00273	0.16317	0.98654	0.01047	0.00098	-0.01078	0.99994		-123.62864	53.50155	-1.32178	-0.35912	0.42374	2.59213	0.34232	0.99895	-0.04522	-0.00740	0.04518	0.99896	-0.00627	0.00767	0.00593	0.99995	
130	0.65000	79.22248	-170.85941	0.27302	0.59833	0.15660	9.38772	1.02131	0.98660	-0.16311	-0.00273	0.16313	0.98655	0.01044	0.00099	-0.01075	0.99994		-123.62548	53.46657	-1.28771	-0.36198	0.41975	2.59205	0.32817	0.99895	-0.04522	-0.00733	0.04518	0.99896	-0.00632	0.00760	0.00598	0.99995	
131	0.65500	79.21075	-170.85516	0.28120	0.59774	0.15943	9.39159	1.03307	0.98659	-0.16318	-0.00278	0.16320	0.98654	0.01043	0.00104	-0.01075	0.99994		-123.61994	53.46886	-1.27128	-0.36239	0.42108	2.58930	0.32431	0.99895	-0.04518	-0.00735	0.04513	0.99896	-0.00632	0.00763	0.00599	0.99995	
132	0.66000	79.18646	-170.86355	0.29337	0.59285	0.16168	9.38967	1.01855	0.98660	-0.16315	-0.00282	0.16317	0.98654	0.01035	0.00110	-0.01067	0.99994		-123.65343	53.45271	-1.24551	-0.36447	0.42376	2.59127	0.32797	0.99895	-0.04521	-0.00740	0.04516	0.99896	-0.00636	0.00768	0.00602	0.99995	
133	0.66500	79.19088	-170.86939	0.30696	0.59079	0.16199	9.38757	1.02839	0.98660	-0.16311	-0.00283	0.16313	0.98655	0.01031	0.00111	-0.01063	0.99994		-123.61780	53.41324	-1.20338	-0.37314	0.41980	2.59658	0.32498	0.99895	-0.04530	-0.00733	0.04525	0.99895	-0.00651	0.00761	0.00617	0.99995	
134	0.67000	79.18902	-170.88660	0.32840	0.58650	0.16208	9.39005	1.02508	0.98660	-0.16315	-0.00283	0.16317	0.98654	0.01024	0.00112	-0.01056	0.99994		-123.59903	53.40576	-1.16200	-0.37048	0.41979	2.59257	0.33081	0.99895	-0.04523	-0.00733	0.04519	0.99896	-0.00647	0.00761	0.00613	0.99995	
135	0.67500	79.19719	-170.87421	0.32910	0.58495	0.16238	9.39159	1.03507	0.98659	-0.16318	-0.00283	0.16320	0.98654	0.01021	0.00113	-0.01053	0.99994		-123.63944	53.40920	-1.15339	-0.36809	0.42435	2.58927	0.33951	0.99895	-0.04517	-0.00741	0.04513	0.99896	-0.00642	0.00769	0.00608	0.99995	
136	0.68000	79.19040	-170.90007	0.34425	0.57906	0.16335	9.39189	1.03337	0.98659	-0.16319	-0.00285	0.16321	0.98654	0.01011	0.00116	-0.01044	0.99994		-123.61240	53.36401	-1.10678	-0.37407	0.41719	2.59365	0.34866	0.99895	-0.04525	-0.00728	0.04520	0.99896	-0.00653	0.00757	0.00619	0.99995	
137	0.68500	79.16642	-170.91439	0.34986	0.57544	0.16768	9.39154	1.03548	0.98659	-0.16318	-0.00293	0.16320	0.98654	0.01004	0.00125	-0.01039	0.99995		-123.62072	53.36374	-1.07784	-0.37010	0.41861	2.59675	0.32599	0.99895	-0.04531	-0.00731	0.04526	0.99895	-0.00646	0.00759	0.00612	0.99995	
