NO_OF_FRAMES	12028
NO_OF_CAMERAS	8
NO_OF_BODIES	2
FREQUENCY	200
NO_OF_ANALOG	0
ANALOG_FREQUENCY	0
DESCRIPTION	--
TIME_STAMP	2013-07-02, 18:26:39	3305496.70743010
DATA_INCLUDED	6D
BODY_NAMES	Ice 1	Ice 2
Frame	Time	Ice 1 X	Y	Z	Roll	Pitch	Yaw	Residual	Rot[0]	Rot[1]	Rot[2]	Rot[3]	Rot[4]	Rot[5]	Rot[6]	Rot[7]	Rot[8]	Ice 2 X	Y	Z	Roll	Pitch	Yaw	Residual	Rot[0]	Rot[1]	Rot[2]	Rot[3]	Rot[4]	Rot[5]	Rot[6]	Rot[7]	Rot[8]	
1	0.00500	139.92508	-82.46741	-0.27268	0.49909	-0.15393	-0.53981	0.98750	0.99995	0.00942	0.00269	-0.00944	0.99992	0.00871	-0.00260	-0.00874	0.99996		-64.51033	-173.54497	-0.71076	-0.17403	0.42657	0.11592	0.20556	0.99997	-0.00202	-0.00744	0.00200	0.99999	-0.00304	0.00745	0.00302	0.99997	
2	0.01000	139.85204	-82.53469	-0.30929	0.49467	-0.13701	-0.54659	0.96311	0.99995	0.00954	0.00239	-0.00956	0.99992	0.00863	-0.00231	-0.00866	0.99996		-64.55415	-173.52424	-0.73318	-0.16383	0.43810	0.10893	0.17213	0.99997	-0.00190	-0.00765	0.00188	0.99999	-0.00286	0.00765	0.00284	0.99997	
3	0.01500	139.85951	-82.49919	-0.29655	0.50432	-0.13735	-0.54002	0.96485	0.99995	0.00942	0.00240	-0.00945	0.99992	0.00880	-0.00231	-0.00882	0.99996		-64.58892	-173.53116	-0.73252	-0.16276	0.43846	0.10885	0.17680	0.99997	-0.00190	-0.00765	0.00188	0.99999	-0.00284	0.00766	0.00283	0.99997	
4	0.02000	139.85956	-82.48101	-0.29058	0.51453	-0.14540	-0.54603	0.97075	0.99995	0.00953	0.00254	-0.00955	0.99991	0.00898	-0.00245	-0.00900	0.99996		-64.54372	-173.53847	-0.74610	-0.15963	0.43654	0.10940	0.16344	0.99997	-0.00191	-0.00762	0.00189	0.99999	-0.00279	0.00762	0.00277	0.99997	
5	0.02500	139.87167	-82.42203	-0.26000	0.53125	-0.15296	-0.55375	0.96324	0.99995	0.00966	0.00267	-0.00969	0.99991	0.00927	-0.00258	-0.00930	0.99995		-64.59134	-173.53279	-0.75795	-0.15681	0.43790	0.10721	0.17983	0.99997	-0.00187	-0.00764	0.00185	0.99999	-0.00274	0.00765	0.00272	0.99997	
6	0.03000	139.80512	-82.38786	-0.23929	0.54217	-0.15316	-0.56134	0.95919	0.99995	0.00980	0.00267	-0.00982	0.99991	0.00946	-0.00258	-0.00949	0.99995		-64.57731	-173.53948	-0.76213	-0.15509	0.43634	0.11103	0.17955	0.99997	-0.00194	-0.00762	0.00192	0.99999	-0.00271	0.00762	0.00269	0.99997	
7	0.03500	139.85911	-82.36933	-0.20398	0.55309	-0.16180	-0.56084	0.95026	0.99995	0.00979	0.00282	-0.00982	0.99991	0.00965	-0.00273	-0.00968	0.99995		-64.55444	-173.55621	-0.77074	-0.15445	0.43477	0.11105	0.17649	0.99997	-0.00194	-0.00759	0.00192	0.99999	-0.00270	0.00759	0.00268	0.99997	
8	0.04000	139.82303	-82.35210	-0.20065	0.56280	-0.16342	-0.56171	0.95842	0.99995	0.00980	0.00285	-0.00983	0.99990	0.00982	-0.00276	-0.00985	0.99995		-64.59728	-173.54569	-0.77422	-0.15264	0.43553	0.10801	0.19166	0.99997	-0.00189	-0.00760	0.00186	0.99999	-0.00266	0.00761	0.00265	0.99997	
9	0.04500	139.82252	-82.31401	-0.17644	0.57462	-0.16210	-0.56313	0.95401	0.99995	0.00983	0.00283	-0.00986	0.99990	0.01003	-0.00273	-0.01006	0.99995		-64.57414	-173.55416	-0.79562	-0.15010	0.43405	0.10952	0.17853	0.99997	-0.00191	-0.00758	0.00189	0.99999	-0.00262	0.00758	0.00261	0.99997	
10	0.05000	139.81893	-82.30169	-0.16130	0.58344	-0.16144	-0.56112	0.95063	0.99995	0.00979	0.00282	-0.00982	0.99990	0.01018	-0.00272	-0.01021	0.99994		-64.58555	-173.55275	-0.79071	-0.14714	0.42913	0.10958	0.18480	0.99997	-0.00191	-0.00749	0.00189	0.99999	-0.00257	0.00749	0.00255	0.99997	
11	0.05500	139.60260	-82.41244	-0.06323	0.59598	-0.16724	-0.54217	1.03938	0.99995	0.00946	0.00292	-0.00949	0.99990	0.01040	-0.00282	-0.01043	0.99994		-64.57995	-173.54253	-0.81215	-0.14471	0.42770	0.10552	0.18183	0.99997	-0.00184	-0.00746	0.00182	1.00000	-0.00253	0.00747	0.00251	0.99997	
12	0.06000	139.59974	-82.40974	-0.04802	0.60490	-0.17152	-0.54603	1.03747	0.99995	0.00953	0.00299	-0.00956	0.99990	0.01056	-0.00289	-0.01059	0.99994		-64.58543	-173.54528	-0.82027	-0.14654	0.42675	0.10754	0.17486	0.99997	-0.00188	-0.00745	0.00186	0.99999	-0.00256	0.00745	0.00254	0.99997	
13	0.06500	139.59458	-82.39600	-0.01779	0.61460	-0.17458	-0.54406	1.04553	0.99995	0.00950	0.00305	-0.00953	0.99990	0.01073	-0.00294	-0.01076	0.99994		-64.58116	-173.56587	-0.82794	-0.14621	0.42249	0.10916	0.18809	0.99997	-0.00191	-0.00737	0.00189	0.99999	-0.00255	0.00738	0.00254	0.99997	
14	0.07000	139.57702	-82.38237	-0.01231	0.62565	-0.17524	-0.54876	1.05608	0.99995	0.00958	0.00306	-0.00961	0.99989	0.01092	-0.00295	-0.01095	0.99994		-64.58958	-173.56276	-0.84845	-0.14688	0.41757	0.10685	0.18199	0.99997	-0.00186	-0.00729	0.00185	0.99999	-0.00256	0.00729	0.00255	0.99997	
15	0.07500	139.58494	-82.39449	-0.00395	0.63252	-0.17797	-0.54774	1.05720	0.99995	0.00956	0.00311	-0.00959	0.99989	0.01104	-0.00300	-0.01107	0.99993		-64.58254	-173.57329	-0.86471	-0.15048	0.41374	0.10938	0.17844	0.99997	-0.00191	-0.00722	0.00189	0.99999	-0.00263	0.00723	0.00261	0.99997	
16	0.08000	139.55451	-82.37899	0.03051	0.64193	-0.17493	-0.54520	1.06471	0.99995	0.00952	0.00305	-0.00955	0.99989	0.01120	-0.00295	-0.01123	0.99993		-64.58076	-173.58091	-0.87252	-0.15259	0.40846	0.11296	0.16941	0.99997	-0.00197	-0.00713	0.00195	0.99999	-0.00266	0.00713	0.00265	0.99997	
17	0.08500	139.55190	-82.36158	0.04032	0.64794	-0.17312	-0.53887	1.06384	0.99995	0.00940	0.00302	-0.00944	0.99989	0.01131	-0.00291	-0.01134	0.99993		-64.62832	-173.58719	-0.88420	-0.15248	0.40979	0.11121	0.18911	0.99997	-0.00194	-0.00715	0.00192	0.99999	-0.00266	0.00716	0.00265	0.99997	
18	0.09000	139.58602	-82.36940	0.04229	0.65879	-0.18103	-0.54273	1.07957	0.99995	0.00947	0.00316	-0.00951	0.99989	0.01150	-0.00305	-0.01153	0.99993		-64.61574	-173.58864	-0.89687	-0.15374	0.40931	0.11208	0.17203	0.99997	-0.00196	-0.00714	0.00194	0.99999	-0.00268	0.00715	0.00267	0.99997	
19	0.09500	139.55732	-82.33934	0.06713	0.66812	-0.17615	-0.54385	1.07360	0.99995	0.00949	0.00307	-0.00953	0.99989	0.01166	-0.00296	-0.01169	0.99993		-64.60065	-173.60124	-0.90904	-0.15569	0.40328	0.11287	0.17342	0.99997	-0.00197	-0.00704	0.00195	0.99999	-0.00272	0.00704	0.00270	0.99997	
20	0.10000	139.53593	-82.32736	0.06973	0.67890	-0.17630	-0.54829	1.07949	0.99995	0.00957	0.00308	-0.00961	0.99988	0.01185	-0.00296	-0.01188	0.99993		-64.60860	-173.59984	-0.92967	-0.15769	0.40078	0.11057	0.17035	0.99997	-0.00193	-0.00699	0.00191	0.99999	-0.00275	0.00700	0.00274	0.99997	
21	0.10500	139.54895	-82.32938	0.08866	0.68559	-0.17465	-0.54241	1.08782	0.99995	0.00947	0.00305	-0.00950	0.99988	0.01197	-0.00293	-0.01199	0.99992		-64.59927	-173.60830	-0.93760	-0.16075	0.39641	0.10852	0.17826	0.99997	-0.00189	-0.00692	0.00187	0.99999	-0.00281	0.00692	0.00279	0.99997	
22	0.11000	139.52428	-82.33549	0.10573	0.68743	-0.17133	-0.53993	1.08630	0.99995	0.00942	0.00299	-0.00946	0.99988	0.01200	-0.00288	-0.01203	0.99992		-64.59537	-173.61878	-0.94962	-0.16643	0.39369	0.11133	0.17244	0.99997	-0.00194	-0.00687	0.00192	0.99999	-0.00290	0.00688	0.00289	0.99997	
23	0.11500	139.48665	-82.33135	0.11771	0.69710	-0.16958	-0.54196	1.08348	0.99995	0.00946	0.00296	-0.00949	0.99988	0.01217	-0.00284	-0.01219	0.99992		-64.65383	-173.59697	-0.97370	-0.16646	0.39383	0.10762	0.18229	0.99997	-0.00188	-0.00687	0.00186	0.99999	-0.00291	0.00688	0.00289	0.99997	
24	0.12000	139.49538	-82.30657	0.13569	0.70473	-0.16247	-0.53904	1.07348	0.99995	0.00941	0.00284	-0.00944	0.99988	0.01230	-0.00272	-0.01233	0.99992		-64.66484	-173.60553	-0.99025	-0.16961	0.39413	0.10816	0.17768	0.99997	-0.00189	-0.00688	0.00187	0.99999	-0.00296	0.00688	0.00295	0.99997	
25	0.12500	139.52919	-82.31392	0.15964	0.71065	-0.16443	-0.53710	1.09271	0.99995	0.00937	0.00287	-0.00941	0.99988	0.01240	-0.00275	-0.01243	0.99992		-64.62172	-173.62451	-0.99829	-0.17693	0.38703	0.11416	0.16705	0.99998	-0.00199	-0.00675	0.00197	0.99999	-0.00309	0.00676	0.00307	0.99997	
26	0.13000	139.50586	-82.30692	0.16074	0.71712	-0.16034	-0.53717	1.09823	0.99995	0.00938	0.00280	-0.00941	0.99988	0.01252	-0.00268	-0.01254	0.99992		-64.62478	-173.63444	-1.02686	-0.18266	0.38126	0.11277	0.16160	0.99998	-0.00197	-0.00665	0.00195	0.99999	-0.00319	0.00666	0.00317	0.99997	
27	0.13500	139.51347	-82.30863	0.18595	0.72457	-0.15988	-0.53847	1.08195	0.99995	0.00940	0.00279	-0.00943	0.99988	0.01265	-0.00267	-0.01267	0.99992		-64.63823	-173.62684	-1.04277	-0.18660	0.37815	0.11542	0.16449	0.99998	-0.00201	-0.00660	0.00199	0.99999	-0.00326	0.00661	0.00324	0.99997	
28	0.14000	139.49573	-82.30124	0.18962	0.72986	-0.15714	-0.54333	1.07809	0.99995	0.00948	0.00274	-0.00952	0.99987	0.01274	-0.00262	-0.01276	0.99992		-64.65027	-173.64439	-1.05025	-0.19414	0.37440	0.11382	0.16404	0.99998	-0.00199	-0.00653	0.00196	0.99999	-0.00339	0.00654	0.00338	0.99997	
29	0.14500	139.47242	-82.30004	0.20130	0.73342	-0.15229	-0.53724	1.09145	0.99995	0.00938	0.00266	-0.00941	0.99987	0.01280	-0.00254	-0.01282	0.99991		-64.64085	-173.65498	-1.07483	-0.19979	0.37036	0.11410	0.16275	0.99998	-0.00199	-0.00646	0.00197	0.99999	-0.00349	0.00647	0.00347	0.99997	
30	0.15000	139.52220	-82.29797	0.19366	0.73998	-0.15614	-0.53314	1.10137	0.99995	0.00930	0.00273	-0.00934	0.99987	0.01291	-0.00260	-0.01294	0.99991		-64.66193	-173.65809	-1.07831	-0.20494	0.37129	0.11461	0.17802	0.99998	-0.00200	-0.00648	0.00198	0.99999	-0.00358	0.00649	0.00356	0.99997	
31	0.15500	139.51251	-82.29130	0.22310	0.74436	-0.14804	-0.53526	1.09747	0.99995	0.00934	0.00258	-0.00937	0.99987	0.01299	-0.00246	-0.01301	0.99991		-64.63400	-173.65723	-1.09899	-0.21090	0.36609	0.11236	0.18009	0.99998	-0.00196	-0.00639	0.00194	0.99999	-0.00368	0.00640	0.00367	0.99997	
32	0.16000	139.46666	-82.30360	0.23820	0.74765	-0.14227	-0.54047	1.08527	0.99995	0.00943	0.00248	-0.00946	0.99987	0.01305	-0.00236	-0.01307	0.99991		-64.64513	-173.66040	-1.11091	-0.21607	0.36460	0.11212	0.17628	0.99998	-0.00196	-0.00636	0.00193	0.99999	-0.00377	0.00637	0.00376	0.99997	
33	0.16500	139.49057	-82.29297	0.23580	0.75157	-0.14050	-0.53763	1.10233	0.99995	0.00938	0.00245	-0.00941	0.99987	0.01312	-0.00233	-0.01314	0.99991		-64.63655	-173.67782	-1.13492	-0.22772	0.35680	0.11711	0.17057	0.99998	-0.00204	-0.00623	0.00202	0.99999	-0.00397	0.00624	0.00396	0.99997	
34	0.17000	139.47787	-82.30277	0.23511	0.75519	-0.13611	-0.53800	1.09235	0.99995	0.00939	0.00238	-0.00942	0.99987	0.01318	-0.00225	-0.01320	0.99991		-64.63100	-173.68615	-1.15941	-0.23282	0.35389	0.11371	0.18371	0.99998	-0.00198	-0.00618	0.00196	0.99999	-0.00406	0.00618	0.00405	0.99997	
35	0.17500	139.50535	-82.29095	0.24799	0.75880	-0.13390	-0.53681	1.09411	0.99995	0.00937	0.00234	-0.00940	0.99987	0.01324	-0.00221	-0.01326	0.99991		-64.61890	-173.68698	-1.17153	-0.24049	0.34988	0.11843	0.16064	0.99998	-0.00207	-0.00611	0.00204	0.99999	-0.00420	0.00612	0.00418	0.99997	
36	0.18000	139.44764	-82.28164	0.26936	0.76324	-0.12813	-0.53967	1.10665	0.99995	0.00942	0.00224	-0.00945	0.99987	0.01332	-0.00211	-0.01334	0.99991		-64.65481	-173.70026	-1.17865	-0.24915	0.35205	0.11602	0.18576	0.99998	-0.00202	-0.00614	0.00200	0.99999	-0.00435	0.00615	0.00434	0.99997	
37	0.18500	139.49863	-82.29911	0.26874	0.76311	-0.12874	-0.53439	1.10634	0.99995	0.00933	0.00225	-0.00936	0.99987	0.01332	-0.00212	-0.01334	0.99991		-64.64658	-173.69179	-1.20359	-0.25360	0.34665	0.11217	0.17680	0.99998	-0.00196	-0.00605	0.00193	0.99999	-0.00443	0.00606	0.00441	0.99997	
38	0.19000	139.45804	-82.30863	0.27160	0.76169	-0.11776	-0.53404	1.09047	0.99995	0.00932	0.00206	-0.00935	0.99987	0.01329	-0.00193	-0.01331	0.99991		-64.62362	-173.71150	-1.22770	-0.26351	0.33977	0.11690	0.16788	0.99998	-0.00204	-0.00593	0.00201	0.99999	-0.00460	0.00594	0.00459	0.99997	
39	0.19500	139.44583	-82.30064	0.30410	0.76706	-0.11463	-0.53232	1.09843	0.99995	0.00929	0.00200	-0.00932	0.99987	0.01339	-0.00188	-0.01341	0.99991		-64.65157	-173.69635	-1.23979	-0.27192	0.34118	0.11671	0.15910	0.99998	-0.00204	-0.00595	0.00201	0.99999	-0.00475	0.00596	0.00473	0.99997	
40	0.20000	139.42514	-82.30704	0.30079	0.76485	-0.10849	-0.53380	1.08833	0.99995	0.00932	0.00189	-0.00934	0.99987	0.01335	-0.00177	-0.01337	0.99991		-64.65989	-173.72166	-1.25540	-0.28003	0.33876	0.11456	0.17265	0.99998	-0.00200	-0.00591	0.00197	0.99999	-0.00489	0.00592	0.00488	0.99997	
41	0.20500	139.42183	-82.32946	0.32189	0.76402	-0.10266	-0.53584	1.10675	0.99995	0.00935	0.00179	-0.00938	0.99987	0.01333	-0.00167	-0.01335	0.99991		-64.65562	-173.73352	-1.27969	-0.28801	0.33634	0.11607	0.19059	0.99998	-0.00203	-0.00587	0.00200	0.99999	-0.00503	0.00588	0.00501	0.99997	
42	0.21000	139.38886	-82.33548	0.33589	0.76448	-0.09500	-0.53494	1.11004	0.99996	0.00934	0.00166	-0.00936	0.99987	0.01334	-0.00153	-0.01336	0.99991		-64.66232	-173.73225	-1.29587	-0.29638	0.33447	0.11781	0.17241	0.99998	-0.00206	-0.00584	0.00203	0.99998	-0.00517	0.00585	0.00516	0.99997	
43	0.21500	139.46566	-82.34000	0.30830	0.76388	-0.09918	-0.53113	1.12323	0.99996	0.00927	0.00173	-0.00929	0.99987	0.01333	-0.00161	-0.01335	0.99991		-64.64146	-173.74196	-1.29540	-0.30479	0.33093	0.11577	0.17376	0.99998	-0.00202	-0.00578	0.00199	0.99998	-0.00532	0.00579	0.00531	0.99997	
44	0.22000	139.41487	-82.32754	0.33129	0.76356	-0.08998	-0.53543	1.08991	0.99996	0.00934	0.00157	-0.00936	0.99987	0.01333	-0.00145	-0.01334	0.99991		-64.65647	-173.74106	-1.31176	-0.31199	0.33318	0.11921	0.17141	0.99998	-0.00208	-0.00582	0.00205	0.99998	-0.00545	0.00583	0.00543	0.99997	
45	0.22500	139.43374	-82.33274	0.31817	0.76209	-0.09034	-0.53346	1.11060	0.99996	0.00931	0.00158	-0.00933	0.99987	0.01330	-0.00145	-0.01331	0.99991		-64.66486	-173.74980	-1.33633	-0.32138	0.33410	0.11865	0.16290	0.99998	-0.00207	-0.00583	0.00204	0.99998	-0.00561	0.00584	0.00560	0.99997	
46	0.23000	139.45839	-82.32346	0.34378	0.76072	-0.08763	-0.53204	1.10658	0.99996	0.00929	0.00153	-0.00931	0.99987	0.01328	-0.00141	-0.01329	0.99991		-64.65766	-173.76850	-1.34830	-0.33184	0.33359	0.11828	0.16438	0.99998	-0.00206	-0.00582	0.00203	0.99998	-0.00579	0.00583	0.00578	0.99997	
47	0.23500	139.38500	-82.35612	0.34101	0.75613	-0.07787	-0.53541	1.10122	0.99996	0.00934	0.00136	-0.00936	0.99987	0.01320	-0.00124	-0.01321	0.99991		-64.69654	-173.75207	-1.35585	-0.33704	0.33457	0.11799	0.16361	0.99998	-0.00206	-0.00584	0.00202	0.99998	-0.00588	0.00585	0.00587	0.99997	
48	0.24000	139.40246	-82.35774	0.32956	0.75476	-0.07423	-0.53179	1.10982	0.99996	0.00928	0.00130	-0.00930	0.99987	0.01317	-0.00117	-0.01318	0.99991		-64.68219	-173.77980	-1.37187	-0.34958	0.33217	0.12154	0.15494	0.99998	-0.00212	-0.00580	0.00209	0.99998	-0.00610	0.00581	0.00609	0.99996	
49	0.24500	139.44803	-82.38965	0.34972	0.74802	-0.07334	-0.53115	1.10544	0.99996	0.00927	0.00128	-0.00929	0.99987	0.01306	-0.00116	-0.01307	0.99991		-64.67500	-173.78445	-1.38040	-0.35446	0.33602	0.11825	0.16605	0.99998	-0.00206	-0.00586	0.00203	0.99998	-0.00619	0.00588	0.00617	0.99996	
50	0.25000	139.38599	-82.37547	0.33596	0.74588	-0.06528	-0.53454	1.09874	0.99996	0.00933	0.00114	-0.00934	0.99987	0.01302	-0.00102	-0.01303	0.99991		-64.70451	-173.78979	-1.39602	-0.36252	0.33462	0.11404	0.16301	0.99998	-0.00199	-0.00584	0.00195	0.99998	-0.00633	0.00585	0.00632	0.99996	
51	0.25500	139.42593	-82.38715	0.33669	0.74232	-0.06873	-0.53392	1.11230	0.99996	0.00932	0.00120	-0.00933	0.99987	0.01296	-0.00108	-0.01297	0.99992		-64.70858	-173.78967	-1.41686	-0.36749	0.33874	0.11789	0.17312	0.99998	-0.00206	-0.00591	0.00202	0.99998	-0.00641	0.00593	0.00640	0.99996	
52	0.26000	139.40456	-82.39585	0.36443	0.73624	-0.05811	-0.53278	1.10546	0.99996	0.00930	0.00101	-0.00931	0.99987	0.01285	-0.00089	-0.01286	0.99992		-64.68223	-173.79068	-1.41707	-0.37570	0.33882	0.11819	0.16102	0.99998	-0.00206	-0.00591	0.00202	0.99998	-0.00656	0.00593	0.00655	0.99996	
53	0.26500	139.37191	-82.42693	0.36077	0.72727	-0.05406	-0.53271	1.11163	0.99996	0.00930	0.00094	-0.00931	0.99988	0.01269	-0.00083	-0.01270	0.99992		-64.71100	-173.78281	-1.45837	-0.38042	0.34173	0.12047	0.16397	0.99998	-0.00210	-0.00596	0.00206	0.99998	-0.00664	0.00598	0.00663	0.99996	
54	0.27000	139.38450	-82.41956	0.35901	0.72469	-0.04858	-0.52772	1.10377	0.99996	0.00921	0.00085	-0.00922	0.99988	0.01265	-0.00073	-0.01266	0.99992		-64.69515	-173.79832	-1.46242	-0.38778	0.34364	0.12065	0.16734	0.99998	-0.00211	-0.00600	0.00207	0.99997	-0.00677	0.00601	0.00676	0.99996	
55	0.27500	139.37166	-82.43172	0.36306	0.71826	-0.04236	-0.53050	1.10408	0.99996	0.00926	0.00074	-0.00927	0.99988	0.01254	-0.00062	-0.01254	0.99992		-64.71271	-173.80157	-1.45360	-0.39298	0.34383	0.11752	0.16280	0.99998	-0.00205	-0.00600	0.00201	0.99997	-0.00686	0.00601	0.00685	0.99996	
56	0.28000	139.37498	-82.44888	0.35815	0.70923	-0.04141	-0.53067	1.09961	0.99996	0.00926	0.00072	-0.00927	0.99988	0.01238	-0.00061	-0.01238	0.99992		-64.69747	-173.80015	-1.47472	-0.39860	0.34596	0.12261	0.14862	0.99998	-0.00214	-0.00604	0.00210	0.99997	-0.00696	0.00605	0.00694	0.99996	
57	0.28500	139.39581	-82.45439	0.35028	0.70175	-0.03456	-0.52492	1.11212	0.99996	0.00916	0.00060	-0.00917	0.99988	0.01225	-0.00049	-0.01225	0.99992		-64.70542	-173.82579	-1.47385	-0.40659	0.34810	0.12381	0.15751	0.99998	-0.00216	-0.00608	0.00212	0.99997	-0.00710	0.00609	0.00708	0.99996	
58	0.29000	139.40498	-82.48148	0.35990	0.69378	-0.03414	-0.53180	1.11517	0.99996	0.00928	0.00060	-0.00929	0.99988	0.01211	-0.00048	-0.01211	0.99993		-64.70995	-173.83463	-1.47385	-0.41152	0.35217	0.12156	0.16020	0.99998	-0.00212	-0.00615	0.00208	0.99997	-0.00718	0.00616	0.00717	0.99996	
59	0.29500	139.34151	-82.48740	0.34363	0.68774	-0.02810	-0.52791	1.11041	0.99996	0.00921	0.00049	-0.00922	0.99989	0.01200	-0.00038	-0.01201	0.99993		-64.74195	-173.82700	-1.48979	-0.41751	0.35373	0.12127	0.16720	0.99998	-0.00212	-0.00617	0.00207	0.99997	-0.00729	0.00619	0.00727	0.99995	
60	0.30000	139.35910	-82.50657	0.34606	0.67843	-0.02430	-0.52554	1.10938	0.99996	0.00917	0.00042	-0.00918	0.99989	0.01184	-0.00032	-0.01184	0.99993		-64.74062	-173.83108	-1.49876	-0.41814	0.35798	0.12465	0.15457	0.99998	-0.00218	-0.00625	0.00213	0.99997	-0.00730	0.00626	0.00728	0.99995	
61	0.30500	139.36669	-82.51155	0.34250	0.67135	-0.02444	-0.52317	1.11481	0.99996	0.00913	0.00043	-0.00914	0.99989	0.01172	-0.00032	-0.01172	0.99993		-64.72493	-173.82498	-1.50318	-0.42058	0.35988	0.12112	0.16592	0.99998	-0.00211	-0.00628	0.00207	0.99997	-0.00734	0.00630	0.00733	0.99995	
62	0.31000	139.36967	-82.53654	0.33644	0.66129	-0.01990	-0.52615	1.11560	0.99996	0.00918	0.00035	-0.00919	0.99989	0.01154	-0.00024	-0.01154	0.99993		-64.73506	-173.83856	-1.52338	-0.42784	0.36293	0.12661	0.17651	0.99998	-0.00221	-0.00633	0.00216	0.99997	-0.00747	0.00635	0.00745	0.99995	
63	0.31500	139.39503	-82.55011	0.34623	0.65196	-0.01793	-0.52875	1.09149	0.99996	0.00923	0.00031	-0.00923	0.99989	0.01138	-0.00021	-0.01138	0.99994		-64.73376	-173.83940	-1.51155	-0.42765	0.36740	0.11786	0.17471	0.99998	-0.00206	-0.00641	0.00201	0.99997	-0.00746	0.00643	0.00745	0.99995	
64	0.32000	139.35417	-82.55859	0.33628	0.64331	-0.01732	-0.52397	1.11195	0.99996	0.00914	0.00030	-0.00915	0.99990	0.01123	-0.00020	-0.01123	0.99994		-64.76086	-173.83280	-1.52405	-0.42948	0.37173	0.11956	0.16204	0.99998	-0.00209	-0.00649	0.00204	0.99997	-0.00750	0.00650	0.00748	0.99995	
65	0.32500	139.33653	-82.59173	0.33294	0.63153	-0.00986	-0.52221	1.11580	0.99996	0.00911	0.00017	-0.00912	0.99990	0.01102	-0.00007	-0.01102	0.99994		-64.75629	-173.84914	-1.53222	-0.43408	0.37318	0.12202	0.16126	0.99998	-0.00213	-0.00651	0.00208	0.99997	-0.00758	0.00653	0.00756	0.99995	
66	0.33000	139.38074	-82.62468	0.32898	0.61774	-0.01257	-0.51965	1.10632	0.99996	0.00907	0.00022	-0.00907	0.99990	0.01078	-0.00012	-0.01078	0.99994		-64.72244	-173.84072	-1.52861	-0.43487	0.37290	0.12482	0.15707	0.99998	-0.00218	-0.00651	0.00213	0.99997	-0.00759	0.00652	0.00758	0.99995	
67	0.33500	139.35260	-82.61882	0.31791	0.61386	-0.01314	-0.52841	1.12336	0.99996	0.00922	0.00023	-0.00922	0.99990	0.01071	-0.00013	-0.01072	0.99994		-64.75387	-173.85051	-1.53199	-0.43941	0.37605	0.12285	0.17775	0.99998	-0.00214	-0.00656	0.00209	0.99997	-0.00767	0.00658	0.00765	0.99995	
68	0.34000	139.35029	-82.65005	0.30814	0.59983	-0.00953	-0.52299	1.11141	0.99996	0.00913	0.00017	-0.00913	0.99990	0.01047	-0.00007	-0.01047	0.99995		-64.74518	-173.83927	-1.56615	-0.43764	0.37647	0.12328	0.16791	0.99998	-0.00215	-0.00657	0.00210	0.99997	-0.00764	0.00659	0.00762	0.99995	
69	0.34500	139.33877	-82.66913	0.31527	0.59010	-0.00703	-0.52768	1.10135	0.99996	0.00921	0.00012	-0.00921	0.99990	0.01030	-0.00003	-0.01030	0.99995		-64.73717	-173.82597	-1.56668	-0.43431	0.37929	0.12251	0.17682	0.99998	-0.00214	-0.00662	0.00209	0.99997	-0.00758	0.00664	0.00757	0.99995	
70	0.35000	139.35330	-82.67524	0.29451	0.57996	-0.00805	-0.52344	1.09762	0.99996	0.00914	0.00014	-0.00914	0.99991	0.01012	-0.00005	-0.01012	0.99995		-64.75410	-173.84550	-1.57076	-0.43465	0.38244	0.12340	0.16140	0.99998	-0.00215	-0.00667	0.00210	0.99997	-0.00759	0.00669	0.00757	0.99995	
71	0.35500	139.34930	-82.69782	0.29669	0.56808	-0.00985	-0.52297	1.10047	0.99996	0.00913	0.00017	-0.00913	0.99991	0.00991	-0.00008	-0.00992	0.99995		-64.75745	-173.83125	-1.55869	-0.43529	0.38856	0.12669	0.16504	0.99997	-0.00221	-0.00678	0.00216	0.99997	-0.00760	0.00680	0.00758	0.99995	
72	0.36000	139.34960	-82.73780	0.30133	0.55599	-0.00530	-0.52997	1.09469	0.99996	0.00925	0.00009	-0.00925	0.99991	0.00970	-0.00000	-0.00970	0.99995		-64.77677	-173.85183	-1.55457	-0.43371	0.39199	0.12074	0.16955	0.99997	-0.00211	-0.00684	0.00206	0.99997	-0.00757	0.00686	0.00756	0.99995	
73	0.36500	139.33530	-82.75941	0.29776	0.54103	-0.00287	-0.51926	1.11448	0.99996	0.00906	0.00005	-0.00906	0.99991	0.00944	0.00004	-0.00944	0.99996		-64.77684	-173.83986	-1.55485	-0.43099	0.39199	0.12031	0.16771	0.99997	-0.00210	-0.00684	0.00205	0.99997	-0.00752	0.00686	0.00751	0.99995	
74	0.37000	139.37462	-82.78169	0.26743	0.53254	-0.00725	-0.52363	1.11258	0.99996	0.00914	0.00013	-0.00914	0.99992	0.00929	-0.00004	-0.00930	0.99996		-64.78216	-173.83357	-1.55965	-0.42720	0.39748	0.12212	0.16698	0.99997	-0.00213	-0.00694	0.00208	0.99997	-0.00746	0.00695	0.00744	0.99995	
75	0.37500	139.40883	-82.84438	0.26883	0.51285	-0.00111	-0.50887	1.13622	0.99996	0.00888	0.00002	-0.00888	0.99992	0.00895	0.00006	-0.00895	0.99996		-64.77521	-173.83785	-1.56866	-0.42460	0.40237	0.12250	0.17555	0.99997	-0.00214	-0.00702	0.00209	0.99997	-0.00741	0.00704	0.00740	0.99995	
76	0.38000	139.39597	-82.86529	0.26319	0.50036	-0.00316	-0.50829	1.12723	0.99996	0.00887	0.00006	-0.00887	0.99992	0.00873	0.00002	-0.00873	0.99996		-64.81831	-173.81328	-1.56882	-0.41951	0.40293	0.11697	0.16465	0.99997	-0.00204	-0.00703	0.00199	0.99997	-0.00732	0.00705	0.00731	0.99995	
77	0.38500	139.39470	-82.87417	0.26631	0.49274	-0.00660	-0.51218	1.13042	0.99996	0.00894	0.00012	-0.00894	0.99992	0.00860	-0.00004	-0.00860	0.99996		-64.81258	-173.83332	-1.54811	-0.41852	0.40759	0.12024	0.17571	0.99997	-0.00210	-0.00711	0.00205	0.99997	-0.00730	0.00713	0.00729	0.99995	
78	0.39000	139.46656	-82.89815	0.26312	0.48018	-0.01068	-0.50993	1.13424	0.99996	0.00890	0.00019	-0.00890	0.99993	0.00838	-0.00011	-0.00838	0.99996		-64.82071	-173.80525	-1.54886	-0.41094	0.41190	0.11817	0.18030	0.99997	-0.00206	-0.00719	0.00201	0.99997	-0.00717	0.00720	0.00716	0.99995	
79	0.39500	139.46554	-82.92098	0.25017	0.46959	-0.01446	-0.51207	1.14021	0.99996	0.00894	0.00025	-0.00894	0.99993	0.00820	-0.00018	-0.00820	0.99997		-64.81824	-173.80272	-1.54920	-0.40708	0.41311	0.11839	0.18468	0.99997	-0.00207	-0.00721	0.00202	0.99997	-0.00710	0.00722	0.00709	0.99995	
80	0.40000	139.43982	-82.93999	0.26942	0.45820	-0.01305	-0.50576	1.14460	0.99996	0.00883	0.00023	-0.00883	0.99993	0.00800	-0.00016	-0.00800	0.99997		-64.82395	-173.80923	-1.54968	-0.40330	0.41563	0.12217	0.16129	0.99997	-0.00213	-0.00725	0.00208	0.99997	-0.00704	0.00727	0.00702	0.99995	
81	0.40500	139.47705	-82.96575	0.27141	0.44537	-0.01669	-0.50415	1.14758	0.99996	0.00880	0.00029	-0.00880	0.99993	0.00777	-0.00022	-0.00778	0.99997		-64.82543	-173.79577	-1.54605	-0.39602	0.41527	0.11741	0.16963	0.99997	-0.00205	-0.00725	0.00200	0.99997	-0.00691	0.00726	0.00690	0.99995	
82	0.41000	139.40349	-82.98041	0.26197	0.43907	-0.01884	-0.50811	1.14716	0.99996	0.00887	0.00033	-0.00887	0.99993	0.00766	-0.00026	-0.00767	0.99997		-64.82175	-173.79861	-1.53844	-0.39016	0.41786	0.11727	0.16162	0.99997	-0.00205	-0.00729	0.00200	0.99997	-0.00681	0.00731	0.00679	0.99995	
83	0.41500	139.44917	-83.00879	0.26421	0.42429	-0.01845	-0.50715	1.12979	0.99996	0.00885	0.00032	-0.00885	0.99993	0.00741	-0.00026	-0.00741	0.99997		-64.82803	-173.79387	-1.53883	-0.38373	0.42086	0.11647	0.17240	0.99997	-0.00203	-0.00735	0.00198	0.99998	-0.00670	0.00736	0.00668	0.99995	
84	0.42000	139.47680	-83.02801	0.25651	0.41488	-0.02698	-0.50390	1.13960	0.99996	0.00879	0.00047	-0.00880	0.99994	0.00724	-0.00041	-0.00724	0.99997		-64.84398	-173.78932	-1.52651	-0.38059	0.42420	0.11374	0.17842	0.99997	-0.00199	-0.00740	0.00194	0.99998	-0.00664	0.00742	0.00663	0.99995	
85	0.42500	139.46820	-83.04194	0.26545	0.40901	-0.02850	-0.51094	1.14011	0.99996	0.00892	0.00050	-0.00892	0.99993	0.00714	-0.00043	-0.00714	0.99997		-64.83881	-173.79060	-1.51831	-0.37464	0.42188	0.11498	0.18228	0.99997	-0.00201	-0.00736	0.00196	0.99998	-0.00654	0.00738	0.00652	0.99995	
86	0.43000	139.48104	-83.06837	0.25647	0.40014	-0.02991	-0.51006	1.13613	0.99996	0.00890	0.00052	-0.00891	0.99994	0.00698	-0.00046	-0.00699	0.99998		-64.84849	-173.77248	-1.51096	-0.36517	0.42569	0.11427	0.17645	0.99997	-0.00199	-0.00743	0.00195	0.99998	-0.00637	0.00744	0.00636	0.99995	
87	0.43500	139.50930	-83.08604	0.26142	0.39080	-0.03425	-0.50874	1.13381	0.99996	0.00888	0.00060	-0.00888	0.99994	0.00682	-0.00054	-0.00683	0.99998		-64.86201	-173.76870	-1.49871	-0.35810	0.42765	0.11038	0.17573	0.99997	-0.00193	-0.00746	0.00188	0.99998	-0.00625	0.00748	0.00624	0.99995	
88	0.44000	139.49067	-83.08518	0.26688	0.38363	-0.03354	-0.50610	1.13325	0.99996	0.00883	0.00059	-0.00884	0.99994	0.00670	-0.00053	-0.00670	0.99998		-64.88580	-173.75907	-1.49898	-0.35301	0.43006	0.11507	0.15703	0.99997	-0.00201	-0.00751	0.00196	0.99998	-0.00616	0.00752	0.00615	0.99995	
89	0.44500	139.48699	-83.12417	0.27641	0.37316	-0.03913	-0.50565	1.14074	0.99996	0.00883	0.00068	-0.00883	0.99994	0.00651	-0.00063	-0.00652	0.99998		-64.90315	-173.76683	-1.48667	-0.34532	0.43471	0.11459	0.17834	0.99997	-0.00200	-0.00759	0.00195	0.99998	-0.00603	0.00760	0.00601	0.99995	
90	0.45000	139.48838	-83.15076	0.25733	0.36564	-0.04586	-0.50761	1.14639	0.99996	0.00886	0.00080	-0.00886	0.99994	0.00638	-0.00074	-0.00639	0.99998		-64.87800	-173.77303	-1.47501	-0.33903	0.43472	0.11475	0.17137	0.99997	-0.00200	-0.00759	0.00196	0.99998	-0.00592	0.00760	0.00590	0.99995	
91	0.45500	139.49831	-83.17452	0.28834	0.35626	-0.04790	-0.50751	1.15668	0.99996	0.00886	0.00084	-0.00886	0.99994	0.00622	-0.00078	-0.00622	0.99998		-64.89968	-173.74786	-1.45459	-0.33032	0.43688	0.11126	0.16859	0.99997	-0.00194	-0.00762	0.00190	0.99998	-0.00576	0.00764	0.00575	0.99995	
92	0.46000	139.47888	-83.18157	0.28228	0.35230	-0.04696	-0.50664	1.13818	0.99996	0.00884	0.00082	-0.00885	0.99994	0.00615	-0.00077	-0.00616	0.99998		-64.89417	-173.75878	-1.44661	-0.32332	0.43625	0.10882	0.17210	0.99997	-0.00190	-0.00761	0.00186	0.99998	-0.00564	0.00762	0.00563	0.99996	
93	0.46500	139.47680	-83.19364	0.27964	0.34581	-0.05292	-0.51039	1.14323	0.99996	0.00891	0.00092	-0.00891	0.99994	0.00604	-0.00087	-0.00604	0.99998		-64.90879	-173.74717	-1.43468	-0.31532	0.44107	0.10803	0.17460	0.99997	-0.00189	-0.00770	0.00184	0.99998	-0.00550	0.00771	0.00549	0.99996	
94	0.47000	139.50648	-83.20047	0.28320	0.34148	-0.05984	-0.50512	1.14017	0.99996	0.00882	0.00104	-0.00882	0.99994	0.00596	-0.00099	-0.00597	0.99998		-64.93327	-173.74127	-1.42205	-0.30597	0.44062	0.10598	0.18507	0.99997	-0.00185	-0.00769	0.00181	0.99998	-0.00534	0.00770	0.00533	0.99996	
95	0.47500	139.53711	-83.22156	0.28618	0.33551	-0.06728	-0.50452	1.15580	0.99996	0.00881	0.00117	-0.00881	0.99994	0.00586	-0.00112	-0.00587	0.99998		-64.94872	-173.73600	-1.40968	-0.29885	0.43832	0.10714	0.17557	0.99997	-0.00187	-0.00765	0.00183	0.99998	-0.00522	0.00766	0.00520	0.99996	
96	0.48000	139.56190	-83.23833	0.29559	0.33055	-0.07845	-0.51077	1.16117	0.99996	0.00891	0.00137	-0.00892	0.99994	0.00577	-0.00132	-0.00578	0.99998		-64.91663	-173.71886	-1.39827	-0.29025	0.43960	0.10746	0.16799	0.99997	-0.00188	-0.00767	0.00184	0.99999	-0.00507	0.00768	0.00505	0.99996	
97	0.48500	139.50444	-83.27147	0.28271	0.32516	-0.07524	-0.51099	1.13011	0.99996	0.00892	0.00131	-0.00893	0.99994	0.00568	-0.00126	-0.00569	0.99998		-64.94569	-173.71397	-1.37748	-0.28118	0.43989	0.10890	0.16596	0.99997	-0.00190	-0.00768	0.00186	0.99999	-0.00491	0.00769	0.00489	0.99996	
98	0.49000	139.47748	-83.26539	0.28636	0.32195	-0.07301	-0.51122	1.13734	0.99996	0.00892	0.00127	-0.00893	0.99994	0.00562	-0.00122	-0.00563	0.99998		-64.94250	-173.71729	-1.36901	-0.27577	0.43823	0.11318	0.16379	0.99997	-0.00198	-0.00765	0.00194	0.99999	-0.00481	0.00766	0.00480	0.99996	
99	0.49500	139.54274	-83.27984	0.28975	0.32000	-0.08929	-0.50739	1.14804	0.99996	0.00886	0.00156	-0.00886	0.99995	0.00558	-0.00151	-0.00560	0.99998		-64.94575	-173.71438	-1.35294	-0.26554	0.43981	0.10535	0.17444	0.99997	-0.00184	-0.00768	0.00180	0.99999	-0.00463	0.00768	0.00462	0.99996	
100	0.50000	139.55366	-83.29776	0.29174	0.31413	-0.09507	-0.50719	1.15704	0.99996	0.00885	0.00166	-0.00886	0.99995	0.00548	-0.00161	-0.00550	0.99998		-64.92602	-173.70987	-1.33669	-0.25923	0.43655	0.10898	0.16809	0.99997	-0.00190	-0.00762	0.00187	0.99999	-0.00452	0.00763	0.00451	0.99996	
101	0.50500	139.54675	-83.31179	0.31227	0.31489	-0.09496	-0.51004	1.14359	0.99996	0.00890	0.00166	-0.00891	0.99995	0.00550	-0.00161	-0.00551	0.99998		-64.92409	-173.69962	-1.32844	-0.25181	0.43281	0.10724	0.17518	0.99997	-0.00187	-0.00755	0.00184	0.99999	-0.00439	0.00756	0.00438	0.99996	
102	0.51000	139.56641	-83.35261	0.31408	0.30789	-0.10747	-0.51084	1.13585	0.99996	0.00892	0.00188	-0.00893	0.99995	0.00537	-0.00183	-0.00539	0.99998		-64.92540	-173.69808	-1.31219	-0.24406	0.43426	0.10343	0.17363	0.99997	-0.00181	-0.00758	0.00177	0.99999	-0.00426	0.00759	0.00425	0.99996	
103	0.51500	139.56761	-83.31817	0.30800	0.31204	-0.11115	-0.50839	1.14197	0.99996	0.00887	0.00194	-0.00888	0.99995	0.00545	-0.00189	-0.00546	0.99998		-64.93316	-173.68874	-1.29141	-0.23694	0.43275	0.10611	0.16778	0.99997	-0.00185	-0.00755	0.00182	0.99999	-0.00414	0.00756	0.00412	0.99996	
104	0.52000	139.54337	-83.34166	0.31221	0.31204	-0.11901	-0.51143	1.14947	0.99996	0.00893	0.00208	-0.00894	0.99995	0.00545	-0.00203	-0.00546	0.99998		-64.94738	-173.68506	-1.27489	-0.22988	0.43505	0.10335	0.18078	0.99997	-0.00180	-0.00759	0.00177	0.99999	-0.00401	0.00760	0.00400	0.99996	
105	0.52500	139.57818	-83.36257	0.30031	0.31049	-0.12833	-0.50738	1.14759	0.99996	0.00886	0.00224	-0.00887	0.99995	0.00542	-0.00219	-0.00544	0.99998		-64.97476	-173.68202	-1.25392	-0.22211	0.43773	0.10318	0.18843	0.99997	-0.00180	-0.00764	0.00177	0.99999	-0.00388	0.00765	0.00386	0.99996	
106	0.53000	139.56547	-83.37718	0.30539	0.30837	-0.13013	-0.50830	1.14108	0.99996	0.00887	0.00227	-0.00888	0.99995	0.00538	-0.00222	-0.00540	0.99998		-64.97358	-173.67310	-1.24603	-0.21597	0.43659	0.10673	0.17440	0.99997	-0.00186	-0.00762	0.00183	0.99999	-0.00377	0.00763	0.00376	0.99996	
107	0.53500	139.61537	-83.39308	0.32065	0.30961	-0.14109	-0.50719	1.15669	0.99996	0.00885	0.00246	-0.00887	0.99995	0.00540	-0.00241	-0.00543	0.99998		-64.99528	-173.66078	-1.23368	-0.20812	0.43846	0.10397	0.18055	0.99997	-0.00181	-0.00765	0.00179	0.99999	-0.00363	0.00766	0.00362	0.99996	
108	0.54000	139.60890	-83.39503	0.30518	0.31088	-0.14542	-0.50762	1.14849	0.99996	0.00886	0.00254	-0.00887	0.99995	0.00543	-0.00249	-0.00545	0.99998		-64.97877	-173.66874	-1.20040	-0.20259	0.43566	0.10591	0.16856	0.99997	-0.00185	-0.00760	0.00182	0.99999	-0.00354	0.00761	0.00352	0.99996	
109	0.54500	139.60757	-83.43251	0.32907	0.30820	-0.15111	-0.51331	1.14529	0.99996	0.00896	0.00264	-0.00897	0.99995	0.00538	-0.00259	-0.00540	0.99998		-64.99633	-173.65295	-1.19604	-0.19726	0.43476	0.10446	0.16948	0.99997	-0.00182	-0.00759	0.00180	0.99999	-0.00344	0.00759	0.00343	0.99997	
110	0.55000	139.59808	-83.42901	0.33859	0.31068	-0.15373	-0.50689	1.15780	0.99996	0.00885	0.00268	-0.00886	0.99995	0.00542	-0.00263	-0.00545	0.99998		-64.98822	-173.65378	-1.18804	-0.19005	0.43391	0.10828	0.16918	0.99997	-0.00189	-0.00757	0.00186	0.99999	-0.00332	0.00758	0.00330	0.99997	
111	0.55500	139.60329	-83.42066	0.33511	0.31426	-0.16261	-0.50131	1.16481	0.99996	0.00875	0.00284	-0.00876	0.99995	0.00548	-0.00279	-0.00551	0.99998		-64.99671	-173.63849	-1.17996	-0.18444	0.43549	0.10532	0.17457	0.99997	-0.00184	-0.00760	0.00181	0.99999	-0.00322	0.00761	0.00321	0.99997	
112	0.56000	139.64410	-83.44016	0.34276	0.31755	-0.17071	-0.50583	1.15558	0.99996	0.00883	0.00298	-0.00884	0.99995	0.00554	-0.00293	-0.00557	0.99998		-64.99288	-173.65897	-1.15051	-0.18300	0.43346	0.10915	0.17290	0.99997	-0.00190	-0.00757	0.00188	0.99999	-0.00319	0.00757	0.00318	0.99997	
113	0.56500	139.61885	-83.45343	0.34557	0.32165	-0.17642	-0.50378	1.16289	0.99996	0.00879	0.00308	-0.00881	0.99995	0.00561	-0.00303	-0.00564	0.99998		-65.01881	-173.65656	-1.12956	-0.17748	0.43610	0.10708	0.16492	0.99997	-0.00187	-0.00761	0.00185	0.99999	-0.00310	0.00762	0.00308	0.99997	
114	0.57000	139.62842	-83.44382	0.33197	0.32723	-0.18599	-0.50823	1.15984	0.99996	0.00887	0.00325	-0.00889	0.99994	0.00571	-0.00320	-0.00574	0.99998		-65.01567	-173.62852	-1.12588	-0.16989	0.43767	0.10806	0.17942	0.99997	-0.00189	-0.00764	0.00186	0.99999	-0.00296	0.00764	0.00295	0.99997	
115	0.57500	139.62538	-83.45159	0.33881	0.33209	-0.19177	-0.50840	1.15695	0.99996	0.00887	0.00335	-0.00889	0.99994	0.00580	-0.00330	-0.00583	0.99998		-65.00320	-173.63598	-1.10936	-0.16744	0.43413	0.10793	0.16280	0.99997	-0.00188	-0.00758	0.00186	0.99999	-0.00292	0.00758	0.00291	0.99997	
116	0.58000	139.61714	-83.47788	0.35262	0.33260	-0.19328	-0.50486	1.15524	0.99996	0.00881	0.00337	-0.00883	0.99994	0.00580	-0.00332	-0.00583	0.99998		-65.00988	-173.63631	-1.08837	-0.16249	0.43228	0.10643	0.16776	0.99997	-0.00186	-0.00754	0.00184	0.99999	-0.00284	0.00755	0.00282	0.99997	
117	0.58500	139.61062	-83.48404	0.34696	0.33792	-0.19818	-0.50598	1.16870	0.99996	0.00883	0.00346	-0.00885	0.99994	0.00590	-0.00341	-0.00593	0.99998		-64.99778	-173.62008	-1.07185	-0.15882	0.42960	0.10611	0.16717	0.99997	-0.00185	-0.00750	0.00183	0.99999	-0.00277	0.00750	0.00276	0.99997	
118	0.59000	139.61995	-83.49974	0.35329	0.34211	-0.20479	-0.50548	1.17360	0.99995	0.00882	0.00357	-0.00884	0.99994	0.00597	-0.00352	-0.00600	0.99998		-64.99555	-173.61041	-1.05505	-0.15366	0.42623	0.10361	0.17152	0.99997	-0.00181	-0.00744	0.00179	0.99999	-0.00268	0.00744	0.00267	0.99997	
119	0.59500	139.66349	-83.50514	0.35688	0.34591	-0.20998	-0.50921	1.16874	0.99995	0.00889	0.00366	-0.00891	0.99994	0.00604	-0.00361	-0.00607	0.99998		-65.01664	-173.61912	-1.05071	-0.15359	0.43080	0.10536	0.17531	0.99997	-0.00184	-0.00752	0.00182	0.99999	-0.00268	0.00752	0.00267	0.99997	
120	0.60000	139.64038	-83.49258	0.34971	0.35396	-0.21110	-0.50582	1.16860	0.99995	0.00883	0.00368	-0.00885	0.99994	0.00618	-0.00363	-0.00621	0.99997		-65.00042	-173.60660	-1.03018	-0.15077	0.42708	0.10599	0.16355	0.99997	-0.00185	-0.00745	0.00183	0.99999	-0.00263	0.00746	0.00262	0.99997	
121	0.60500	139.62226	-83.51623	0.34972	0.35891	-0.21524	-0.50639	1.17787	0.99995	0.00884	0.00376	-0.00886	0.99994	0.00626	-0.00370	-0.00630	0.99997		-64.99797	-173.61040	-1.02176	-0.14744	0.42571	0.10468	0.17351	0.99997	-0.00183	-0.00743	0.00181	1.00000	-0.00257	0.00743	0.00256	0.99997	
122	0.61000	139.63188	-83.50815	0.34691	0.36755	-0.22363	-0.50937	1.17899	0.99995	0.00889	0.00390	-0.00891	0.99994	0.00641	-0.00385	-0.00645	0.99997		-64.99526	-173.60791	-0.99243	-0.14586	0.42737	0.10835	0.17632	0.99997	-0.00189	-0.00746	0.00187	0.99999	-0.00255	0.00746	0.00253	0.99997	
123	0.61500	139.66159	-83.49599	0.34362	0.37507	-0.23074	-0.50901	1.17603	0.99995	0.00888	0.00403	-0.00891	0.99994	0.00655	-0.00397	-0.00658	0.99997		-65.00665	-173.59050	-0.98428	-0.14097	0.42758	0.10569	0.17494	0.99997	-0.00184	-0.00746	0.00183	1.00000	-0.00246	0.00747	0.00245	0.99997	
124	0.62000	139.62812	-83.53060	0.34921	0.37661	-0.22879	-0.50172	1.17862	0.99995	0.00876	0.00399	-0.00878	0.99994	0.00657	-0.00394	-0.00661	0.99997		-65.01093	-173.60578	-0.97132	-0.14358	0.42601	0.10621	0.17452	0.99997	-0.00185	-0.00744	0.00184	1.00000	-0.00251	0.00744	0.00249	0.99997	
125	0.62500	139.64544	-83.51516	0.34659	0.38596	-0.23446	-0.50436	1.17136	0.99995	0.00880	0.00409	-0.00883	0.99994	0.00674	-0.00403	-0.00677	0.99997		-64.98075	-173.58131	-0.96785	-0.13976	0.42412	0.10654	0.16900	0.99997	-0.00186	-0.00740	0.00184	1.00000	-0.00244	0.00741	0.00243	0.99997	
126	0.63000	139.64891	-83.52041	0.33338	0.39486	-0.23737	-0.50208	1.18626	0.99995	0.00876	0.00414	-0.00879	0.99994	0.00689	-0.00408	-0.00693	0.99997		-65.00614	-173.59016	-0.95071	-0.14095	0.42750	0.10570	0.17511	0.99997	-0.00184	-0.00746	0.00183	1.00000	-0.00246	0.00747	0.00245	0.99997	
127	0.63500	139.61839	-83.50292	0.36096	0.40484	-0.23561	-0.50825	1.15267	0.99995	0.00887	0.00411	-0.00890	0.99994	0.00707	-0.00405	-0.00710	0.99997		-64.99105	-173.58800	-0.92990	-0.13930	0.42624	0.10549	0.18212	0.99997	-0.00184	-0.00744	0.00182	1.00000	-0.00243	0.00744	0.00242	0.99997	
128	0.64000	139.61086	-83.50334	0.34599	0.41277	-0.24194	-0.51226	1.15756	0.99995	0.00894	0.00422	-0.00897	0.99993	0.00720	-0.00416	-0.00724	0.99997		-64.99470	-173.60312	-0.90016	-0.14191	0.42463	0.10599	0.18064	0.99997	-0.00185	-0.00741	0.00183	1.00000	-0.00248	0.00742	0.00246	0.99997	
129	0.64500	139.60067	-83.48553	0.34821	0.42399	-0.24498	-0.52283	1.14627	0.99995	0.00912	0.00428	-0.00916	0.99993	0.00740	-0.00421	-0.00744	0.99996		-65.02208	-173.58454	-0.90873	-0.14099	0.42912	0.10727	0.16522	0.99997	-0.00187	-0.00749	0.00185	1.00000	-0.00246	0.00749	0.00245	0.99997	
130	0.65000	139.57052	-83.49395	0.35653	0.43218	-0.24751	-0.52069	1.15407	0.99995	0.00909	0.00432	-0.00912	0.99993	0.00754	-0.00425	-0.00758	0.99996		-64.99257	-173.58924	-0.90443	-0.14409	0.42263	0.10611	0.16525	0.99997	-0.00185	-0.00738	0.00183	1.00000	-0.00251	0.00738	0.00250	0.99997	
131	0.65500	139.59686	-83.49316	0.36525	0.43953	-0.25156	-0.51681	1.16031	0.99995	0.00902	0.00439	-0.00905	0.99993	0.00767	-0.00432	-0.00771	0.99996		-64.98385	-173.59039	-0.87923	-0.14437	0.42070	0.10631	0.16720	0.99997	-0.00186	-0.00734	0.00184	1.00000	-0.00252	0.00735	0.00251	0.99997	
132	0.66000	139.58569	-83.49835	0.34133	0.44594	-0.24879	-0.52256	1.14676	0.99995	0.00912	0.00434	-0.00915	0.99993	0.00778	-0.00427	-0.00782	0.99996		-64.97807	-173.58836	-0.86274	-0.14479	0.42202	0.10350	0.17233	0.99997	-0.00181	-0.00737	0.00179	1.00000	-0.00253	0.00737	0.00251	0.99997	
133	0.66500	139.57791	-83.49475	0.34860	0.45625	-0.25052	-0.52639	1.14250	0.99995	0.00919	0.00437	-0.00922	0.99993	0.00796	-0.00430	-0.00800	0.99996		-64.98985	-173.57876	-0.85816	-0.14498	0.42056	0.10475	0.18137	0.99997	-0.00183	-0.00734	0.00181	1.00000	-0.00253	0.00734	0.00252	0.99997	
134	0.67000	139.61240	-83.48612	0.36153	0.46459	-0.25339	-0.52854	1.14993	0.99995	0.00922	0.00442	-0.00926	0.99992	0.00811	-0.00435	-0.00815	0.99996		-65.02056	-173.58569	-0.83678	-0.14989	0.42588	0.10343	0.18509	0.99997	-0.00181	-0.00743	0.00179	0.99999	-0.00262	0.00744	0.00260	0.99997	
135	0.67500	139.56139	-83.50100	0.33401	0.47109	-0.24921	-0.52145	1.14997	0.99995	0.00910	0.00435	-0.00914	0.99992	0.00822	-0.00427	-0.00826	0.99996		-64.98210	-173.59808	-0.82893	-0.15123	0.42379	0.10344	0.17206	0.99997	-0.00181	-0.00740	0.00179	0.99999	-0.00264	0.00740	0.00263	0.99997	
136	0.68000	139.57771	-83.49043	0.33953	0.48000	-0.25085	-0.52805	1.13987	0.99995	0.00922	0.00438	-0.00925	0.99992	0.00838	-0.00430	-0.00842	0.99996		-64.98625	-173.60518	-0.81581	-0.15529	0.42044	0.10608	0.16121	0.99997	-0.00185	-0.00734	0.00183	0.99999	-0.00271	0.00734	0.00270	0.99997	
