NO_OF_FRAMES	12028
NO_OF_CAMERAS	8
NO_OF_BODIES	2
FREQUENCY	200
NO_OF_ANALOG	0
ANALOG_FREQUENCY	0
DESCRIPTION	--
TIME_STAMP	2013-07-02, 16:11:53	3297411.22118750
DATA_INCLUDED	6D
BODY_NAMES	Ice 1	Ice 2
Frame	Time	Ice 1 X	Y	Z	Roll	Pitch	Yaw	Residual	Rot[0]	Rot[1]	Rot[2]	Rot[3]	Rot[4]	Rot[5]	Rot[6]	Rot[7]	Rot[8]	Ice 2 X	Y	Z	Roll	Pitch	Yaw	Residual	Rot[0]	Rot[1]	Rot[2]	Rot[3]	Rot[4]	Rot[5]	Rot[6]	Rot[7]	Rot[8]	
1	0.00500	93.34997	7.65253	0.01376	0.43956	-0.09682	-1.04233	1.04500	0.99983	0.01819	0.00169	-0.01820	0.99980	0.00767	-0.00155	-0.00770	0.99997		-99.60626	-122.51051	-0.78339	-0.31578	0.41735	0.74956	0.18008	0.99989	-0.01308	-0.00728	0.01304	0.99990	-0.00551	0.00736	0.00542	0.99996	
2	0.01000	93.30201	7.64403	0.00745	0.43454	-0.08998	-1.04875	1.02106	0.99983	0.01830	0.00157	-0.01831	0.99980	0.00758	-0.00143	-0.00761	0.99997		-99.58523	-122.50671	-0.75513	-0.31359	0.41946	0.75587	0.14227	0.99989	-0.01319	-0.00732	0.01315	0.99990	-0.00547	0.00739	0.00538	0.99996	
3	0.01500	93.26912	7.64160	0.01440	0.43371	-0.08968	-1.04683	1.02069	0.99983	0.01827	0.00157	-0.01828	0.99980	0.00757	-0.00143	-0.00760	0.99997		-99.57124	-122.50409	-0.75110	-0.31293	0.41620	0.75215	0.13194	0.99989	-0.01313	-0.00726	0.01309	0.99990	-0.00546	0.00733	0.00537	0.99996	
4	0.02000	93.23506	7.62808	0.02567	0.43048	-0.08353	-1.04126	1.01601	0.99983	0.01817	0.00146	-0.01818	0.99981	0.00751	-0.00132	-0.00754	0.99997		-99.58621	-122.52329	-0.75452	-0.31651	0.41708	0.75644	0.13912	0.99989	-0.01320	-0.00728	0.01316	0.99990	-0.00552	0.00735	0.00543	0.99996	
5	0.02500	93.26004	7.63719	0.02101	0.43185	-0.08274	-1.04776	1.00207	0.99983	0.01829	0.00144	-0.01830	0.99980	0.00754	-0.00131	-0.00756	0.99997		-99.57205	-122.51152	-0.74686	-0.31253	0.41607	0.75311	0.13566	0.99989	-0.01314	-0.00726	0.01310	0.99990	-0.00545	0.00733	0.00536	0.99996	
6	0.03000	93.24116	7.62869	0.01580	0.43026	-0.08384	-1.04265	1.00872	0.99983	0.01820	0.00146	-0.01821	0.99981	0.00751	-0.00133	-0.00753	0.99997		-99.59471	-122.50655	-0.75060	-0.31266	0.41924	0.75497	0.15280	0.99989	-0.01318	-0.00732	0.01314	0.99990	-0.00546	0.00739	0.00536	0.99996	
7	0.03500	93.25209	7.63021	0.01613	0.42928	-0.08343	-1.04526	1.00925	0.99983	0.01824	0.00146	-0.01825	0.99981	0.00749	-0.00132	-0.00752	0.99997		-99.57142	-122.51606	-0.75088	-0.31566	0.41617	0.75257	0.13302	0.99989	-0.01313	-0.00726	0.01309	0.99990	-0.00551	0.00734	0.00541	0.99996	
8	0.04000	93.30035	7.61443	-0.00310	0.42664	-0.09172	-1.04306	1.01490	0.99983	0.01820	0.00160	-0.01822	0.99981	0.00745	-0.00146	-0.00747	0.99997		-99.57061	-122.51349	-0.74649	-0.31420	0.41346	0.75418	0.12742	0.99989	-0.01316	-0.00722	0.01312	0.99990	-0.00548	0.00729	0.00539	0.99996	
9	0.04500	93.25719	7.62118	0.01688	0.42677	-0.08682	-1.04520	1.01008	0.99983	0.01824	0.00152	-0.01825	0.99981	0.00745	-0.00138	-0.00747	0.99997		-99.57776	-122.50142	-0.74647	-0.31256	0.41311	0.75334	0.13909	0.99989	-0.01315	-0.00721	0.01311	0.99990	-0.00546	0.00728	0.00536	0.99996	
10	0.05000	93.29230	7.60856	0.01162	0.42340	-0.09067	-1.04169	1.01745	0.99983	0.01818	0.00158	-0.01819	0.99981	0.00739	-0.00145	-0.00742	0.99997		-99.59114	-122.51732	-0.74186	-0.31329	0.41331	0.75439	0.13488	0.99989	-0.01317	-0.00721	0.01313	0.99990	-0.00547	0.00728	0.00537	0.99996	
11	0.05500	93.06654	7.47112	0.12007	0.41906	-0.08445	-1.02994	1.06291	0.99984	0.01797	0.00147	-0.01799	0.99981	0.00731	-0.00134	-0.00734	0.99997		-99.55920	-122.49408	-0.72986	-0.31292	0.40933	0.74883	0.12756	0.99989	-0.01307	-0.00714	0.01303	0.99990	-0.00546	0.00721	0.00537	0.99996	
12	0.06000	93.09851	7.45784	0.11633	0.41624	-0.08824	-1.02777	1.06530	0.99984	0.01794	0.00154	-0.01795	0.99981	0.00726	-0.00141	-0.00729	0.99997		-99.57905	-122.49866	-0.72950	-0.31317	0.41127	0.75529	0.13370	0.99989	-0.01318	-0.00718	0.01314	0.99990	-0.00547	0.00725	0.00537	0.99996	
13	0.06500	93.02515	7.44275	0.14028	0.41485	-0.07922	-1.02529	1.06572	0.99984	0.01789	0.00138	-0.01790	0.99981	0.00724	-0.00125	-0.00726	0.99997		-99.56560	-122.49728	-0.72974	-0.31162	0.41039	0.75343	0.14117	0.99989	-0.01315	-0.00716	0.01311	0.99990	-0.00544	0.00723	0.00534	0.99996	
14	0.07000	93.06172	7.43424	0.15568	0.41149	-0.08557	-1.02129	1.08872	0.99984	0.01782	0.00149	-0.01783	0.99982	0.00718	-0.00137	-0.00721	0.99997		-99.55100	-122.48662	-0.72598	-0.31095	0.41225	0.75046	0.15304	0.99989	-0.01310	-0.00720	0.01306	0.99990	-0.00543	0.00727	0.00533	0.99996	
15	0.07500	92.98722	7.43345	0.14937	0.41183	-0.08017	-1.02290	1.09308	0.99984	0.01785	0.00140	-0.01786	0.99981	0.00719	-0.00127	-0.00721	0.99997		-99.57049	-122.50000	-0.72523	-0.31346	0.40930	0.75551	0.13785	0.99989	-0.01319	-0.00714	0.01315	0.99990	-0.00547	0.00722	0.00538	0.99996	
16	0.08000	93.02695	7.44491	0.16337	0.41227	-0.08569	-1.02364	1.09516	0.99984	0.01786	0.00150	-0.01788	0.99981	0.00720	-0.00137	-0.00722	0.99997		-99.56357	-122.48068	-0.72156	-0.31199	0.41081	0.75251	0.14106	0.99989	-0.01313	-0.00717	0.01309	0.99990	-0.00545	0.00724	0.00535	0.99996	
17	0.08500	93.02963	7.41595	0.16363	0.40827	-0.08301	-1.02042	1.07563	0.99984	0.01781	0.00145	-0.01782	0.99982	0.00713	-0.00132	-0.00715	0.99997		-99.57963	-122.47872	-0.71723	-0.30971	0.40952	0.75038	0.13852	0.99989	-0.01310	-0.00715	0.01306	0.99990	-0.00541	0.00722	0.00531	0.99996	
18	0.09000	93.00843	7.39561	0.15669	0.40446	-0.08279	-1.01925	1.10420	0.99984	0.01779	0.00144	-0.01780	0.99982	0.00706	-0.00132	-0.00708	0.99997		-99.55919	-122.48390	-0.71707	-0.30979	0.40683	0.75515	0.13638	0.99989	-0.01318	-0.00710	0.01314	0.99990	-0.00541	0.00717	0.00531	0.99996	
19	0.09500	93.00444	7.39656	0.16859	0.40566	-0.07984	-1.01983	1.09997	0.99984	0.01780	0.00139	-0.01781	0.99982	0.00708	-0.00127	-0.00710	0.99997		-99.55779	-122.49257	-0.70882	-0.30967	0.40612	0.75231	0.12711	0.99989	-0.01313	-0.00709	0.01309	0.99990	-0.00540	0.00716	0.00531	0.99996	
20	0.10000	93.00128	7.40564	0.17780	0.40502	-0.08299	-1.01750	1.09883	0.99984	0.01776	0.00145	-0.01777	0.99982	0.00707	-0.00132	-0.00709	0.99997		-99.55988	-122.48788	-0.70436	-0.31177	0.40503	0.75105	0.14301	0.99989	-0.01311	-0.00707	0.01307	0.99990	-0.00544	0.00714	0.00535	0.99996	
21	0.10500	93.02307	7.38603	0.16564	0.40044	-0.08398	-1.01455	1.11112	0.99984	0.01771	0.00147	-0.01772	0.99982	0.00699	-0.00134	-0.00701	0.99997		-99.55500	-122.48832	-0.70403	-0.31097	0.40127	0.75102	0.14554	0.99989	-0.01311	-0.00700	0.01307	0.99990	-0.00543	0.00707	0.00534	0.99996	
22	0.11000	92.98476	7.37938	0.17847	0.40166	-0.07888	-1.01787	1.10106	0.99984	0.01776	0.00138	-0.01777	0.99982	0.00701	-0.00125	-0.00703	0.99997		-99.57091	-122.49053	-0.70432	-0.31037	0.40707	0.75334	0.13982	0.99989	-0.01315	-0.00710	0.01311	0.99990	-0.00542	0.00718	0.00532	0.99996	
23	0.11500	93.02052	7.35380	0.17832	0.39489	-0.08204	-1.01325	1.11722	0.99984	0.01768	0.00143	-0.01769	0.99982	0.00689	-0.00131	-0.00692	0.99998		-99.55319	-122.48321	-0.70009	-0.31078	0.40335	0.75566	0.13636	0.99989	-0.01319	-0.00704	0.01315	0.99990	-0.00542	0.00711	0.00533	0.99996	
24	0.12000	92.98525	7.34457	0.19889	0.39394	-0.07853	-1.01563	1.10360	0.99984	0.01773	0.00137	-0.01773	0.99982	0.00688	-0.00125	-0.00690	0.99998		-99.55244	-122.46807	-0.69623	-0.30840	0.40103	0.75151	0.12699	0.99989	-0.01312	-0.00700	0.01308	0.99990	-0.00538	0.00707	0.00529	0.99996	
25	0.12500	92.95286	7.35662	0.20000	0.39495	-0.07944	-1.01674	1.09704	0.99984	0.01774	0.00139	-0.01775	0.99982	0.00689	-0.00126	-0.00692	0.99998		-99.56895	-122.47832	-0.69577	-0.30990	0.40237	0.75086	0.13809	0.99989	-0.01310	-0.00702	0.01307	0.99990	-0.00541	0.00709	0.00532	0.99996	
26	0.13000	92.97771	7.34396	0.19509	0.39156	-0.08144	-1.01198	1.11594	0.99984	0.01766	0.00142	-0.01767	0.99982	0.00683	-0.00130	-0.00686	0.99998		-99.56968	-122.46632	-0.68762	-0.30717	0.40258	0.75045	0.13448	0.99989	-0.01310	-0.00703	0.01306	0.99990	-0.00536	0.00710	0.00527	0.99996	
27	0.13500	92.95749	7.33696	0.21509	0.38910	-0.07854	-1.01309	1.11548	0.99984	0.01768	0.00137	-0.01769	0.99982	0.00679	-0.00125	-0.00681	0.99998		-99.56542	-122.46100	-0.68352	-0.30596	0.40166	0.75035	0.13517	0.99989	-0.01310	-0.00701	0.01306	0.99990	-0.00534	0.00708	0.00525	0.99996	
28	0.14000	92.99599	7.31983	0.21646	0.38439	-0.07934	-1.00918	1.11359	0.99984	0.01761	0.00138	-0.01762	0.99982	0.00671	-0.00127	-0.00673	0.99998		-99.55100	-122.46036	-0.68369	-0.30665	0.40100	0.74775	0.14360	0.99989	-0.01305	-0.00700	0.01301	0.99990	-0.00535	0.00707	0.00526	0.99996	
29	0.14500	92.94289	7.32079	0.21973	0.38434	-0.07671	-1.01281	1.12018	0.99984	0.01768	0.00134	-0.01768	0.99982	0.00671	-0.00122	-0.00673	0.99998		-99.55763	-122.46489	-0.67905	-0.30586	0.39738	0.74880	0.14425	0.99989	-0.01307	-0.00694	0.01303	0.99990	-0.00534	0.00700	0.00525	0.99996	
30	0.15000	92.95213	7.33560	0.23448	0.38411	-0.07327	-1.01425	1.11021	0.99984	0.01770	0.00128	-0.01771	0.99982	0.00670	-0.00116	-0.00673	0.99998		-99.54508	-122.45824	-0.67923	-0.30528	0.39700	0.75062	0.14120	0.99989	-0.01310	-0.00693	0.01306	0.99990	-0.00533	0.00700	0.00524	0.99996	
31	0.15500	92.96313	7.33104	0.23106	0.38252	-0.07179	-1.01224	1.11584	0.99984	0.01767	0.00125	-0.01767	0.99982	0.00668	-0.00113	-0.00670	0.99998		-99.48626	-122.45949	-0.68006	-0.30486	0.39286	0.74784	0.13337	0.99989	-0.01305	-0.00686	0.01302	0.99990	-0.00532	0.00693	0.00523	0.99996	
32	0.16000	92.94815	7.31752	0.23943	0.38267	-0.07634	-1.01249	1.11606	0.99984	0.01767	0.00133	-0.01768	0.99982	0.00668	-0.00121	-0.00670	0.99998		-99.52458	-122.44243	-0.67987	-0.30133	0.39718	0.74720	0.15155	0.99989	-0.01304	-0.00693	0.01300	0.99990	-0.00526	0.00700	0.00517	0.99996	
33	0.16500	92.94752	7.32477	0.24833	0.38034	-0.07375	-1.01256	1.10673	0.99984	0.01767	0.00129	-0.01768	0.99982	0.00664	-0.00117	-0.00666	0.99998		-99.49444	-122.45617	-0.67177	-0.30322	0.39230	0.74762	0.12416	0.99989	-0.01305	-0.00685	0.01301	0.99990	-0.00529	0.00692	0.00520	0.99996	
34	0.17000	92.91563	7.33143	0.25520	0.37921	-0.07380	-1.01110	1.11204	0.99984	0.01765	0.00129	-0.01765	0.99982	0.00662	-0.00117	-0.00664	0.99998		-99.52866	-122.42138	-0.68008	-0.29975	0.39635	0.74888	0.14524	0.99989	-0.01307	-0.00692	0.01303	0.99990	-0.00523	0.00699	0.00514	0.99996	
35	0.17500	92.96296	7.31374	0.26214	0.37669	-0.07546	-1.01052	1.11778	0.99984	0.01764	0.00132	-0.01764	0.99982	0.00657	-0.00120	-0.00660	0.99998		-99.52688	-122.43737	-0.67169	-0.30134	0.39552	0.74817	0.12686	0.99989	-0.01306	-0.00690	0.01302	0.99990	-0.00526	0.00697	0.00517	0.99996	
36	0.18000	92.94673	7.31072	0.26204	0.37604	-0.07607	-1.00818	1.12010	0.99984	0.01760	0.00133	-0.01760	0.99982	0.00656	-0.00121	-0.00659	0.99998		-99.52175	-122.44725	-0.68378	-0.30148	0.39405	0.74746	0.14488	0.99989	-0.01305	-0.00688	0.01301	0.99990	-0.00526	0.00695	0.00517	0.99996	
37	0.18500	92.93512	7.30730	0.28617	0.37371	-0.07044	-1.01048	1.11166	0.99984	0.01764	0.00123	-0.01764	0.99982	0.00652	-0.00111	-0.00654	0.99998		-99.54284	-122.44154	-0.67521	-0.30054	0.39406	0.74718	0.13895	0.99989	-0.01304	-0.00688	0.01300	0.99990	-0.00525	0.00695	0.00516	0.99996	
38	0.19000	92.91719	7.28461	0.29131	0.36927	-0.06703	-1.00992	1.11836	0.99984	0.01763	0.00117	-0.01763	0.99982	0.00644	-0.00106	-0.00646	0.99998		-99.51469	-122.43465	-0.67985	-0.29769	0.38975	0.74887	0.13540	0.99989	-0.01307	-0.00680	0.01303	0.99990	-0.00520	0.00687	0.00511	0.99996	
39	0.19500	92.92223	7.29094	0.29782	0.36914	-0.06967	-1.00846	1.11888	0.99984	0.01760	0.00122	-0.01761	0.99982	0.00644	-0.00110	-0.00646	0.99998		-99.50353	-122.42940	-0.66750	-0.29947	0.39026	0.74833	0.12930	0.99989	-0.01306	-0.00681	0.01302	0.99990	-0.00523	0.00688	0.00514	0.99996	
40	0.20000	92.92303	7.29412	0.30499	0.37017	-0.07285	-1.01225	1.12043	0.99984	0.01767	0.00127	-0.01767	0.99982	0.00646	-0.00116	-0.00648	0.99998		-99.50136	-122.42216	-0.68439	-0.29567	0.38944	0.74588	0.13907	0.99989	-0.01302	-0.00680	0.01298	0.99990	-0.00516	0.00686	0.00507	0.99996	
41	0.20500	92.93533	7.29279	0.30341	0.36705	-0.07093	-1.01297	1.12595	0.99984	0.01768	0.00124	-0.01769	0.99982	0.00641	-0.00112	-0.00643	0.99998		-99.55162	-122.42638	-0.67116	-0.29526	0.39121	0.74770	0.12587	0.99989	-0.01305	-0.00683	0.01301	0.99990	-0.00515	0.00689	0.00506	0.99996	
42	0.21000	92.93724	7.29277	0.32356	0.36556	-0.06678	-1.00891	1.12031	0.99984	0.01761	0.00117	-0.01761	0.99982	0.00638	-0.00105	-0.00640	0.99998		-99.52816	-122.40866	-0.67158	-0.29295	0.39087	0.74911	0.14462	0.99989	-0.01307	-0.00682	0.01304	0.99990	-0.00511	0.00689	0.00502	0.99996	
43	0.21500	92.91385	7.30029	0.34114	0.36528	-0.06856	-1.01196	1.11729	0.99984	0.01766	0.00120	-0.01767	0.99982	0.00638	-0.00108	-0.00640	0.99998		-99.50083	-122.41005	-0.67210	-0.29293	0.38934	0.74546	0.13859	0.99989	-0.01301	-0.00680	0.01298	0.99990	-0.00511	0.00686	0.00502	0.99996	
44	0.22000	92.89453	7.28097	0.34270	0.36235	-0.06803	-1.00376	1.13059	0.99985	0.01752	0.00119	-0.01753	0.99983	0.00632	-0.00108	-0.00634	0.99998		-99.52389	-122.40322	-0.66748	-0.29173	0.38995	0.74898	0.14531	0.99989	-0.01307	-0.00681	0.01304	0.99990	-0.00509	0.00687	0.00500	0.99996	
45	0.22500	92.94573	7.29334	0.34103	0.36202	-0.06876	-1.00113	1.13577	0.99985	0.01747	0.00120	-0.01748	0.99983	0.00632	-0.00109	-0.00634	0.99998		-99.52407	-122.41044	-0.67576	-0.29131	0.38960	0.74719	0.14275	0.99989	-0.01304	-0.00680	0.01301	0.99990	-0.00508	0.00687	0.00500	0.99996	
46	0.23000	92.93032	7.28837	0.34757	0.36142	-0.06842	-1.00495	1.12280	0.99985	0.01754	0.00119	-0.01755	0.99983	0.00631	-0.00108	-0.00633	0.99998		-99.51211	-122.39937	-0.66746	-0.29079	0.38727	0.74906	0.14740	0.99989	-0.01307	-0.00676	0.01304	0.99990	-0.00508	0.00682	0.00499	0.99996	
47	0.23500	92.89584	7.28309	0.36743	0.36011	-0.06328	-1.00727	1.12754	0.99984	0.01758	0.00110	-0.01759	0.99983	0.00629	-0.00099	-0.00630	0.99998		-99.48542	-122.40565	-0.67644	-0.29074	0.38806	0.74815	0.13908	0.99989	-0.01306	-0.00677	0.01302	0.99990	-0.00507	0.00684	0.00499	0.99996	
48	0.24000	92.88213	7.26867	0.37312	0.35639	-0.06452	-1.01223	1.12988	0.99984	0.01767	0.00113	-0.01767	0.99982	0.00622	-0.00102	-0.00624	0.99998		-99.49246	-122.39367	-0.66385	-0.28625	0.38455	0.75047	0.12465	0.99989	-0.01310	-0.00671	0.01306	0.99990	-0.00500	0.00678	0.00491	0.99996	
49	0.24500	92.90667	7.29610	0.36851	0.35990	-0.06567	-1.00408	1.12226	0.99985	0.01752	0.00115	-0.01753	0.99983	0.00628	-0.00104	-0.00630	0.99998		-99.50469	-122.38827	-0.67652	-0.28500	0.38732	0.74711	0.12954	0.99989	-0.01304	-0.00676	0.01301	0.99990	-0.00497	0.00682	0.00489	0.99996	
50	0.25000	92.91606	7.27889	0.38264	0.35832	-0.06967	-1.00704	1.13659	0.99984	0.01758	0.00122	-0.01758	0.99983	0.00625	-0.00111	-0.00627	0.99998		-99.50455	-122.37839	-0.67674	-0.28364	0.39003	0.74782	0.14599	0.99989	-0.01305	-0.00681	0.01302	0.99990	-0.00495	0.00687	0.00486	0.99996	
51	0.25500	92.89539	7.27603	0.39974	0.35634	-0.06680	-1.00618	1.13513	0.99985	0.01756	0.00117	-0.01757	0.99983	0.00622	-0.00106	-0.00624	0.99998		-99.52591	-122.37013	-0.67671	-0.28307	0.39259	0.74926	0.13358	0.99989	-0.01308	-0.00685	0.01304	0.99990	-0.00494	0.00692	0.00485	0.99996	
52	0.26000	92.89497	7.29817	0.41464	0.35895	-0.06602	-1.01093	1.12899	0.99984	0.01764	0.00115	-0.01765	0.99982	0.00626	-0.00104	-0.00628	0.99998		-99.50676	-122.37982	-0.67672	-0.28197	0.39010	0.75317	0.14020	0.99989	-0.01314	-0.00681	0.01311	0.99990	-0.00492	0.00687	0.00483	0.99996	
53	0.26500	92.86661	7.25872	0.43578	0.35147	-0.05995	-1.00140	1.13824	0.99985	0.01748	0.00105	-0.01748	0.99983	0.00613	-0.00094	-0.00615	0.99998		-99.50959	-122.38905	-0.67661	-0.28311	0.38814	0.74777	0.13184	0.99989	-0.01305	-0.00677	0.01302	0.99990	-0.00494	0.00684	0.00485	0.99996	
54	0.27000	92.85735	7.26752	0.44100	0.35224	-0.05901	-1.00417	1.13308	0.99985	0.01753	0.00103	-0.01753	0.99983	0.00615	-0.00092	-0.00616	0.99998		-99.51673	-122.35771	-0.68146	-0.27688	0.39246	0.74765	0.14129	0.99989	-0.01305	-0.00685	0.01302	0.99990	-0.00483	0.00691	0.00474	0.99996	
55	0.27500	92.90607	7.29977	0.44623	0.35515	-0.06606	-1.00869	1.12356	0.99984	0.01760	0.00115	-0.01761	0.99983	0.00620	-0.00104	-0.00622	0.99998		-99.48474	-122.37637	-0.67733	-0.27876	0.38933	0.74711	0.13868	0.99989	-0.01304	-0.00679	0.01301	0.99990	-0.00487	0.00686	0.00478	0.99997	
56	0.28000	92.89402	7.30545	0.45765	0.35530	-0.06555	-1.00737	1.14100	0.99984	0.01758	0.00114	-0.01759	0.99983	0.00620	-0.00103	-0.00622	0.99998		-99.50542	-122.36717	-0.68555	-0.27694	0.38944	0.74667	0.13850	0.99989	-0.01303	-0.00680	0.01300	0.99990	-0.00483	0.00686	0.00474	0.99997	
57	0.28500	92.88536	7.29763	0.46668	0.35564	-0.06231	-1.01142	1.11876	0.99984	0.01765	0.00109	-0.01766	0.99982	0.00621	-0.00098	-0.00623	0.99998		-99.49721	-122.36116	-0.67764	-0.27524	0.39246	0.74560	0.15714	0.99989	-0.01301	-0.00685	0.01298	0.99990	-0.00480	0.00691	0.00471	0.99996	
58	0.29000	92.83554	7.30033	0.49310	0.35476	-0.06061	-1.00838	1.13374	0.99984	0.01760	0.00106	-0.01760	0.99983	0.00619	-0.00095	-0.00621	0.99998		-99.51181	-122.37182	-0.68134	-0.27592	0.39060	0.74859	0.14406	0.99989	-0.01306	-0.00682	0.01303	0.99990	-0.00482	0.00688	0.00473	0.99997	
59	0.29500	92.85386	7.30079	0.48935	0.35503	-0.06107	-1.00904	1.13505	0.99984	0.01761	0.00107	-0.01762	0.99983	0.00620	-0.00096	-0.00621	0.99998		-99.50243	-122.36063	-0.69011	-0.27520	0.39351	0.75011	0.14767	0.99989	-0.01309	-0.00687	0.01306	0.99990	-0.00480	0.00693	0.00471	0.99996	
60	0.30000	92.84015	7.31489	0.50943	0.35749	-0.06142	-1.00743	1.12708	0.99984	0.01758	0.00107	-0.01759	0.99983	0.00624	-0.00096	-0.00626	0.99998		-99.51505	-122.35326	-0.69425	-0.27168	0.39142	0.74789	0.14283	0.99989	-0.01305	-0.00683	0.01302	0.99990	-0.00474	0.00689	0.00465	0.99997	
61	0.30500	92.86695	7.30206	0.51087	0.35593	-0.06181	-1.00788	1.12042	0.99984	0.01759	0.00108	-0.01760	0.99983	0.00621	-0.00097	-0.00623	0.99998		-99.52384	-122.33932	-0.69013	-0.27065	0.39380	0.74924	0.14362	0.99989	-0.01308	-0.00687	0.01304	0.99990	-0.00472	0.00693	0.00463	0.99997	
62	0.31000	92.86776	7.29982	0.52502	0.35406	-0.05958	-1.00868	1.13311	0.99984	0.01760	0.00104	-0.01761	0.99983	0.00618	-0.00093	-0.00620	0.99998		-99.50067	-122.33833	-0.69495	-0.27004	0.39311	0.74826	0.13927	0.99989	-0.01306	-0.00686	0.01303	0.99990	-0.00471	0.00692	0.00462	0.99997	
63	0.31500	92.82349	7.31465	0.53351	0.35624	-0.05559	-1.00894	1.12558	0.99984	0.01761	0.00097	-0.01761	0.99983	0.00622	-0.00086	-0.00623	0.99998		-99.50898	-122.32465	-0.69108	-0.26578	0.39742	0.74372	0.15731	0.99989	-0.01298	-0.00694	0.01295	0.99991	-0.00464	0.00700	0.00455	0.99997	
64	0.32000	92.81277	7.30293	0.56290	0.35493	-0.05979	-1.01595	1.11514	0.99984	0.01773	0.00104	-0.01774	0.99982	0.00619	-0.00093	-0.00621	0.99998		-99.51454	-122.33289	-0.69944	-0.26560	0.39834	0.74646	0.14746	0.99989	-0.01303	-0.00695	0.01300	0.99990	-0.00464	0.00701	0.00454	0.99997	
65	0.32500	92.80156	7.30209	0.56843	0.35386	-0.05204	-1.00620	1.12224	0.99985	0.01756	0.00091	-0.01757	0.99983	0.00618	-0.00080	-0.00619	0.99998		-99.50681	-122.33425	-0.70773	-0.26589	0.39649	0.74665	0.14977	0.99989	-0.01303	-0.00692	0.01300	0.99990	-0.00464	0.00698	0.00455	0.99997	
66	0.33000	92.78133	7.30976	0.58730	0.35457	-0.05484	-1.01226	1.11759	0.99984	0.01767	0.00096	-0.01767	0.99982	0.00619	-0.00085	-0.00620	0.99998		-99.51130	-122.34223	-0.70365	-0.26571	0.39699	0.74833	0.12847	0.99989	-0.01306	-0.00693	0.01303	0.99990	-0.00464	0.00699	0.00455	0.99997	
67	0.33500	92.80634	7.31814	0.58287	0.35753	-0.05910	-1.01133	1.11437	0.99984	0.01765	0.00103	-0.01766	0.99982	0.00624	-0.00092	-0.00626	0.99998		-99.50779	-122.31776	-0.70826	-0.26096	0.39898	0.74565	0.15227	0.99989	-0.01301	-0.00696	0.01298	0.99991	-0.00455	0.00702	0.00446	0.99997	
68	0.34000	92.78386	7.31254	0.59373	0.35705	-0.05815	-1.01294	1.12425	0.99984	0.01768	0.00101	-0.01768	0.99982	0.00623	-0.00090	-0.00625	0.99998		-99.49554	-122.31271	-0.71283	-0.26069	0.39856	0.74643	0.14046	0.99989	-0.01303	-0.00696	0.01300	0.99991	-0.00455	0.00701	0.00446	0.99997	
69	0.34500	92.78542	7.32939	0.60909	0.35936	-0.05327	-1.01315	1.13074	0.99984	0.01768	0.00093	-0.01769	0.99982	0.00627	-0.00082	-0.00629	0.99998		-99.51522	-122.33429	-0.72049	-0.26473	0.40045	0.74722	0.15347	0.99989	-0.01304	-0.00699	0.01301	0.99990	-0.00462	0.00705	0.00453	0.99996	
70	0.35000	92.80845	7.35661	0.62723	0.36259	-0.05597	-1.00902	1.12234	0.99984	0.01761	0.00098	-0.01762	0.99982	0.00633	-0.00087	-0.00634	0.99998		-99.53356	-122.32228	-0.71647	-0.26119	0.40212	0.74816	0.14370	0.99989	-0.01306	-0.00702	0.01303	0.99990	-0.00456	0.00708	0.00447	0.99996	
71	0.35500	92.80658	7.35968	0.62914	0.36346	-0.05883	-1.01067	1.11950	0.99984	0.01764	0.00103	-0.01764	0.99982	0.00634	-0.00091	-0.00636	0.99998		-99.51051	-122.30911	-0.72939	-0.26011	0.39717	0.74469	0.13414	0.99989	-0.01300	-0.00693	0.01297	0.99991	-0.00454	0.00699	0.00445	0.99997	
72	0.36000	92.81027	7.36806	0.65019	0.36588	-0.05921	-1.01575	1.11632	0.99984	0.01773	0.00103	-0.01773	0.99982	0.00639	-0.00092	-0.00640	0.99998		-99.52411	-122.31070	-0.71701	-0.25942	0.40243	0.74863	0.13120	0.99989	-0.01307	-0.00702	0.01303	0.99990	-0.00453	0.00708	0.00444	0.99997	
73	0.36500	92.78022	7.34847	0.64734	0.36568	-0.05845	-1.01591	1.11945	0.99984	0.01773	0.00102	-0.01774	0.99982	0.00638	-0.00091	-0.00640	0.99998		-99.51521	-122.29416	-0.73409	-0.25552	0.40061	0.74360	0.14107	0.99989	-0.01298	-0.00699	0.01295	0.99991	-0.00446	0.00705	0.00437	0.99997	
74	0.37000	92.78128	7.36063	0.66676	0.36692	-0.05779	-1.01319	1.11504	0.99984	0.01768	0.00101	-0.01769	0.99982	0.00640	-0.00090	-0.00642	0.99998		-99.50489	-122.30361	-0.73848	-0.25539	0.40238	0.74922	0.13444	0.99989	-0.01308	-0.00702	0.01304	0.99990	-0.00446	0.00708	0.00437	0.99997	
75	0.37500	92.76923	7.35651	0.68142	0.36889	-0.05905	-1.01430	1.12272	0.99984	0.01770	0.00103	-0.01771	0.99982	0.00644	-0.00092	-0.00646	0.99998		-99.49047	-122.30297	-0.73866	-0.25608	0.40173	0.74663	0.14236	0.99989	-0.01303	-0.00701	0.01300	0.99991	-0.00447	0.00707	0.00438	0.99997	
76	0.38000	92.79454	7.37289	0.69060	0.36903	-0.05895	-1.01638	1.12664	0.99984	0.01774	0.00103	-0.01774	0.99982	0.00644	-0.00091	-0.00646	0.99998		-99.48359	-122.30958	-0.75108	-0.25550	0.39952	0.74552	0.13315	0.99989	-0.01301	-0.00697	0.01298	0.99991	-0.00446	0.00703	0.00437	0.99997	
77	0.38500	92.76749	7.35631	0.70144	0.36855	-0.05888	-1.01221	1.12012	0.99984	0.01767	0.00103	-0.01767	0.99982	0.00643	-0.00091	-0.00645	0.99998		-99.51110	-122.29242	-0.74304	-0.25374	0.40636	0.74864	0.14046	0.99989	-0.01307	-0.00709	0.01303	0.99991	-0.00443	0.00715	0.00434	0.99996	
78	0.39000	92.74494	7.37636	0.71403	0.37134	-0.05437	-1.01536	1.11683	0.99984	0.01772	0.00095	-0.01773	0.99982	0.00648	-0.00083	-0.00650	0.99998		-99.50824	-122.30897	-0.75095	-0.25660	0.40312	0.74934	0.13487	0.99989	-0.01308	-0.00704	0.01305	0.99990	-0.00448	0.00709	0.00439	0.99997	
79	0.39500	92.75529	7.38854	0.72712	0.37208	-0.05382	-1.01623	1.11867	0.99984	0.01774	0.00094	-0.01774	0.99982	0.00649	-0.00082	-0.00651	0.99998		-99.50274	-122.30233	-0.74723	-0.25479	0.40665	0.74596	0.14492	0.99989	-0.01302	-0.00710	0.01299	0.99991	-0.00445	0.00715	0.00435	0.99996	
80	0.40000	92.77325	7.40124	0.71691	0.37682	-0.05400	-1.01605	1.12925	0.99984	0.01773	0.00094	-0.01774	0.99982	0.00658	-0.00083	-0.00659	0.99998		-99.51440	-122.28975	-0.76396	-0.25213	0.40470	0.74392	0.14246	0.99989	-0.01298	-0.00706	0.01295	0.99991	-0.00440	0.00712	0.00431	0.99997	
81	0.40500	92.72910	7.39320	0.74968	0.37623	-0.04933	-1.01807	1.10779	0.99984	0.01777	0.00086	-0.01777	0.99982	0.00657	-0.00074	-0.00658	0.99998		-99.52428	-122.29693	-0.76368	-0.25295	0.40430	0.74683	0.13680	0.99989	-0.01303	-0.00706	0.01300	0.99991	-0.00441	0.00711	0.00432	0.99997	
82	0.41000	92.74999	7.40549	0.75181	0.37873	-0.05427	-1.01555	1.12133	0.99984	0.01772	0.00095	-0.01773	0.99982	0.00661	-0.00083	-0.00663	0.99998		-99.51135	-122.27713	-0.77281	-0.24906	0.40864	0.74496	0.14000	0.99989	-0.01300	-0.00713	0.01297	0.99991	-0.00435	0.00719	0.00425	0.99997	
83	0.41500	92.75154	7.39380	0.75669	0.38053	-0.05412	-1.01576	1.12582	0.99984	0.01773	0.00094	-0.01773	0.99982	0.00664	-0.00083	-0.00666	0.99998		-99.52512	-122.28970	-0.75991	-0.25109	0.40914	0.74795	0.13449	0.99989	-0.01305	-0.00714	0.01302	0.99991	-0.00438	0.00720	0.00429	0.99996	
84	0.42000	92.74257	7.41517	0.78829	0.38439	-0.05445	-1.01759	1.11268	0.99984	0.01776	0.00095	-0.01777	0.99982	0.00671	-0.00083	-0.00672	0.99998		-99.51815	-122.28851	-0.77632	-0.25198	0.40534	0.75008	0.13520	0.99989	-0.01309	-0.00707	0.01306	0.99991	-0.00440	0.00713	0.00430	0.99997	
85	0.42500	92.75896	7.40059	0.78854	0.38119	-0.05647	-1.00904	1.11954	0.99984	0.01761	0.00099	-0.01762	0.99982	0.00665	-0.00087	-0.00667	0.99998		-99.50765	-122.28406	-0.78527	-0.25057	0.40774	0.74526	0.14177	0.99989	-0.01301	-0.00712	0.01298	0.99991	-0.00437	0.00717	0.00428	0.99997	
86	0.43000	92.75262	7.41555	0.76732	0.38652	-0.05851	-1.02174	1.10585	0.99984	0.01783	0.00102	-0.01784	0.99982	0.00675	-0.00090	-0.00676	0.99998		-99.51925	-122.27607	-0.78551	-0.24878	0.41045	0.74476	0.13839	0.99989	-0.01300	-0.00716	0.01297	0.99991	-0.00434	0.00722	0.00425	0.99996	
87	0.43500	92.75466	7.42232	0.79782	0.38835	-0.05475	-1.01519	1.12819	0.99984	0.01772	0.00096	-0.01772	0.99982	0.00678	-0.00084	-0.00679	0.99998		-99.52417	-122.26933	-0.80233	-0.24727	0.41153	0.74445	0.13604	0.99989	-0.01299	-0.00718	0.01296	0.99991	-0.00432	0.00724	0.00422	0.99996	
88	0.44000	92.78880	7.43817	0.80774	0.39124	-0.05888	-1.01215	1.12537	0.99984	0.01766	0.00103	-0.01767	0.99982	0.00683	-0.00091	-0.00685	0.99998		-99.51515	-122.27069	-0.80228	-0.24755	0.40949	0.74467	0.13991	0.99989	-0.01300	-0.00715	0.01297	0.99991	-0.00432	0.00720	0.00423	0.99997	
89	0.44500	92.72451	7.43755	0.81751	0.39082	-0.05056	-1.01546	1.13413	0.99984	0.01772	0.00088	-0.01773	0.99982	0.00682	-0.00076	-0.00684	0.99998		-99.54218	-122.26103	-0.81046	-0.24570	0.41088	0.74870	0.12727	0.99989	-0.01307	-0.00717	0.01304	0.99991	-0.00429	0.00723	0.00419	0.99997	
90	0.45000	92.75045	7.43660	0.82890	0.39372	-0.05429	-1.01456	1.12929	0.99984	0.01771	0.00095	-0.01771	0.99982	0.00687	-0.00083	-0.00689	0.99998		-99.49067	-122.26181	-0.81105	-0.24634	0.40632	0.74551	0.13077	0.99989	-0.01301	-0.00709	0.01298	0.99991	-0.00430	0.00715	0.00421	0.99997	
91	0.45500	92.74587	7.44519	0.82491	0.39604	-0.05119	-1.01386	1.12120	0.99984	0.01769	0.00089	-0.01770	0.99982	0.00691	-0.00077	-0.00693	0.99998		-99.53397	-122.24723	-0.84871	-0.24335	0.41131	0.74455	0.11897	0.99989	-0.01299	-0.00718	0.01296	0.99991	-0.00425	0.00723	0.00415	0.99997	
92	0.46000	92.75715	7.45894	0.82868	0.40172	-0.05658	-1.01821	1.13029	0.99984	0.01777	0.00099	-0.01778	0.99982	0.00701	-0.00086	-0.00703	0.99997		-99.51658	-122.27099	-0.82735	-0.24756	0.40976	0.74463	0.13823	0.99989	-0.01300	-0.00715	0.01296	0.99991	-0.00432	0.00721	0.00423	0.99997	
93	0.46500	92.76421	7.46361	0.84257	0.40383	-0.05321	-1.01733	1.12091	0.99984	0.01775	0.00093	-0.01776	0.99982	0.00705	-0.00080	-0.00706	0.99997		-99.54521	-122.25435	-0.83578	-0.24496	0.41419	0.74487	0.14795	0.99989	-0.01300	-0.00723	0.01297	0.99991	-0.00428	0.00728	0.00418	0.99996	
94	0.47000	92.78011	7.46316	0.84779	0.40427	-0.05495	-1.01456	1.11653	0.99984	0.01771	0.00096	-0.01771	0.99982	0.00706	-0.00083	-0.00707	0.99997		-99.52499	-122.25066	-0.84865	-0.24498	0.41194	0.74583	0.13825	0.99989	-0.01302	-0.00719	0.01299	0.99991	-0.00428	0.00724	0.00418	0.99996	
95	0.47500	92.76816	7.47119	0.87681	0.40749	-0.05442	-1.01594	1.11460	0.99984	0.01773	0.00095	-0.01774	0.99982	0.00711	-0.00082	-0.00713	0.99997		-99.51356	-122.25389	-0.84824	-0.24680	0.40716	0.74363	0.14287	0.99989	-0.01298	-0.00711	0.01295	0.99991	-0.00431	0.00716	0.00421	0.99997	
96	0.48000	92.78004	7.48307	0.87110	0.40822	-0.05453	-1.01505	1.11946	0.99984	0.01772	0.00095	-0.01772	0.99982	0.00712	-0.00083	-0.00714	0.99997		-99.56548	-122.22519	-0.86116	-0.24164	0.41703	0.74595	0.13933	0.99989	-0.01302	-0.00728	0.01299	0.99991	-0.00422	0.00733	0.00412	0.99996	
97	0.48500	92.76448	7.47094	0.88797	0.40991	-0.05016	-1.01744	1.11614	0.99984	0.01776	0.00088	-0.01776	0.99982	0.00715	-0.00075	-0.00717	0.99997		-99.52803	-122.26787	-0.86072	-0.24798	0.41010	0.74476	0.13188	0.99989	-0.01300	-0.00716	0.01297	0.99991	-0.00433	0.00721	0.00423	0.99997	
98	0.49000	92.76685	7.48261	0.87718	0.41393	-0.05751	-1.01421	1.12418	0.99984	0.01770	0.00100	-0.01771	0.99982	0.00722	-0.00088	-0.00724	0.99997		-99.55710	-122.24137	-0.88193	-0.24118	0.41411	0.74779	0.12095	0.99989	-0.01305	-0.00723	0.01302	0.99991	-0.00421	0.00728	0.00411	0.99997	
99	0.49500	92.76417	7.49606	0.89581	0.41788	-0.05465	-1.01657	1.12587	0.99984	0.01774	0.00095	-0.01775	0.99982	0.00729	-0.00082	-0.00731	0.99997		-99.52551	-122.23040	-0.89094	-0.24037	0.41195	0.74587	0.11715	0.99989	-0.01302	-0.00719	0.01299	0.99991	-0.00420	0.00724	0.00410	0.99997	
100	0.50000	92.77136	7.51817	0.89748	0.42225	-0.05274	-1.01627	1.12386	0.99984	0.01774	0.00092	-0.01774	0.99982	0.00737	-0.00079	-0.00738	0.99997		-99.51483	-122.25823	-0.87776	-0.24774	0.40736	0.74281	0.12329	0.99989	-0.01296	-0.00711	0.01293	0.99991	-0.00432	0.00717	0.00423	0.99997	
101	0.50500	92.78117	7.50705	0.91916	0.42264	-0.05360	-1.02240	1.13357	0.99984	0.01784	0.00094	-0.01785	0.99981	0.00738	-0.00080	-0.00739	0.99997		-99.53551	-122.24236	-0.89876	-0.24339	0.40934	0.74935	0.10685	0.99989	-0.01308	-0.00714	0.01305	0.99991	-0.00425	0.00720	0.00415	0.99997	
102	0.51000	92.78230	7.49903	0.92088	0.42395	-0.05267	-1.01870	1.12986	0.99984	0.01778	0.00092	-0.01779	0.99981	0.00740	-0.00079	-0.00741	0.99997		-99.57027	-122.24406	-0.90648	-0.24409	0.41279	0.74939	0.12809	0.99989	-0.01308	-0.00720	0.01305	0.99991	-0.00426	0.00726	0.00417	0.99996	
103	0.51500	92.75969	7.51625	0.91521	0.42564	-0.05220	-1.01774	1.14012	0.99984	0.01776	0.00091	-0.01777	0.99981	0.00743	-0.00078	-0.00744	0.99997		-99.57604	-122.23325	-0.91495	-0.24273	0.41197	0.74477	0.12704	0.99989	-0.01300	-0.00719	0.01297	0.99991	-0.00424	0.00724	0.00414	0.99997	
104	0.52000	92.77554	7.51188	0.92137	0.42713	-0.04755	-1.01104	1.13129	0.99984	0.01765	0.00083	-0.01765	0.99982	0.00745	-0.00070	-0.00747	0.99997		-99.55693	-122.22247	-0.92783	-0.24112	0.41000	0.74709	0.11866	0.99989	-0.01304	-0.00716	0.01301	0.99991	-0.00421	0.00721	0.00411	0.99997	
105	0.52500	92.78137	7.54611	0.93019	0.43536	-0.05334	-1.01378	1.12613	0.99984	0.01769	0.00093	-0.01770	0.99981	0.00760	-0.00080	-0.00761	0.99997		-99.55676	-122.23910	-0.93571	-0.24607	0.40774	0.74807	0.11440	0.99989	-0.01306	-0.00712	0.01303	0.99991	-0.00429	0.00717	0.00420	0.99997	
106	0.53000	92.77391	7.54349	0.93743	0.43522	-0.05298	-1.01154	1.14681	0.99984	0.01765	0.00092	-0.01766	0.99982	0.00760	-0.00079	-0.00761	0.99997		-99.54526	-122.24242	-0.92743	-0.24564	0.40726	0.74797	0.12293	0.99989	-0.01305	-0.00711	0.01302	0.99991	-0.00429	0.00716	0.00419	0.99997	
107	0.53500	92.78141	7.54970	0.94297	0.43966	-0.05220	-1.01301	1.13738	0.99984	0.01768	0.00091	-0.01769	0.99981	0.00767	-0.00078	-0.00769	0.99997		-99.54325	-122.24580	-0.94453	-0.24407	0.41129	0.74579	0.12243	0.99989	-0.01302	-0.00718	0.01299	0.99991	-0.00426	0.00723	0.00417	0.99997	
108	0.54000	92.76627	7.54971	0.93623	0.44134	-0.05478	-1.01335	1.13071	0.99984	0.01769	0.00096	-0.01769	0.99981	0.00770	-0.00082	-0.00772	0.99997		-99.57819	-122.24298	-0.95207	-0.24606	0.41017	0.74708	0.12313	0.99989	-0.01304	-0.00716	0.01301	0.99991	-0.00429	0.00721	0.00420	0.99997	
109	0.54500	92.77258	7.55456	0.95556	0.44358	-0.05110	-1.01339	1.13014	0.99984	0.01769	0.00089	-0.01769	0.99981	0.00774	-0.00075	-0.00776	0.99997		-99.58077	-122.23817	-0.94816	-0.24591	0.41327	0.74682	0.13075	0.99989	-0.01303	-0.00721	0.01300	0.99991	-0.00429	0.00727	0.00420	0.99996	
110	0.55000	92.77459	7.56378	0.94243	0.44509	-0.05042	-1.01546	1.13527	0.99984	0.01772	0.00088	-0.01773	0.99981	0.00777	-0.00074	-0.00778	0.99997		-99.54916	-122.24063	-0.96073	-0.24635	0.40594	0.74825	0.11637	0.99989	-0.01306	-0.00708	0.01303	0.99991	-0.00430	0.00714	0.00421	0.99997	
111	0.55500	92.75806	7.55651	0.95615	0.44649	-0.05180	-1.01357	1.13652	0.99984	0.01769	0.00090	-0.01770	0.99981	0.00779	-0.00077	-0.00781	0.99997		-99.56216	-122.24204	-0.96466	-0.24790	0.40674	0.75013	0.11072	0.99989	-0.01309	-0.00710	0.01306	0.99991	-0.00433	0.00715	0.00423	0.99997	
112	0.56000	92.79224	7.57224	0.94471	0.45218	-0.05558	-1.01600	1.13290	0.99984	0.01773	0.00097	-0.01774	0.99981	0.00789	-0.00083	-0.00791	0.99997		-99.56139	-122.23281	-0.97763	-0.24456	0.40869	0.74778	0.11325	0.99989	-0.01305	-0.00713	0.01302	0.99991	-0.00427	0.00719	0.00417	0.99997	
113	0.56500	92.80014	7.57613	0.93321	0.45385	-0.05475	-1.00557	1.15203	0.99985	0.01755	0.00096	-0.01756	0.99981	0.00792	-0.00082	-0.00794	0.99997		-99.56534	-122.23592	-0.97728	-0.24546	0.40494	0.74350	0.12344	0.99989	-0.01298	-0.00707	0.01295	0.99991	-0.00428	0.00712	0.00419	0.99997	
114	0.57000	92.76660	7.57165	0.94960	0.45587	-0.05225	-1.01715	1.12919	0.99984	0.01775	0.00091	-0.01776	0.99981	0.00796	-0.00077	-0.00797	0.99997		-99.55352	-122.23883	-0.98982	-0.24706	0.40473	0.74855	0.11092	0.99989	-0.01306	-0.00706	0.01303	0.99991	-0.00431	0.00712	0.00422	0.99997	
115	0.57500	92.77814	7.57974	0.96158	0.45731	-0.05161	-1.01430	1.12743	0.99984	0.01770	0.00090	-0.01771	0.99981	0.00798	-0.00076	-0.00800	0.99997		-99.57415	-122.23058	-0.98944	-0.24752	0.40517	0.74669	0.12405	0.99989	-0.01303	-0.00707	0.01300	0.99991	-0.00432	0.00713	0.00423	0.99997	
116	0.58000	92.74796	7.56283	0.95819	0.45635	-0.04831	-1.01621	1.12099	0.99984	0.01774	0.00084	-0.01774	0.99981	0.00796	-0.00070	-0.00798	0.99997		-99.57768	-122.25494	-0.98909	-0.25103	0.40561	0.74543	0.12224	0.99989	-0.01301	-0.00708	0.01298	0.99991	-0.00438	0.00714	0.00429	0.99997	
117	0.58500	92.79296	7.58200	0.95319	0.46123	-0.05307	-1.01511	1.13563	0.99984	0.01772	0.00093	-0.01772	0.99981	0.00805	-0.00078	-0.00807	0.99997		-99.57075	-122.23996	-1.00585	-0.24866	0.40187	0.74528	0.13259	0.99989	-0.01301	-0.00701	0.01298	0.99991	-0.00434	0.00707	0.00425	0.99997	
118	0.59000	92.79215	7.55924	0.95178	0.45913	-0.05461	-1.01088	1.14932	0.99984	0.01764	0.00095	-0.01765	0.99981	0.00801	-0.00081	-0.00803	0.99997		-99.56676	-122.25015	-1.00580	-0.25101	0.40084	0.74641	0.11547	0.99989	-0.01303	-0.00700	0.01300	0.99991	-0.00438	0.00705	0.00429	0.99997	
119	0.59500	92.79324	7.61038	0.95184	0.46837	-0.05446	-1.01731	1.13734	0.99984	0.01775	0.00095	-0.01776	0.99981	0.00817	-0.00081	-0.00819	0.99997		-99.54724	-122.25686	-1.02656	-0.25343	0.39874	0.74880	0.11247	0.99989	-0.01307	-0.00696	0.01304	0.99991	-0.00442	0.00702	0.00433	0.99997	
120	0.60000	92.79343	7.59669	0.95475	0.46599	-0.05270	-1.01441	1.14014	0.99984	0.01770	0.00092	-0.01771	0.99981	0.00813	-0.00078	-0.00815	0.99997		-99.55500	-122.23890	-1.02252	-0.25048	0.39843	0.74551	0.11167	0.99989	-0.01301	-0.00695	0.01298	0.99991	-0.00437	0.00701	0.00428	0.99997	
121	0.60500	92.81184	7.59458	0.97228	0.46857	-0.04921	-1.00889	1.14567	0.99984	0.01761	0.00086	-0.01761	0.99981	0.00818	-0.00071	-0.00819	0.99997		-99.58551	-122.25456	-1.02205	-0.25123	0.40252	0.75015	0.11429	0.99989	-0.01309	-0.00703	0.01306	0.99991	-0.00438	0.00708	0.00429	0.99997	
122	0.61000	92.78289	7.59249	0.95470	0.47097	-0.05301	-1.01260	1.13669	0.99984	0.01767	0.00093	-0.01768	0.99981	0.00822	-0.00078	-0.00823	0.99997		-99.58715	-122.25982	-1.03411	-0.25264	0.39813	0.74781	0.10749	0.99989	-0.01305	-0.00695	0.01302	0.99991	-0.00441	0.00701	0.00432	0.99997	
123	0.61500	92.78013	7.59842	0.96077	0.47277	-0.05018	-1.01217	1.14544	0.99984	0.01766	0.00088	-0.01767	0.99981	0.00825	-0.00073	-0.00827	0.99997		-99.55514	-122.25568	-1.03920	-0.25315	0.40054	0.74861	0.11096	0.99989	-0.01307	-0.00699	0.01303	0.99991	-0.00442	0.00705	0.00433	0.99997	
124	0.62000	92.78336	7.59736	0.96108	0.47395	-0.05272	-1.01308	1.13493	0.99984	0.01768	0.00092	-0.01769	0.99981	0.00827	-0.00077	-0.00829	0.99997		-99.59135	-122.25386	-1.02164	-0.25223	0.40172	0.75136	0.12839	0.99989	-0.01311	-0.00701	0.01308	0.99990	-0.00440	0.00707	0.00431	0.99997	
125	0.62500	92.78848	7.60251	0.96057	0.47517	-0.05438	-1.01194	1.14696	0.99984	0.01766	0.00095	-0.01767	0.99981	0.00829	-0.00080	-0.00831	0.99997		-99.57350	-122.25943	-1.03861	-0.25337	0.39741	0.74690	0.11639	0.99989	-0.01304	-0.00694	0.01300	0.99991	-0.00442	0.00699	0.00433	0.99997	
126	0.63000	92.78538	7.60228	0.93236	0.47446	-0.05368	-1.00858	1.13964	0.99984	0.01760	0.00094	-0.01761	0.99981	0.00828	-0.00079	-0.00830	0.99997		-99.58746	-122.26953	-1.05495	-0.25483	0.39814	0.75112	0.10145	0.99989	-0.01311	-0.00695	0.01308	0.99990	-0.00445	0.00701	0.00436	0.99997	
127	0.63500	92.79249	7.60106	0.95117	0.47606	-0.05223	-1.01665	1.14281	0.99984	0.01774	0.00091	-0.01775	0.99981	0.00831	-0.00076	-0.00832	0.99997		-99.59760	-122.27816	-1.05485	-0.25676	0.40050	0.74932	0.11523	0.99989	-0.01308	-0.00699	0.01305	0.99990	-0.00448	0.00705	0.00439	0.99997	
128	0.64000	92.78689	7.61032	0.94908	0.47848	-0.05059	-1.00961	1.14146	0.99984	0.01762	0.00088	-0.01763	0.99981	0.00835	-0.00074	-0.00837	0.99996		-99.60846	-122.26133	-1.07129	-0.25528	0.39861	0.74925	0.11453	0.99989	-0.01308	-0.00696	0.01305	0.99990	-0.00446	0.00701	0.00436	0.99997	
129	0.64500	92.81402	7.61537	0.94708	0.48006	-0.05742	-1.00890	1.14792	0.99984	0.01761	0.00100	-0.01762	0.99981	0.00838	-0.00085	-0.00839	0.99996		-99.59438	-122.28739	-1.06278	-0.26004	0.39747	0.74908	0.10446	0.99989	-0.01307	-0.00694	0.01304	0.99990	-0.00454	0.00700	0.00445	0.99997	
130	0.65000	92.82720	7.60139	0.94306	0.48037	-0.05665	-1.01420	1.13912	0.99984	0.01770	0.00099	-0.01771	0.99981	0.00838	-0.00084	-0.00840	0.99996		-99.57103	-122.28875	-1.07126	-0.26003	0.39675	0.74907	0.12296	0.99989	-0.01307	-0.00692	0.01304	0.99990	-0.00454	0.00698	0.00445	0.99997	
131	0.65500	92.79240	7.61829	0.92936	0.48334	-0.05507	-1.01475	1.14882	0.99984	0.01771	0.00096	-0.01772	0.99981	0.00844	-0.00081	-0.00845	0.99996		-99.59672	-122.28851	-1.07912	-0.25937	0.39557	0.74836	0.11644	0.99989	-0.01306	-0.00690	0.01303	0.99990	-0.00453	0.00696	0.00444	0.99997	
132	0.66000	92.83829	7.61995	0.91779	0.48398	-0.06171	-1.01633	1.14398	0.99984	0.01774	0.00108	-0.01775	0.99981	0.00845	-0.00093	-0.00846	0.99996		-99.58762	-122.27951	-1.08782	-0.25722	0.39341	0.74712	0.11132	0.99989	-0.01304	-0.00687	0.01301	0.99991	-0.00449	0.00692	0.00440	0.99997	
133	0.66500	92.79857	7.60219	0.93538	0.47978	-0.05320	-1.01330	1.14161	0.99984	0.01768	0.00093	-0.01769	0.99981	0.00837	-0.00078	-0.00839	0.99996		-99.59064	-122.29152	-1.07543	-0.25976	0.39878	0.74993	0.11760	0.99989	-0.01309	-0.00696	0.01306	0.99990	-0.00453	0.00702	0.00444	0.99997	
134	0.67000	92.84312	7.61107	0.93051	0.48193	-0.05962	-1.01385	1.14123	0.99984	0.01769	0.00104	-0.01770	0.99981	0.00841	-0.00089	-0.00843	0.99996		-99.56826	-122.28885	-1.09167	-0.25929	0.38897	0.74779	0.11581	0.99989	-0.01305	-0.00679	0.01302	0.99990	-0.00453	0.00685	0.00444	0.99997	
135	0.67500	92.83743	7.59811	0.92352	0.48138	-0.06142	-1.01432	1.13682	0.99984	0.01770	0.00107	-0.01771	0.99981	0.00840	-0.00092	-0.00842	0.99996		-99.58241	-122.28815	-1.09193	-0.26008	0.39466	0.74744	0.12256	0.99989	-0.01304	-0.00689	0.01301	0.99990	-0.00454	0.00695	0.00445	0.99997	
136	0.68000	92.84875	7.61549	0.93384	0.48260	-0.06160	-1.01008	1.14386	0.99984	0.01763	0.00108	-0.01764	0.99981	0.00842	-0.00093	-0.00844	0.99996		-99.58352	-122.33401	-1.08263	-0.26962	0.39233	0.74904	0.11862	0.99989	-0.01307	-0.00685	0.01304	0.99990	-0.00471	0.00691	0.00462	0.99997	
137	0.68500	92.81723	7.59636	0.92360	0.48165	-0.05625	-1.00941	1.13786	0.99984	0.01762	0.00098	-0.01762	0.99981	0.00841	-0.00083	-0.00842	0.99996		-99.58766	-122.30557	-1.10416	-0.26403	0.39578	0.74793	0.12203	0.99989	-0.01305	-0.00691	0.01302	0.99990	-0.00461	0.00697	0.00452	0.99997	
138	0.69000	92.82089	7.60175	0.91192	0.48371	-0.05831	-1.00983	1.14042	0.99984	0.01762	0.00102	-0.01763	0.99981	0.00844	-0.00087	-0.00846	0.99996		-99.58678	-122.29630	-1.10401	-0.26216	0.39098	0.74812	0.11038	0.99989	-0.01306	-0.00682	0.01303	0.99990	-0.00458	0.00688	0.00449	0.99997	
