NO_OF_FRAMES	12045
NO_OF_CAMERAS	8
NO_OF_BODIES	2
FREQUENCY	200
NO_OF_ANALOG	0
ANALOG_FREQUENCY	0
DESCRIPTION	--
TIME_STAMP	2013-07-03, 14:48:21	22118.01119663
DATA_INCLUDED	6D
BODY_NAMES	Ice 1	Ice 2
Frame	Time	Ice 1 X	Y	Z	Roll	Pitch	Yaw	Residual	Rot[0]	Rot[1]	Rot[2]	Rot[3]	Rot[4]	Rot[5]	Rot[6]	Rot[7]	Rot[8]	Ice 2 X	Y	Z	Roll	Pitch	Yaw	Residual	Rot[0]	Rot[1]	Rot[2]	Rot[3]	Rot[4]	Rot[5]	Rot[6]	Rot[7]	Rot[8]	
1	0.00500	24.07434	-3.00311	1.44956	0.64488	-0.00210	-0.16619	1.05394	1.00000	0.00290	0.00004	-0.00290	0.99993	0.01126	-0.00000	-0.01126	0.99994		-92.91162	-59.83705	-0.55118	-0.44611	0.47309	-1.85110	0.21164	0.99944	0.03230	-0.00826	-0.03237	0.99945	-0.00779	0.00800	0.00805	0.99994	
2	0.01000	23.95897	-3.04023	1.40708	0.64013	0.01045	-0.17755	1.00770	1.00000	0.00310	-0.00018	-0.00310	0.99993	0.01117	0.00022	-0.01117	0.99994		-92.99985	-59.77990	-0.57745	-0.43071	0.48788	-1.85586	0.19516	0.99944	0.03238	-0.00851	-0.03245	0.99945	-0.00752	0.00827	0.00779	0.99994	
3	0.01500	23.97020	-3.04337	1.37308	0.64294	0.00723	-0.18026	1.01328	1.00000	0.00315	-0.00013	-0.00314	0.99993	0.01122	0.00016	-0.01122	0.99994		-92.97936	-59.76907	-0.56983	-0.42798	0.48775	-1.85268	0.18596	0.99944	0.03233	-0.00851	-0.03239	0.99945	-0.00747	0.00827	0.00774	0.99994	
4	0.02000	23.92636	-3.02670	1.36205	0.64560	0.01381	-0.17897	0.99898	1.00000	0.00312	-0.00024	-0.00312	0.99993	0.01127	0.00028	-0.01127	0.99994		-93.02095	-59.74790	-0.55741	-0.42324	0.49260	-1.85465	0.19883	0.99944	0.03236	-0.00860	-0.03243	0.99945	-0.00739	0.00835	0.00766	0.99994	
5	0.02500	23.91936	-3.00837	1.34347	0.64650	0.01552	-0.17646	1.00880	1.00000	0.00308	-0.00027	-0.00308	0.99993	0.01128	0.00031	-0.01128	0.99994		-93.02999	-59.74425	-0.56584	-0.41943	0.49174	-1.85888	0.20039	0.99944	0.03244	-0.00858	-0.03250	0.99944	-0.00732	0.00834	0.00759	0.99994	
6	0.03000	23.89685	-3.01211	1.32851	0.64907	0.02228	-0.17815	1.00707	1.00000	0.00311	-0.00039	-0.00310	0.99993	0.01133	0.00042	-0.01133	0.99994		-92.98796	-59.75263	-0.54533	-0.41719	0.48583	-1.85416	0.19454	0.99944	0.03235	-0.00848	-0.03242	0.99945	-0.00728	0.00824	0.00755	0.99994	
7	0.03500	23.89993	-3.01863	1.30016	0.64738	0.02271	-0.17939	1.00230	1.00000	0.00313	-0.00040	-0.00313	0.99993	0.01130	0.00043	-0.01130	0.99994		-93.00140	-59.71426	-0.55858	-0.41037	0.48916	-1.85513	0.18021	0.99944	0.03237	-0.00854	-0.03243	0.99945	-0.00716	0.00830	0.00743	0.99994	
8	0.04000	23.91460	-2.99760	1.25752	0.65036	0.01880	-0.18197	1.00030	0.99999	0.00318	-0.00033	-0.00317	0.99993	0.01135	0.00036	-0.01135	0.99994		-93.01548	-59.70518	-0.53341	-0.40659	0.48728	-1.85477	0.18363	0.99944	0.03237	-0.00850	-0.03243	0.99945	-0.00710	0.00827	0.00737	0.99994	
9	0.04500	23.89790	-3.00523	1.24854	0.65197	0.02048	-0.17984	0.99615	1.00000	0.00314	-0.00036	-0.00313	0.99993	0.01138	0.00039	-0.01138	0.99994		-93.00074	-59.69687	-0.53844	-0.40222	0.48818	-1.86135	0.19941	0.99944	0.03248	-0.00852	-0.03254	0.99945	-0.00702	0.00829	0.00729	0.99994	
10	0.05000	23.87928	-2.97913	1.22180	0.65311	0.02373	-0.17963	0.99896	1.00000	0.00314	-0.00041	-0.00313	0.99993	0.01140	0.00045	-0.01140	0.99993		-93.05462	-59.65895	-0.53861	-0.39280	0.49316	-1.86277	0.18728	0.99943	0.03250	-0.00861	-0.03256	0.99945	-0.00686	0.00838	0.00713	0.99994	
11	0.05500	23.69347	-3.13772	1.32081	0.64731	0.02471	-0.16894	1.07496	1.00000	0.00295	-0.00043	-0.00294	0.99993	0.01130	0.00046	-0.01130	0.99994		-93.04067	-59.67720	-0.52994	-0.39213	0.48671	-1.86032	0.18679	0.99944	0.03246	-0.00849	-0.03252	0.99945	-0.00684	0.00827	0.00712	0.99994	
12	0.06000	23.63160	-3.15563	1.29898	0.64485	0.03192	-0.16668	1.07477	1.00000	0.00291	-0.00056	-0.00290	0.99993	0.01125	0.00059	-0.01125	0.99994		-93.05962	-59.63591	-0.53498	-0.38171	0.48839	-1.86517	0.18997	0.99943	0.03255	-0.00852	-0.03260	0.99945	-0.00666	0.00830	0.00694	0.99994	
13	0.06500	23.62184	-3.15962	1.26982	0.64576	0.03299	-0.17234	1.07305	1.00000	0.00301	-0.00058	-0.00300	0.99993	0.01127	0.00061	-0.01127	0.99994		-93.04985	-59.63132	-0.54386	-0.37622	0.48980	-1.86217	0.19013	0.99944	0.03249	-0.00855	-0.03255	0.99945	-0.00657	0.00833	0.00684	0.99994	
14	0.07000	23.58565	-3.15921	1.26262	0.64167	0.03795	-0.16474	1.08444	1.00000	0.00288	-0.00066	-0.00287	0.99993	0.01120	0.00069	-0.01120	0.99994		-93.03643	-59.61978	-0.53600	-0.37043	0.48837	-1.86013	0.18433	0.99944	0.03246	-0.00852	-0.03251	0.99945	-0.00646	0.00831	0.00674	0.99994	
15	0.07500	23.57187	-3.17565	1.23808	0.64104	0.03868	-0.17042	1.07965	1.00000	0.00297	-0.00068	-0.00297	0.99993	0.01119	0.00071	-0.01119	0.99994		-93.05152	-59.59978	-0.53637	-0.36202	0.48616	-1.86206	0.17840	0.99944	0.03249	-0.00849	-0.03255	0.99945	-0.00632	0.00828	0.00659	0.99994	
16	0.08000	23.53655	-3.17214	1.21075	0.64073	0.03822	-0.17296	1.08232	1.00000	0.00302	-0.00067	-0.00301	0.99993	0.01118	0.00070	-0.01118	0.99994		-93.03993	-59.57311	-0.54130	-0.35466	0.48562	-1.86788	0.19641	0.99943	0.03259	-0.00848	-0.03265	0.99945	-0.00619	0.00827	0.00646	0.99994	
17	0.08500	23.54110	-3.17394	1.18206	0.64035	0.03650	-0.17004	1.09106	1.00000	0.00297	-0.00064	-0.00296	0.99993	0.01118	0.00067	-0.01117	0.99994		-93.07501	-59.56114	-0.55387	-0.34597	0.48761	-1.86642	0.19342	0.99943	0.03257	-0.00851	-0.03262	0.99945	-0.00604	0.00831	0.00631	0.99995	
18	0.09000	23.55085	-3.17261	1.16335	0.63865	0.03731	-0.16952	1.08593	1.00000	0.00296	-0.00065	-0.00295	0.99993	0.01115	0.00068	-0.01114	0.99994		-93.06538	-59.55833	-0.54590	-0.33916	0.48423	-1.86797	0.19270	0.99943	0.03260	-0.00845	-0.03265	0.99945	-0.00592	0.00825	0.00619	0.99995	
19	0.09500	23.49330	-3.15426	1.12325	0.63974	0.04027	-0.17031	1.09239	1.00000	0.00297	-0.00070	-0.00296	0.99993	0.01117	0.00074	-0.01116	0.99994		-93.04806	-59.53398	-0.56332	-0.33039	0.48183	-1.86823	0.20350	0.99943	0.03260	-0.00841	-0.03265	0.99945	-0.00577	0.00822	0.00604	0.99995	
20	0.10000	23.48729	-3.16146	1.13223	0.63844	0.04445	-0.16994	1.08699	1.00000	0.00297	-0.00078	-0.00296	0.99993	0.01114	0.00081	-0.01114	0.99994		-93.08089	-59.50653	-0.56796	-0.32103	0.48624	-1.87074	0.19691	0.99943	0.03264	-0.00849	-0.03269	0.99945	-0.00560	0.00830	0.00588	0.99995	
21	0.10500	23.51376	-3.16542	1.07696	0.63435	0.03716	-0.17043	1.08915	1.00000	0.00297	-0.00065	-0.00297	0.99993	0.01107	0.00068	-0.01107	0.99994		-93.11017	-59.50972	-0.55967	-0.31375	0.48648	-1.86719	0.18554	0.99943	0.03258	-0.00849	-0.03263	0.99945	-0.00548	0.00831	0.00575	0.99995	
22	0.11000	23.47677	-3.16300	1.05426	0.63398	0.03920	-0.16856	1.09443	1.00000	0.00294	-0.00068	-0.00293	0.99993	0.01106	0.00072	-0.01106	0.99994		-93.06779	-59.48095	-0.56485	-0.30415	0.47827	-1.86798	0.18029	0.99943	0.03260	-0.00835	-0.03264	0.99945	-0.00531	0.00817	0.00558	0.99995	
23	0.11500	23.49767	-3.16885	1.02240	0.63318	0.03449	-0.16969	1.10541	1.00000	0.00296	-0.00060	-0.00295	0.99993	0.01105	0.00063	-0.01105	0.99994		-93.07769	-59.48596	-0.57330	-0.29704	0.47881	-1.86733	0.17851	0.99943	0.03258	-0.00836	-0.03263	0.99945	-0.00518	0.00818	0.00545	0.99995	
24	0.12000	23.48668	-3.16316	1.00020	0.62824	0.03565	-0.16909	1.10417	1.00000	0.00295	-0.00062	-0.00294	0.99994	0.01096	0.00065	-0.01096	0.99994		-93.09742	-59.44285	-0.58652	-0.28318	0.47769	-1.87388	0.20257	0.99943	0.03270	-0.00834	-0.03274	0.99945	-0.00494	0.00817	0.00521	0.99995	
25	0.12500	23.44241	-3.19096	0.98079	0.62404	0.03944	-0.16869	1.11155	1.00000	0.00294	-0.00069	-0.00294	0.99994	0.01089	0.00072	-0.01089	0.99994		-93.08973	-59.43236	-0.59125	-0.27548	0.47718	-1.87126	0.19978	0.99943	0.03265	-0.00833	-0.03269	0.99945	-0.00481	0.00817	0.00508	0.99995	
26	0.13000	23.38402	-3.18625	0.96795	0.62123	0.04804	-0.17240	1.08249	1.00000	0.00301	-0.00084	-0.00300	0.99994	0.01084	0.00087	-0.01084	0.99994		-93.09954	-59.41709	-0.59555	-0.26619	0.47322	-1.87052	0.19869	0.99943	0.03264	-0.00826	-0.03268	0.99946	-0.00465	0.00810	0.00491	0.99996	
27	0.13500	23.37250	-3.18389	0.92479	0.62001	0.04312	-0.17229	1.09466	1.00000	0.00301	-0.00075	-0.00300	0.99994	0.01082	0.00079	-0.01082	0.99994		-93.10650	-59.40638	-0.60016	-0.25752	0.47350	-1.87276	0.19420	0.99943	0.03268	-0.00826	-0.03272	0.99945	-0.00449	0.00811	0.00476	0.99996	
28	0.14000	23.40771	-3.17344	0.90521	0.61645	0.04044	-0.17080	1.09848	1.00000	0.00298	-0.00071	-0.00297	0.99994	0.01076	0.00074	-0.01076	0.99994		-93.09633	-59.39830	-0.62566	-0.24824	0.47200	-1.86974	0.20171	0.99943	0.03263	-0.00824	-0.03266	0.99946	-0.00433	0.00809	0.00460	0.99996	
29	0.14500	23.37682	-3.18079	0.89052	0.61401	0.04147	-0.16989	1.11387	1.00000	0.00297	-0.00072	-0.00296	0.99994	0.01072	0.00076	-0.01071	0.99994		-93.09798	-59.38988	-0.63464	-0.23809	0.47046	-1.86873	0.18938	0.99943	0.03261	-0.00821	-0.03264	0.99946	-0.00416	0.00807	0.00442	0.99996	
30	0.15000	23.34298	-3.17658	0.84098	0.61039	0.04216	-0.17101	1.09884	1.00000	0.00298	-0.00074	-0.00298	0.99994	0.01065	0.00077	-0.01065	0.99994		-93.10848	-59.38281	-0.64746	-0.22847	0.46656	-1.87721	0.19542	0.99943	0.03276	-0.00814	-0.03279	0.99945	-0.00399	0.00801	0.00425	0.99996	
31	0.15500	23.37717	-3.18477	0.82134	0.60607	0.03519	-0.16902	1.11198	1.00000	0.00295	-0.00061	-0.00294	0.99994	0.01058	0.00065	-0.01058	0.99994		-93.10278	-59.36854	-0.66451	-0.21911	0.46381	-1.87192	0.18853	0.99943	0.03266	-0.00809	-0.03270	0.99946	-0.00382	0.00797	0.00409	0.99996	
32	0.16000	23.35164	-3.19674	0.80950	0.60230	0.04026	-0.17330	1.10866	1.00000	0.00302	-0.00070	-0.00302	0.99994	0.01051	0.00073	-0.01051	0.99994		-93.10306	-59.35219	-0.66957	-0.20576	0.46418	-1.87568	0.20690	0.99943	0.03273	-0.00810	-0.03276	0.99946	-0.00359	0.00798	0.00385	0.99996	
33	0.16500	23.34236	-3.18632	0.78617	0.59650	0.03968	-0.16998	1.10691	1.00000	0.00297	-0.00069	-0.00296	0.99994	0.01041	0.00072	-0.01041	0.99995		-93.13049	-59.35121	-0.68168	-0.19878	0.46205	-1.87366	0.19808	0.99943	0.03269	-0.00806	-0.03272	0.99946	-0.00347	0.00795	0.00373	0.99996	
34	0.17000	23.35024	-3.20555	0.75653	0.59084	0.03949	-0.16605	1.11111	1.00000	0.00290	-0.00069	-0.00289	0.99994	0.01031	0.00072	-0.01031	0.99995		-93.13226	-59.32962	-0.69919	-0.18638	0.46308	-1.87373	0.20280	0.99943	0.03270	-0.00808	-0.03272	0.99946	-0.00325	0.00797	0.00352	0.99996	
35	0.17500	23.32988	-3.19867	0.74164	0.58891	0.03951	-0.16830	1.11363	1.00000	0.00294	-0.00069	-0.00293	0.99994	0.01028	0.00072	-0.01028	0.99995		-93.14709	-59.30474	-0.73796	-0.17024	0.46397	-1.87437	0.18368	0.99943	0.03271	-0.00810	-0.03273	0.99946	-0.00297	0.00800	0.00323	0.99996	
36	0.18000	23.35046	-3.20249	0.69521	0.58604	0.03213	-0.17035	1.11122	1.00000	0.00297	-0.00056	-0.00297	0.99994	0.01023	0.00059	-0.01023	0.99995		-93.14833	-59.30861	-0.73318	-0.16541	0.45846	-1.87176	0.18895	0.99943	0.03266	-0.00800	-0.03269	0.99946	-0.00289	0.00790	0.00315	0.99996	
37	0.18500	23.32761	-3.21813	0.66431	0.58027	0.03401	-0.16972	1.11562	1.00000	0.00296	-0.00059	-0.00296	0.99994	0.01013	0.00062	-0.01013	0.99995		-93.13960	-59.29214	-0.77193	-0.15094	0.45868	-1.87025	0.17026	0.99944	0.03264	-0.00801	-0.03266	0.99946	-0.00263	0.00792	0.00289	0.99996	
38	0.19000	23.31355	-3.21915	0.63218	0.57483	0.03398	-0.16784	1.10420	1.00000	0.00293	-0.00059	-0.00292	0.99995	0.01003	0.00062	-0.01003	0.99995		-93.15416	-59.27769	-0.78883	-0.13840	0.45774	-1.87281	0.19010	0.99943	0.03268	-0.00799	-0.03270	0.99946	-0.00242	0.00791	0.00268	0.99997	
39	0.19500	23.30327	-3.22325	0.61901	0.57091	0.03380	-0.16652	1.10889	1.00000	0.00291	-0.00059	-0.00290	0.99995	0.00996	0.00062	-0.00996	0.99995		-93.19595	-59.27113	-0.80573	-0.12661	0.46051	-1.87713	0.19168	0.99943	0.03276	-0.00804	-0.03277	0.99946	-0.00221	0.00796	0.00247	0.99997	
40	0.20000	23.29432	-3.24392	0.60648	0.56613	0.03339	-0.16732	1.11554	1.00000	0.00292	-0.00058	-0.00291	0.99995	0.00988	0.00061	-0.00988	0.99995		-93.16603	-59.26519	-0.83144	-0.11387	0.45351	-1.87675	0.19005	0.99943	0.03275	-0.00792	-0.03277	0.99946	-0.00199	0.00785	0.00225	0.99997	
41	0.20500	23.31391	-3.24324	0.57527	0.56324	0.03117	-0.16999	1.10829	1.00000	0.00297	-0.00054	-0.00296	0.99995	0.00983	0.00057	-0.00983	0.99995		-93.18948	-59.25658	-0.84806	-0.10604	0.45267	-1.87152	0.18441	0.99944	0.03266	-0.00790	-0.03267	0.99946	-0.00185	0.00784	0.00211	0.99997	
42	0.21000	23.28252	-3.26996	0.56681	0.55628	0.02996	-0.16945	1.11123	1.00000	0.00296	-0.00052	-0.00295	0.99995	0.00971	0.00055	-0.00971	0.99995		-93.16263	-59.26922	-0.85678	-0.09630	0.44875	-1.87128	0.17733	0.99944	0.03265	-0.00783	-0.03267	0.99946	-0.00168	0.00777	0.00194	0.99997	
43	0.21500	23.25349	-3.26025	0.53679	0.55237	0.03064	-0.16658	1.12768	1.00000	0.00291	-0.00053	-0.00290	0.99995	0.00964	0.00056	-0.00964	0.99995		-93.16041	-59.23310	-0.89090	-0.08181	0.44676	-1.87448	0.19450	0.99943	0.03271	-0.00780	-0.03272	0.99946	-0.00143	0.00775	0.00168	0.99997	
44	0.22000	23.26829	-3.28112	0.51295	0.54861	0.02716	-0.16821	1.11381	1.00000	0.00294	-0.00047	-0.00293	0.99995	0.00957	0.00050	-0.00957	0.99995		-93.17995	-59.24116	-0.90727	-0.07279	0.44181	-1.87444	0.18724	0.99944	0.03271	-0.00771	-0.03272	0.99946	-0.00127	0.00767	0.00152	0.99997	
45	0.22500	23.26550	-3.28308	0.49059	0.54576	0.02802	-0.16813	1.10785	1.00000	0.00293	-0.00049	-0.00293	0.99995	0.00953	0.00052	-0.00952	0.99995		-93.14876	-59.24805	-0.93319	-0.06254	0.43926	-1.87371	0.17540	0.99944	0.03270	-0.00767	-0.03270	0.99946	-0.00109	0.00763	0.00134	0.99997	
46	0.23000	23.27336	-3.27383	0.48090	0.54253	0.02402	-0.16771	1.10245	1.00000	0.00293	-0.00042	-0.00292	0.99995	0.00947	0.00045	-0.00947	0.99996		-93.18832	-59.23958	-0.94963	-0.05377	0.43977	-1.87216	0.16538	0.99944	0.03267	-0.00768	-0.03268	0.99947	-0.00094	0.00764	0.00119	0.99997	
47	0.23500	23.28479	-3.28145	0.46158	0.53841	0.02501	-0.16598	1.12281	1.00000	0.00290	-0.00044	-0.00289	0.99995	0.00940	0.00046	-0.00940	0.99996		-93.19447	-59.22312	-0.98771	-0.04037	0.44161	-1.87495	0.18173	0.99943	0.03272	-0.00771	-0.03272	0.99946	-0.00070	0.00768	0.00096	0.99997	
48	0.24000	23.24612	-3.29487	0.45734	0.53461	0.02460	-0.16599	1.11250	1.00000	0.00290	-0.00043	-0.00289	0.99995	0.00933	0.00046	-0.00933	0.99996		-93.17516	-59.23284	-0.99681	-0.03073	0.44173	-1.87159	0.17658	0.99944	0.03266	-0.00771	-0.03266	0.99947	-0.00054	0.00769	0.00079	0.99997	
49	0.24500	23.26359	-3.31072	0.43482	0.53160	0.01629	-0.16232	1.12150	1.00000	0.00283	-0.00028	-0.00283	0.99995	0.00928	0.00031	-0.00928	0.99996		-93.17089	-59.21380	-1.01802	-0.01932	0.43688	-1.87564	0.18203	0.99944	0.03273	-0.00762	-0.03273	0.99946	-0.00034	0.00761	0.00059	0.99997	
50	0.25000	23.30318	-3.33292	0.39173	0.52201	0.01674	-0.15415	1.13337	1.00000	0.00269	-0.00029	-0.00269	0.99995	0.00911	0.00032	-0.00911	0.99996		-93.21008	-59.22768	-1.03842	-0.01037	0.43863	-1.87045	0.16629	0.99944	0.03264	-0.00766	-0.03264	0.99947	-0.00018	0.00765	0.00043	0.99997	
51	0.25500	23.30324	-3.34799	0.37730	0.51656	0.01835	-0.14752	1.14863	1.00000	0.00257	-0.00032	-0.00257	0.99996	0.00902	0.00034	-0.00901	0.99996		-93.22417	-59.20960	-1.06387	-0.00101	0.43838	-1.87747	0.18226	0.99943	0.03276	-0.00765	-0.03276	0.99946	-0.00002	0.00765	0.00027	0.99997	
52	0.26000	23.31069	-3.37018	0.39159	0.51126	0.01886	-0.15121	1.12929	1.00000	0.00264	-0.00033	-0.00264	0.99996	0.00892	0.00035	-0.00892	0.99996		-93.19018	-59.21516	-1.07695	0.00747	0.43580	-1.87977	0.18011	0.99943	0.03280	-0.00761	-0.03280	0.99946	0.00013	0.00761	0.00012	0.99997	
53	0.26500	23.27852	-3.37580	0.36366	0.50955	0.01609	-0.14981	1.14898	1.00000	0.00261	-0.00028	-0.00261	0.99996	0.00889	0.00030	-0.00889	0.99996		-93.16576	-59.20362	-1.09848	0.01655	0.43346	-1.88126	0.18169	0.99943	0.03283	-0.00757	-0.03283	0.99946	0.00029	0.00757	-0.00004	0.99997	
54	0.27000	23.32319	-3.37452	0.36284	0.50670	0.01156	-0.15042	1.13247	1.00000	0.00263	-0.00020	-0.00262	0.99996	0.00884	0.00023	-0.00884	0.99996		-93.16621	-59.19957	-1.13230	0.02585	0.43179	-1.88218	0.17458	0.99943	0.03284	-0.00754	-0.03284	0.99946	0.00045	0.00755	-0.00020	0.99997	
55	0.27500	23.29725	-3.38309	0.35029	0.50400	0.01527	-0.15100	1.13684	1.00000	0.00264	-0.00027	-0.00263	0.99996	0.00880	0.00029	-0.00880	0.99996		-93.15294	-59.21983	-1.14486	0.03072	0.42943	-1.88433	0.18338	0.99943	0.03288	-0.00749	-0.03288	0.99946	0.00054	0.00751	-0.00029	0.99997	
56	0.28000	23.29002	-3.39468	0.34654	0.50338	0.01089	-0.15147	1.13632	1.00000	0.00264	-0.00019	-0.00264	0.99996	0.00879	0.00021	-0.00879	0.99996		-93.15446	-59.22466	-1.17388	0.03579	0.42849	-1.88178	0.18049	0.99943	0.03284	-0.00748	-0.03283	0.99946	0.00062	0.00749	-0.00038	0.99997	
57	0.28500	23.33748	-3.38625	0.35998	0.50065	0.00633	-0.14750	1.13136	1.00000	0.00257	-0.00011	-0.00257	0.99996	0.00874	0.00013	-0.00874	0.99996		-93.15429	-59.24141	-1.18214	0.04034	0.42685	-1.88245	0.20076	0.99943	0.03285	-0.00745	-0.03284	0.99946	0.00070	0.00747	-0.00046	0.99997	
58	0.29000	23.28041	-3.40818	0.35621	0.49535	0.01329	-0.14830	1.13935	1.00000	0.00259	-0.00023	-0.00259	0.99996	0.00865	0.00025	-0.00864	0.99996		-93.14662	-59.24267	-1.19868	0.04571	0.41902	-1.87997	0.17683	0.99944	0.03280	-0.00731	-0.03280	0.99946	0.00080	0.00734	-0.00056	0.99997	
59	0.29500	23.28429	-3.41645	0.34170	0.49357	0.00811	-0.15635	1.13327	1.00000	0.00273	-0.00014	-0.00273	0.99996	0.00861	0.00017	-0.00861	0.99996		-93.14581	-59.25619	-1.22397	0.05053	0.42454	-1.88251	0.18662	0.99943	0.03285	-0.00741	-0.03284	0.99946	0.00088	0.00743	-0.00064	0.99997	
60	0.30000	23.30863	-3.41448	0.34029	0.49195	0.00623	-0.14503	1.14588	1.00000	0.00253	-0.00011	-0.00253	0.99996	0.00859	0.00013	-0.00859	0.99996		-93.12722	-59.26614	-1.23239	0.05432	0.41892	-1.88459	0.18531	0.99943	0.03289	-0.00731	-0.03288	0.99946	0.00095	0.00734	-0.00071	0.99997	
61	0.30500	23.32138	-3.42887	0.31911	0.49049	-0.00186	-0.14527	1.14589	1.00000	0.00254	0.00003	-0.00254	0.99996	0.00856	-0.00001	-0.00856	0.99996		-93.12817	-59.27942	-1.26549	0.05627	0.41578	-1.87808	0.17511	0.99944	0.03277	-0.00726	-0.03277	0.99946	0.00098	0.00728	-0.00074	0.99997	
62	0.31000	23.29694	-3.45855	0.33415	0.48778	0.00125	-0.14470	1.13499	1.00000	0.00253	-0.00002	-0.00253	0.99996	0.00851	0.00004	-0.00851	0.99996		-93.14309	-59.29095	-1.27791	0.06005	0.41810	-1.88328	0.19786	0.99943	0.03286	-0.00730	-0.03286	0.99946	0.00105	0.00733	-0.00081	0.99997	
63	0.31500	23.27131	-3.44495	0.33809	0.48839	0.00368	-0.14627	1.13491	1.00000	0.00255	-0.00006	-0.00255	0.99996	0.00852	0.00009	-0.00852	0.99996		-93.12872	-59.30074	-1.29472	0.06094	0.41639	-1.87870	0.18036	0.99944	0.03278	-0.00727	-0.03278	0.99946	0.00106	0.00730	-0.00082	0.99997	
64	0.32000	23.24897	-3.44777	0.33425	0.48663	0.00328	-0.14553	1.14228	1.00000	0.00254	-0.00006	-0.00254	0.99996	0.00849	0.00008	-0.00849	0.99996		-93.09349	-59.32157	-1.30751	0.06260	0.41182	-1.88041	0.18075	0.99944	0.03281	-0.00719	-0.03281	0.99946	0.00109	0.00722	-0.00086	0.99997	
65	0.32500	23.28821	-3.46485	0.33331	0.48380	0.00066	-0.14515	1.15114	1.00000	0.00253	-0.00001	-0.00253	0.99996	0.00844	0.00003	-0.00844	0.99996		-93.10285	-59.34884	-1.32799	0.06142	0.41066	-1.88081	0.16727	0.99944	0.03282	-0.00717	-0.03281	0.99946	0.00107	0.00720	-0.00084	0.99997	
66	0.33000	23.28350	-3.46912	0.35354	0.48599	-0.00136	-0.15075	1.14970	1.00000	0.00263	0.00002	-0.00263	0.99996	0.00848	-0.00000	-0.00848	0.99996		-93.11779	-59.35953	-1.34444	0.06199	0.41105	-1.88020	0.17947	0.99944	0.03281	-0.00717	-0.03280	0.99946	0.00108	0.00721	-0.00085	0.99997	
67	0.33500	23.29575	-3.46021	0.35807	0.48630	-0.00299	-0.14693	1.13919	1.00000	0.00256	0.00005	-0.00256	0.99996	0.00849	-0.00003	-0.00849	0.99996		-93.10477	-59.39421	-1.36110	0.05858	0.41213	-1.88029	0.17628	0.99944	0.03281	-0.00719	-0.03280	0.99946	0.00102	0.00722	-0.00079	0.99997	
68	0.34000	23.29171	-3.48221	0.36483	0.48360	-0.00458	-0.14757	1.13644	1.00000	0.00258	0.00008	-0.00258	0.99996	0.00844	-0.00006	-0.00844	0.99996		-93.11760	-59.41079	-1.37737	0.05659	0.41010	-1.88177	0.18069	0.99944	0.03284	-0.00716	-0.03283	0.99946	0.00099	0.00719	-0.00075	0.99997	
69	0.34500	23.27127	-3.49404	0.37204	0.48161	-0.00392	-0.14906	1.12739	1.00000	0.00260	0.00007	-0.00260	0.99996	0.00841	-0.00005	-0.00841	0.99996		-93.12105	-59.42711	-1.38157	0.05542	0.41533	-1.88150	0.19235	0.99943	0.03283	-0.00725	-0.03283	0.99946	0.00097	0.00728	-0.00073	0.99997	
70	0.35000	23.25980	-3.49521	0.38947	0.48283	-0.00156	-0.14499	1.13994	1.00000	0.00253	0.00003	-0.00253	0.99996	0.00843	-0.00001	-0.00843	0.99996		-93.14469	-59.44344	-1.40611	0.05133	0.41601	-1.87459	0.16889	0.99944	0.03271	-0.00726	-0.03271	0.99946	0.00090	0.00729	-0.00066	0.99997	
71	0.35500	23.28973	-3.49711	0.38689	0.48343	-0.00847	-0.14780	1.14171	1.00000	0.00258	0.00015	-0.00258	0.99996	0.00844	-0.00013	-0.00844	0.99996		-93.11295	-59.47432	-1.41036	0.04658	0.41310	-1.87633	0.17054	0.99944	0.03274	-0.00721	-0.03274	0.99946	0.00081	0.00723	-0.00058	0.99997	
72	0.36000	23.26211	-3.50652	0.37775	0.48229	-0.00422	-0.14678	1.13211	1.00000	0.00256	0.00007	-0.00256	0.99996	0.00842	-0.00005	-0.00842	0.99996		-93.11620	-59.48641	-1.42691	0.04312	0.41664	-1.87954	0.18714	0.99944	0.03280	-0.00727	-0.03279	0.99946	0.00075	0.00729	-0.00051	0.99997	
73	0.36500	23.28107	-3.51121	0.42463	0.48168	-0.00760	-0.15047	1.14579	1.00000	0.00263	0.00013	-0.00263	0.99996	0.00841	-0.00011	-0.00841	0.99996		-93.12208	-59.50015	-1.43487	0.03751	0.41370	-1.88069	0.17276	0.99944	0.03282	-0.00722	-0.03281	0.99946	0.00065	0.00724	-0.00042	0.99997	
74	0.37000	23.23424	-3.51769	0.41718	0.48190	-0.00125	-0.14729	1.13713	1.00000	0.00257	0.00002	-0.00257	0.99996	0.00841	-0.00000	-0.00841	0.99996		-93.11571	-59.53137	-1.43502	0.03209	0.41919	-1.88206	0.19376	0.99943	0.03284	-0.00732	-0.03284	0.99946	0.00056	0.00733	-0.00032	0.99997	
75	0.37500	23.28915	-3.50721	0.43718	0.48707	-0.00939	-0.15120	1.12586	1.00000	0.00264	0.00016	-0.00264	0.99996	0.00850	-0.00014	-0.00850	0.99996		-93.16066	-59.54076	-1.45081	0.02736	0.42072	-1.88330	0.18999	0.99943	0.03286	-0.00734	-0.03286	0.99946	0.00048	0.00735	-0.00024	0.99997	
76	0.38000	23.25742	-3.53719	0.43970	0.48247	-0.00944	-0.14776	1.14372	1.00000	0.00258	0.00016	-0.00258	0.99996	0.00842	-0.00014	-0.00842	0.99996		-93.10632	-59.57578	-1.45913	0.01527	0.41379	-1.88214	0.18346	0.99943	0.03284	-0.00722	-0.03284	0.99946	0.00027	0.00723	-0.00003	0.99997	
77	0.38500	23.28970	-3.52912	0.46892	0.48391	-0.01216	-0.14860	1.14773	1.00000	0.00259	0.00021	-0.00260	0.99996	0.00845	-0.00019	-0.00845	0.99996		-93.13745	-59.61257	-1.46659	0.00668	0.41659	-1.88169	0.18346	0.99943	0.03283	-0.00727	-0.03283	0.99946	0.00012	0.00727	0.00012	0.99997	
78	0.39000	23.29093	-3.54346	0.46438	0.48394	-0.01328	-0.14979	1.14975	1.00000	0.00261	0.00023	-0.00262	0.99996	0.00845	-0.00021	-0.00845	0.99996		-93.14425	-59.61971	-1.47872	-0.00033	0.41682	-1.87984	0.17677	0.99944	0.03280	-0.00727	-0.03280	0.99946	-0.00001	0.00727	0.00024	0.99997	
79	0.39500	23.26694	-3.54816	0.47590	0.48269	-0.00878	-0.14597	1.15752	1.00000	0.00255	0.00015	-0.00255	0.99996	0.00842	-0.00013	-0.00842	0.99996		-93.12977	-59.66400	-1.47858	-0.01207	0.41889	-1.88496	0.19244	0.99943	0.03289	-0.00731	-0.03289	0.99946	-0.00021	0.00730	0.00045	0.99997	
80	0.40000	23.28806	-3.56036	0.48765	0.48400	-0.01533	-0.14663	1.15141	1.00000	0.00256	0.00027	-0.00256	0.99996	0.00845	-0.00025	-0.00845	0.99996		-93.11192	-59.68860	-1.49080	-0.02480	0.41881	-1.88457	0.18038	0.99943	0.03289	-0.00731	-0.03289	0.99946	-0.00043	0.00729	0.00067	0.99997	
81	0.40500	23.25660	-3.56801	0.51965	0.48494	-0.00889	-0.14802	1.14246	1.00000	0.00258	0.00016	-0.00258	0.99996	0.00846	-0.00013	-0.00846	0.99996		-93.14164	-59.70036	-1.49016	-0.03473	0.42479	-1.88177	0.19200	0.99943	0.03284	-0.00741	-0.03284	0.99946	-0.00061	0.00739	0.00085	0.99997	
82	0.41000	23.26424	-3.58378	0.52354	0.48502	-0.01204	-0.14752	1.14684	1.00000	0.00257	0.00021	-0.00258	0.99996	0.00847	-0.00019	-0.00847	0.99996		-93.13389	-59.73977	-1.48510	-0.04710	0.42157	-1.88047	0.18928	0.99943	0.03281	-0.00736	-0.03282	0.99946	-0.00082	0.00733	0.00106	0.99997	
83	0.41500	23.21640	-3.55290	0.55782	0.49260	-0.01109	-0.15836	1.13700	1.00000	0.00276	0.00019	-0.00277	0.99996	0.00860	-0.00017	-0.00860	0.99996		-93.13258	-59.77840	-1.49287	-0.06215	0.42267	-1.87851	0.17753	0.99944	0.03278	-0.00738	-0.03279	0.99946	-0.00108	0.00734	0.00133	0.99997	
84	0.42000	23.23587	-3.56098	0.55988	0.49319	-0.01301	-0.15454	1.13674	1.00000	0.00270	0.00023	-0.00270	0.99996	0.00861	-0.00020	-0.00861	0.99996		-93.12785	-59.80338	-1.49631	-0.07611	0.42348	-1.87995	0.18808	0.99943	0.03280	-0.00739	-0.03282	0.99946	-0.00133	0.00734	0.00157	0.99997	
85	0.42500	23.22735	-3.56251	0.58238	0.49455	-0.01229	-0.15898	1.13969	1.00000	0.00277	0.00021	-0.00278	0.99996	0.00863	-0.00019	-0.00863	0.99996		-93.12965	-59.86752	-1.47835	-0.09620	0.42288	-1.87435	0.17971	0.99944	0.03271	-0.00738	-0.03272	0.99946	-0.00168	0.00732	0.00192	0.99997	
86	0.43000	23.18983	-3.56713	0.62946	0.49447	-0.00311	-0.15662	1.12923	1.00000	0.00273	0.00005	-0.00273	0.99996	0.00863	-0.00003	-0.00863	0.99996		-93.13642	-59.89586	-1.47772	-0.10880	0.42594	-1.87466	0.18292	0.99944	0.03271	-0.00743	-0.03273	0.99946	-0.00190	0.00737	0.00214	0.99997	
87	0.43500	23.23189	-3.57668	0.62008	0.49612	-0.01314	-0.15921	1.13196	1.00000	0.00278	0.00023	-0.00278	0.99996	0.00866	-0.00021	-0.00866	0.99996		-93.13750	-59.91710	-1.48113	-0.12605	0.42879	-1.87350	0.19001	0.99944	0.03269	-0.00748	-0.03271	0.99946	-0.00220	0.00741	0.00244	0.99997	
88	0.44000	23.20613	-3.58028	0.63594	0.49779	-0.01185	-0.15716	1.14410	1.00000	0.00274	0.00021	-0.00274	0.99996	0.00869	-0.00018	-0.00869	0.99996		-93.12627	-59.95241	-1.47642	-0.14121	0.43030	-1.87290	0.17763	0.99944	0.03268	-0.00751	-0.03270	0.99946	-0.00246	0.00743	0.00271	0.99997	
89	0.44500	23.21011	-3.58294	0.66609	0.49777	-0.00958	-0.15925	1.13317	1.00000	0.00278	0.00017	-0.00278	0.99996	0.00869	-0.00014	-0.00869	0.99996		-93.14701	-60.00117	-1.47495	-0.15963	0.43454	-1.86864	0.19779	0.99944	0.03261	-0.00758	-0.03263	0.99946	-0.00279	0.00749	0.00303	0.99997	
90	0.45000	23.21033	-3.59194	0.65981	0.49667	-0.00874	-0.15511	1.12640	1.00000	0.00271	0.00015	-0.00271	0.99996	0.00867	-0.00013	-0.00867	0.99996		-93.15395	-60.03844	-1.47808	-0.17967	0.43633	-1.86848	0.19042	0.99944	0.03260	-0.00762	-0.03263	0.99946	-0.00314	0.00751	0.00338	0.99997	
91	0.45500	23.21086	-3.58455	0.69721	0.49925	-0.00278	-0.15828	1.13122	1.00000	0.00276	0.00005	-0.00276	0.99996	0.00871	-0.00002	-0.00871	0.99996		-93.14652	-60.07123	-1.46467	-0.19839	0.43950	-1.86677	0.17985	0.99944	0.03257	-0.00767	-0.03260	0.99946	-0.00346	0.00755	0.00371	0.99996	
92	0.46000	23.20543	-3.60292	0.69800	0.49760	-0.00216	-0.15642	1.13208	1.00000	0.00273	0.00004	-0.00273	0.99996	0.00868	-0.00001	-0.00868	0.99996		-93.10833	-60.11185	-1.46822	-0.21699	0.43511	-1.86878	0.18081	0.99944	0.03261	-0.00759	-0.03264	0.99946	-0.00379	0.00747	0.00403	0.99996	
93	0.46500	23.21980	-3.59357	0.72812	0.50079	-0.00535	-0.16180	1.13865	1.00000	0.00282	0.00009	-0.00282	0.99996	0.00874	-0.00007	-0.00874	0.99996		-93.12193	-60.12810	-1.45903	-0.23301	0.44102	-1.86978	0.19887	0.99944	0.03263	-0.00770	-0.03266	0.99946	-0.00407	0.00756	0.00432	0.99996	
94	0.47000	23.21953	-3.60291	0.73471	0.50089	-0.00181	-0.16099	1.12410	1.00000	0.00281	0.00003	-0.00281	0.99996	0.00874	-0.00001	-0.00874	0.99996		-93.11444	-60.18254	-1.45813	-0.25451	0.44384	-1.87221	0.18368	0.99944	0.03267	-0.00775	-0.03270	0.99946	-0.00444	0.00760	0.00469	0.99996	
95	0.47500	23.22125	-3.59846	0.74054	0.50292	-0.00470	-0.15851	1.12158	1.00000	0.00277	0.00008	-0.00277	0.99996	0.00878	-0.00006	-0.00878	0.99996		-93.11885	-60.20224	-1.45297	-0.27344	0.44794	-1.86912	0.19600	0.99944	0.03262	-0.00782	-0.03265	0.99946	-0.00477	0.00766	0.00502	0.99996	
96	0.48000	23.21824	-3.61157	0.74168	0.50130	-0.00543	-0.15908	1.11938	1.00000	0.00278	0.00009	-0.00278	0.99996	0.00875	-0.00007	-0.00875	0.99996		-93.10535	-60.23319	-1.44804	-0.29258	0.45229	-1.87020	0.18900	0.99944	0.03263	-0.00789	-0.03268	0.99945	-0.00511	0.00772	0.00536	0.99996	
97	0.48500	23.21403	-3.60681	0.76843	0.50344	-0.00401	-0.15558	1.14185	1.00000	0.00272	0.00007	-0.00272	0.99996	0.00879	-0.00005	-0.00879	0.99996		-93.13514	-60.27723	-1.42522	-0.31649	0.45528	-1.86846	0.18570	0.99944	0.03260	-0.00795	-0.03265	0.99945	-0.00552	0.00776	0.00578	0.99995	
98	0.49000	23.21494	-3.60585	0.78022	0.50369	-0.00010	-0.15826	1.13422	1.00000	0.00276	0.00000	-0.00276	0.99996	0.00879	0.00002	-0.00879	0.99996		-93.09627	-60.31209	-1.41584	-0.33874	0.45423	-1.86826	0.19672	0.99944	0.03260	-0.00793	-0.03265	0.99945	-0.00591	0.00773	0.00617	0.99995	
99	0.49500	23.26523	-3.63936	0.80038	0.50154	-0.00484	-0.15607	1.13516	1.00000	0.00272	0.00008	-0.00272	0.99996	0.00875	-0.00006	-0.00875	0.99996		-93.10716	-60.34534	-1.40198	-0.35782	0.45696	-1.87131	0.20124	0.99943	0.03265	-0.00798	-0.03270	0.99945	-0.00624	0.00777	0.00650	0.99995	
100	0.50000	23.25004	-3.60553	0.81990	0.50682	-0.00178	-0.15889	1.13723	1.00000	0.00277	0.00003	-0.00277	0.99996	0.00885	-0.00001	-0.00885	0.99996		-93.08570	-60.38239	-1.39698	-0.37718	0.46171	-1.86947	0.19358	0.99944	0.03262	-0.00806	-0.03267	0.99944	-0.00658	0.00784	0.00684	0.99995	
101	0.50500	23.26283	-3.61169	0.81342	0.50745	-0.00509	-0.15476	1.13175	1.00000	0.00270	0.00009	-0.00270	0.99996	0.00886	-0.00006	-0.00886	0.99996		-93.09363	-60.39494	-1.38778	-0.39363	0.46392	-1.87055	0.18779	0.99943	0.03264	-0.00810	-0.03270	0.99944	-0.00687	0.00787	0.00713	0.99994	
102	0.51000	23.26505	-3.63277	0.84272	0.50578	-0.00252	-0.15540	1.12443	1.00000	0.00271	0.00004	-0.00271	0.99996	0.00883	-0.00002	-0.00883	0.99996		-93.09780	-60.42250	-1.39872	-0.41350	0.46546	-1.86936	0.19757	0.99943	0.03262	-0.00812	-0.03268	0.99944	-0.00722	0.00788	0.00748	0.99994	
103	0.51500	23.28094	-3.61801	0.83838	0.50902	-0.00109	-0.15047	1.14302	1.00000	0.00263	0.00002	-0.00263	0.99996	0.00888	0.00000	-0.00888	0.99996		-93.07584	-60.43534	-1.37712	-0.43064	0.46821	-1.86883	0.19934	0.99943	0.03261	-0.00817	-0.03267	0.99944	-0.00752	0.00792	0.00778	0.99994	
104	0.52000	23.25761	-3.62667	0.86312	0.50620	0.00324	-0.15511	1.14223	1.00000	0.00271	-0.00006	-0.00271	0.99996	0.00883	0.00008	-0.00883	0.99996		-93.09309	-60.46704	-1.36700	-0.45067	0.47014	-1.86436	0.19073	0.99944	0.03253	-0.00821	-0.03260	0.99944	-0.00787	0.00794	0.00813	0.99994	
105	0.52500	23.24534	-3.61662	0.87726	0.51025	0.00585	-0.15414	1.14294	1.00000	0.00269	-0.00010	-0.00269	0.99996	0.00891	0.00013	-0.00891	0.99996		-93.08869	-60.48625	-1.36186	-0.46833	0.47422	-1.86113	0.18828	0.99944	0.03248	-0.00828	-0.03254	0.99944	-0.00817	0.00801	0.00844	0.99993	
106	0.53000	23.28271	-3.63064	0.88036	0.50776	0.00794	-0.15599	1.13920	1.00000	0.00272	-0.00014	-0.00272	0.99996	0.00886	0.00016	-0.00886	0.99996		-93.05980	-60.50398	-1.34836	-0.48778	0.47329	-1.86581	0.19307	0.99944	0.03256	-0.00826	-0.03263	0.99943	-0.00851	0.00798	0.00878	0.99993	
107	0.53500	23.29982	-3.63104	0.88887	0.50942	0.00213	-0.15661	1.14818	1.00000	0.00273	-0.00004	-0.00273	0.99996	0.00889	0.00006	-0.00889	0.99996		-93.04294	-60.53695	-1.34663	-0.50627	0.46686	-1.86031	0.17880	0.99944	0.03246	-0.00815	-0.03253	0.99943	-0.00884	0.00786	0.00910	0.99993	
108	0.54000	23.30158	-3.62269	0.89735	0.51157	0.00071	-0.15548	1.14403	1.00000	0.00271	-0.00001	-0.00271	0.99996	0.00893	0.00004	-0.00893	0.99996		-93.06650	-60.57546	-1.31984	-0.52729	0.47512	-1.85955	0.19582	0.99944	0.03245	-0.00829	-0.03252	0.99943	-0.00920	0.00799	0.00947	0.99992	
109	0.54500	23.29511	-3.62116	0.91450	0.50884	0.00850	-0.15168	1.13746	1.00000	0.00265	-0.00015	-0.00265	0.99996	0.00888	0.00017	-0.00888	0.99996		-93.06245	-60.61944	-1.30991	-0.54774	0.47653	-1.85884	0.18589	0.99944	0.03244	-0.00832	-0.03252	0.99943	-0.00956	0.00800	0.00982	0.99992	
110	0.55000	23.30805	-3.64551	0.92585	0.51011	0.00742	-0.15426	1.14951	1.00000	0.00269	-0.00013	-0.00269	0.99996	0.00890	0.00015	-0.00890	0.99996		-93.03812	-60.64688	-1.30008	-0.56658	0.47370	-1.85387	0.18022	0.99944	0.03235	-0.00827	-0.03243	0.99943	-0.00989	0.00794	0.01015	0.99992	
111	0.55500	23.27412	-3.63698	0.92975	0.50924	0.01532	-0.15575	1.13635	1.00000	0.00272	-0.00027	-0.00272	0.99996	0.00889	0.00029	-0.00889	0.99996		-93.02389	-60.65119	-1.28272	-0.58168	0.47819	-1.85577	0.19600	0.99944	0.03238	-0.00835	-0.03247	0.99942	-0.01015	0.00801	0.01042	0.99991	
112	0.56000	23.30994	-3.63036	0.94358	0.51013	0.01195	-0.15599	1.14004	1.00000	0.00272	-0.00021	-0.00272	0.99996	0.00890	0.00023	-0.00890	0.99996		-93.02064	-60.68635	-1.26836	-0.60221	0.48011	-1.85206	0.18638	0.99944	0.03232	-0.00838	-0.03241	0.99942	-0.01051	0.00803	0.01078	0.99991	
113	0.56500	23.27458	-3.64252	0.96096	0.50953	0.01877	-0.15186	1.13427	1.00000	0.00265	-0.00033	-0.00265	0.99996	0.00889	0.00035	-0.00889	0.99996		-92.99170	-60.71569	-1.25929	-0.61690	0.48006	-1.85268	0.18894	0.99944	0.03233	-0.00838	-0.03242	0.99942	-0.01077	0.00803	0.01103	0.99991	
114	0.57000	23.32231	-3.63860	0.95473	0.51260	0.01207	-0.15249	1.15830	1.00000	0.00266	-0.00021	-0.00266	0.99996	0.00895	0.00023	-0.00895	0.99996		-92.99363	-60.72293	-1.24185	-0.62968	0.48536	-1.85672	0.18881	0.99944	0.03240	-0.00847	-0.03249	0.99941	-0.01099	0.00811	0.01126	0.99990	
115	0.57500	23.32535	-3.63141	0.96332	0.51151	0.01912	-0.15399	1.15761	1.00000	0.00269	-0.00033	-0.00268	0.99996	0.00893	0.00036	-0.00893	0.99996		-93.01726	-60.73904	-1.23594	-0.64604	0.48877	-1.85463	0.19162	0.99944	0.03236	-0.00853	-0.03246	0.99941	-0.01127	0.00816	0.01155	0.99990	
116	0.58000	23.35897	-3.62951	0.97078	0.51169	0.01560	-0.15399	1.15164	1.00000	0.00269	-0.00027	-0.00269	0.99996	0.00893	0.00030	-0.00893	0.99996		-93.00343	-60.75591	-1.21415	-0.66116	0.49033	-1.85463	0.18797	0.99944	0.03236	-0.00856	-0.03246	0.99941	-0.01154	0.00818	0.01181	0.99990	
117	0.58500	23.33641	-3.64263	0.97133	0.51067	0.01761	-0.15327	1.15567	1.00000	0.00267	-0.00031	-0.00267	0.99996	0.00891	0.00033	-0.00891	0.99996		-93.00453	-60.77111	-1.20079	-0.67374	0.49492	-1.85301	0.17832	0.99944	0.03233	-0.00864	-0.03243	0.99940	-0.01176	0.00825	0.01203	0.99989	
118	0.59000	23.34732	-3.62759	1.00184	0.51253	0.01739	-0.15416	1.15359	1.00000	0.00269	-0.00030	-0.00269	0.99996	0.00895	0.00033	-0.00894	0.99996		-92.95610	-60.81423	-1.17035	-0.68968	0.49011	-1.85321	0.18838	0.99944	0.03234	-0.00855	-0.03244	0.99940	-0.01204	0.00816	0.01231	0.99989	
119	0.59500	23.33758	-3.63266	0.99092	0.51349	0.01448	-0.15777	1.14842	1.00000	0.00275	-0.00025	-0.00275	0.99996	0.00896	0.00028	-0.00896	0.99996		-92.94368	-60.80475	-1.16150	-0.70073	0.49244	-1.85552	0.19315	0.99944	0.03238	-0.00859	-0.03248	0.99940	-0.01223	0.00819	0.01250	0.99989	
120	0.60000	23.38883	-3.62644	0.99606	0.51413	0.01688	-0.15427	1.14963	1.00000	0.00269	-0.00029	-0.00269	0.99996	0.00897	0.00032	-0.00897	0.99996		-92.94593	-60.81760	-1.14405	-0.71071	0.49687	-1.85633	0.20117	0.99944	0.03239	-0.00867	-0.03250	0.99939	-0.01240	0.00826	0.01268	0.99989	
121	0.60500	23.36365	-3.63658	1.00749	0.51325	0.02029	-0.15387	1.15579	1.00000	0.00269	-0.00035	-0.00268	0.99996	0.00896	0.00038	-0.00896	0.99996		-92.95593	-60.80558	-1.13509	-0.71946	0.49909	-1.85626	0.19314	0.99944	0.03239	-0.00871	-0.03250	0.99939	-0.01256	0.00830	0.01283	0.99988	
122	0.61000	23.39565	-3.63073	0.99452	0.51304	0.01579	-0.15399	1.14096	1.00000	0.00269	-0.00028	-0.00269	0.99996	0.00895	0.00030	-0.00895	0.99996		-92.96977	-60.82352	-1.12150	-0.72892	0.50102	-1.85421	0.18728	0.99944	0.03236	-0.00874	-0.03247	0.99939	-0.01272	0.00833	0.01300	0.99988	
123	0.61500	23.40770	-3.63669	0.98877	0.51305	0.01468	-0.15396	1.15265	1.00000	0.00269	-0.00026	-0.00268	0.99996	0.00895	0.00028	-0.00895	0.99996		-92.95675	-60.82733	-1.10450	-0.73482	0.50155	-1.85695	0.18882	0.99944	0.03240	-0.00875	-0.03251	0.99939	-0.01282	0.00833	0.01310	0.99988	
124	0.62000	23.38003	-3.64109	1.00078	0.51047	0.02181	-0.14966	1.15474	1.00000	0.00261	-0.00038	-0.00261	0.99996	0.00891	0.00040	-0.00891	0.99996		-92.96767	-60.82750	-1.09581	-0.74178	0.50790	-1.85834	0.19281	0.99943	0.03243	-0.00886	-0.03254	0.99939	-0.01295	0.00844	0.01323	0.99988	
125	0.62500	23.41511	-3.62445	1.00851	0.51489	0.01429	-0.15424	1.14998	1.00000	0.00269	-0.00025	-0.00269	0.99996	0.00899	0.00027	-0.00899	0.99996		-92.94458	-60.84124	-1.08234	-0.75055	0.50129	-1.85510	0.18279	0.99944	0.03237	-0.00875	-0.03248	0.99939	-0.01310	0.00832	0.01338	0.99988	
126	0.63000	23.41323	-3.64041	1.00408	0.51422	0.01692	-0.15247	1.15439	1.00000	0.00266	-0.00030	-0.00266	0.99996	0.00897	0.00032	-0.00897	0.99996		-92.92890	-60.84036	-1.07844	-0.75292	0.50543	-1.85579	0.18560	0.99944	0.03238	-0.00882	-0.03250	0.99939	-0.01314	0.00839	0.01342	0.99987	
127	0.63500	23.41629	-3.63260	0.99174	0.51404	0.01836	-0.15073	1.14913	1.00000	0.00263	-0.00032	-0.00263	0.99996	0.00897	0.00034	-0.00897	0.99996		-92.93006	-60.82420	-1.06994	-0.75456	0.50445	-1.85939	0.19018	0.99943	0.03245	-0.00880	-0.03256	0.99938	-0.01317	0.00837	0.01345	0.99987	
128	0.64000	23.43686	-3.62922	1.00858	0.51591	0.01636	-0.15291	1.15671	1.00000	0.00267	-0.00029	-0.00267	0.99996	0.00900	0.00031	-0.00900	0.99996		-92.95917	-60.81411	-1.06503	-0.75792	0.50506	-1.85710	0.18200	0.99944	0.03241	-0.00881	-0.03252	0.99938	-0.01323	0.00838	0.01351	0.99987	
129	0.64500	23.46919	-3.62564	1.01068	0.51919	0.01151	-0.14927	1.14549	1.00000	0.00261	-0.00020	-0.00260	0.99996	0.00906	0.00022	-0.00906	0.99996		-92.90168	-60.81784	-1.04473	-0.75828	0.50148	-1.86218	0.19037	0.99943	0.03249	-0.00875	-0.03261	0.99938	-0.01323	0.00832	0.01351	0.99987	
130	0.65000	23.46429	-3.63518	1.01165	0.51691	0.01701	-0.15188	1.15134	1.00000	0.00265	-0.00030	-0.00265	0.99996	0.00902	0.00032	-0.00902	0.99996		-92.91092	-60.82132	-1.03207	-0.75909	0.50358	-1.86066	0.19785	0.99943	0.03247	-0.00879	-0.03258	0.99938	-0.01325	0.00835	0.01353	0.99987	
131	0.65500	23.44979	-3.63891	1.02198	0.51611	0.02071	-0.15416	1.13599	1.00000	0.00269	-0.00036	-0.00269	0.99996	0.00901	0.00039	-0.00901	0.99996		-92.89114	-60.81193	-1.01950	-0.75920	0.49924	-1.85543	0.18511	0.99944	0.03238	-0.00871	-0.03249	0.99938	-0.01325	0.00828	0.01353	0.99987	
132	0.66000	23.46969	-3.63534	1.00189	0.52013	0.01542	-0.15547	1.13747	1.00000	0.00271	-0.00027	-0.00271	0.99996	0.00908	0.00029	-0.00908	0.99996		-92.89097	-60.79102	-1.00729	-0.75567	0.49711	-1.85886	0.19387	0.99944	0.03244	-0.00868	-0.03255	0.99938	-0.01319	0.00824	0.01346	0.99988	
133	0.66500	23.44043	-3.64634	0.99878	0.51608	0.01663	-0.15223	1.13507	1.00000	0.00266	-0.00029	-0.00265	0.99996	0.00901	0.00031	-0.00901	0.99996		-92.86236	-60.78223	-0.98716	-0.75225	0.49733	-1.85614	0.18173	0.99944	0.03239	-0.00868	-0.03250	0.99939	-0.01313	0.00825	0.01340	0.99988	
134	0.67000	23.50217	-3.65401	1.00422	0.51808	0.00964	-0.15632	1.13910	1.00000	0.00273	-0.00017	-0.00273	0.99996	0.00904	0.00019	-0.00904	0.99996		-92.86326	-60.76741	-0.97462	-0.74924	0.49291	-1.86109	0.19239	0.99944	0.03248	-0.00860	-0.03259	0.99938	-0.01308	0.00817	0.01335	0.99988	
135	0.67500	23.50000	-3.63038	1.00076	0.51943	0.01095	-0.15358	1.12269	1.00000	0.00268	-0.00019	-0.00268	0.99996	0.00907	0.00022	-0.00907	0.99996		-92.86161	-60.74542	-0.96274	-0.74136	0.48953	-1.86404	0.19937	0.99943	0.03253	-0.00854	-0.03264	0.99938	-0.01294	0.00812	0.01321	0.99988	
136	0.68000	23.49127	-3.64566	0.98789	0.51903	0.01140	-0.15072	1.13487	1.00000	0.00263	-0.00020	-0.00263	0.99996	0.00906	0.00022	-0.00906	0.99996		-92.82748	-60.75299	-0.95487	-0.73884	0.48540	-1.85952	0.19333	0.99944	0.03245	-0.00847	-0.03256	0.99939	-0.01289	0.00805	0.01316	0.99988	
137	0.68500	23.51180	-3.64965	0.96868	0.52056	0.00792	-0.15483	1.12000	1.00000	0.00270	-0.00014	-0.00270	0.99996	0.00909	0.00016	-0.00908	0.99996		-92.82076	-60.73887	-0.93452	-0.73283	0.48088	-1.85861	0.17665	0.99944	0.03243	-0.00839	-0.03254	0.99939	-0.01279	0.00797	0.01306	0.99988	
138	0.69000	23.50449	-3.64162	0.99679	0.52328	0.00804	-0.15526	1.12407	1.00000	0.00271	-0.00014	-0.00271	0.99995	0.00913	0.00017	-0.00913	0.99996		-92.77474	-60.70716	-0.91892	-0.72347	0.47441	-1.86119	0.18370	0.99944	0.03248	-0.00828	-0.03258	0.99939	-0.01263	0.00786	0.01289	0.99989	
