NO_OF_FRAMES	12036
NO_OF_CAMERAS	8
NO_OF_BODIES	2
FREQUENCY	200
NO_OF_ANALOG	0
ANALOG_FREQUENCY	0
DESCRIPTION	--
TIME_STAMP	2013-07-02, 17:45:10	3303008.20444265
DATA_INCLUDED	6D
BODY_NAMES	Ice 1	Ice 2
Frame	Time	Ice 1 X	Y	Z	Roll	Pitch	Yaw	Residual	Rot[0]	Rot[1]	Rot[2]	Rot[3]	Rot[4]	Rot[5]	Rot[6]	Rot[7]	Rot[8]	Ice 2 X	Y	Z	Roll	Pitch	Yaw	Residual	Rot[0]	Rot[1]	Rot[2]	Rot[3]	Rot[4]	Rot[5]	Rot[6]	Rot[7]	Rot[8]	
1	0.00500	133.55829	-198.17584	-0.91926	0.59333	-0.02575	0.28826	0.89430	0.99999	-0.00503	0.00045	0.00503	0.99993	0.01036	-0.00050	-0.01035	0.99995		-81.45566	-161.64630	-0.79444	-0.30717	0.40784	-0.07888	0.22665	0.99997	0.00138	-0.00712	-0.00141	0.99998	-0.00536	0.00711	0.00537	0.99996	
2	0.01000	133.42113	-198.20702	-0.97371	0.58862	-0.01061	0.26653	0.85971	0.99999	-0.00465	0.00019	0.00465	0.99994	0.01027	-0.00023	-0.01027	0.99995		-81.44246	-161.59608	-0.79634	-0.29913	0.41510	-0.08544	0.22346	0.99997	0.00149	-0.00724	-0.00153	0.99999	-0.00522	0.00724	0.00523	0.99996	
3	0.01500	133.45714	-198.20332	-0.98205	0.59011	-0.01663	0.26922	0.86719	0.99999	-0.00470	0.00029	0.00470	0.99994	0.01030	-0.00034	-0.01030	0.99995		-81.45592	-161.57953	-0.80062	-0.29745	0.41859	-0.08302	0.23083	0.99997	0.00145	-0.00731	-0.00149	0.99999	-0.00519	0.00730	0.00520	0.99996	
4	0.02000	133.44014	-198.20104	-0.97566	0.59123	-0.01576	0.27511	0.86478	0.99999	-0.00480	0.00028	0.00480	0.99994	0.01032	-0.00032	-0.01032	0.99995		-81.46167	-161.58447	-0.80843	-0.30301	0.41595	-0.08469	0.22802	0.99997	0.00148	-0.00726	-0.00152	0.99998	-0.00529	0.00725	0.00530	0.99996	
5	0.02500	133.42690	-198.20401	-1.00030	0.59086	-0.01460	0.26775	0.86438	0.99999	-0.00467	0.00025	0.00467	0.99994	0.01031	-0.00030	-0.01031	0.99995		-81.46092	-161.58326	-0.80832	-0.30391	0.41376	-0.08547	0.22662	0.99997	0.00149	-0.00722	-0.00153	0.99998	-0.00530	0.00721	0.00531	0.99996	
6	0.03000	133.46024	-198.22014	-1.00540	0.58817	-0.02004	0.27092	0.87224	0.99999	-0.00473	0.00035	0.00472	0.99994	0.01027	-0.00040	-0.01026	0.99995		-81.45740	-161.59296	-0.80777	-0.30735	0.41067	-0.08188	0.22111	0.99997	0.00143	-0.00717	-0.00147	0.99998	-0.00536	0.00716	0.00537	0.99996	
7	0.03500	133.48040	-198.18854	-1.00865	0.59258	-0.02056	0.26921	0.87504	0.99999	-0.00470	0.00036	0.00469	0.99994	0.01034	-0.00041	-0.01034	0.99995		-81.45814	-161.59307	-0.80788	-0.30827	0.41329	-0.08299	0.22264	0.99997	0.00145	-0.00721	-0.00149	0.99998	-0.00538	0.00721	0.00539	0.99996	
8	0.04000	133.47134	-198.18785	-1.01782	0.59170	-0.02431	0.27104	0.88438	0.99999	-0.00473	0.00042	0.00473	0.99994	0.01033	-0.00047	-0.01032	0.99995		-81.45111	-161.58011	-0.80816	-0.30946	0.41244	-0.08301	0.20784	0.99997	0.00145	-0.00720	-0.00149	0.99998	-0.00540	0.00719	0.00541	0.99996	
9	0.04500	133.46237	-198.18886	-1.02645	0.59151	-0.02506	0.26800	0.88138	0.99999	-0.00468	0.00044	0.00467	0.99994	0.01032	-0.00049	-0.01032	0.99995		-81.43149	-161.58909	-0.81208	-0.31153	0.40799	-0.08233	0.21229	0.99997	0.00144	-0.00712	-0.00148	0.99998	-0.00544	0.00711	0.00545	0.99996	
10	0.05000	133.45049	-198.19079	-1.02917	0.59038	-0.02240	0.27141	0.86142	0.99999	-0.00474	0.00039	0.00473	0.99994	0.01030	-0.00044	-0.01030	0.99995		-81.44715	-161.57506	-0.81193	-0.31156	0.40990	-0.08138	0.22336	0.99997	0.00142	-0.00715	-0.00146	0.99998	-0.00544	0.00715	0.00545	0.99996	
11	0.05500	133.34038	-198.33543	-0.98976	0.58310	-0.03439	0.25315	0.85299	0.99999	-0.00442	0.00060	0.00441	0.99994	0.01018	-0.00065	-0.01017	0.99995		-81.45654	-161.56613	-0.81164	-0.31194	0.40768	-0.08236	0.21646	0.99997	0.00144	-0.00712	-0.00148	0.99998	-0.00544	0.00711	0.00545	0.99996	
12	0.06000	133.33096	-198.35648	-1.00375	0.58286	-0.03382	0.24777	0.85403	0.99999	-0.00432	0.00059	0.00432	0.99994	0.01017	-0.00063	-0.01017	0.99995		-81.43470	-161.59342	-0.80721	-0.31699	0.40480	-0.08238	0.20796	0.99997	0.00144	-0.00707	-0.00148	0.99998	-0.00553	0.00706	0.00554	0.99996	
13	0.06500	133.35849	-198.37374	-1.01229	0.58000	-0.03983	0.24617	0.84768	0.99999	-0.00430	0.00070	0.00429	0.99994	0.01012	-0.00074	-0.01012	0.99995		-81.47784	-161.58644	-0.81080	-0.31983	0.41086	-0.08305	0.22614	0.99997	0.00145	-0.00717	-0.00149	0.99998	-0.00558	0.00716	0.00559	0.99996	
14	0.07000	133.32289	-198.39516	-1.00247	0.57575	-0.03933	0.24530	0.84707	0.99999	-0.00428	0.00069	0.00427	0.99994	0.01005	-0.00073	-0.01005	0.99995		-81.47546	-161.59099	-0.81056	-0.32001	0.40779	-0.08279	0.22268	0.99997	0.00144	-0.00712	-0.00148	0.99998	-0.00559	0.00711	0.00560	0.99996	
15	0.07500	133.30689	-198.37331	-1.01031	0.57890	-0.04176	0.24934	0.85111	0.99999	-0.00435	0.00073	0.00434	0.99994	0.01010	-0.00077	-0.01010	0.99995		-81.47485	-161.56658	-0.81088	-0.31856	0.40836	-0.08120	0.22383	0.99997	0.00142	-0.00713	-0.00146	0.99998	-0.00556	0.00712	0.00557	0.99996	
16	0.08000	133.29553	-198.40030	-1.00658	0.57453	-0.03985	0.24452	0.84268	0.99999	-0.00427	0.00070	0.00426	0.99994	0.01003	-0.00074	-0.01002	0.99995		-81.45460	-161.59123	-0.82714	-0.32421	0.40364	-0.07930	0.20827	0.99997	0.00138	-0.00704	-0.00142	0.99998	-0.00566	0.00704	0.00567	0.99996	
17	0.08500	133.27012	-198.39557	-1.01130	0.57474	-0.04247	0.24154	0.83039	0.99999	-0.00422	0.00074	0.00421	0.99994	0.01003	-0.00078	-0.01003	0.99995		-81.47065	-161.57497	-0.81864	-0.32380	0.40553	-0.07948	0.21982	0.99997	0.00139	-0.00708	-0.00143	0.99998	-0.00565	0.00707	0.00566	0.99996	
18	0.09000	133.26370	-198.41391	-1.00379	0.57119	-0.04006	0.24746	0.84775	0.99999	-0.00432	0.00070	0.00431	0.99994	0.00997	-0.00074	-0.00997	0.99995		-81.43955	-161.58569	-0.81880	-0.32496	0.40068	-0.08459	0.22018	0.99997	0.00148	-0.00699	-0.00152	0.99998	-0.00567	0.00698	0.00568	0.99996	
19	0.09500	133.26879	-198.40756	-1.02096	0.56951	-0.04466	0.24122	0.83067	0.99999	-0.00421	0.00078	0.00420	0.99994	0.00994	-0.00082	-0.00994	0.99995		-81.45743	-161.57697	-0.81026	-0.32415	0.40275	-0.08387	0.23138	0.99997	0.00146	-0.00703	-0.00150	0.99998	-0.00566	0.00702	0.00567	0.99996	
20	0.10000	133.23874	-198.42211	-1.02836	0.56557	-0.03884	0.24712	0.83440	0.99999	-0.00431	0.00068	0.00431	0.99994	0.00987	-0.00072	-0.00987	0.99995		-81.46011	-161.58467	-0.82627	-0.32843	0.39882	-0.07651	0.21230	0.99997	0.00134	-0.00696	-0.00138	0.99998	-0.00573	0.00695	0.00574	0.99996	
21	0.10500	133.25888	-198.42405	-1.02473	0.56721	-0.04798	0.24180	0.84010	0.99999	-0.00422	0.00084	0.00421	0.99994	0.00990	-0.00088	-0.00990	0.99995		-81.46554	-161.55809	-0.82264	-0.32437	0.40058	-0.08286	0.21605	0.99997	0.00145	-0.00699	-0.00149	0.99998	-0.00566	0.00698	0.00567	0.99996	
22	0.11000	133.26393	-198.40301	-1.02637	0.56796	-0.05127	0.24565	0.83693	0.99999	-0.00429	0.00089	0.00428	0.99994	0.00991	-0.00094	-0.00991	0.99995		-81.46381	-161.57289	-0.82267	-0.32650	0.40234	-0.08437	0.22509	0.99997	0.00147	-0.00702	-0.00151	0.99998	-0.00570	0.00701	0.00571	0.99996	
23	0.11500	133.25573	-198.42904	-1.03496	0.56346	-0.04942	0.24049	0.83224	0.99999	-0.00420	0.00086	0.00419	0.99994	0.00983	-0.00090	-0.00983	0.99995		-81.44254	-161.55647	-0.81886	-0.32574	0.40028	-0.08190	0.21359	0.99997	0.00143	-0.00699	-0.00147	0.99998	-0.00569	0.00698	0.00570	0.99996	
24	0.12000	133.26418	-198.42171	-1.04497	0.56013	-0.05205	0.24513	0.84277	0.99999	-0.00428	0.00091	0.00427	0.99994	0.00978	-0.00095	-0.00977	0.99995		-81.47239	-161.56864	-0.83458	-0.32909	0.39783	-0.08474	0.21487	0.99997	0.00148	-0.00694	-0.00152	0.99998	-0.00574	0.00693	0.00575	0.99996	
25	0.12500	133.25421	-198.43307	-1.02730	0.55781	-0.05138	0.23858	0.83883	0.99999	-0.00416	0.00090	0.00416	0.99994	0.00974	-0.00094	-0.00973	0.99995		-81.46363	-161.55898	-0.82613	-0.32791	0.39828	-0.07638	0.22409	0.99997	0.00133	-0.00695	-0.00137	0.99998	-0.00572	0.00694	0.00573	0.99996	
26	0.13000	133.24594	-198.42781	-1.05731	0.55804	-0.05328	0.23250	0.83981	0.99999	-0.00406	0.00093	0.00405	0.99994	0.00974	-0.00097	-0.00974	0.99995		-81.48264	-161.55407	-0.83057	-0.32579	0.40027	-0.08152	0.22534	0.99997	0.00142	-0.00699	-0.00146	0.99998	-0.00569	0.00698	0.00570	0.99996	
27	0.13500	133.26428	-198.42826	-1.05222	0.55608	-0.05771	0.24428	0.84238	0.99999	-0.00426	0.00101	0.00425	0.99994	0.00971	-0.00105	-0.00970	0.99995		-81.48201	-161.54905	-0.82205	-0.32584	0.39795	-0.08421	0.22702	0.99997	0.00147	-0.00695	-0.00151	0.99998	-0.00569	0.00694	0.00570	0.99996	
28	0.14000	133.21180	-198.42494	-1.05003	0.55257	-0.05251	0.23929	0.84043	0.99999	-0.00418	0.00092	0.00417	0.99994	0.00964	-0.00096	-0.00964	0.99995		-81.45298	-161.54658	-0.83065	-0.32614	0.39373	-0.08308	0.22138	0.99998	0.00145	-0.00687	-0.00149	0.99998	-0.00569	0.00686	0.00570	0.99996	
29	0.14500	133.22726	-198.44024	-1.05827	0.54992	-0.05676	0.24039	0.82700	0.99999	-0.00420	0.00099	0.00419	0.99995	0.00960	-0.00103	-0.00959	0.99995		-81.46264	-161.52943	-0.81853	-0.32521	0.39897	-0.08471	0.22077	0.99997	0.00148	-0.00696	-0.00152	0.99998	-0.00568	0.00695	0.00569	0.99996	
30	0.15000	133.21663	-198.43810	-1.05602	0.54834	-0.05454	0.23919	0.82164	0.99999	-0.00417	0.00095	0.00417	0.99995	0.00957	-0.00099	-0.00957	0.99995		-81.49048	-161.53761	-0.83440	-0.32565	0.39557	-0.08229	0.21453	0.99998	0.00144	-0.00690	-0.00148	0.99998	-0.00568	0.00690	0.00569	0.99996	
31	0.15500	133.22531	-198.43082	-1.05645	0.54805	-0.05879	0.23382	0.83473	0.99999	-0.00408	0.00103	0.00407	0.99995	0.00957	-0.00107	-0.00956	0.99995		-81.45723	-161.53918	-0.82648	-0.32658	0.39508	-0.08145	0.21697	0.99998	0.00142	-0.00690	-0.00146	0.99998	-0.00570	0.00689	0.00571	0.99996	
32	0.16000	133.18002	-198.43936	-1.05305	0.54429	-0.05409	0.23711	0.82607	0.99999	-0.00414	0.00094	0.00413	0.99995	0.00950	-0.00098	-0.00950	0.99995		-81.46110	-161.52032	-0.82633	-0.32462	0.39191	-0.08313	0.22961	0.99998	0.00145	-0.00684	-0.00149	0.99998	-0.00567	0.00683	0.00568	0.99996	
33	0.16500	133.17483	-198.43311	-1.05839	0.54250	-0.05364	0.23210	0.83216	0.99999	-0.00405	0.00094	0.00404	0.99995	0.00947	-0.00097	-0.00946	0.99995		-81.47475	-161.51853	-0.82653	-0.32304	0.39700	-0.08112	0.22761	0.99998	0.00142	-0.00693	-0.00145	0.99998	-0.00564	0.00692	0.00565	0.99996	
34	0.17000	133.23191	-198.43548	-1.05873	0.54129	-0.06121	0.23266	0.83179	0.99999	-0.00406	0.00107	0.00405	0.99995	0.00945	-0.00111	-0.00944	0.99995		-81.46718	-161.52119	-0.82225	-0.32284	0.39265	-0.08013	0.20343	0.99998	0.00140	-0.00685	-0.00144	0.99998	-0.00563	0.00685	0.00564	0.99996	
35	0.17500	133.19639	-198.43366	-1.07068	0.53865	-0.06031	0.23576	0.82959	0.99999	-0.00411	0.00105	0.00410	0.99995	0.00940	-0.00109	-0.00940	0.99996		-81.49178	-161.51680	-0.82206	-0.32179	0.39846	-0.08215	0.23606	0.99997	0.00143	-0.00695	-0.00147	0.99998	-0.00562	0.00695	0.00563	0.99996	
36	0.18000	133.17917	-198.45149	-1.05550	0.53611	-0.05819	0.23529	0.82536	0.99999	-0.00411	0.00102	0.00410	0.99995	0.00936	-0.00105	-0.00935	0.99996		-81.48289	-161.50779	-0.82649	-0.32091	0.39427	-0.08114	0.21696	0.99998	0.00142	-0.00688	-0.00145	0.99998	-0.00560	0.00687	0.00561	0.99996	
37	0.18500	133.17139	-198.45210	-1.05973	0.53226	-0.05885	0.23876	0.82556	0.99999	-0.00417	0.00103	0.00416	0.99995	0.00929	-0.00107	-0.00929	0.99996		-81.49971	-161.50619	-0.82624	-0.31967	0.39564	-0.08214	0.22589	0.99998	0.00143	-0.00691	-0.00147	0.99998	-0.00558	0.00690	0.00559	0.99996	
38	0.19000	133.21579	-198.43494	-1.08237	0.53267	-0.06626	0.23727	0.84466	0.99999	-0.00414	0.00116	0.00413	0.99995	0.00930	-0.00119	-0.00929	0.99996		-81.46390	-161.49295	-0.83078	-0.31753	0.38986	-0.08127	0.21831	0.99998	0.00142	-0.00680	-0.00146	0.99998	-0.00554	0.00680	0.00555	0.99996	
39	0.19500	133.14084	-198.44237	-1.06418	0.52925	-0.05885	0.24041	0.83279	0.99999	-0.00420	0.00103	0.00419	0.99995	0.00924	-0.00107	-0.00923	0.99996		-81.48924	-161.49388	-0.82252	-0.31779	0.39564	-0.08012	0.21188	0.99998	0.00140	-0.00691	-0.00144	0.99998	-0.00555	0.00690	0.00556	0.99996	
40	0.20000	133.17217	-198.45794	-1.05683	0.52480	-0.06275	0.23765	0.83751	0.99999	-0.00415	0.00110	0.00414	0.99995	0.00916	-0.00113	-0.00915	0.99996		-81.47624	-161.49248	-0.81854	-0.31625	0.39484	-0.08194	0.21964	0.99998	0.00143	-0.00689	-0.00147	0.99998	-0.00552	0.00688	0.00553	0.99996	
41	0.20500	133.14892	-198.44718	-1.07152	0.52530	-0.06308	0.24135	0.83449	0.99999	-0.00421	0.00110	0.00420	0.99995	0.00917	-0.00114	-0.00916	0.99996		-81.51088	-161.48114	-0.83490	-0.31511	0.39601	-0.08140	0.22704	0.99998	0.00142	-0.00691	-0.00146	0.99998	-0.00550	0.00690	0.00551	0.99996	
42	0.21000	133.18270	-198.45265	-1.07686	0.52265	-0.06214	0.23323	0.83539	0.99999	-0.00407	0.00108	0.00406	0.99995	0.00912	-0.00112	-0.00912	0.99996		-81.48829	-161.46046	-0.82732	-0.31003	0.39572	-0.08655	0.23973	0.99998	0.00151	-0.00691	-0.00155	0.99998	-0.00541	0.00690	0.00542	0.99996	
43	0.21500	133.16167	-198.43880	-1.05710	0.52209	-0.06028	0.23678	0.82036	0.99999	-0.00413	0.00105	0.00412	0.99995	0.00911	-0.00109	-0.00911	0.99996		-81.48500	-161.46699	-0.83124	-0.31074	0.39221	-0.08279	0.21373	0.99998	0.00144	-0.00685	-0.00148	0.99998	-0.00542	0.00684	0.00543	0.99996	
44	0.22000	133.12539	-198.46552	-1.06496	0.51622	-0.05821	0.23390	0.83472	0.99999	-0.00408	0.00102	0.00407	0.99995	0.00901	-0.00105	-0.00901	0.99996		-81.48840	-161.45130	-0.82765	-0.30590	0.39518	-0.08541	0.21571	0.99998	0.00149	-0.00690	-0.00153	0.99998	-0.00534	0.00689	0.00535	0.99996	
45	0.22500	133.11548	-198.45849	-1.05547	0.51752	-0.05570	0.23328	0.81779	0.99999	-0.00407	0.00097	0.00406	0.99995	0.00903	-0.00101	-0.00903	0.99996		-81.45389	-161.46026	-0.83211	-0.30560	0.39144	-0.08161	0.21019	0.99998	0.00142	-0.00683	-0.00146	0.99998	-0.00533	0.00682	0.00534	0.99996	
46	0.23000	133.15797	-198.45727	-1.06442	0.51500	-0.06371	0.23323	0.84103	0.99999	-0.00407	0.00111	0.00406	0.99995	0.00899	-0.00115	-0.00898	0.99996		-81.47605	-161.44160	-0.82815	-0.30249	0.39462	-0.08576	0.21799	0.99998	0.00150	-0.00689	-0.00153	0.99998	-0.00528	0.00688	0.00529	0.99996	
47	0.23500	133.13688	-198.44105	-1.07431	0.51593	-0.06396	0.23816	0.84941	0.99999	-0.00416	0.00112	0.00415	0.99995	0.00900	-0.00115	-0.00900	0.99996		-81.51193	-161.44143	-0.82762	-0.30275	0.39810	-0.08519	0.22703	0.99997	0.00149	-0.00695	-0.00152	0.99998	-0.00528	0.00694	0.00529	0.99996	
48	0.24000	133.12147	-198.44144	-1.05689	0.51341	-0.06261	0.23494	0.83319	0.99999	-0.00410	0.00109	0.00409	0.99995	0.00896	-0.00113	-0.00896	0.99996		-81.50699	-161.42124	-0.82772	-0.29928	0.39509	-0.08612	0.24676	0.99998	0.00150	-0.00690	-0.00154	0.99999	-0.00522	0.00689	0.00523	0.99996	
49	0.24500	133.08956	-198.45330	-1.05946	0.51257	-0.05770	0.23213	0.83477	0.99999	-0.00405	0.00101	0.00404	0.99995	0.00895	-0.00104	-0.00894	0.99996		-81.47293	-161.41502	-0.82447	-0.29638	0.39397	-0.08686	0.22759	0.99998	0.00152	-0.00688	-0.00155	0.99999	-0.00517	0.00687	0.00518	0.99996	
50	0.25000	133.10078	-198.44823	-1.05599	0.50927	-0.05854	0.23747	0.84020	0.99999	-0.00414	0.00102	0.00414	0.99995	0.00889	-0.00106	-0.00888	0.99996		-81.49677	-161.41172	-0.81995	-0.29602	0.39458	-0.08254	0.21046	0.99998	0.00144	-0.00689	-0.00148	0.99999	-0.00517	0.00688	0.00518	0.99996	
51	0.25500	133.07701	-198.42683	-1.07593	0.51012	-0.05446	0.23567	0.83203	0.99999	-0.00411	0.00095	0.00410	0.99995	0.00890	-0.00099	-0.00890	0.99996		-81.51050	-161.41287	-0.82417	-0.29210	0.39704	-0.08580	0.22538	0.99997	0.00150	-0.00693	-0.00153	0.99999	-0.00510	0.00692	0.00511	0.99996	
52	0.26000	133.12011	-198.43883	-1.05437	0.50841	-0.05760	0.23530	0.82855	0.99999	-0.00411	0.00101	0.00410	0.99995	0.00887	-0.00104	-0.00887	0.99996		-81.50814	-161.40435	-0.82037	-0.29100	0.39918	-0.08888	0.23110	0.99997	0.00155	-0.00697	-0.00159	0.99999	-0.00508	0.00696	0.00509	0.99996	
53	0.26500	133.08772	-198.44119	-1.05567	0.50827	-0.05474	0.23508	0.84412	0.99999	-0.00410	0.00096	0.00409	0.99995	0.00887	-0.00099	-0.00887	0.99996		-81.47548	-161.37736	-0.81711	-0.28458	0.39634	-0.08600	0.21983	0.99997	0.00150	-0.00692	-0.00154	0.99999	-0.00497	0.00691	0.00498	0.99996	
54	0.27000	133.08207	-198.44104	-1.04652	0.50674	-0.05689	0.23138	0.83605	0.99999	-0.00404	0.00099	0.00403	0.99995	0.00884	-0.00103	-0.00884	0.99996		-81.49720	-161.37667	-0.81706	-0.28359	0.39866	-0.08358	0.20908	0.99997	0.00146	-0.00696	-0.00149	0.99999	-0.00495	0.00695	0.00496	0.99996	
55	0.27500	133.04553	-198.43857	-1.05371	0.50524	-0.05072	0.23510	0.82744	0.99999	-0.00410	0.00089	0.00410	0.99995	0.00882	-0.00092	-0.00881	0.99996		-81.49860	-161.37225	-0.81731	-0.28137	0.40109	-0.08420	0.21221	0.99997	0.00147	-0.00700	-0.00150	0.99999	-0.00491	0.00699	0.00492	0.99996	
56	0.28000	133.05997	-198.44344	-1.05823	0.50451	-0.05529	0.22745	0.82481	0.99999	-0.00397	0.00096	0.00396	0.99995	0.00881	-0.00100	-0.00880	0.99996		-81.49656	-161.36630	-0.81752	-0.27993	0.40084	-0.08906	0.22225	0.99997	0.00155	-0.00700	-0.00159	0.99999	-0.00489	0.00699	0.00490	0.99996	
57	0.28500	133.04787	-198.43163	-1.05043	0.50407	-0.05049	0.23427	0.83782	0.99999	-0.00409	0.00088	0.00408	0.99995	0.00880	-0.00092	-0.00879	0.99996		-81.50232	-161.35926	-0.81768	-0.27618	0.40190	-0.08747	0.23753	0.99997	0.00153	-0.00701	-0.00156	0.99999	-0.00482	0.00701	0.00483	0.99996	
58	0.29000	133.05188	-198.43880	-1.04235	0.50361	-0.05144	0.22987	0.83226	0.99999	-0.00401	0.00090	0.00400	0.99995	0.00879	-0.00093	-0.00879	0.99996		-81.50112	-161.34912	-0.80954	-0.27478	0.40413	-0.08786	0.23908	0.99997	0.00153	-0.00705	-0.00157	0.99999	-0.00480	0.00705	0.00481	0.99996	
59	0.29500	133.05512	-198.43564	-1.03232	0.50273	-0.05121	0.23429	0.84670	0.99999	-0.00409	0.00089	0.00408	0.99995	0.00877	-0.00093	-0.00877	0.99996		-81.51235	-161.34239	-0.82199	-0.27153	0.40150	-0.08537	0.22639	0.99997	0.00149	-0.00701	-0.00152	0.99999	-0.00474	0.00700	0.00475	0.99996	
60	0.30000	133.05323	-198.43669	-1.03745	0.50259	-0.05104	0.23465	0.83572	0.99999	-0.00410	0.00089	0.00409	0.99995	0.00877	-0.00093	-0.00877	0.99996		-81.52033	-161.34115	-0.81369	-0.27125	0.40334	-0.08559	0.22465	0.99997	0.00149	-0.00704	-0.00153	0.99999	-0.00473	0.00703	0.00474	0.99996	
61	0.30500	133.04074	-198.41243	-1.02879	0.50656	-0.04620	0.23228	0.82612	0.99999	-0.00405	0.00081	0.00405	0.99995	0.00884	-0.00084	-0.00884	0.99996		-81.52106	-161.33665	-0.82236	-0.26902	0.40559	-0.08619	0.22765	0.99997	0.00150	-0.00708	-0.00154	0.99999	-0.00470	0.00707	0.00471	0.99996	
62	0.31000	133.08666	-198.42541	-1.04666	0.50641	-0.05479	0.22775	0.82969	0.99999	-0.00398	0.00096	0.00397	0.99995	0.00884	-0.00099	-0.00883	0.99996		-81.49866	-161.32429	-0.82288	-0.26497	0.40276	-0.08767	0.21657	0.99997	0.00153	-0.00703	-0.00156	0.99999	-0.00462	0.00702	0.00464	0.99996	
63	0.31500	132.98863	-198.43515	-1.04379	0.50474	-0.04381	0.23434	0.82945	0.99999	-0.00409	0.00076	0.00408	0.99995	0.00881	-0.00080	-0.00881	0.99996		-81.53743	-161.32758	-0.81005	-0.26397	0.40656	-0.08608	0.22247	0.99997	0.00150	-0.00710	-0.00154	0.99999	-0.00461	0.00709	0.00462	0.99996	
64	0.32000	133.03373	-198.43862	-1.02072	0.50515	-0.04652	0.22950	0.83399	0.99999	-0.00401	0.00081	0.00400	0.99995	0.00882	-0.00085	-0.00881	0.99996		-81.54662	-161.30498	-0.81047	-0.25879	0.40861	-0.08996	0.22303	0.99997	0.00157	-0.00713	-0.00160	0.99999	-0.00452	0.00712	0.00453	0.99996	
65	0.32500	132.99183	-198.43210	-1.01502	0.50544	-0.04104	0.23426	0.83171	0.99999	-0.00409	0.00072	0.00408	0.99995	0.00882	-0.00075	-0.00882	0.99996		-81.51676	-161.31435	-0.81495	-0.25860	0.40603	-0.08793	0.21134	0.99997	0.00153	-0.00709	-0.00157	0.99999	-0.00451	0.00708	0.00452	0.99996	
66	0.33000	132.97806	-198.43047	-1.01430	0.50695	-0.03912	0.23096	0.83691	0.99999	-0.00403	0.00068	0.00402	0.99995	0.00885	-0.00072	-0.00884	0.99996		-81.55026	-161.30564	-0.80641	-0.25686	0.40912	-0.08932	0.22492	0.99997	0.00156	-0.00714	-0.00159	0.99999	-0.00448	0.00713	0.00449	0.99996	
67	0.33500	132.96560	-198.42084	-1.01439	0.50747	-0.03787	0.23168	0.84993	0.99999	-0.00404	0.00066	0.00404	0.99995	0.00886	-0.00070	-0.00885	0.99996		-81.54568	-161.29107	-0.81113	-0.25231	0.41023	-0.09175	0.22931	0.99997	0.00160	-0.00716	-0.00163	0.99999	-0.00440	0.00715	0.00442	0.99996	
68	0.34000	132.98592	-198.42154	-1.01130	0.50910	-0.03984	0.22677	0.83023	0.99999	-0.00396	0.00070	0.00395	0.99995	0.00889	-0.00073	-0.00888	0.99996		-81.55357	-161.29123	-0.81961	-0.24827	0.41118	-0.08690	0.21957	0.99997	0.00152	-0.00718	-0.00155	0.99999	-0.00433	0.00717	0.00434	0.99996	
69	0.34500	133.00032	-198.41657	-1.00581	0.51075	-0.03744	0.22819	0.83727	0.99999	-0.00398	0.00065	0.00398	0.99995	0.00891	-0.00069	-0.00891	0.99996		-81.54482	-161.28254	-0.81141	-0.24717	0.41173	-0.08709	0.22308	0.99997	0.00152	-0.00719	-0.00155	0.99999	-0.00431	0.00718	0.00432	0.99996	
70	0.35000	132.95145	-198.41219	-1.00551	0.51052	-0.03413	0.23409	0.82817	0.99999	-0.00409	0.00060	0.00408	0.99995	0.00891	-0.00063	-0.00891	0.99996		-81.55219	-161.27082	-0.80766	-0.24446	0.41351	-0.09040	0.22306	0.99997	0.00158	-0.00722	-0.00161	0.99999	-0.00427	0.00721	0.00428	0.99996	
71	0.35500	132.97560	-198.43109	-0.99240	0.51051	-0.03697	0.22948	0.83467	0.99999	-0.00401	0.00065	0.00400	0.99995	0.00891	-0.00068	-0.00891	0.99996		-81.52158	-161.28372	-0.80365	-0.24509	0.41057	-0.08379	0.21510	0.99997	0.00146	-0.00717	-0.00149	0.99999	-0.00428	0.00716	0.00429	0.99997	
72	0.36000	132.97320	-198.41249	-0.99546	0.51426	-0.03306	0.22961	0.84001	0.99999	-0.00401	0.00058	0.00400	0.99995	0.00898	-0.00061	-0.00897	0.99996		-81.54209	-161.26487	-0.80800	-0.23989	0.41295	-0.08823	0.22363	0.99997	0.00154	-0.00721	-0.00157	0.99999	-0.00419	0.00720	0.00420	0.99997	
73	0.36500	132.93675	-198.41201	-0.99577	0.51658	-0.03288	0.23191	0.82820	0.99999	-0.00405	0.00057	0.00404	0.99995	0.00902	-0.00061	-0.00901	0.99996		-81.55455	-161.26080	-0.81658	-0.23684	0.41535	-0.08971	0.22616	0.99997	0.00157	-0.00725	-0.00160	0.99999	-0.00413	0.00724	0.00414	0.99997	
74	0.37000	132.96829	-198.41243	-0.98546	0.51863	-0.03641	0.23377	0.83716	0.99999	-0.00408	0.00064	0.00407	0.99995	0.00905	-0.00067	-0.00905	0.99996		-81.55224	-161.26019	-0.80391	-0.23673	0.41483	-0.08810	0.22531	0.99997	0.00154	-0.00724	-0.00157	0.99999	-0.00413	0.00723	0.00414	0.99997	
75	0.37500	132.95727	-198.39787	-0.97874	0.52205	-0.03205	0.22451	0.83561	0.99999	-0.00392	0.00056	0.00391	0.99995	0.00911	-0.00060	-0.00911	0.99996		-81.53091	-161.23732	-0.80475	-0.23124	0.41455	-0.08530	0.21255	0.99997	0.00149	-0.00724	-0.00152	0.99999	-0.00404	0.00723	0.00405	0.99997	
76	0.38000	132.92459	-198.42823	-0.98130	0.51920	-0.03012	0.23478	0.84837	0.99999	-0.00410	0.00053	0.00409	0.99995	0.00906	-0.00056	-0.00906	0.99996		-81.55249	-161.24177	-0.80884	-0.22926	0.41666	-0.08816	0.22223	0.99997	0.00154	-0.00727	-0.00157	0.99999	-0.00400	0.00727	0.00401	0.99997	
77	0.38500	132.90838	-198.40352	-0.95726	0.52434	-0.02460	0.22745	0.83810	0.99999	-0.00397	0.00043	0.00397	0.99995	0.00915	-0.00047	-0.00915	0.99996		-81.53557	-161.23883	-0.80514	-0.22829	0.41739	-0.08771	0.21817	0.99997	0.00153	-0.00728	-0.00156	0.99999	-0.00398	0.00728	0.00400	0.99997	
78	0.39000	132.92830	-198.40608	-0.95406	0.52568	-0.02867	0.22943	0.83372	0.99999	-0.00400	0.00050	0.00400	0.99995	0.00917	-0.00054	-0.00917	0.99996		-81.54682	-161.22340	-0.80534	-0.22473	0.42020	-0.09195	0.23100	0.99997	0.00160	-0.00733	-0.00163	0.99999	-0.00392	0.00733	0.00393	0.99997	
79	0.39500	132.89987	-198.39981	-0.95609	0.52770	-0.02178	0.23308	0.84590	0.99999	-0.00407	0.00038	0.00406	0.99995	0.00921	-0.00042	-0.00921	0.99996		-81.52929	-161.23097	-0.79703	-0.22445	0.41562	-0.08527	0.21260	0.99997	0.00149	-0.00725	-0.00152	0.99999	-0.00392	0.00725	0.00393	0.99997	
80	0.40000	132.90324	-198.40831	-0.95711	0.52864	-0.02205	0.22942	0.82119	0.99999	-0.00400	0.00038	0.00400	0.99995	0.00923	-0.00042	-0.00922	0.99996		-81.56844	-161.21418	-0.80928	-0.22090	0.42006	-0.08588	0.23068	0.99997	0.00150	-0.00733	-0.00153	0.99999	-0.00386	0.00733	0.00387	0.99997	
81	0.40500	132.93877	-198.40533	-0.95105	0.53207	-0.02653	0.22790	0.82566	0.99999	-0.00398	0.00046	0.00397	0.99995	0.00929	-0.00050	-0.00928	0.99996		-81.58251	-161.21430	-0.79715	-0.21972	0.42543	-0.08817	0.23481	0.99997	0.00154	-0.00743	-0.00157	0.99999	-0.00383	0.00742	0.00385	0.99997	
82	0.41000	132.85526	-198.42219	-0.94117	0.53276	-0.01903	0.22862	0.83178	0.99999	-0.00399	0.00033	0.00399	0.99995	0.00930	-0.00037	-0.00930	0.99996		-81.54187	-161.20916	-0.79334	-0.21736	0.41815	-0.08853	0.21478	0.99997	0.00155	-0.00730	-0.00157	0.99999	-0.00379	0.00729	0.00380	0.99997	
83	0.41500	132.87441	-198.39484	-0.93829	0.53593	-0.01709	0.22121	0.83215	0.99999	-0.00386	0.00030	0.00386	0.99995	0.00935	-0.00033	-0.00935	0.99996		-81.55543	-161.19508	-0.80578	-0.21532	0.41916	-0.08789	0.22704	0.99997	0.00153	-0.00732	-0.00156	0.99999	-0.00376	0.00731	0.00377	0.99997	
84	0.42000	132.87045	-198.38934	-0.93124	0.53835	-0.01757	0.23023	0.83318	0.99999	-0.00402	0.00031	0.00402	0.99995	0.00940	-0.00034	-0.00939	0.99996		-81.57250	-161.19821	-0.79727	-0.21402	0.42282	-0.08622	0.23376	0.99997	0.00150	-0.00738	-0.00153	0.99999	-0.00374	0.00737	0.00375	0.99997	
85	0.42500	132.88098	-198.40503	-0.91539	0.53912	-0.01246	0.23147	0.82401	0.99999	-0.00404	0.00022	0.00404	0.99995	0.00941	-0.00026	-0.00941	0.99996		-81.59728	-161.17573	-0.79336	-0.20915	0.42383	-0.08994	0.22450	0.99997	0.00157	-0.00740	-0.00160	0.99999	-0.00365	0.00739	0.00366	0.99997	
86	0.43000	132.86131	-198.38847	-0.90788	0.54346	-0.01404	0.23374	0.83246	0.99999	-0.00408	0.00025	0.00408	0.99995	0.00949	-0.00028	-0.00948	0.99995		-81.60018	-161.19640	-0.78058	-0.21069	0.42612	-0.08434	0.22205	0.99997	0.00147	-0.00744	-0.00150	0.99999	-0.00368	0.00743	0.00369	0.99997	
87	0.43500	132.85124	-198.39742	-0.90520	0.54605	-0.01380	0.22898	0.82782	0.99999	-0.00400	0.00024	0.00399	0.99995	0.00953	-0.00028	-0.00953	0.99995		-81.55668	-161.20138	-0.79794	-0.20934	0.42035	-0.08792	0.21338	0.99997	0.00153	-0.00734	-0.00156	0.99999	-0.00365	0.00733	0.00366	0.99997	
88	0.44000	132.84673	-198.39592	-0.88830	0.54553	-0.01190	0.22988	0.83575	0.99999	-0.00401	0.00021	0.00401	0.99995	0.00952	-0.00025	-0.00952	0.99995		-81.56610	-161.19841	-0.78945	-0.20874	0.42255	-0.08702	0.21730	0.99997	0.00152	-0.00737	-0.00155	0.99999	-0.00364	0.00737	0.00365	0.99997	
89	0.44500	132.85960	-198.39304	-0.91377	0.54950	-0.01337	0.23116	0.82472	0.99999	-0.00403	0.00023	0.00403	0.99995	0.00959	-0.00027	-0.00959	0.99995		-81.59571	-161.18442	-0.79347	-0.20578	0.42476	-0.08855	0.23034	0.99997	0.00155	-0.00741	-0.00157	0.99999	-0.00359	0.00741	0.00360	0.99997	
90	0.45000	132.83072	-198.38810	-0.89963	0.55313	-0.01163	0.23262	0.83709	0.99999	-0.00406	0.00020	0.00406	0.99995	0.00965	-0.00024	-0.00965	0.99995		-81.57230	-161.17219	-0.79003	-0.20472	0.42450	-0.09070	0.22915	0.99997	0.00158	-0.00741	-0.00161	0.99999	-0.00357	0.00740	0.00358	0.99997	
91	0.45500	132.84604	-198.39236	-0.87589	0.55427	-0.01376	0.23025	0.83131	0.99999	-0.00402	0.00024	0.00402	0.99995	0.00967	-0.00028	-0.00967	0.99995		-81.60072	-161.16261	-0.78995	-0.20166	0.42857	-0.09222	0.23388	0.99997	0.00161	-0.00748	-0.00164	0.99999	-0.00352	0.00747	0.00353	0.99997	
92	0.46000	132.79897	-198.38959	-0.87846	0.55656	-0.00640	0.22967	0.82265	0.99999	-0.00401	0.00011	0.00401	0.99994	0.00971	-0.00015	-0.00971	0.99995		-81.60379	-161.17851	-0.77706	-0.20327	0.42879	-0.08934	0.23227	0.99997	0.00156	-0.00748	-0.00159	0.99999	-0.00355	0.00748	0.00356	0.99997	
93	0.46500	132.77422	-198.39415	-0.85570	0.55705	0.00171	0.23494	0.83169	0.99999	-0.00410	-0.00003	0.00410	0.99994	0.00972	-0.00001	-0.00972	0.99995		-81.59592	-161.17266	-0.78154	-0.20077	0.42917	-0.08685	0.23088	0.99997	0.00152	-0.00749	-0.00154	0.99999	-0.00350	0.00748	0.00352	0.99997	
94	0.47000	132.81025	-198.38602	-0.86767	0.55999	-0.00667	0.23104	0.82347	0.99999	-0.00403	0.00012	0.00403	0.99994	0.00977	-0.00016	-0.00977	0.99995		-81.62191	-161.16773	-0.77262	-0.20112	0.42836	-0.08859	0.24109	0.99997	0.00155	-0.00748	-0.00157	0.99999	-0.00351	0.00747	0.00352	0.99997	
95	0.47500	132.79147	-198.39667	-0.86069	0.56077	-0.00153	0.23477	0.82299	0.99999	-0.00410	0.00003	0.00410	0.99994	0.00979	-0.00007	-0.00979	0.99995		-81.60323	-161.17146	-0.78161	-0.20049	0.43082	-0.08703	0.23025	0.99997	0.00152	-0.00752	-0.00155	0.99999	-0.00350	0.00751	0.00351	0.99997	
96	0.48000	132.81718	-198.39351	-0.84445	0.56291	-0.00216	0.23391	0.83285	0.99999	-0.00408	0.00004	0.00408	0.99994	0.00982	-0.00008	-0.00982	0.99995		-81.57096	-161.18270	-0.78580	-0.20187	0.42551	-0.08742	0.21978	0.99997	0.00153	-0.00743	-0.00155	0.99999	-0.00352	0.00742	0.00353	0.99997	
97	0.48500	132.82382	-198.38450	-0.84457	0.56451	-0.00539	0.23050	0.82039	0.99999	-0.00402	0.00009	0.00402	0.99994	0.00985	-0.00013	-0.00985	0.99995		-81.60864	-161.15794	-0.78154	-0.19769	0.42738	-0.09006	0.22549	0.99997	0.00157	-0.00746	-0.00160	0.99999	-0.00345	0.00745	0.00346	0.99997	
98	0.49000	132.82808	-198.37178	-0.85089	0.56978	-0.00384	0.23152	0.82674	0.99999	-0.00404	0.00007	0.00404	0.99994	0.00994	-0.00011	-0.00994	0.99995		-81.59896	-161.16540	-0.77763	-0.19823	0.42723	-0.09097	0.21166	0.99997	0.00159	-0.00746	-0.00161	0.99999	-0.00346	0.00745	0.00347	0.99997	
99	0.49500	132.78003	-198.38462	-0.82548	0.56820	-0.00132	0.22847	0.82444	0.99999	-0.00399	0.00002	0.00399	0.99994	0.00992	-0.00006	-0.00992	0.99995		-81.62064	-161.16215	-0.77734	-0.19864	0.43013	-0.09015	0.22343	0.99997	0.00157	-0.00751	-0.00160	0.99999	-0.00347	0.00750	0.00348	0.99997	
100	0.50000	132.78948	-198.38751	-0.83555	0.57009	-0.00395	0.22928	0.81080	0.99999	-0.00400	0.00007	0.00400	0.99994	0.00995	-0.00011	-0.00995	0.99995		-81.60535	-161.15406	-0.77328	-0.19884	0.42717	-0.09253	0.22953	0.99997	0.00161	-0.00746	-0.00164	0.99999	-0.00347	0.00745	0.00348	0.99997	
101	0.50500	132.77901	-198.38928	-0.81099	0.57141	0.00231	0.22987	0.81788	0.99999	-0.00401	-0.00004	0.00401	0.99994	0.00997	0.00000	-0.00997	0.99995		-81.60068	-161.17121	-0.76869	-0.20072	0.42555	-0.08947	0.22866	0.99997	0.00156	-0.00743	-0.00159	0.99999	-0.00350	0.00742	0.00351	0.99997	
102	0.51000	132.74485	-198.36040	-0.83987	0.57704	0.00202	0.23305	0.82730	0.99999	-0.00407	-0.00004	0.00407	0.99994	0.01007	-0.00001	-0.01007	0.99995		-81.60756	-161.14350	-0.76481	-0.19765	0.42541	-0.08808	0.22574	0.99997	0.00154	-0.00742	-0.00156	0.99999	-0.00345	0.00742	0.00346	0.99997	
103	0.51500	132.77088	-198.36420	-0.80158	0.57701	0.00071	0.22709	0.81187	0.99999	-0.00396	-0.00001	0.00396	0.99994	0.01007	-0.00003	-0.01007	0.99995		-81.60055	-161.16400	-0.76486	-0.19793	0.42773	-0.08717	0.22556	0.99997	0.00152	-0.00747	-0.00155	0.99999	-0.00345	0.00746	0.00347	0.99997	
104	0.52000	132.76805	-198.37651	-0.79030	0.57607	-0.00178	0.22975	0.82087	0.99999	-0.00401	0.00003	0.00401	0.99994	0.01005	-0.00007	-0.01005	0.99995		-81.61610	-161.16869	-0.77724	-0.20014	0.42909	-0.08983	0.22599	0.99997	0.00157	-0.00749	-0.00159	0.99999	-0.00349	0.00748	0.00350	0.99997	
105	0.52500	132.77751	-198.37549	-0.77776	0.57647	-0.00312	0.22654	0.82094	0.99999	-0.00395	0.00005	0.00395	0.99994	0.01006	-0.00009	-0.01006	0.99995		-81.62986	-161.14441	-0.77262	-0.19822	0.42585	-0.08709	0.22720	0.99997	0.00152	-0.00743	-0.00155	0.99999	-0.00346	0.00743	0.00347	0.99997	
106	0.53000	132.78455	-198.35479	-0.78770	0.58082	-0.00465	0.22652	0.82268	0.99999	-0.00395	0.00008	0.00395	0.99994	0.01014	-0.00012	-0.01014	0.99995		-81.60806	-161.15791	-0.76897	-0.19770	0.42723	-0.09005	0.22618	0.99997	0.00157	-0.00746	-0.00160	0.99999	-0.00345	0.00745	0.00346	0.99997	
107	0.53500	132.79145	-198.37088	-0.77686	0.57771	-0.00365	0.22883	0.82067	0.99999	-0.00399	0.00006	0.00399	0.99994	0.01008	-0.00010	-0.01008	0.99995		-81.59980	-161.16364	-0.76444	-0.20022	0.42323	-0.08927	0.22406	0.99997	0.00156	-0.00739	-0.00158	0.99999	-0.00349	0.00738	0.00351	0.99997	
108	0.54000	132.74301	-198.37939	-0.78499	0.57849	-0.00055	0.22759	0.81502	0.99999	-0.00397	0.00001	0.00397	0.99994	0.01010	-0.00005	-0.01010	0.99995		-81.59583	-161.15481	-0.77305	-0.20028	0.42260	-0.08679	0.20653	0.99997	0.00151	-0.00738	-0.00154	0.99999	-0.00350	0.00737	0.00351	0.99997	
109	0.54500	132.75650	-198.37610	-0.77140	0.57872	-0.00276	0.22794	0.81601	0.99999	-0.00398	0.00005	0.00398	0.99994	0.01010	-0.00009	-0.01010	0.99995		-81.61993	-161.15188	-0.76871	-0.19875	0.42571	-0.08803	0.21341	0.99997	0.00154	-0.00743	-0.00156	0.99999	-0.00347	0.00742	0.00348	0.99997	
110	0.55000	132.76182	-198.37570	-0.75137	0.57939	-0.00459	0.22764	0.81082	0.99999	-0.00397	0.00008	0.00397	0.99994	0.01011	-0.00012	-0.01011	0.99995		-81.60059	-161.14401	-0.77713	-0.19988	0.42413	-0.08596	0.22359	0.99997	0.00150	-0.00740	-0.00153	0.99999	-0.00349	0.00740	0.00350	0.99997	
111	0.55500	132.75821	-198.36162	-0.76673	0.58276	-0.00704	0.22453	0.83083	0.99999	-0.00392	0.00012	0.00392	0.99994	0.01017	-0.00016	-0.01017	0.99995		-81.62754	-161.15251	-0.77250	-0.20208	0.42583	-0.08917	0.23221	0.99997	0.00156	-0.00743	-0.00158	0.99999	-0.00353	0.00743	0.00354	0.99997	
112	0.56000	132.72943	-198.38870	-0.73240	0.57886	-0.00167	0.22950	0.83405	0.99999	-0.00401	0.00003	0.00401	0.99994	0.01010	-0.00007	-0.01010	0.99995		-81.60505	-161.16506	-0.77673	-0.20580	0.42314	-0.09230	0.22497	0.99997	0.00161	-0.00739	-0.00164	0.99999	-0.00359	0.00738	0.00360	0.99997	
113	0.56500	132.75710	-198.35996	-0.74585	0.58206	-0.00490	0.22424	0.80553	0.99999	-0.00391	0.00009	0.00391	0.99994	0.01016	-0.00013	-0.01016	0.99995		-81.64821	-161.16355	-0.77181	-0.20612	0.42360	-0.08843	0.22157	0.99997	0.00154	-0.00739	-0.00157	0.99999	-0.00360	0.00739	0.00361	0.99997	
114	0.57000	132.72620	-198.35434	-0.71987	0.58122	-0.00106	0.23119	0.83467	0.99999	-0.00404	0.00002	0.00403	0.99994	0.01014	-0.00006	-0.01014	0.99995		-81.64033	-161.15709	-0.77623	-0.20647	0.42684	-0.08516	0.21896	0.99997	0.00149	-0.00745	-0.00151	0.99999	-0.00360	0.00744	0.00361	0.99997	
115	0.57500	132.71950	-198.37151	-0.72548	0.58145	-0.00486	0.22943	0.84103	0.99999	-0.00400	0.00008	0.00400	0.99994	0.01015	-0.00013	-0.01015	0.99995		-81.64154	-161.14896	-0.75958	-0.20574	0.42512	-0.08970	0.22431	0.99997	0.00157	-0.00742	-0.00159	0.99999	-0.00359	0.00741	0.00360	0.99997	
116	0.58000	132.69412	-198.37763	-0.71354	0.57935	0.00053	0.23316	0.82117	0.99999	-0.00407	-0.00001	0.00407	0.99994	0.01011	-0.00003	-0.01011	0.99995		-81.61319	-161.15675	-0.77193	-0.20845	0.42116	-0.08706	0.22838	0.99997	0.00152	-0.00735	-0.00155	0.99999	-0.00364	0.00734	0.00365	0.99997	
117	0.58500	132.74036	-198.37246	-0.73814	0.57965	-0.00677	0.22951	0.82754	0.99999	-0.00401	0.00012	0.00400	0.99994	0.01012	-0.00016	-0.01012	0.99995		-81.59849	-161.15319	-0.77248	-0.20849	0.42017	-0.09014	0.20365	0.99997	0.00157	-0.00733	-0.00160	0.99999	-0.00364	0.00733	0.00365	0.99997	
118	0.59000	132.72460	-198.36182	-0.70875	0.57817	-0.00354	0.22586	0.82283	0.99999	-0.00394	0.00006	0.00394	0.99994	0.01009	-0.00010	-0.01009	0.99995		-81.64317	-161.17397	-0.76297	-0.21271	0.42317	-0.08673	0.21877	0.99997	0.00151	-0.00739	-0.00154	0.99999	-0.00371	0.00738	0.00372	0.99997	
119	0.59500	132.69900	-198.36758	-0.71786	0.57701	-0.00624	0.22996	0.83428	0.99999	-0.00401	0.00011	0.00401	0.99994	0.01007	-0.00015	-0.01007	0.99995		-81.62558	-161.17314	-0.76342	-0.21432	0.42408	-0.08390	0.20775	0.99997	0.00146	-0.00740	-0.00149	0.99999	-0.00374	0.00740	0.00375	0.99997	
120	0.60000	132.70031	-198.36950	-0.71336	0.57714	-0.00970	0.22644	0.81277	0.99999	-0.00395	0.00017	0.00395	0.99994	0.01007	-0.00021	-0.01007	0.99995		-81.64760	-161.17453	-0.76696	-0.21398	0.42201	-0.08930	0.21976	0.99997	0.00156	-0.00737	-0.00159	0.99999	-0.00373	0.00736	0.00375	0.99997	
121	0.60500	132.67649	-198.38323	-0.68266	0.57295	-0.00301	0.22757	0.83797	0.99999	-0.00397	0.00005	0.00397	0.99994	0.01000	-0.00009	-0.01000	0.99995		-81.59871	-161.17269	-0.76302	-0.21734	0.41634	-0.09028	0.22332	0.99997	0.00158	-0.00727	-0.00160	0.99999	-0.00379	0.00726	0.00380	0.99997	
122	0.61000	132.68385	-198.37322	-0.69931	0.57500	-0.00461	0.22778	0.83538	0.99999	-0.00398	0.00008	0.00397	0.99994	0.01004	-0.00012	-0.01004	0.99995		-81.62707	-161.17507	-0.76279	-0.21702	0.42039	-0.09137	0.22987	0.99997	0.00159	-0.00734	-0.00162	0.99999	-0.00379	0.00733	0.00380	0.99997	
123	0.61500	132.67027	-198.37089	-0.69236	0.57133	-0.00437	0.22355	0.81938	0.99999	-0.00390	0.00008	0.00390	0.99994	0.00997	-0.00012	-0.00997	0.99995		-81.61810	-161.17486	-0.77116	-0.22118	0.41898	-0.08627	0.20711	0.99997	0.00151	-0.00731	-0.00153	0.99999	-0.00386	0.00731	0.00387	0.99997	
124	0.62000	132.69223	-198.36569	-0.68136	0.57159	-0.00590	0.22880	0.83630	0.99999	-0.00399	0.00010	0.00399	0.99994	0.00998	-0.00014	-0.00998	0.99995		-81.63960	-161.17856	-0.76665	-0.22116	0.42147	-0.08721	0.21430	0.99997	0.00152	-0.00736	-0.00155	0.99999	-0.00386	0.00735	0.00387	0.99997	
125	0.62500	132.66834	-198.36672	-0.69161	0.56864	-0.00649	0.22777	0.83876	0.99999	-0.00398	0.00011	0.00397	0.99994	0.00992	-0.00015	-0.00992	0.99995		-81.63474	-161.19233	-0.77458	-0.22545	0.41813	-0.08919	0.22007	0.99997	0.00156	-0.00730	-0.00159	0.99999	-0.00393	0.00729	0.00395	0.99997	
126	0.63000	132.67146	-198.37036	-0.68949	0.56721	-0.00893	0.22560	0.82702	0.99999	-0.00394	0.00016	0.00394	0.99994	0.00990	-0.00019	-0.00990	0.99995		-81.64569	-161.17324	-0.77491	-0.22316	0.42111	-0.09083	0.21672	0.99997	0.00159	-0.00735	-0.00161	0.99999	-0.00389	0.00734	0.00391	0.99997	
127	0.63500	132.66403	-198.37301	-0.69818	0.56707	-0.00881	0.22821	0.81609	0.99999	-0.00398	0.00015	0.00398	0.99994	0.00990	-0.00019	-0.00990	0.99995		-81.63283	-161.17856	-0.77457	-0.22762	0.41622	-0.08909	0.20304	0.99997	0.00155	-0.00726	-0.00158	0.99999	-0.00397	0.00726	0.00398	0.99997	
128	0.64000	132.70626	-198.38210	-0.68156	0.56326	-0.01395	0.22628	0.84390	0.99999	-0.00395	0.00024	0.00395	0.99994	0.00983	-0.00028	-0.00983	0.99995		-81.62814	-161.19181	-0.77451	-0.23040	0.42003	-0.08767	0.21719	0.99997	0.00153	-0.00733	-0.00156	0.99999	-0.00402	0.00732	0.00403	0.99997	
129	0.64500	132.67014	-198.37408	-0.67071	0.56274	-0.00967	0.22525	0.82726	0.99999	-0.00393	0.00017	0.00393	0.99994	0.00982	-0.00021	-0.00982	0.99995		-81.63873	-161.19557	-0.77826	-0.23361	0.41810	-0.08982	0.21492	0.99997	0.00157	-0.00730	-0.00160	0.99999	-0.00408	0.00729	0.00409	0.99997	
130	0.65000	132.65372	-198.37305	-0.67525	0.56228	-0.01172	0.22445	0.81065	0.99999	-0.00392	0.00020	0.00392	0.99994	0.00981	-0.00024	-0.00981	0.99995		-81.65855	-161.19614	-0.78219	-0.23396	0.41795	-0.09457	0.21745	0.99997	0.00165	-0.00729	-0.00168	0.99999	-0.00408	0.00729	0.00410	0.99997	
131	0.65500	132.65621	-198.36941	-0.66986	0.55877	-0.01052	0.22895	0.84412	0.99999	-0.00400	0.00018	0.00399	0.99994	0.00975	-0.00022	-0.00975	0.99995		-81.64608	-161.20178	-0.76915	-0.23945	0.41596	-0.09058	0.23183	0.99997	0.00158	-0.00726	-0.00161	0.99999	-0.00418	0.00725	0.00419	0.99996	
132	0.66000	132.67274	-198.37194	-0.68022	0.55613	-0.01162	0.22035	0.82560	0.99999	-0.00385	0.00020	0.00384	0.99995	0.00971	-0.00024	-0.00971	0.99995		-81.64691	-161.20181	-0.78172	-0.23944	0.41612	-0.09057	0.23142	0.99997	0.00158	-0.00726	-0.00161	0.99999	-0.00418	0.00726	0.00419	0.99996	
133	0.66500	132.69230	-198.38590	-0.69503	0.55341	-0.01700	0.22415	0.81931	0.99999	-0.00391	0.00030	0.00391	0.99995	0.00966	-0.00033	-0.00966	0.99995		-81.64162	-161.20945	-0.77753	-0.24125	0.41486	-0.08661	0.20607	0.99997	0.00151	-0.00724	-0.00154	0.99999	-0.00421	0.00723	0.00422	0.99996	
134	0.67000	132.71623	-198.36697	-0.67364	0.55327	-0.01881	0.22311	0.83215	0.99999	-0.00389	0.00033	0.00389	0.99995	0.00966	-0.00037	-0.00965	0.99995		-81.64484	-161.21512	-0.77284	-0.24669	0.41635	-0.08587	0.22443	0.99997	0.00150	-0.00727	-0.00153	0.99999	-0.00431	0.00726	0.00432	0.99996	
135	0.67500	132.70015	-198.39181	-0.68175	0.54949	-0.01860	0.22670	0.80637	0.99999	-0.00396	0.00032	0.00395	0.99995	0.00959	-0.00036	-0.00959	0.99995		-81.64901	-161.23252	-0.77258	-0.25065	0.41733	-0.08534	0.22530	0.99997	0.00149	-0.00728	-0.00152	0.99999	-0.00437	0.00728	0.00439	0.99996	
