NO_OF_FRAMES	12042
NO_OF_CAMERAS	8
NO_OF_BODIES	2
FREQUENCY	200
NO_OF_ANALOG	0
ANALOG_FREQUENCY	0
DESCRIPTION	--
TIME_STAMP	2013-07-02, 14:28:21	3291199.64247880
DATA_INCLUDED	6D
BODY_NAMES	Ice 1	Ice 2
Frame	Time	Ice 1 X	Y	Z	Roll	Pitch	Yaw	Residual	Rot[0]	Rot[1]	Rot[2]	Rot[3]	Rot[4]	Rot[5]	Rot[6]	Rot[7]	Rot[8]	Ice 2 X	Y	Z	Roll	Pitch	Yaw	Residual	Rot[0]	Rot[1]	Rot[2]	Rot[3]	Rot[4]	Rot[5]	Rot[6]	Rot[7]	Rot[8]	
1	0.00500	69.23521	-14.13447	0.05005	-0.15203	-0.09996	4.31659	1.12132	0.99716	-0.07526	0.00265	0.07527	0.99716	-0.00174	-0.00251	0.00194	0.99999		0.00000	0.00000	0.00000	0.00000	0.00000	0.00000	-1.00000	0.00000	0.00000	0.00000	0.00000	0.00000	0.00000	0.00000	0.00000	0.00000	
2	0.01000	69.24954	-14.12378	0.07283	-0.13968	-0.07600	4.31569	1.05375	0.99716	-0.07525	0.00244	0.07525	0.99716	-0.00133	-0.00233	0.00151	1.00000		0.00000	0.00000	0.00000	0.00000	0.00000	0.00000	-1.00000	0.00000	0.00000	0.00000	0.00000	0.00000	0.00000	0.00000	0.00000	0.00000	
3	0.01500	69.26525	-14.14318	0.09582	-0.13718	-0.08233	4.31075	1.06623	0.99717	-0.07516	0.00239	0.07517	0.99717	-0.00144	-0.00228	0.00161	1.00000		0.00000	0.00000	0.00000	0.00000	0.00000	0.00000	-1.00000	0.00000	0.00000	0.00000	0.00000	0.00000	0.00000	0.00000	0.00000	0.00000	
4	0.02000	69.26613	-14.10461	0.08453	-0.13480	-0.07520	4.31523	1.07375	0.99716	-0.07524	0.00235	0.07524	0.99716	-0.00131	-0.00225	0.00149	1.00000		0.00000	0.00000	0.00000	0.00000	0.00000	0.00000	-1.00000	0.00000	0.00000	0.00000	0.00000	0.00000	0.00000	0.00000	0.00000	0.00000	
5	0.02500	69.27379	-14.13888	0.07658	-0.13426	-0.07084	4.31365	1.06728	0.99716	-0.07521	0.00234	0.07522	0.99717	-0.00124	-0.00224	0.00141	1.00000		0.00000	0.00000	0.00000	0.00000	0.00000	0.00000	-1.00000	0.00000	0.00000	0.00000	0.00000	0.00000	0.00000	0.00000	0.00000	0.00000	
6	0.03000	69.28872	-14.10197	0.13883	-0.12826	-0.07943	4.31640	1.06973	0.99716	-0.07526	0.00224	0.07526	0.99716	-0.00139	-0.00213	0.00155	1.00000		0.00000	0.00000	0.00000	0.00000	0.00000	0.00000	-1.00000	0.00000	0.00000	0.00000	0.00000	0.00000	0.00000	0.00000	0.00000	0.00000	
7	0.03500	69.28848	-14.12023	0.13209	-0.12690	-0.07542	4.31432	1.06291	0.99716	-0.07522	0.00221	0.07523	0.99717	-0.00132	-0.00211	0.00148	1.00000		0.00000	0.00000	0.00000	0.00000	0.00000	0.00000	-1.00000	0.00000	0.00000	0.00000	0.00000	0.00000	0.00000	0.00000	0.00000	0.00000	
8	0.04000	69.30231	-14.11882	0.15291	-0.12280	-0.07760	4.31310	1.08128	0.99717	-0.07520	0.00214	0.07521	0.99717	-0.00135	-0.00204	0.00151	1.00000		0.00000	0.00000	0.00000	0.00000	0.00000	0.00000	-1.00000	0.00000	0.00000	0.00000	0.00000	0.00000	0.00000	0.00000	0.00000	0.00000	
9	0.04500	69.32496	-14.15651	0.14991	-0.12200	-0.07308	4.30939	1.05468	0.99717	-0.07514	0.00213	0.07514	0.99717	-0.00128	-0.00203	0.00143	1.00000		0.00000	0.00000	0.00000	0.00000	0.00000	0.00000	-1.00000	0.00000	0.00000	0.00000	0.00000	0.00000	0.00000	0.00000	0.00000	0.00000	
10	0.05000	69.30893	-14.15810	0.16119	-0.11764	-0.07128	4.31175	1.07376	0.99717	-0.07518	0.00205	0.07518	0.99717	-0.00124	-0.00195	0.00139	1.00000		0.00000	0.00000	0.00000	0.00000	0.00000	0.00000	-1.00000	0.00000	0.00000	0.00000	0.00000	0.00000	0.00000	0.00000	0.00000	0.00000	
11	0.05500	69.40796	-13.77253	0.27543	-0.12351	-0.09606	4.30601	1.08695	0.99718	-0.07508	0.00216	0.07508	0.99718	-0.00168	-0.00202	0.00183	1.00000		0.00000	0.00000	0.00000	0.00000	0.00000	0.00000	-1.00000	0.00000	0.00000	0.00000	0.00000	0.00000	0.00000	0.00000	0.00000	0.00000	
12	0.06000	69.41093	-13.75904	0.30195	-0.12189	-0.09580	4.30540	1.09142	0.99718	-0.07507	0.00213	0.07507	0.99718	-0.00167	-0.00200	0.00183	1.00000		0.00000	0.00000	0.00000	0.00000	0.00000	0.00000	-1.00000	0.00000	0.00000	0.00000	0.00000	0.00000	0.00000	0.00000	0.00000	0.00000	
13	0.06500	69.43981	-13.78061	0.33135	-0.11669	-0.09746	4.29935	1.08138	0.99718	-0.07496	0.00204	0.07497	0.99718	-0.00170	-0.00190	0.00185	1.00000		0.00000	0.00000	0.00000	0.00000	0.00000	0.00000	-1.00000	0.00000	0.00000	0.00000	0.00000	0.00000	0.00000	0.00000	0.00000	0.00000	
14	0.07000	69.44173	-13.73370	0.35107	-0.11281	-0.09643	4.30356	1.07992	0.99718	-0.07504	0.00197	0.07504	0.99718	-0.00168	-0.00184	0.00183	1.00000		0.00000	0.00000	0.00000	0.00000	0.00000	0.00000	-1.00000	0.00000	0.00000	0.00000	0.00000	0.00000	0.00000	0.00000	0.00000	0.00000	
15	0.07500	69.47163	-13.76299	0.38400	-0.10981	-0.09812	4.29566	1.07690	0.99719	-0.07490	0.00192	0.07490	0.99719	-0.00171	-0.00178	0.00185	1.00000		0.00000	0.00000	0.00000	0.00000	0.00000	0.00000	-1.00000	0.00000	0.00000	0.00000	0.00000	0.00000	0.00000	0.00000	0.00000	0.00000	
16	0.08000	69.48436	-13.72559	0.40877	-0.10859	-0.10323	4.29979	1.09178	0.99718	-0.07497	0.00190	0.07497	0.99718	-0.00180	-0.00175	0.00194	1.00000		0.00000	0.00000	0.00000	0.00000	0.00000	0.00000	-1.00000	0.00000	0.00000	0.00000	0.00000	0.00000	0.00000	0.00000	0.00000	0.00000	
17	0.08500	69.49656	-13.73121	0.43140	-0.10652	-0.10296	4.29897	1.07214	0.99718	-0.07496	0.00186	0.07496	0.99718	-0.00180	-0.00172	0.00193	1.00000		0.00000	0.00000	0.00000	0.00000	0.00000	0.00000	-1.00000	0.00000	0.00000	0.00000	0.00000	0.00000	0.00000	0.00000	0.00000	0.00000	
18	0.09000	69.52221	-13.69891	0.44792	-0.10352	-0.09976	4.30203	1.08178	0.99718	-0.07501	0.00181	0.07501	0.99718	-0.00174	-0.00167	0.00187	1.00000		0.00000	0.00000	0.00000	0.00000	0.00000	0.00000	-1.00000	0.00000	0.00000	0.00000	0.00000	0.00000	0.00000	0.00000	0.00000	0.00000	
19	0.09500	69.52092	-13.73787	0.47874	-0.10005	-0.09655	4.29806	1.08801	0.99719	-0.07494	0.00175	0.07494	0.99719	-0.00169	-0.00162	0.00181	1.00000		0.00000	0.00000	0.00000	0.00000	0.00000	0.00000	-1.00000	0.00000	0.00000	0.00000	0.00000	0.00000	0.00000	0.00000	0.00000	0.00000	
20	0.10000	69.53275	-13.72630	0.50579	-0.09452	-0.08898	4.29906	1.08362	0.99719	-0.07496	0.00165	0.07496	0.99719	-0.00155	-0.00153	0.00167	1.00000		0.00000	0.00000	0.00000	0.00000	0.00000	0.00000	-1.00000	0.00000	0.00000	0.00000	0.00000	0.00000	0.00000	0.00000	0.00000	0.00000	
21	0.10500	69.54689	-13.70707	0.54103	-0.09123	-0.09366	4.30031	1.07782	0.99718	-0.07498	0.00159	0.07498	0.99718	-0.00163	-0.00147	0.00175	1.00000		0.00000	0.00000	0.00000	0.00000	0.00000	0.00000	-1.00000	0.00000	0.00000	0.00000	0.00000	0.00000	0.00000	0.00000	0.00000	0.00000	
22	0.11000	69.57639	-13.67496	0.57063	-0.08534	-0.08611	4.30056	1.06425	0.99718	-0.07499	0.00149	0.07499	0.99718	-0.00150	-0.00137	0.00161	1.00000		0.00000	0.00000	0.00000	0.00000	0.00000	0.00000	-1.00000	0.00000	0.00000	0.00000	0.00000	0.00000	0.00000	0.00000	0.00000	0.00000	
23	0.11500	69.59144	-13.67824	0.59901	-0.08284	-0.08786	4.29775	1.09379	0.99719	-0.07494	0.00145	0.07494	0.99719	-0.00153	-0.00133	0.00164	1.00000		0.00000	0.00000	0.00000	0.00000	0.00000	0.00000	-1.00000	0.00000	0.00000	0.00000	0.00000	0.00000	0.00000	0.00000	0.00000	0.00000	
24	0.12000	69.61266	-13.68206	0.62938	-0.08120	-0.08879	4.29938	1.08298	0.99719	-0.07497	0.00142	0.07497	0.99718	-0.00155	-0.00130	0.00165	1.00000		0.00000	0.00000	0.00000	0.00000	0.00000	0.00000	-1.00000	0.00000	0.00000	0.00000	0.00000	0.00000	0.00000	0.00000	0.00000	0.00000	
25	0.12500	69.60867	-13.64334	0.65871	-0.07525	-0.08040	4.30673	1.08075	0.99718	-0.07509	0.00131	0.07510	0.99718	-0.00140	-0.00120	0.00150	1.00000		0.00000	0.00000	0.00000	0.00000	0.00000	0.00000	-1.00000	0.00000	0.00000	0.00000	0.00000	0.00000	0.00000	0.00000	0.00000	0.00000	
26	0.13000	69.63442	-13.69850	0.68621	-0.07469	-0.09156	4.29895	1.07391	0.99719	-0.07496	0.00130	0.07496	0.99719	-0.00160	-0.00118	0.00169	1.00000		0.00000	0.00000	0.00000	0.00000	0.00000	0.00000	-1.00000	0.00000	0.00000	0.00000	0.00000	0.00000	0.00000	0.00000	0.00000	0.00000	
27	0.13500	69.65094	-13.66309	0.70489	-0.07055	-0.08539	4.29991	1.06989	0.99718	-0.07498	0.00123	0.07498	0.99718	-0.00149	-0.00112	0.00158	1.00000		0.00000	0.00000	0.00000	0.00000	0.00000	0.00000	-1.00000	0.00000	0.00000	0.00000	0.00000	0.00000	0.00000	0.00000	0.00000	0.00000	
28	0.14000	69.66276	-13.72358	0.73343	-0.06699	-0.08150	4.29240	1.09712	0.99719	-0.07484	0.00117	0.07485	0.99719	-0.00142	-0.00106	0.00151	1.00000		0.00000	0.00000	0.00000	0.00000	0.00000	0.00000	-1.00000	0.00000	0.00000	0.00000	0.00000	0.00000	0.00000	0.00000	0.00000	0.00000	
29	0.14500	69.67215	-13.70205	0.75230	-0.06937	-0.08246	4.29727	1.07266	0.99719	-0.07493	0.00121	0.07493	0.99719	-0.00144	-0.00110	0.00153	1.00000		0.00000	0.00000	0.00000	0.00000	0.00000	0.00000	-1.00000	0.00000	0.00000	0.00000	0.00000	0.00000	0.00000	0.00000	0.00000	0.00000	
30	0.15000	69.68237	-13.71684	0.81385	-0.06116	-0.08297	4.29602	1.06245	0.99719	-0.07491	0.00107	0.07491	0.99719	-0.00145	-0.00096	0.00152	1.00000		0.00000	0.00000	0.00000	0.00000	0.00000	0.00000	-1.00000	0.00000	0.00000	0.00000	0.00000	0.00000	0.00000	0.00000	0.00000	0.00000	
31	0.15500	69.69431	-13.73094	0.82609	-0.05977	-0.07935	4.29460	1.08000	0.99719	-0.07488	0.00104	0.07488	0.99719	-0.00138	-0.00094	0.00146	1.00000		0.00000	0.00000	0.00000	0.00000	0.00000	0.00000	-1.00000	0.00000	0.00000	0.00000	0.00000	0.00000	0.00000	0.00000	0.00000	0.00000	
32	0.16000	69.70767	-13.73232	0.83933	-0.05771	-0.07740	4.29343	1.06981	0.99719	-0.07486	0.00101	0.07486	0.99719	-0.00135	-0.00090	0.00142	1.00000		0.00000	0.00000	0.00000	0.00000	0.00000	0.00000	-1.00000	0.00000	0.00000	0.00000	0.00000	0.00000	0.00000	0.00000	0.00000	0.00000	
33	0.16500	69.73139	-13.69266	0.88624	-0.05290	-0.07291	4.29848	1.07967	0.99719	-0.07495	0.00092	0.07495	0.99719	-0.00127	-0.00083	0.00134	1.00000		0.00000	0.00000	0.00000	0.00000	0.00000	0.00000	-1.00000	0.00000	0.00000	0.00000	0.00000	0.00000	0.00000	0.00000	0.00000	0.00000	
34	0.17000	69.76020	-13.71144	0.89184	-0.05440	-0.07327	4.29283	1.06726	0.99719	-0.07485	0.00095	0.07485	0.99719	-0.00128	-0.00085	0.00135	1.00000		0.00000	0.00000	0.00000	0.00000	0.00000	0.00000	-1.00000	0.00000	0.00000	0.00000	0.00000	0.00000	0.00000	0.00000	0.00000	0.00000	
35	0.17500	69.75782	-13.71534	0.91953	-0.05001	-0.06313	4.29380	1.05274	0.99719	-0.07487	0.00087	0.07487	0.99719	-0.00110	-0.00079	0.00116	1.00000		0.00000	0.00000	0.00000	0.00000	0.00000	0.00000	-1.00000	0.00000	0.00000	0.00000	0.00000	0.00000	0.00000	0.00000	0.00000	0.00000	
36	0.18000	69.75090	-13.70635	0.98055	-0.04400	-0.06840	4.29998	1.07699	0.99718	-0.07498	0.00077	0.07498	0.99718	-0.00119	-0.00068	0.00125	1.00000		0.00000	0.00000	0.00000	0.00000	0.00000	0.00000	-1.00000	0.00000	0.00000	0.00000	0.00000	0.00000	0.00000	0.00000	0.00000	0.00000	
37	0.18500	69.78166	-13.73848	0.97906	-0.04387	-0.06803	4.29125	1.06849	0.99720	-0.07483	0.00077	0.07483	0.99720	-0.00119	-0.00067	0.00124	1.00000		0.00000	0.00000	0.00000	0.00000	0.00000	0.00000	-1.00000	0.00000	0.00000	0.00000	0.00000	0.00000	0.00000	0.00000	0.00000	0.00000	
38	0.19000	69.80212	-13.68048	0.98167	-0.04418	-0.06213	4.30112	1.07094	0.99718	-0.07500	0.00077	0.07500	0.99718	-0.00108	-0.00069	0.00114	1.00000		0.00000	0.00000	0.00000	0.00000	0.00000	0.00000	-1.00000	0.00000	0.00000	0.00000	0.00000	0.00000	0.00000	0.00000	0.00000	0.00000	
39	0.19500	69.79289	-13.70793	1.01333	-0.04053	-0.05774	4.29530	1.05819	0.99719	-0.07490	0.00071	0.07490	0.99719	-0.00101	-0.00063	0.00106	1.00000		0.00000	0.00000	0.00000	0.00000	0.00000	0.00000	-1.00000	0.00000	0.00000	0.00000	0.00000	0.00000	0.00000	0.00000	0.00000	0.00000	
40	0.20000	69.81528	-13.72000	1.05907	-0.03643	-0.06422	4.29504	1.06048	0.99719	-0.07489	0.00064	0.07489	0.99719	-0.00112	-0.00055	0.00117	1.00000		0.00000	0.00000	0.00000	0.00000	0.00000	0.00000	-1.00000	0.00000	0.00000	0.00000	0.00000	0.00000	0.00000	0.00000	0.00000	0.00000	
41	0.20500	69.82456	-13.69450	1.08283	-0.03411	-0.06125	4.30050	1.06528	0.99718	-0.07499	0.00060	0.07499	0.99718	-0.00107	-0.00051	0.00111	1.00000		0.00000	0.00000	0.00000	0.00000	0.00000	0.00000	-1.00000	0.00000	0.00000	0.00000	0.00000	0.00000	0.00000	0.00000	0.00000	0.00000	
42	0.21000	69.82545	-13.72161	1.08939	-0.03419	-0.06073	4.29638	1.04285	0.99719	-0.07492	0.00060	0.07492	0.99719	-0.00106	-0.00052	0.00110	1.00000		0.00000	0.00000	0.00000	0.00000	0.00000	0.00000	-1.00000	0.00000	0.00000	0.00000	0.00000	0.00000	0.00000	0.00000	0.00000	0.00000	
43	0.21500	69.83570	-13.77001	1.11671	-0.03319	-0.06843	4.29167	1.08029	0.99720	-0.07483	0.00058	0.07483	0.99720	-0.00119	-0.00049	0.00123	1.00000		0.00000	0.00000	0.00000	0.00000	0.00000	0.00000	-1.00000	0.00000	0.00000	0.00000	0.00000	0.00000	0.00000	0.00000	0.00000	0.00000	
44	0.22000	69.84670	-13.71575	1.12684	-0.03156	-0.05909	4.29891	1.07498	0.99719	-0.07496	0.00055	0.07496	0.99719	-0.00103	-0.00047	0.00107	1.00000		0.00000	0.00000	0.00000	0.00000	0.00000	0.00000	-1.00000	0.00000	0.00000	0.00000	0.00000	0.00000	0.00000	0.00000	0.00000	0.00000	
45	0.22500	69.84374	-13.73240	1.14292	-0.03004	-0.05511	4.29903	1.06120	0.99719	-0.07496	0.00052	0.07496	0.99719	-0.00096	-0.00045	0.00100	1.00000		0.00000	0.00000	0.00000	0.00000	0.00000	0.00000	-1.00000	0.00000	0.00000	0.00000	0.00000	0.00000	0.00000	0.00000	0.00000	0.00000	
46	0.23000	69.87549	-13.72391	1.15321	-0.02889	-0.04611	4.29465	1.05818	0.99719	-0.07489	0.00050	0.07489	0.99719	-0.00080	-0.00044	0.00084	1.00000		0.00000	0.00000	0.00000	0.00000	0.00000	0.00000	-1.00000	0.00000	0.00000	0.00000	0.00000	0.00000	0.00000	0.00000	0.00000	0.00000	
47	0.23500	69.85516	-13.73279	1.16873	-0.03019	-0.04950	4.29900	1.05023	0.99719	-0.07496	0.00053	0.07496	0.99719	-0.00086	-0.00046	0.00090	1.00000		0.00000	0.00000	0.00000	0.00000	0.00000	0.00000	-1.00000	0.00000	0.00000	0.00000	0.00000	0.00000	0.00000	0.00000	0.00000	0.00000	
48	0.24000	69.87041	-13.76406	1.17779	-0.03204	-0.05374	4.29323	1.05163	0.99719	-0.07486	0.00056	0.07486	0.99719	-0.00094	-0.00049	0.00098	1.00000		0.00000	0.00000	0.00000	0.00000	0.00000	0.00000	-1.00000	0.00000	0.00000	0.00000	0.00000	0.00000	0.00000	0.00000	0.00000	0.00000	
49	0.24500	69.86903	-13.72913	1.18430	-0.02871	-0.04695	4.29839	1.05551	0.99719	-0.07495	0.00050	0.07495	0.99719	-0.00082	-0.00044	0.00085	1.00000		0.00000	0.00000	0.00000	0.00000	0.00000	0.00000	-1.00000	0.00000	0.00000	0.00000	0.00000	0.00000	0.00000	0.00000	0.00000	0.00000	
50	0.25000	69.88432	-13.72652	1.22624	-0.02547	-0.05392	4.29637	1.07004	0.99719	-0.07492	0.00044	0.07492	0.99719	-0.00094	-0.00037	0.00097	1.00000		0.00000	0.00000	0.00000	0.00000	0.00000	0.00000	-1.00000	0.00000	0.00000	0.00000	0.00000	0.00000	0.00000	0.00000	0.00000	0.00000	
51	0.25500	69.87651	-13.74363	1.21544	-0.02786	-0.04156	4.29964	1.05375	0.99719	-0.07497	0.00049	0.07497	0.99719	-0.00073	-0.00043	0.00076	1.00000		0.00000	0.00000	0.00000	0.00000	0.00000	0.00000	-1.00000	0.00000	0.00000	0.00000	0.00000	0.00000	0.00000	0.00000	0.00000	0.00000	
52	0.26000	69.88315	-13.70022	1.23628	-0.02728	-0.04108	4.30035	1.04573	0.99718	-0.07498	0.00048	0.07498	0.99718	-0.00072	-0.00042	0.00075	1.00000		0.00000	0.00000	0.00000	0.00000	0.00000	0.00000	-1.00000	0.00000	0.00000	0.00000	0.00000	0.00000	0.00000	0.00000	0.00000	0.00000	
53	0.26500	69.89360	-13.73629	1.22957	-0.03079	-0.04470	4.29691	1.04146	0.99719	-0.07492	0.00054	0.07492	0.99719	-0.00078	-0.00048	0.00082	1.00000		0.00000	0.00000	0.00000	0.00000	0.00000	0.00000	-1.00000	0.00000	0.00000	0.00000	0.00000	0.00000	0.00000	0.00000	0.00000	0.00000	
54	0.27000	69.88389	-13.75535	1.22742	-0.03257	-0.04071	4.29274	1.04898	0.99719	-0.07485	0.00057	0.07485	0.99719	-0.00071	-0.00051	0.00075	1.00000		0.00000	0.00000	0.00000	0.00000	0.00000	0.00000	-1.00000	0.00000	0.00000	0.00000	0.00000	0.00000	0.00000	0.00000	0.00000	0.00000	
55	0.27500	69.86828	-13.72976	1.24484	-0.03036	-0.04649	4.29848	1.04977	0.99719	-0.07495	0.00053	0.07495	0.99719	-0.00081	-0.00047	0.00085	1.00000		0.00000	0.00000	0.00000	0.00000	0.00000	0.00000	-1.00000	0.00000	0.00000	0.00000	0.00000	0.00000	0.00000	0.00000	0.00000	0.00000	
56	0.28000	69.87151	-13.72938	1.25120	-0.03184	-0.04498	4.29634	1.02757	0.99719	-0.07491	0.00056	0.07492	0.99719	-0.00079	-0.00050	0.00082	1.00000		0.00000	0.00000	0.00000	0.00000	0.00000	0.00000	-1.00000	0.00000	0.00000	0.00000	0.00000	0.00000	0.00000	0.00000	0.00000	0.00000	
57	0.28500	69.87120	-13.73388	1.23215	-0.03085	-0.03417	4.29580	1.05586	0.99719	-0.07491	0.00054	0.07491	0.99719	-0.00060	-0.00049	0.00064	1.00000		0.00000	0.00000	0.00000	0.00000	0.00000	0.00000	-1.00000	0.00000	0.00000	0.00000	0.00000	0.00000	0.00000	0.00000	0.00000	0.00000	
58	0.29000	69.89639	-13.73880	1.24215	-0.03378	-0.04560	4.29473	1.05295	0.99719	-0.07489	0.00059	0.07489	0.99719	-0.00080	-0.00053	0.00084	1.00000		0.00000	0.00000	0.00000	0.00000	0.00000	0.00000	-1.00000	0.00000	0.00000	0.00000	0.00000	0.00000	0.00000	0.00000	0.00000	0.00000	
59	0.29500	69.87538	-13.76494	1.25825	-0.03613	-0.04936	4.28902	1.05883	0.99720	-0.07479	0.00063	0.07479	0.99720	-0.00086	-0.00056	0.00091	1.00000		0.00000	0.00000	0.00000	0.00000	0.00000	0.00000	-1.00000	0.00000	0.00000	0.00000	0.00000	0.00000	0.00000	0.00000	0.00000	0.00000	
60	0.30000	69.87121	-13.75450	1.26240	-0.03536	-0.04877	4.29358	1.05248	0.99719	-0.07487	0.00062	0.07487	0.99719	-0.00085	-0.00055	0.00090	1.00000		0.00000	0.00000	0.00000	0.00000	0.00000	0.00000	-1.00000	0.00000	0.00000	0.00000	0.00000	0.00000	0.00000	0.00000	0.00000	0.00000	
61	0.30500	69.88463	-13.72332	1.24614	-0.03834	-0.03539	4.29621	1.06110	0.99719	-0.07491	0.00067	0.07491	0.99719	-0.00062	-0.00062	0.00067	1.00000		0.00000	0.00000	0.00000	0.00000	0.00000	0.00000	-1.00000	0.00000	0.00000	0.00000	0.00000	0.00000	0.00000	0.00000	0.00000	0.00000	
62	0.31000	69.87234	-13.71891	1.22034	-0.04291	-0.04926	4.29750	1.05093	0.99719	-0.07493	0.00075	0.07494	0.99719	-0.00086	-0.00068	0.00091	1.00000		0.00000	0.00000	0.00000	0.00000	0.00000	0.00000	-1.00000	0.00000	0.00000	0.00000	0.00000	0.00000	0.00000	0.00000	0.00000	0.00000	
63	0.31500	69.85818	-13.74829	1.20351	-0.04846	-0.04523	4.29527	1.05947	0.99719	-0.07490	0.00085	0.07490	0.99719	-0.00079	-0.00078	0.00085	1.00000		0.00000	0.00000	0.00000	0.00000	0.00000	0.00000	-1.00000	0.00000	0.00000	0.00000	0.00000	0.00000	0.00000	0.00000	0.00000	0.00000	
64	0.32000	69.86528	-13.71226	1.19431	-0.04538	-0.04369	4.29467	1.05544	0.99719	-0.07489	0.00079	0.07489	0.99719	-0.00076	-0.00073	0.00082	1.00000		0.00000	0.00000	0.00000	0.00000	0.00000	0.00000	-1.00000	0.00000	0.00000	0.00000	0.00000	0.00000	0.00000	0.00000	0.00000	0.00000	
65	0.32500	69.86765	-13.71305	1.19677	-0.04854	-0.04402	4.29304	1.05285	0.99719	-0.07486	0.00085	0.07486	0.99719	-0.00077	-0.00079	0.00083	1.00000		0.00000	0.00000	0.00000	0.00000	0.00000	0.00000	-1.00000	0.00000	0.00000	0.00000	0.00000	0.00000	0.00000	0.00000	0.00000	0.00000	
66	0.33000	69.83878	-13.69135	1.20155	-0.04879	-0.04336	4.29896	1.05463	0.99719	-0.07496	0.00085	0.07496	0.99719	-0.00076	-0.00079	0.00082	1.00000		0.00000	0.00000	0.00000	0.00000	0.00000	0.00000	-1.00000	0.00000	0.00000	0.00000	0.00000	0.00000	0.00000	0.00000	0.00000	0.00000	
67	0.33500	69.83984	-13.72371	1.19028	-0.05351	-0.05229	4.29421	1.07123	0.99719	-0.07488	0.00093	0.07488	0.99719	-0.00091	-0.00086	0.00098	1.00000		0.00000	0.00000	0.00000	0.00000	0.00000	0.00000	-1.00000	0.00000	0.00000	0.00000	0.00000	0.00000	0.00000	0.00000	0.00000	0.00000	
68	0.34000	69.83370	-13.69036	1.18016	-0.05565	-0.04799	4.29405	1.04106	0.99719	-0.07487	0.00097	0.07488	0.99719	-0.00084	-0.00091	0.00091	1.00000		0.00000	0.00000	0.00000	0.00000	0.00000	0.00000	-1.00000	0.00000	0.00000	0.00000	0.00000	0.00000	0.00000	0.00000	0.00000	0.00000	
69	0.34500	69.84921	-13.72969	1.13843	-0.06353	-0.05657	4.28710	1.03296	0.99720	-0.07475	0.00111	0.07475	0.99720	-0.00099	-0.00103	0.00107	1.00000		0.00000	0.00000	0.00000	0.00000	0.00000	0.00000	-1.00000	0.00000	0.00000	0.00000	0.00000	0.00000	0.00000	0.00000	0.00000	0.00000	
70	0.35000	69.83531	-13.66555	1.13284	-0.06527	-0.04857	4.29616	1.05429	0.99719	-0.07491	0.00114	0.07491	0.99719	-0.00085	-0.00107	0.00093	1.00000		0.00000	0.00000	0.00000	0.00000	0.00000	0.00000	-1.00000	0.00000	0.00000	0.00000	0.00000	0.00000	0.00000	0.00000	0.00000	0.00000	
71	0.35500	69.81029	-13.67023	1.12845	-0.06276	-0.04532	4.29621	1.04890	0.99719	-0.07491	0.00110	0.07491	0.99719	-0.00079	-0.00103	0.00087	1.00000		0.00000	0.00000	0.00000	0.00000	0.00000	0.00000	-1.00000	0.00000	0.00000	0.00000	0.00000	0.00000	0.00000	0.00000	0.00000	0.00000	
72	0.36000	69.81066	-13.66714	1.09733	-0.07045	-0.04744	4.29653	1.04093	0.99719	-0.07492	0.00123	0.07492	0.99719	-0.00083	-0.00116	0.00092	1.00000		0.00000	0.00000	0.00000	0.00000	0.00000	0.00000	-1.00000	0.00000	0.00000	0.00000	0.00000	0.00000	0.00000	0.00000	0.00000	0.00000	
73	0.36500	69.80270	-13.66438	1.09693	-0.07247	-0.04838	4.29402	1.02150	0.99719	-0.07487	0.00126	0.07487	0.99719	-0.00084	-0.00120	0.00094	1.00000		0.00000	0.00000	0.00000	0.00000	0.00000	0.00000	-1.00000	0.00000	0.00000	0.00000	0.00000	0.00000	0.00000	0.00000	0.00000	0.00000	
74	0.37000	69.79273	-13.68828	1.06804	-0.07800	-0.05805	4.28979	1.04023	0.99720	-0.07480	0.00136	0.07480	0.99720	-0.00101	-0.00128	0.00111	1.00000		0.00000	0.00000	0.00000	0.00000	0.00000	0.00000	-1.00000	0.00000	0.00000	0.00000	0.00000	0.00000	0.00000	0.00000	0.00000	0.00000	
75	0.37500	69.77880	-13.71910	1.03999	-0.08230	-0.06472	4.28740	1.03005	0.99720	-0.07476	0.00144	0.07476	0.99720	-0.00113	-0.00135	0.00123	1.00000		0.00000	0.00000	0.00000	0.00000	0.00000	0.00000	-1.00000	0.00000	0.00000	0.00000	0.00000	0.00000	0.00000	0.00000	0.00000	0.00000	
76	0.38000	69.75866	-13.67768	1.02604	-0.08260	-0.05807	4.28957	1.04868	0.99720	-0.07480	0.00144	0.07480	0.99720	-0.00101	-0.00136	0.00112	1.00000		0.00000	0.00000	0.00000	0.00000	0.00000	0.00000	-1.00000	0.00000	0.00000	0.00000	0.00000	0.00000	0.00000	0.00000	0.00000	0.00000	
77	0.38500	69.77690	-13.69737	0.98984	-0.09140	-0.06362	4.28303	1.02477	0.99721	-0.07468	0.00160	0.07468	0.99721	-0.00111	-0.00151	0.00123	1.00000		0.00000	0.00000	0.00000	0.00000	0.00000	0.00000	-1.00000	0.00000	0.00000	0.00000	0.00000	0.00000	0.00000	0.00000	0.00000	0.00000	
78	0.39000	69.76280	-13.69454	0.94925	-0.09755	-0.06031	4.28489	1.04015	0.99720	-0.07471	0.00170	0.07472	0.99720	-0.00105	-0.00162	0.00118	1.00000		0.00000	0.00000	0.00000	0.00000	0.00000	0.00000	-1.00000	0.00000	0.00000	0.00000	0.00000	0.00000	0.00000	0.00000	0.00000	0.00000	
79	0.39500	69.73880	-13.63453	0.94348	-0.09646	-0.06389	4.29225	1.04212	0.99719	-0.07484	0.00168	0.07484	0.99719	-0.00112	-0.00160	0.00124	1.00000		0.00000	0.00000	0.00000	0.00000	0.00000	0.00000	-1.00000	0.00000	0.00000	0.00000	0.00000	0.00000	0.00000	0.00000	0.00000	0.00000	
80	0.40000	69.72338	-13.66312	0.92446	-0.09850	-0.07054	4.29151	1.04649	0.99719	-0.07483	0.00172	0.07483	0.99720	-0.00123	-0.00162	0.00136	1.00000		0.00000	0.00000	0.00000	0.00000	0.00000	0.00000	-1.00000	0.00000	0.00000	0.00000	0.00000	0.00000	0.00000	0.00000	0.00000	0.00000	
81	0.40500	69.71916	-13.68183	0.92734	-0.10094	-0.06826	4.28328	1.06131	0.99721	-0.07469	0.00176	0.07469	0.99721	-0.00119	-0.00167	0.00132	1.00000		0.00000	0.00000	0.00000	0.00000	0.00000	0.00000	-1.00000	0.00000	0.00000	0.00000	0.00000	0.00000	0.00000	0.00000	0.00000	0.00000	
82	0.41000	69.72318	-13.61521	0.92061	-0.10539	-0.07520	4.28889	1.05257	0.99720	-0.07478	0.00184	0.07479	0.99720	-0.00131	-0.00174	0.00145	1.00000		0.00000	0.00000	0.00000	0.00000	0.00000	0.00000	-1.00000	0.00000	0.00000	0.00000	0.00000	0.00000	0.00000	0.00000	0.00000	0.00000	
83	0.41500	69.69923	-13.62183	0.86190	-0.11116	-0.06833	4.28803	1.03927	0.99720	-0.07477	0.00194	0.07477	0.99720	-0.00119	-0.00185	0.00133	1.00000		0.00000	0.00000	0.00000	0.00000	0.00000	0.00000	-1.00000	0.00000	0.00000	0.00000	0.00000	0.00000	0.00000	0.00000	0.00000	0.00000	
84	0.42000	69.70525	-13.57161	0.86371	-0.11313	-0.07455	4.29012	1.05517	0.99720	-0.07480	0.00197	0.07481	0.99720	-0.00130	-0.00187	0.00145	1.00000		0.00000	0.00000	0.00000	0.00000	0.00000	0.00000	-1.00000	0.00000	0.00000	0.00000	0.00000	0.00000	0.00000	0.00000	0.00000	0.00000	
85	0.42500	69.67809	-13.63425	0.82077	-0.11857	-0.08013	4.28477	1.04542	0.99720	-0.07471	0.00207	0.07471	0.99720	-0.00140	-0.00196	0.00155	1.00000		0.00000	0.00000	0.00000	0.00000	0.00000	0.00000	-1.00000	0.00000	0.00000	0.00000	0.00000	0.00000	0.00000	0.00000	0.00000	0.00000	
86	0.43000	69.66625	-13.62461	0.77459	-0.12421	-0.08028	4.28593	1.05875	0.99720	-0.07473	0.00217	0.07473	0.99720	-0.00140	-0.00206	0.00156	1.00000		0.00000	0.00000	0.00000	0.00000	0.00000	0.00000	-1.00000	0.00000	0.00000	0.00000	0.00000	0.00000	0.00000	0.00000	0.00000	0.00000	
87	0.43500	69.68526	-13.58182	0.76631	-0.12851	-0.09050	4.28652	1.04941	0.99720	-0.07474	0.00224	0.07474	0.99720	-0.00158	-0.00212	0.00174	1.00000		0.00000	0.00000	0.00000	0.00000	0.00000	0.00000	-1.00000	0.00000	0.00000	0.00000	0.00000	0.00000	0.00000	0.00000	0.00000	0.00000	
88	0.44000	69.66275	-13.57179	0.75890	-0.13202	-0.08629	4.28674	1.02523	0.99720	-0.07474	0.00230	0.07475	0.99720	-0.00151	-0.00219	0.00167	1.00000		0.00000	0.00000	0.00000	0.00000	0.00000	0.00000	-1.00000	0.00000	0.00000	0.00000	0.00000	0.00000	0.00000	0.00000	0.00000	0.00000	
89	0.44500	69.66582	-13.56384	0.71107	-0.13655	-0.08441	4.28558	1.03899	0.99720	-0.07472	0.00238	0.07473	0.99720	-0.00147	-0.00227	0.00165	1.00000		0.00000	0.00000	0.00000	0.00000	0.00000	0.00000	-1.00000	0.00000	0.00000	0.00000	0.00000	0.00000	0.00000	0.00000	0.00000	0.00000	
90	0.45000	69.64235	-13.56421	0.73978	-0.13542	-0.09527	4.28530	1.04906	0.99720	-0.07472	0.00236	0.07472	0.99720	-0.00166	-0.00223	0.00183	1.00000		0.00000	0.00000	0.00000	0.00000	0.00000	0.00000	-1.00000	0.00000	0.00000	0.00000	0.00000	0.00000	0.00000	0.00000	0.00000	0.00000	
91	0.45500	69.63311	-13.57921	0.68820	-0.14093	-0.09313	4.28146	1.04376	0.99721	-0.07465	0.00246	0.07466	0.99721	-0.00163	-0.00233	0.00180	1.00000		0.00000	0.00000	0.00000	0.00000	0.00000	0.00000	-1.00000	0.00000	0.00000	0.00000	0.00000	0.00000	0.00000	0.00000	0.00000	0.00000	
92	0.46000	69.62201	-13.57077	0.68572	-0.14577	-0.09729	4.28191	1.03343	0.99721	-0.07466	0.00254	0.07466	0.99721	-0.00170	-0.00241	0.00188	1.00000		0.00000	0.00000	0.00000	0.00000	0.00000	0.00000	-1.00000	0.00000	0.00000	0.00000	0.00000	0.00000	0.00000	0.00000	0.00000	0.00000	
93	0.46500	69.62922	-13.53281	0.66066	-0.15124	-0.10683	4.28181	1.05634	0.99721	-0.07466	0.00264	0.07466	0.99721	-0.00186	-0.00249	0.00206	0.99999		0.00000	0.00000	0.00000	0.00000	0.00000	0.00000	-1.00000	0.00000	0.00000	0.00000	0.00000	0.00000	0.00000	0.00000	0.00000	0.00000	
94	0.47000	69.62903	-13.53914	0.66175	-0.14925	-0.10723	4.28103	1.05850	0.99721	-0.07464	0.00260	0.07465	0.99721	-0.00187	-0.00246	0.00206	0.99999		0.00000	0.00000	0.00000	0.00000	0.00000	0.00000	-1.00000	0.00000	0.00000	0.00000	0.00000	0.00000	0.00000	0.00000	0.00000	0.00000	
95	0.47500	69.60362	-13.55237	0.61999	-0.15425	-0.10811	4.28031	1.04303	0.99721	-0.07463	0.00269	0.07464	0.99721	-0.00189	-0.00254	0.00208	0.99999		0.00000	0.00000	0.00000	0.00000	0.00000	0.00000	-1.00000	0.00000	0.00000	0.00000	0.00000	0.00000	0.00000	0.00000	0.00000	0.00000	
96	0.48000	69.60026	-13.51943	0.59670	-0.15763	-0.11768	4.27890	1.03144	0.99721	-0.07461	0.00275	0.07461	0.99721	-0.00205	-0.00259	0.00225	0.99999		0.00000	0.00000	0.00000	0.00000	0.00000	0.00000	-1.00000	0.00000	0.00000	0.00000	0.00000	0.00000	0.00000	0.00000	0.00000	0.00000	
97	0.48500	69.61068	-13.52956	0.60113	-0.15954	-0.12039	4.27919	1.04409	0.99721	-0.07461	0.00278	0.07462	0.99721	-0.00210	-0.00262	0.00230	0.99999		0.00000	0.00000	0.00000	0.00000	0.00000	0.00000	-1.00000	0.00000	0.00000	0.00000	0.00000	0.00000	0.00000	0.00000	0.00000	0.00000	
98	0.49000	69.60766	-13.47150	0.55713	-0.16354	-0.11305	4.27984	1.03483	0.99721	-0.07462	0.00285	0.07463	0.99721	-0.00197	-0.00270	0.00218	0.99999		0.00000	0.00000	0.00000	0.00000	0.00000	0.00000	-1.00000	0.00000	0.00000	0.00000	0.00000	0.00000	0.00000	0.00000	0.00000	0.00000	
99	0.49500	69.57534	-13.44637	0.54566	-0.16482	-0.11836	4.28900	1.03873	0.99720	-0.07478	0.00288	0.07479	0.99720	-0.00207	-0.00271	0.00228	0.99999		0.00000	0.00000	0.00000	0.00000	0.00000	0.00000	-1.00000	0.00000	0.00000	0.00000	0.00000	0.00000	0.00000	0.00000	0.00000	0.00000	
100	0.50000	69.59269	-13.42998	0.52538	-0.16743	-0.11852	4.28730	1.06604	0.99720	-0.07475	0.00292	0.07476	0.99720	-0.00207	-0.00276	0.00228	0.99999		0.00000	0.00000	0.00000	0.00000	0.00000	0.00000	-1.00000	0.00000	0.00000	0.00000	0.00000	0.00000	0.00000	0.00000	0.00000	0.00000	
101	0.50500	69.58297	-13.46851	0.52064	-0.17017	-0.12941	4.28122	1.05694	0.99721	-0.07464	0.00297	0.07465	0.99721	-0.00226	-0.00279	0.00247	0.99999		0.00000	0.00000	0.00000	0.00000	0.00000	0.00000	-1.00000	0.00000	0.00000	0.00000	0.00000	0.00000	0.00000	0.00000	0.00000	0.00000	
102	0.51000	69.57382	-13.45316	0.48522	-0.17541	-0.12877	4.28099	1.05296	0.99721	-0.07464	0.00306	0.07465	0.99721	-0.00225	-0.00289	0.00247	0.99999		0.00000	0.00000	0.00000	0.00000	0.00000	0.00000	-1.00000	0.00000	0.00000	0.00000	0.00000	0.00000	0.00000	0.00000	0.00000	0.00000	
103	0.51500	69.57192	-13.44332	0.47460	-0.17472	-0.13200	4.28387	1.05674	0.99720	-0.07469	0.00305	0.07470	0.99720	-0.00230	-0.00287	0.00253	0.99999		0.00000	0.00000	0.00000	0.00000	0.00000	0.00000	-1.00000	0.00000	0.00000	0.00000	0.00000	0.00000	0.00000	0.00000	0.00000	0.00000	
104	0.52000	69.57996	-13.44193	0.47464	-0.17515	-0.13397	4.27835	1.03658	0.99721	-0.07459	0.00306	0.07460	0.99721	-0.00234	-0.00287	0.00256	0.99999		0.00000	0.00000	0.00000	0.00000	0.00000	0.00000	-1.00000	0.00000	0.00000	0.00000	0.00000	0.00000	0.00000	0.00000	0.00000	0.00000	
105	0.52500	69.57952	-13.44306	0.45523	-0.17815	-0.13607	4.27876	1.05333	0.99721	-0.07460	0.00311	0.07461	0.99721	-0.00237	-0.00292	0.00260	0.99999		0.00000	0.00000	0.00000	0.00000	0.00000	0.00000	-1.00000	0.00000	0.00000	0.00000	0.00000	0.00000	0.00000	0.00000	0.00000	0.00000	
106	0.53000	69.58569	-13.40423	0.43724	-0.18178	-0.13197	4.27935	1.04200	0.99721	-0.07461	0.00317	0.07462	0.99721	-0.00230	-0.00299	0.00253	0.99999		0.00000	0.00000	0.00000	0.00000	0.00000	0.00000	-1.00000	0.00000	0.00000	0.00000	0.00000	0.00000	0.00000	0.00000	0.00000	0.00000	
107	0.53500	69.58478	-13.42583	0.43636	-0.18225	-0.14126	4.27728	1.05489	0.99721	-0.07458	0.00318	0.07458	0.99721	-0.00247	-0.00299	0.00270	0.99999		0.00000	0.00000	0.00000	0.00000	0.00000	0.00000	-1.00000	0.00000	0.00000	0.00000	0.00000	0.00000	0.00000	0.00000	0.00000	0.00000	
108	0.54000	69.57377	-13.37041	0.43601	-0.18256	-0.14291	4.28366	1.04891	0.99720	-0.07469	0.00319	0.07469	0.99720	-0.00249	-0.00299	0.00273	0.99999		0.00000	0.00000	0.00000	0.00000	0.00000	0.00000	-1.00000	0.00000	0.00000	0.00000	0.00000	0.00000	0.00000	0.00000	0.00000	0.00000	
109	0.54500	69.56069	-13.36903	0.43840	-0.18532	-0.14620	4.28472	1.05326	0.99720	-0.07470	0.00323	0.07471	0.99720	-0.00255	-0.00303	0.00279	0.99999		0.00000	0.00000	0.00000	0.00000	0.00000	0.00000	-1.00000	0.00000	0.00000	0.00000	0.00000	0.00000	0.00000	0.00000	0.00000	0.00000	
110	0.55000	69.58818	-13.33093	0.40439	-0.18589	-0.13990	4.28709	1.06306	0.99720	-0.07475	0.00324	0.07475	0.99720	-0.00244	-0.00305	0.00268	0.99999		0.00000	0.00000	0.00000	0.00000	0.00000	0.00000	-1.00000	0.00000	0.00000	0.00000	0.00000	0.00000	0.00000	0.00000	0.00000	0.00000	
111	0.55500	69.56543	-13.36841	0.39667	-0.18775	-0.14850	4.28135	1.05134	0.99720	-0.07465	0.00328	0.07465	0.99721	-0.00259	-0.00307	0.00283	0.99999		0.00000	0.00000	0.00000	0.00000	0.00000	0.00000	-1.00000	0.00000	0.00000	0.00000	0.00000	0.00000	0.00000	0.00000	0.00000	0.00000	
112	0.56000	69.57736	-13.39338	0.37997	-0.18909	-0.14517	4.27846	1.05625	0.99721	-0.07460	0.00330	0.07460	0.99721	-0.00253	-0.00310	0.00277	0.99999		0.00000	0.00000	0.00000	0.00000	0.00000	0.00000	-1.00000	0.00000	0.00000	0.00000	0.00000	0.00000	0.00000	0.00000	0.00000	0.00000	
113	0.56500	69.57824	-13.35233	0.38955	-0.18777	-0.15272	4.28320	1.05639	0.99720	-0.07468	0.00328	0.07469	0.99720	-0.00267	-0.00307	0.00290	0.99999		0.00000	0.00000	0.00000	0.00000	0.00000	0.00000	-1.00000	0.00000	0.00000	0.00000	0.00000	0.00000	0.00000	0.00000	0.00000	0.00000	
114	0.57000	69.58402	-13.36378	0.36820	-0.19308	-0.15385	4.27782	1.05311	0.99721	-0.07458	0.00337	0.07459	0.99721	-0.00269	-0.00316	0.00293	0.99999		0.00000	0.00000	0.00000	0.00000	0.00000	0.00000	-1.00000	0.00000	0.00000	0.00000	0.00000	0.00000	0.00000	0.00000	0.00000	0.00000	
115	0.57500	69.59724	-13.35650	0.36082	-0.19169	-0.16194	4.27827	1.05958	0.99721	-0.07459	0.00335	0.07460	0.99721	-0.00283	-0.00313	0.00307	0.99999		0.00000	0.00000	0.00000	0.00000	0.00000	0.00000	-1.00000	0.00000	0.00000	0.00000	0.00000	0.00000	0.00000	0.00000	0.00000	0.00000	
116	0.58000	69.59481	-13.33756	0.37390	-0.18890	-0.15765	4.28212	1.06770	0.99720	-0.07466	0.00330	0.07467	0.99720	-0.00275	-0.00308	0.00299	0.99999		0.00000	0.00000	0.00000	0.00000	0.00000	0.00000	-1.00000	0.00000	0.00000	0.00000	0.00000	0.00000	0.00000	0.00000	0.00000	0.00000	
117	0.58500	69.59523	-13.33951	0.36779	-0.19260	-0.15629	4.28166	1.07660	0.99720	-0.07465	0.00336	0.07466	0.99721	-0.00273	-0.00315	0.00297	0.99999		0.00000	0.00000	0.00000	0.00000	0.00000	0.00000	-1.00000	0.00000	0.00000	0.00000	0.00000	0.00000	0.00000	0.00000	0.00000	0.00000	
118	0.59000	69.61165	-13.34010	0.39765	-0.19018	-0.16682	4.27859	1.07131	0.99721	-0.07460	0.00332	0.07461	0.99721	-0.00291	-0.00309	0.00315	0.99999		0.00000	0.00000	0.00000	0.00000	0.00000	0.00000	-1.00000	0.00000	0.00000	0.00000	0.00000	0.00000	0.00000	0.00000	0.00000	0.00000	
119	0.59500	69.61188	-13.34947	0.35125	-0.19450	-0.16629	4.27752	1.07352	0.99721	-0.07458	0.00339	0.07459	0.99721	-0.00290	-0.00317	0.00315	0.99999		0.00000	0.00000	0.00000	0.00000	0.00000	0.00000	-1.00000	0.00000	0.00000	0.00000	0.00000	0.00000	0.00000	0.00000	0.00000	0.00000	
120	0.60000	69.62455	-13.30454	0.37383	-0.19142	-0.16757	4.28265	1.05163	0.99720	-0.07467	0.00334	0.07468	0.99720	-0.00292	-0.00311	0.00317	0.99999		0.00000	0.00000	0.00000	0.00000	0.00000	0.00000	-1.00000	0.00000	0.00000	0.00000	0.00000	0.00000	0.00000	0.00000	0.00000	0.00000	
121	0.60500	69.63734	-13.33542	0.35065	-0.19282	-0.16751	4.27876	1.06247	0.99721	-0.07460	0.00337	0.07461	0.99721	-0.00292	-0.00314	0.00317	0.99999		0.00000	0.00000	0.00000	0.00000	0.00000	0.00000	-1.00000	0.00000	0.00000	0.00000	0.00000	0.00000	0.00000	0.00000	0.00000	0.00000	
122	0.61000	69.63681	-13.30979	0.37864	-0.18846	-0.16813	4.28187	1.05567	0.99720	-0.07465	0.00329	0.07466	0.99720	-0.00293	-0.00306	0.00317	0.99999		0.00000	0.00000	0.00000	0.00000	0.00000	0.00000	-1.00000	0.00000	0.00000	0.00000	0.00000	0.00000	0.00000	0.00000	0.00000	0.00000	
123	0.61500	69.63603	-13.31119	0.34396	-0.19173	-0.15939	4.28206	1.06266	0.99720	-0.07466	0.00335	0.07467	0.99720	-0.00278	-0.00313	0.00302	0.99999		0.00000	0.00000	0.00000	0.00000	0.00000	0.00000	-1.00000	0.00000	0.00000	0.00000	0.00000	0.00000	0.00000	0.00000	0.00000	0.00000	
124	0.62000	69.64755	-13.34066	0.38804	-0.18614	-0.16632	4.27893	1.05947	0.99721	-0.07460	0.00325	0.07461	0.99721	-0.00290	-0.00302	0.00314	0.99999		0.00000	0.00000	0.00000	0.00000	0.00000	0.00000	-1.00000	0.00000	0.00000	0.00000	0.00000	0.00000	0.00000	0.00000	0.00000	0.00000	
125	0.62500	69.66318	-13.31271	0.36715	-0.18823	-0.16694	4.28035	1.07523	0.99721	-0.07463	0.00329	0.07464	0.99721	-0.00291	-0.00306	0.00315	0.99999		0.00000	0.00000	0.00000	0.00000	0.00000	0.00000	-1.00000	0.00000	0.00000	0.00000	0.00000	0.00000	0.00000	0.00000	0.00000	0.00000	
126	0.63000	69.66026	-13.27780	0.38892	-0.18608	-0.16439	4.28652	1.07118	0.99720	-0.07473	0.00325	0.07474	0.99720	-0.00287	-0.00302	0.00310	0.99999		0.00000	0.00000	0.00000	0.00000	0.00000	0.00000	-1.00000	0.00000	0.00000	0.00000	0.00000	0.00000	0.00000	0.00000	0.00000	0.00000	
127	0.63500	69.68992	-13.32349	0.36958	-0.18764	-0.16278	4.27689	1.05655	0.99721	-0.07457	0.00327	0.07458	0.99721	-0.00284	-0.00305	0.00308	0.99999		0.00000	0.00000	0.00000	0.00000	0.00000	0.00000	-1.00000	0.00000	0.00000	0.00000	0.00000	0.00000	0.00000	0.00000	0.00000	0.00000	
128	0.64000	69.68406	-13.32080	0.40239	-0.18336	-0.16206	4.28103	1.05918	0.99721	-0.07464	0.00320	0.07465	0.99721	-0.00283	-0.00298	0.00306	0.99999		0.00000	0.00000	0.00000	0.00000	0.00000	0.00000	-1.00000	0.00000	0.00000	0.00000	0.00000	0.00000	0.00000	0.00000	0.00000	0.00000	
129	0.64500	69.70184	-13.32428	0.38599	-0.18498	-0.17093	4.27691	1.05356	0.99721	-0.07457	0.00323	0.07458	0.99721	-0.00298	-0.00300	0.00322	0.99999		0.00000	0.00000	0.00000	0.00000	0.00000	0.00000	-1.00000	0.00000	0.00000	0.00000	0.00000	0.00000	0.00000	0.00000	0.00000	0.00000	
130	0.65000	69.72407	-13.29420	0.40639	-0.18258	-0.16070	4.28166	1.06140	0.99720	-0.07465	0.00319	0.07466	0.99721	-0.00280	-0.00297	0.00303	0.99999		0.00000	0.00000	0.00000	0.00000	0.00000	0.00000	-1.00000	0.00000	0.00000	0.00000	0.00000	0.00000	0.00000	0.00000	0.00000	0.00000	
131	0.65500	69.72753	-13.31013	0.39040	-0.18285	-0.16456	4.27732	1.07659	0.99721	-0.07457	0.00319	0.07458	0.99721	-0.00287	-0.00297	0.00310	0.99999		0.00000	0.00000	0.00000	0.00000	0.00000	0.00000	-1.00000	0.00000	0.00000	0.00000	0.00000	0.00000	0.00000	0.00000	0.00000	0.00000	
132	0.66000	69.73762	-13.33360	0.39407	-0.18092	-0.16382	4.27580	1.06767	0.99721	-0.07455	0.00316	0.07456	0.99721	-0.00286	-0.00294	0.00309	0.99999		0.00000	0.00000	0.00000	0.00000	0.00000	0.00000	-1.00000	0.00000	0.00000	0.00000	0.00000	0.00000	0.00000	0.00000	0.00000	0.00000	
133	0.66500	69.74568	-13.28606	0.44288	-0.17327	-0.16371	4.28461	1.05307	0.99720	-0.07470	0.00302	0.07471	0.99720	-0.00286	-0.00280	0.00308	0.99999		0.00000	0.00000	0.00000	0.00000	0.00000	0.00000	-1.00000	0.00000	0.00000	0.00000	0.00000	0.00000	0.00000	0.00000	0.00000	0.00000	
134	0.67000	69.76209	-13.31239	0.43095	-0.17737	-0.16535	4.27834	1.06295	0.99721	-0.07459	0.00310	0.07460	0.99721	-0.00289	-0.00287	0.00311	0.99999		0.00000	0.00000	0.00000	0.00000	0.00000	0.00000	-1.00000	0.00000	0.00000	0.00000	0.00000	0.00000	0.00000	0.00000	0.00000	0.00000	
135	0.67500	69.78263	-13.29444	0.44926	-0.17639	-0.16454	4.28333	1.06283	0.99720	-0.07468	0.00308	0.07469	0.99720	-0.00287	-0.00286	0.00309	0.99999		0.00000	0.00000	0.00000	0.00000	0.00000	0.00000	-1.00000	0.00000	0.00000	0.00000	0.00000	0.00000	0.00000	0.00000	0.00000	0.00000	
136	0.68000	69.76781	-13.33480	0.47001	-0.17135	-0.16806	4.27992	1.07653	0.99721	-0.07462	0.00299	0.07463	0.99721	-0.00293	-0.00276	0.00315	0.99999		0.00000	0.00000	0.00000	0.00000	0.00000	0.00000	-1.00000	0.00000	0.00000	0.00000	0.00000	0.00000	0.00000	0.00000	0.00000	0.00000	
137	0.68500	69.80730	-13.31525	0.47961	-0.16698	-0.16072	4.27993	1.05788	0.99721	-0.07462	0.00291	0.07463	0.99721	-0.00281	-0.00270	0.00301	0.99999		0.00000	0.00000	0.00000	0.00000	0.00000	0.00000	-1.00000	0.00000	0.00000	0.00000	0.00000	0.00000	0.00000	0.00000	0.00000	0.00000	
138	0.69000	69.81776	-13.31924	0.48283	-0.16668	-0.16055	4.28056	1.04325	0.99721	-0.07463	0.00291	0.07464	0.99721	-0.00280	-0.00269	0.00301	0.99999		0.00000	0.00000	0.00000	0.00000	0.00000	0.00000	-1.00000	0.00000	0.00000	0.00000	0.00000	0.00000	0.00000	0.00000	0.00000	0.00000	
139	0.69500	69.79915	-13.34511	0.47978	-0.16505	-0.15894	4.28164	1.06136	0.99721	-0.07465	0.00288	0.07466	0.99721	-0.00277	-0.00267	0.00298	0.99999		0.00000	0.00000	0.00000	0.00000	0.00000	0.00000	-1.00000	0.00000	0.00000	0.00000	0.00000	0.00000	0.00000	0.00000	0.00000	0.00000	
140	0.70000	69.85264	-13.33105	0.49713	-0.16375	-0.15776	4.27997	1.05421	0.99721	-0.07462	0.00286	0.07463	0.99721	-0.00275	-0.00264	0.00296	0.99999		0.00000	0.00000	0.00000	0.00000	0.00000	0.00000	-1.00000	0.00000	0.00000	0.00000	0.00000	0.00000	0.00000	0.00000	0.00000	0.00000	
141	0.70500	69.83632	-13.33994	0.52610	-0.15931	-0.14993	4.28136	1.07811	0.99721	-0.07465	0.00278	0.07465	0.99721	-0.00262	-0.00258	0.00282	0.99999		0.00000	0.00000	0.00000	0.00000	0.00000	0.00000	-1.00000	0.00000	0.00000	0.00000	0.00000	0.00000	0.00000	0.00000	0.00000	0.00000	
