NO_OF_FRAMES	12045
NO_OF_CAMERAS	8
NO_OF_BODIES	2
FREQUENCY	200
NO_OF_ANALOG	0
ANALOG_FREQUENCY	0
DESCRIPTION	--
TIME_STAMP	2013-07-02, 15:40:42	3295540.06893052
DATA_INCLUDED	6D
BODY_NAMES	Ice 1	New Body #2
Frame	Time	Ice 1 X	Y	Z	Roll	Pitch	Yaw	Residual	Rot[0]	Rot[1]	Rot[2]	Rot[3]	Rot[4]	Rot[5]	Rot[6]	Rot[7]	Rot[8]	New Body #2 X	Y	Z	Roll	Pitch	Yaw	Residual	Rot[0]	Rot[1]	Rot[2]	Rot[3]	Rot[4]	Rot[5]	Rot[6]	Rot[7]	Rot[8]	
1	0.00500	-366.58236	628.36739	-1.67329	-0.12304	0.04051	1.35408	1.05946	0.99972	-0.02363	-0.00071	0.02363	0.99972	-0.00215	0.00076	0.00213	1.00000		-2145.69470	-1221.78733	772.59813	0.44354	-0.06018	-0.75493	0.17293	0.99991	0.01318	0.00105	-0.01318	0.99988	0.00774	-0.00095	-0.00775	0.99997	
2	0.01000	-366.67427	628.39288	-1.67893	-0.11313	0.05511	1.35579	1.04278	0.99972	-0.02366	-0.00096	0.02366	0.99972	-0.00197	0.00101	0.00195	1.00000		-2145.72013	-1221.78320	772.58115	0.43833	-0.05329	-0.75455	0.17380	0.99991	0.01317	0.00093	-0.01318	0.99988	0.00765	-0.00083	-0.00766	0.99997	
3	0.01500	-366.66770	628.42622	-1.68237	-0.09995	0.05493	1.35433	1.05036	0.99972	-0.02364	-0.00096	0.02363	0.99972	-0.00174	0.00100	0.00172	1.00000		-2145.71660	-1221.80314	772.57288	0.43047	-0.05602	-0.75499	0.15021	0.99991	0.01318	0.00098	-0.01318	0.99988	0.00751	-0.00088	-0.00753	0.99997	
4	0.02000	-366.68676	628.42655	-1.67480	-0.09093	0.05964	1.35118	1.04647	0.99972	-0.02358	-0.00104	0.02358	0.99972	-0.00159	0.00108	0.00156	1.00000		-2145.71259	-1221.81966	772.58172	0.42047	-0.05583	-0.75736	0.16284	0.99991	0.01322	0.00097	-0.01322	0.99989	0.00734	-0.00088	-0.00735	0.99997	
5	0.02500	-366.67004	628.47611	-1.65366	-0.07515	0.05502	1.35072	1.03034	0.99972	-0.02357	-0.00096	0.02357	0.99972	-0.00131	0.00099	0.00129	1.00000		-2145.72082	-1221.83250	772.57785	0.41426	-0.05589	-0.75576	0.15463	0.99991	0.01319	0.00098	-0.01320	0.99989	0.00723	-0.00088	-0.00724	0.99997	
6	0.03000	-366.71014	628.55425	-1.61640	-0.05287	0.05787	1.33670	1.00588	0.99973	-0.02333	-0.00101	0.02333	0.99973	-0.00092	0.00103	0.00090	1.00000		-2145.67801	-1221.84558	772.58235	0.40510	-0.06007	-0.75225	0.14765	0.99991	0.01313	0.00105	-0.01314	0.99989	0.00707	-0.00096	-0.00708	0.99997	
7	0.03500	-366.70655	628.56797	-1.62446	-0.04511	0.05758	1.33351	0.99984	0.99973	-0.02327	-0.00100	0.02327	0.99973	-0.00079	0.00102	0.00076	1.00000		-2145.71771	-1221.86169	772.58275	0.39709	-0.05502	-0.75154	0.14629	0.99991	0.01312	0.00096	-0.01312	0.99989	0.00693	-0.00087	-0.00694	0.99998	
8	0.04000	-366.73185	628.60699	-1.61699	-0.03249	0.06188	1.33668	1.01406	0.99973	-0.02333	-0.00108	0.02333	0.99973	-0.00057	0.00109	0.00054	1.00000		-2145.70032	-1221.87321	772.57008	0.38934	-0.05580	-0.75511	0.15150	0.99991	0.01318	0.00097	-0.01319	0.99989	0.00680	-0.00088	-0.00681	0.99998	
9	0.04500	-366.73414	628.62214	-1.60320	-0.02296	0.06428	1.33147	1.01218	0.99973	-0.02324	-0.00112	0.02324	0.99973	-0.00040	0.00113	0.00037	1.00000		-2145.71071	-1221.88982	772.57906	0.38232	-0.05521	-0.75586	0.16017	0.99991	0.01319	0.00096	-0.01320	0.99989	0.00667	-0.00088	-0.00668	0.99998	
10	0.05000	-366.72003	628.64615	-1.60191	-0.01295	0.06099	1.33063	1.01175	0.99973	-0.02322	-0.00106	0.02322	0.99973	-0.00023	0.00107	0.00020	1.00000		-2145.70773	-1221.89856	772.57490	0.37403	-0.05498	-0.75584	0.14336	0.99991	0.01319	0.00096	-0.01320	0.99989	0.00653	-0.00087	-0.00654	0.99998	
11	0.05500	-366.92366	628.52884	-1.46191	-0.01077	0.07398	1.33888	1.07435	0.99973	-0.02337	-0.00129	0.02337	0.99973	-0.00019	0.00130	0.00016	1.00000		-2145.68413	-1221.92535	772.58359	0.36392	-0.05492	-0.75238	0.15241	0.99991	0.01313	0.00096	-0.01314	0.99989	0.00635	-0.00087	-0.00636	0.99998	
12	0.06000	-366.97378	628.53170	-1.44024	-0.00248	0.07551	1.34072	1.06539	0.99973	-0.02340	-0.00132	0.02340	0.99973	-0.00004	0.00132	0.00001	1.00000		-2145.73266	-1221.93348	772.58839	0.35751	-0.05262	-0.75455	0.14645	0.99991	0.01317	0.00092	-0.01317	0.99989	0.00624	-0.00084	-0.00625	0.99998	
13	0.06500	-367.00257	628.56277	-1.44556	0.00485	0.07989	1.34155	1.08224	0.99972	-0.02341	-0.00139	0.02341	0.99973	0.00008	0.00139	-0.00012	1.00000		-2145.68690	-1221.95353	772.57996	0.34796	-0.05522	-0.75405	0.14022	0.99991	0.01316	0.00096	-0.01317	0.99989	0.00607	-0.00088	-0.00609	0.99998	
14	0.07000	-366.98758	628.56954	-1.42960	0.01153	0.08238	1.34189	1.08198	0.99972	-0.02342	-0.00144	0.02342	0.99973	0.00020	0.00143	-0.00023	1.00000		-2145.68147	-1221.96126	772.58863	0.34100	-0.05335	-0.75060	0.13879	0.99991	0.01310	0.00093	-0.01311	0.99990	0.00595	-0.00085	-0.00596	0.99998	
15	0.07500	-367.00164	628.58678	-1.43437	0.01962	0.07915	1.34028	1.08782	0.99973	-0.02339	-0.00138	0.02339	0.99973	0.00034	0.00137	-0.00037	1.00000		-2145.67608	-1222.00573	772.59708	0.33005	-0.05188	-0.75817	0.15422	0.99991	0.01323	0.00091	-0.01324	0.99990	0.00576	-0.00083	-0.00577	0.99998	
16	0.08000	-367.00479	628.60754	-1.41811	0.02654	0.08326	1.33821	1.09977	0.99973	-0.02335	-0.00145	0.02335	0.99973	0.00046	0.00144	-0.00050	1.00000		-2145.71284	-1222.02493	772.58940	0.32221	-0.05004	-0.75442	0.15159	0.99991	0.01317	0.00087	-0.01317	0.99990	0.00562	-0.00080	-0.00563	0.99998	
17	0.08500	-367.02385	628.61854	-1.42779	0.03249	0.08159	1.33843	1.08188	0.99973	-0.02336	-0.00142	0.02336	0.99973	0.00057	0.00141	-0.00060	1.00000		-2145.68809	-1222.03769	772.60173	0.31645	-0.04817	-0.75851	0.15145	0.99991	0.01324	0.00084	-0.01324	0.99990	0.00552	-0.00077	-0.00553	0.99998	
18	0.09000	-367.03022	628.63069	-1.40782	0.03679	0.08457	1.34678	1.10910	0.99972	-0.02350	-0.00148	0.02350	0.99972	0.00064	0.00146	-0.00068	1.00000		-2145.71641	-1222.03914	772.59369	0.31181	-0.04557	-0.75798	0.14992	0.99991	0.01323	0.00080	-0.01323	0.99990	0.00544	-0.00072	-0.00545	0.99998	
19	0.09500	-367.04526	628.64773	-1.39776	0.04190	0.08755	1.33876	1.08620	0.99973	-0.02336	-0.00153	0.02336	0.99973	0.00073	0.00151	-0.00077	1.00000		-2145.70838	-1222.07548	772.59390	0.29953	-0.04199	-0.75452	0.15863	0.99991	0.01317	0.00073	-0.01317	0.99990	0.00523	-0.00066	-0.00524	0.99999	
20	0.10000	-367.06684	628.66241	-1.39288	0.04343	0.09404	1.33937	1.08997	0.99973	-0.02337	-0.00164	0.02338	0.99973	0.00076	0.00162	-0.00080	1.00000		-2145.66400	-1222.10742	772.60687	0.28911	-0.04940	-0.75347	0.14027	0.99991	0.01315	0.00086	-0.01315	0.99990	0.00505	-0.00080	-0.00506	0.99999	
21	0.10500	-367.06229	628.67739	-1.39667	0.04929	0.09471	1.34331	1.09618	0.99972	-0.02344	-0.00165	0.02344	0.99972	0.00086	0.00163	-0.00090	1.00000		-2145.69086	-1222.10574	772.60696	0.28535	-0.04254	-0.75637	0.14622	0.99991	0.01320	0.00074	-0.01320	0.99990	0.00498	-0.00068	-0.00499	0.99999	
22	0.11000	-367.08462	628.69303	-1.39014	0.05273	0.09917	1.34245	1.10432	0.99972	-0.02343	-0.00173	0.02343	0.99973	0.00092	0.00171	-0.00096	1.00000		-2145.69686	-1222.12318	772.61550	0.27931	-0.04078	-0.75554	0.14895	0.99991	0.01319	0.00071	-0.01319	0.99990	0.00487	-0.00065	-0.00488	0.99999	
23	0.11500	-367.06855	628.70584	-1.39203	0.05652	0.09456	1.34206	1.10669	0.99972	-0.02342	-0.00165	0.02342	0.99973	0.00099	0.00163	-0.00102	1.00000		-2145.67936	-1222.14963	772.62384	0.27144	-0.03969	-0.76112	0.15762	0.99991	0.01328	0.00069	-0.01329	0.99990	0.00474	-0.00063	-0.00475	0.99999	
24	0.12000	-367.11214	628.71123	-1.38429	0.05742	0.10033	1.34211	1.08583	0.99972	-0.02342	-0.00175	0.02342	0.99973	0.00100	0.00173	-0.00104	1.00000		-2145.68188	-1222.17647	772.63645	0.26439	-0.03654	-0.75849	0.15202	0.99991	0.01324	0.00064	-0.01324	0.99990	0.00461	-0.00058	-0.00462	0.99999	
25	0.12500	-367.09268	628.72506	-1.39443	0.05979	0.10049	1.34248	1.10869	0.99972	-0.02343	-0.00175	0.02343	0.99972	0.00104	0.00173	-0.00108	1.00000		-2145.68886	-1222.19230	772.64104	0.25866	-0.03450	-0.75665	0.15529	0.99991	0.01321	0.00060	-0.01321	0.99990	0.00451	-0.00054	-0.00452	0.99999	
26	0.13000	-367.10712	628.74817	-1.39630	0.06233	0.10381	1.34081	1.11097	0.99972	-0.02340	-0.00181	0.02340	0.99973	0.00109	0.00179	-0.00113	1.00000		-2145.68199	-1222.19955	772.63665	0.25514	-0.03091	-0.75733	0.15329	0.99991	0.01322	0.00054	-0.01322	0.99990	0.00445	-0.00048	-0.00446	0.99999	
27	0.13500	-367.12632	628.76559	-1.39075	0.06399	0.10912	1.34644	1.10822	0.99972	-0.02350	-0.00190	0.02350	0.99972	0.00112	0.00188	-0.00116	1.00000		-2145.65768	-1222.22263	772.64067	0.24799	-0.03157	-0.75932	0.15066	0.99991	0.01325	0.00055	-0.01325	0.99990	0.00433	-0.00049	-0.00434	0.99999	
28	0.14000	-367.12885	628.76913	-1.40419	0.06302	0.10661	1.34303	1.12445	0.99972	-0.02344	-0.00186	0.02344	0.99972	0.00110	0.00183	-0.00114	1.00000		-2145.66992	-1222.25680	772.64567	0.24001	-0.03332	-0.75867	0.15274	0.99991	0.01324	0.00058	-0.01324	0.99990	0.00419	-0.00053	-0.00420	0.99999	
29	0.14500	-367.14366	628.78691	-1.39468	0.06414	0.10895	1.34678	1.12086	0.99972	-0.02350	-0.00190	0.02351	0.99972	0.00112	0.00187	-0.00116	1.00000		-2145.64325	-1222.26424	772.66604	0.23568	-0.02710	-0.76045	0.15555	0.99991	0.01327	0.00047	-0.01327	0.99990	0.00411	-0.00042	-0.00412	0.99999	
30	0.15000	-367.14492	628.79957	-1.39572	0.06324	0.11225	1.34355	1.12159	0.99972	-0.02345	-0.00196	0.02345	0.99972	0.00110	0.00193	-0.00115	1.00000		-2145.71400	-1222.27287	772.67055	0.23346	-0.02021	-0.76343	0.16436	0.99991	0.01332	0.00035	-0.01333	0.99990	0.00407	-0.00030	-0.00408	0.99999	
31	0.15500	-367.12468	628.80046	-1.41013	0.06334	0.11155	1.34332	1.11188	0.99972	-0.02344	-0.00195	0.02345	0.99972	0.00111	0.00192	-0.00115	1.00000		-2145.64527	-1222.29361	772.67424	0.22924	-0.02185	-0.75984	0.15653	0.99991	0.01326	0.00038	-0.01326	0.99990	0.00400	-0.00033	-0.00401	0.99999	
32	0.16000	-367.17669	628.80027	-1.40590	0.06174	0.11516	1.34068	1.11614	0.99972	-0.02340	-0.00201	0.02340	0.99973	0.00108	0.00198	-0.00112	1.00000		-2145.64572	-1222.29951	772.67841	0.22492	-0.01887	-0.76513	0.17272	0.99991	0.01335	0.00033	-0.01335	0.99990	0.00393	-0.00028	-0.00393	0.99999	
33	0.16500	-367.13603	628.81661	-1.40056	0.06129	0.11477	1.34551	1.11599	0.99972	-0.02348	-0.00200	0.02348	0.99972	0.00107	0.00198	-0.00112	1.00000		-2145.66927	-1222.32202	772.68259	0.21976	-0.01347	-0.76300	0.15270	0.99991	0.01332	0.00024	-0.01332	0.99990	0.00384	-0.00018	-0.00384	0.99999	
34	0.17000	-367.17785	628.81929	-1.40727	0.05957	0.11752	1.34269	1.12288	0.99972	-0.02343	-0.00205	0.02343	0.99972	0.00104	0.00203	-0.00109	1.00000		-2145.67190	-1222.32954	772.69096	0.21716	-0.01027	-0.76289	0.16165	0.99991	0.01331	0.00018	-0.01332	0.99990	0.00379	-0.00013	-0.00379	0.99999	
35	0.17500	-367.15485	628.83858	-1.41487	0.05901	0.11573	1.34457	1.12061	0.99972	-0.02346	-0.00202	0.02347	0.99972	0.00103	0.00200	-0.00108	1.00000		-2145.67658	-1222.36159	772.71258	0.20875	-0.01106	-0.76506	0.16929	0.99991	0.01335	0.00019	-0.01335	0.99990	0.00364	-0.00014	-0.00365	0.99999	
36	0.18000	-367.17537	628.84984	-1.41528	0.05805	0.11826	1.34417	1.10352	0.99972	-0.02346	-0.00206	0.02346	0.99972	0.00101	0.00204	-0.00106	1.00000		-2145.67051	-1222.35624	772.70358	0.20900	-0.01024	-0.76829	0.15231	0.99991	0.01341	0.00018	-0.01341	0.99990	0.00365	-0.00013	-0.00365	0.99999	
37	0.18500	-367.17455	628.84568	-1.42051	0.05498	0.11881	1.34156	1.10193	0.99972	-0.02341	-0.00207	0.02341	0.99973	0.00096	0.00205	-0.00101	1.00000		-2145.66451	-1222.37897	772.71183	0.20310	-0.00427	-0.76316	0.15041	0.99991	0.01332	0.00007	-0.01332	0.99990	0.00354	-0.00003	-0.00355	0.99999	
38	0.19000	-367.17759	628.85050	-1.41986	0.05133	0.12139	1.34764	1.12456	0.99972	-0.02352	-0.00212	0.02352	0.99972	0.00090	0.00210	-0.00095	1.00000		-2145.66733	-1222.39657	772.72848	0.20232	-0.00179	-0.76974	0.16297	0.99991	0.01343	0.00003	-0.01343	0.99990	0.00353	0.00002	-0.00353	0.99999	
39	0.19500	-367.19746	628.85438	-1.43427	0.04772	0.12501	1.34828	1.13100	0.99972	-0.02353	-0.00218	0.02353	0.99972	0.00083	0.00216	-0.00088	1.00000		-2145.65868	-1222.41456	772.72431	0.19937	-0.00144	-0.76641	0.16048	0.99991	0.01338	0.00003	-0.01338	0.99990	0.00348	0.00002	-0.00348	0.99999	
40	0.20000	-367.19336	628.85668	-1.43135	0.04348	0.12370	1.35106	1.11706	0.99972	-0.02358	-0.00216	0.02358	0.99972	0.00076	0.00214	-0.00081	1.00000		-2145.67725	-1222.44956	772.75422	0.18938	0.00326	-0.76716	0.17659	0.99991	0.01339	-0.00006	-0.01339	0.99990	0.00331	0.00010	-0.00330	0.99999	
41	0.20500	-367.21588	628.85919	-1.41054	0.04153	0.12971	1.34714	1.12132	0.99972	-0.02351	-0.00226	0.02351	0.99972	0.00072	0.00225	-0.00078	1.00000		-2145.65620	-1222.41704	772.74877	0.19817	0.00520	-0.77524	0.16987	0.99991	0.01353	-0.00009	-0.01353	0.99990	0.00346	0.00014	-0.00346	0.99999	
42	0.21000	-367.21927	628.85752	-1.44105	0.03636	0.12707	1.34923	1.12585	0.99972	-0.02355	-0.00222	0.02355	0.99972	0.00063	0.00220	-0.00069	1.00000		-2145.63968	-1222.44564	772.74884	0.19181	0.00625	-0.76960	0.16150	0.99991	0.01343	-0.00011	-0.01343	0.99990	0.00335	0.00015	-0.00335	0.99999	
43	0.21500	-367.21918	628.85309	-1.44811	0.03053	0.12821	1.34746	1.11966	0.99972	-0.02352	-0.00224	0.02352	0.99972	0.00053	0.00222	-0.00059	1.00000		-2145.66500	-1222.45543	772.76582	0.19058	0.00959	-0.77049	0.16666	0.99991	0.01345	-0.00017	-0.01345	0.99990	0.00333	0.00021	-0.00332	0.99999	
44	0.22000	-367.20803	628.84624	-1.45389	0.02771	0.12560	1.34492	1.11189	0.99972	-0.02347	-0.00219	0.02347	0.99972	0.00048	0.00218	-0.00053	1.00000		-2145.64626	-1222.48429	772.78707	0.18516	0.00764	-0.77124	0.17922	0.99991	0.01346	-0.00013	-0.01346	0.99990	0.00323	0.00018	-0.00323	0.99999	
45	0.22500	-367.23041	628.84203	-1.46320	0.02391	0.12678	1.34808	1.11547	0.99972	-0.02353	-0.00221	0.02353	0.99972	0.00042	0.00220	-0.00047	1.00000		-2145.64356	-1222.48650	772.79072	0.18486	0.01178	-0.77366	0.16815	0.99991	0.01350	-0.00021	-0.01350	0.99990	0.00323	0.00025	-0.00322	0.99999	
46	0.23000	-367.21078	628.83806	-1.46624	0.01955	0.12527	1.34626	1.12597	0.99972	-0.02349	-0.00219	0.02350	0.99972	0.00034	0.00218	-0.00039	1.00000		-2145.64935	-1222.49588	772.79889	0.18596	0.01490	-0.77015	0.16557	0.99991	0.01344	-0.00026	-0.01344	0.99990	0.00325	0.00030	-0.00324	0.99999	
47	0.23500	-367.25007	628.83665	-1.47251	0.01253	0.12884	1.35035	1.13104	0.99972	-0.02357	-0.00225	0.02357	0.99972	0.00022	0.00224	-0.00027	1.00000		-2145.63059	-1222.52849	772.81578	0.17967	0.01286	-0.77006	0.15827	0.99991	0.01344	-0.00022	-0.01344	0.99990	0.00314	0.00027	-0.00313	1.00000	
48	0.24000	-367.21617	628.81657	-1.49471	0.00653	0.12493	1.34994	1.12949	0.99972	-0.02356	-0.00218	0.02356	0.99972	0.00011	0.00218	-0.00017	1.00000		-2145.61991	-1222.51817	772.81530	0.18132	0.01769	-0.77356	0.17547	0.99991	0.01350	-0.00031	-0.01350	0.99990	0.00316	0.00035	-0.00316	0.99999	
49	0.24500	-367.21008	628.82852	-1.47309	0.00455	0.12633	1.35186	1.13149	0.99972	-0.02359	-0.00220	0.02359	0.99972	0.00008	0.00220	-0.00013	1.00000		-2145.63059	-1222.52727	772.83197	0.18136	0.01980	-0.78017	0.17968	0.99991	0.01362	-0.00035	-0.01361	0.99990	0.00317	0.00039	-0.00316	0.99999	
50	0.25000	-367.21202	628.81666	-1.49434	-0.00173	0.12219	1.35339	1.12482	0.99972	-0.02362	-0.00213	0.02362	0.99972	-0.00003	0.00213	-0.00002	1.00000		-2145.62588	-1222.53890	772.84030	0.17988	0.02106	-0.77714	0.17579	0.99991	0.01356	-0.00037	-0.01356	0.99990	0.00314	0.00041	-0.00313	0.99999	
51	0.25500	-367.22245	628.80241	-1.51674	-0.00618	0.12083	1.34945	1.12623	0.99972	-0.02355	-0.00211	0.02355	0.99972	-0.00011	0.00211	0.00006	1.00000		-2145.61972	-1222.54665	772.85287	0.17808	0.01954	-0.78062	0.17002	0.99991	0.01362	-0.00034	-0.01362	0.99990	0.00311	0.00038	-0.00310	1.00000	
52	0.26000	-367.23740	628.78327	-1.51494	-0.01523	0.12225	1.34703	1.12436	0.99972	-0.02351	-0.00213	0.02351	0.99972	-0.00027	0.00214	0.00022	1.00000		-2145.63073	-1222.54289	772.84802	0.18428	0.02349	-0.77806	0.16329	0.99991	0.01358	-0.00041	-0.01358	0.99990	0.00322	0.00045	-0.00321	0.99999	
53	0.26500	-367.25542	628.78087	-1.52493	-0.01863	0.12512	1.35280	1.12509	0.99972	-0.02361	-0.00218	0.02361	0.99972	-0.00033	0.00219	0.00027	1.00000		-2145.67108	-1222.53089	772.86054	0.18687	0.02808	-0.77953	0.15783	0.99991	0.01361	-0.00049	-0.01360	0.99990	0.00326	0.00053	-0.00325	0.99999	
54	0.27000	-367.21900	628.73591	-1.55123	-0.03046	0.12281	1.36070	1.14173	0.99972	-0.02375	-0.00214	0.02375	0.99972	-0.00053	0.00216	0.00048	1.00000		-2145.65997	-1222.55088	772.86465	0.18461	0.02999	-0.77653	0.16173	0.99991	0.01355	-0.00052	-0.01355	0.99990	0.00322	0.00057	-0.00321	0.99999	
55	0.27500	-367.19501	628.74398	-1.56147	-0.03352	0.11990	1.36666	1.16155	0.99971	-0.02385	-0.00209	0.02385	0.99972	-0.00059	0.00211	0.00054	1.00000		-2145.62620	-1222.56100	772.88945	0.18368	0.02929	-0.78185	0.16372	0.99991	0.01365	-0.00051	-0.01364	0.99990	0.00321	0.00055	-0.00320	0.99999	
56	0.28000	-367.19628	628.70291	-1.56330	-0.04281	0.11972	1.36039	1.15744	0.99972	-0.02374	-0.00209	0.02374	0.99972	-0.00075	0.00211	0.00070	1.00000		-2145.61058	-1222.55856	772.90203	0.18535	0.02790	-0.78203	0.16991	0.99991	0.01365	-0.00049	-0.01365	0.99990	0.00323	0.00053	-0.00323	0.99999	
57	0.28500	-367.21596	628.70905	-1.56503	-0.04569	0.12592	1.36288	1.16483	0.99971	-0.02378	-0.00220	0.02378	0.99972	-0.00080	0.00222	0.00075	1.00000		-2145.63022	-1222.54091	772.89296	0.19260	0.03407	-0.77806	0.16276	0.99991	0.01358	-0.00059	-0.01358	0.99990	0.00336	0.00064	-0.00335	0.99999	
58	0.29000	-367.21679	628.69190	-1.57374	-0.05122	0.12109	1.36722	1.15778	0.99971	-0.02386	-0.00211	0.02386	0.99971	-0.00089	0.00213	0.00084	1.00000		-2145.58628	-1222.57832	772.91859	0.18516	0.02639	-0.78005	0.15483	0.99991	0.01361	-0.00046	-0.01361	0.99990	0.00323	0.00050	-0.00323	0.99999	
59	0.29500	-367.21365	628.67171	-1.57182	-0.05675	0.12308	1.36473	1.15462	0.99971	-0.02382	-0.00215	0.02381	0.99972	-0.00099	0.00217	0.00094	1.00000		-2145.62436	-1222.57757	772.93510	0.19058	0.03196	-0.78306	0.17195	0.99991	0.01367	-0.00056	-0.01366	0.99990	0.00333	0.00060	-0.00332	0.99999	
60	0.30000	-367.16846	628.65995	-1.59114	-0.06207	0.11099	1.36715	1.15385	0.99971	-0.02386	-0.00194	0.02386	0.99971	-0.00108	0.00196	0.00104	1.00000		-2145.62584	-1222.57556	772.92676	0.19195	0.02979	-0.78307	0.16452	0.99991	0.01367	-0.00052	-0.01366	0.99990	0.00335	0.00057	-0.00334	0.99999	
61	0.30500	-367.18045	628.65098	-1.57083	-0.06681	0.11181	1.36398	1.16585	0.99971	-0.02380	-0.00195	0.02380	0.99972	-0.00117	0.00198	0.00112	1.00000		-2145.59699	-1222.57982	772.94733	0.19435	0.02978	-0.78160	0.15597	0.99991	0.01364	-0.00052	-0.01364	0.99990	0.00339	0.00057	-0.00338	0.99999	
62	0.31000	-367.21452	628.61271	-1.60049	-0.07452	0.11384	1.36840	1.15315	0.99971	-0.02388	-0.00199	0.02388	0.99971	-0.00130	0.00202	0.00125	1.00000		-2145.58750	-1222.57418	772.95140	0.19776	0.02729	-0.78550	0.16902	0.99991	0.01371	-0.00048	-0.01371	0.99990	0.00345	0.00052	-0.00344	0.99999	
63	0.31500	-367.18708	628.59824	-1.59067	-0.07737	0.11064	1.37050	1.16198	0.99971	-0.02392	-0.00193	0.02391	0.99971	-0.00135	0.00196	0.00130	1.00000		-2145.61738	-1222.59749	772.95973	0.19758	0.03091	-0.78490	0.15590	0.99991	0.01370	-0.00054	-0.01370	0.99990	0.00345	0.00059	-0.00344	0.99999	
64	0.32000	-367.20823	628.58309	-1.59322	-0.08442	0.11109	1.36885	1.15982	0.99971	-0.02389	-0.00194	0.02389	0.99971	-0.00147	0.00197	0.00143	1.00000		-2145.57422	-1222.58673	772.97577	0.20255	0.03022	-0.78834	0.17093	0.99991	0.01376	-0.00053	-0.01376	0.99990	0.00354	0.00058	-0.00353	0.99999	
65	0.32500	-367.20695	628.55887	-1.61149	-0.08978	0.10878	1.36684	1.16678	0.99971	-0.02385	-0.00190	0.02385	0.99971	-0.00157	0.00194	0.00152	1.00000		-2145.57458	-1222.56772	772.97951	0.20807	0.03247	-0.78647	0.16232	0.99991	0.01373	-0.00057	-0.01372	0.99990	0.00363	0.00062	-0.00362	0.99999	
66	0.33000	-367.20190	628.54095	-1.60128	-0.09261	0.10618	1.36691	1.14891	0.99971	-0.02385	-0.00185	0.02385	0.99971	-0.00162	0.00189	0.00157	1.00000		-2145.58964	-1222.57758	772.99684	0.20864	0.02836	-0.78882	0.17005	0.99991	0.01377	-0.00049	-0.01377	0.99990	0.00364	0.00055	-0.00363	0.99999	
67	0.33500	-367.18999	628.53269	-1.59795	-0.09699	0.10407	1.36811	1.15782	0.99971	-0.02388	-0.00182	0.02387	0.99971	-0.00169	0.00186	0.00165	1.00000		-2145.55290	-1222.59787	772.99636	0.21066	0.02847	-0.78638	0.17120	0.99991	0.01372	-0.00050	-0.01372	0.99990	0.00368	0.00055	-0.00367	0.99999	
68	0.34000	-367.20362	628.50921	-1.59308	-0.10315	0.10727	1.37267	1.17138	0.99971	-0.02396	-0.00187	0.02395	0.99971	-0.00180	0.00191	0.00175	1.00000		-2145.56449	-1222.57670	773.01301	0.21636	0.02845	-0.78258	0.14993	0.99991	0.01366	-0.00050	-0.01366	0.99990	0.00378	0.00055	-0.00377	0.99999	
69	0.34500	-367.18985	628.49408	-1.60535	-0.10607	0.09914	1.36700	1.15666	0.99971	-0.02386	-0.00173	0.02385	0.99971	-0.00185	0.00177	0.00181	1.00000		-2145.53506	-1222.59883	773.00861	0.21870	0.02301	-0.78611	0.15542	0.99991	0.01372	-0.00040	-0.01372	0.99990	0.00382	0.00045	-0.00381	0.99999	
70	0.35000	-367.16752	628.47902	-1.59113	-0.11049	0.09801	1.37331	1.16669	0.99971	-0.02397	-0.00171	0.02396	0.99971	-0.00193	0.00176	0.00189	1.00000		-2145.55303	-1222.57373	773.01693	0.22540	0.02460	-0.78801	0.15706	0.99991	0.01375	-0.00043	-0.01375	0.99990	0.00393	0.00048	-0.00393	0.99999	
71	0.35500	-367.18539	628.45904	-1.59976	-0.11383	0.09539	1.36809	1.15935	0.99971	-0.02388	-0.00166	0.02387	0.99971	-0.00199	0.00171	0.00195	1.00000		-2145.54011	-1222.56892	773.02067	0.22969	0.02345	-0.78965	0.14215	0.99990	0.01378	-0.00041	-0.01378	0.99990	0.00401	0.00046	-0.00400	0.99999	
72	0.36000	-367.19317	628.42574	-1.57916	-0.12429	0.09599	1.37680	1.15219	0.99971	-0.02403	-0.00168	0.02402	0.99971	-0.00217	0.00173	0.00213	1.00000		-2145.55922	-1222.55929	773.00764	0.23703	0.02452	-0.78879	0.13596	0.99991	0.01377	-0.00043	-0.01376	0.99990	0.00414	0.00048	-0.00413	0.99999	
73	0.36500	-367.17594	628.40873	-1.59356	-0.12655	0.09087	1.37568	1.15979	0.99971	-0.02401	-0.00159	0.02400	0.99971	-0.00221	0.00164	0.00217	1.00000		-2145.54356	-1222.56080	773.04137	0.23995	0.02296	-0.79167	0.15813	0.99990	0.01382	-0.00040	-0.01382	0.99990	0.00419	0.00046	-0.00418	0.99999	
74	0.37000	-367.21166	628.36863	-1.58812	-0.13031	0.09204	1.37286	1.16388	0.99971	-0.02396	-0.00161	0.02395	0.99971	-0.00227	0.00166	0.00224	1.00000		-2145.51500	-1222.56038	773.04111	0.24231	0.02079	-0.79009	0.16139	0.99990	0.01379	-0.00036	-0.01379	0.99990	0.00423	0.00042	-0.00422	0.99999	
75	0.37500	-367.18235	628.35760	-1.58088	-0.13515	0.08881	1.37703	1.16810	0.99971	-0.02403	-0.00155	0.02403	0.99971	-0.00236	0.00161	0.00232	1.00000		-2145.53291	-1222.54587	773.04501	0.25082	0.02178	-0.79593	0.17583	0.99990	0.01389	-0.00038	-0.01389	0.99989	0.00438	0.00044	-0.00437	0.99999	
76	0.38000	-367.21153	628.34186	-1.56652	-0.13824	0.09147	1.37497	1.16115	0.99971	-0.02400	-0.00160	0.02399	0.99971	-0.00241	0.00165	0.00237	1.00000		-2145.53294	-1222.54001	773.04506	0.25513	0.01886	-0.79064	0.15999	0.99990	0.01380	-0.00033	-0.01380	0.99989	0.00445	0.00039	-0.00445	0.99999	
77	0.38500	-367.19448	628.30074	-1.56420	-0.14572	0.08654	1.37485	1.16102	0.99971	-0.02399	-0.00151	0.02399	0.99971	-0.00254	0.00157	0.00251	1.00000		-2145.51655	-1222.54437	773.05331	0.25826	0.01443	-0.79368	0.15344	0.99990	0.01385	-0.00025	-0.01385	0.99989	0.00451	0.00031	-0.00450	0.99999	
78	0.39000	-367.17768	628.29213	-1.55605	-0.14785	0.08439	1.37168	1.15312	0.99971	-0.02394	-0.00147	0.02393	0.99971	-0.00258	0.00153	0.00254	1.00000		-2145.51294	-1222.53507	773.05295	0.26460	0.01302	-0.79520	0.15437	0.99990	0.01388	-0.00023	-0.01388	0.99989	0.00462	0.00029	-0.00461	0.99999	
79	0.39500	-367.19680	628.27412	-1.55365	-0.15069	0.08162	1.37880	1.16702	0.99971	-0.02406	-0.00142	0.02406	0.99971	-0.00263	0.00149	0.00259	1.00000		-2145.49548	-1222.51580	773.05259	0.27422	0.01028	-0.79664	0.15707	0.99990	0.01390	-0.00018	-0.01390	0.99989	0.00479	0.00025	-0.00478	0.99999	
80	0.40000	-367.17223	628.25717	-1.53771	-0.15320	0.07920	1.37584	1.16930	0.99971	-0.02401	-0.00138	0.02401	0.99971	-0.00267	0.00145	0.00264	1.00000		-2145.47577	-1222.54343	773.07410	0.27209	0.00543	-0.79550	0.16206	0.99990	0.01388	-0.00009	-0.01388	0.99989	0.00475	0.00016	-0.00475	0.99999	
81	0.40500	-367.22030	628.23358	-1.54290	-0.15778	0.08120	1.37747	1.16462	0.99971	-0.02404	-0.00142	0.02404	0.99971	-0.00275	0.00148	0.00272	1.00000		-2145.47438	-1222.53203	773.06942	0.28090	0.00391	-0.79698	0.15699	0.99990	0.01391	-0.00007	-0.01391	0.99989	0.00490	0.00014	-0.00490	0.99999	
82	0.41000	-367.13805	628.20378	-1.52699	-0.16092	0.07170	1.37156	1.16076	0.99971	-0.02394	-0.00125	0.02393	0.99971	-0.00281	0.00132	0.00278	1.00000		-2145.47045	-1222.53482	773.06922	0.28450	0.00247	-0.79808	0.15595	0.99990	0.01393	-0.00004	-0.01393	0.99989	0.00497	0.00011	-0.00496	0.99999	
83	0.41500	-367.19013	628.17458	-1.51146	-0.16739	0.07553	1.37350	1.17139	0.99971	-0.02397	-0.00132	0.02397	0.99971	-0.00292	0.00139	0.00289	0.99999		-2145.44319	-1222.52016	773.07315	0.29096	-0.00199	-0.79974	0.14307	0.99990	0.01396	0.00003	-0.01396	0.99989	0.00508	0.00004	-0.00508	0.99999	
84	0.42000	-367.17116	628.15700	-1.49717	-0.17147	0.07259	1.37262	1.16971	0.99971	-0.02395	-0.00127	0.02395	0.99971	-0.00299	0.00134	0.00296	0.99999		-2145.44091	-1222.49353	773.07268	0.30029	-0.00069	-0.80027	0.14823	0.99990	0.01397	0.00001	-0.01397	0.99989	0.00524	0.00006	-0.00524	0.99999	
85	0.42500	-367.16606	628.14765	-1.48364	-0.17385	0.06831	1.37400	1.15248	0.99971	-0.02398	-0.00119	0.02397	0.99971	-0.00303	0.00126	0.00300	0.99999		-2145.45158	-1222.50553	773.06899	0.30249	-0.00607	-0.80176	0.15728	0.99990	0.01399	0.00011	-0.01399	0.99989	0.00528	-0.00003	-0.00528	0.99999	
86	0.43000	-367.13171	628.10818	-1.47530	-0.18001	0.06210	1.37202	1.15465	0.99971	-0.02394	-0.00108	0.02394	0.99971	-0.00314	0.00116	0.00311	0.99999		-2145.47940	-1222.46616	773.07224	0.31780	-0.00087	-0.80252	0.15189	0.99990	0.01401	0.00002	-0.01401	0.99989	0.00555	0.00006	-0.00555	0.99998	
87	0.43500	-367.14138	628.08262	-1.46077	-0.18401	0.06188	1.37304	1.16443	0.99971	-0.02396	-0.00108	0.02396	0.99971	-0.00321	0.00116	0.00318	0.99999		-2145.44463	-1222.48338	773.06793	0.32118	-0.00764	-0.80142	0.14926	0.99990	0.01399	0.00013	-0.01399	0.99989	0.00561	-0.00005	-0.00561	0.99998	
88	0.44000	-367.13356	628.03962	-1.45161	-0.19114	0.05950	1.37732	1.17791	0.99971	-0.02404	-0.00104	0.02403	0.99971	-0.00334	0.00112	0.00331	0.99999		-2145.46714	-1222.47632	773.06825	0.32564	-0.00997	-0.80454	0.15079	0.99990	0.01404	0.00017	-0.01404	0.99989	0.00568	-0.00009	-0.00569	0.99998	
89	0.44500	-367.12250	628.02634	-1.41726	-0.19290	0.05632	1.37518	1.18206	0.99971	-0.02400	-0.00098	0.02400	0.99971	-0.00337	0.00106	0.00334	0.99999		-2145.46184	-1222.46374	773.07212	0.33172	-0.00934	-0.80268	0.14284	0.99990	0.01401	0.00016	-0.01401	0.99989	0.00579	-0.00008	-0.00579	0.99998	
90	0.45000	-367.09310	628.01166	-1.40969	-0.19646	0.05423	1.37544	1.17078	0.99971	-0.02400	-0.00095	0.02400	0.99971	-0.00343	0.00103	0.00341	0.99999		-2145.44558	-1222.44728	773.07162	0.33987	-0.00899	-0.80472	0.15625	0.99990	0.01404	0.00016	-0.01405	0.99988	0.00593	-0.00007	-0.00593	0.99998	
91	0.45500	-367.11372	627.97337	-1.40347	-0.20327	0.05351	1.37443	1.16819	0.99971	-0.02399	-0.00093	0.02398	0.99971	-0.00355	0.00102	0.00352	0.99999		-2145.44778	-1222.44623	773.07566	0.34521	-0.01180	-0.80548	0.14655	0.99990	0.01406	0.00021	-0.01406	0.99988	0.00603	-0.00012	-0.00603	0.99998	
92	0.46000	-367.17268	627.94594	-1.39351	-0.21041	0.05640	1.37853	1.16959	0.99971	-0.02406	-0.00098	0.02405	0.99970	-0.00367	0.00107	0.00365	0.99999		-2145.44890	-1222.46409	773.06344	0.34926	-0.01747	-0.80435	0.14952	0.99990	0.01404	0.00030	-0.01404	0.99988	0.00610	-0.00022	-0.00610	0.99998	
93	0.46500	-367.12285	627.93518	-1.37712	-0.21307	0.05067	1.37654	1.16617	0.99971	-0.02402	-0.00088	0.02402	0.99970	-0.00372	0.00097	0.00370	0.99999		-2145.43583	-1222.44460	773.06273	0.35807	-0.01644	-0.80580	0.14369	0.99990	0.01406	0.00029	-0.01406	0.99988	0.00625	-0.00020	-0.00625	0.99998	
94	0.47000	-367.11327	627.90111	-1.34487	-0.21773	0.05034	1.37020	1.16501	0.99971	-0.02391	-0.00088	0.02391	0.99971	-0.00380	0.00097	0.00378	0.99999		-2145.43303	-1222.42306	773.05806	0.36623	-0.01529	-0.80893	0.14494	0.99990	0.01412	0.00027	-0.01412	0.99988	0.00639	-0.00018	-0.00639	0.99998	
95	0.47500	-367.08972	627.88526	-1.34920	-0.22240	0.04627	1.37469	1.17809	0.99971	-0.02399	-0.00081	0.02399	0.99970	-0.00388	0.00090	0.00386	0.99999		-2145.43204	-1222.42504	773.06232	0.37091	-0.01874	-0.81026	0.15557	0.99990	0.01414	0.00033	-0.01414	0.99988	0.00647	-0.00024	-0.00648	0.99998	
96	0.48000	-367.13627	627.87090	-1.32147	-0.22616	0.04983	1.37511	1.16267	0.99971	-0.02400	-0.00087	0.02399	0.99970	-0.00395	0.00096	0.00393	0.99999		-2145.43906	-1222.43789	773.04569	0.37611	-0.02314	-0.81059	0.15548	0.99990	0.01415	0.00040	-0.01415	0.99988	0.00656	-0.00031	-0.00657	0.99998	
97	0.48500	-367.12651	627.82869	-1.30755	-0.23389	0.04685	1.37325	1.17717	0.99971	-0.02397	-0.00082	0.02396	0.99970	-0.00408	0.00092	0.00406	0.99999		-2145.37283	-1222.40845	773.04525	0.38314	-0.02888	-0.81192	0.15513	0.99990	0.01417	0.00050	-0.01417	0.99988	0.00669	-0.00041	-0.00669	0.99998	
98	0.49000	-367.11816	627.81622	-1.29786	-0.23571	0.04624	1.37717	1.17883	0.99971	-0.02403	-0.00081	0.02403	0.99970	-0.00411	0.00091	0.00409	0.99999		-2145.41288	-1222.40591	773.04975	0.38966	-0.03012	-0.81462	0.16785	0.99990	0.01422	0.00053	-0.01422	0.99988	0.00680	-0.00043	-0.00681	0.99998	
99	0.49500	-367.12287	627.79820	-1.26164	-0.24206	0.04758	1.37722	1.17036	0.99971	-0.02403	-0.00083	0.02403	0.99970	-0.00422	0.00093	0.00420	0.99999		-2145.38753	-1222.39950	773.04551	0.39425	-0.03392	-0.80914	0.14963	0.99990	0.01412	0.00059	-0.01413	0.99988	0.00688	-0.00049	-0.00689	0.99998	
100	0.50000	-367.10054	627.76107	-1.26960	-0.24699	0.03718	1.37174	1.16232	0.99971	-0.02394	-0.00065	0.02394	0.99970	-0.00431	0.00075	0.00429	0.99999		-2145.40560	-1222.39967	773.03685	0.40144	-0.03343	-0.81296	0.14946	0.99990	0.01419	0.00058	-0.01419	0.99987	0.00701	-0.00048	-0.00701	0.99998	
101	0.50500	-367.11380	627.74302	-1.25145	-0.25169	0.04096	1.37217	1.15688	0.99971	-0.02395	-0.00071	0.02394	0.99970	-0.00439	0.00082	0.00437	0.99999		-2145.36220	-1222.39019	773.02816	0.40793	-0.03935	-0.81338	0.15350	0.99990	0.01420	0.00069	-0.01420	0.99987	0.00712	-0.00059	-0.00713	0.99997	
102	0.51000	-367.08152	627.74165	-1.23046	-0.25376	0.03959	1.37471	1.15787	0.99971	-0.02399	-0.00069	0.02399	0.99970	-0.00443	0.00080	0.00441	0.99999		-2145.35507	-1222.39939	773.02394	0.41207	-0.04183	-0.81461	0.14794	0.99990	0.01422	0.00073	-0.01422	0.99987	0.00719	-0.00063	-0.00720	0.99997	
103	0.51500	-367.02621	627.71484	-1.22609	-0.26128	0.03387	1.37748	1.17810	0.99971	-0.02404	-0.00059	0.02404	0.99970	-0.00456	0.00070	0.00454	0.99999		-2145.35737	-1222.38338	773.01966	0.41874	-0.04418	-0.81734	0.15212	0.99990	0.01426	0.00077	-0.01427	0.99987	0.00731	-0.00067	-0.00732	0.99997	
104	0.52000	-367.07407	627.69386	-1.19674	-0.26342	0.03125	1.37321	1.15864	0.99971	-0.02396	-0.00055	0.02396	0.99970	-0.00460	0.00066	0.00458	0.99999		-2145.32094	-1222.39257	773.01957	0.42091	-0.04857	-0.81432	0.14231	0.99990	0.01421	0.00085	-0.01422	0.99987	0.00735	-0.00074	-0.00736	0.99997	
105	0.52500	-367.09460	627.66300	-1.16669	-0.27128	0.03718	1.37429	1.17007	0.99971	-0.02398	-0.00065	0.02398	0.99970	-0.00473	0.00076	0.00472	0.99999		-2145.36744	-1222.37596	772.99885	0.42853	-0.04790	-0.81727	0.15131	0.99990	0.01426	0.00084	-0.01427	0.99987	0.00748	-0.00073	-0.00749	0.99997	
106	0.53000	-367.05963	627.66086	-1.16633	-0.27358	0.03226	1.37636	1.18158	0.99971	-0.02402	-0.00056	0.02402	0.99970	-0.00477	0.00068	0.00476	0.99999		-2145.34348	-1222.38277	772.98188	0.43227	-0.05198	-0.81938	0.15966	0.99990	0.01430	0.00091	-0.01431	0.99987	0.00754	-0.00080	-0.00756	0.99997	
107	0.53500	-367.04315	627.62345	-1.15274	-0.28184	0.02970	1.37534	1.15812	0.99971	-0.02400	-0.00052	0.02400	0.99970	-0.00492	0.00064	0.00491	0.99999		-2145.34030	-1222.38282	772.99042	0.43527	-0.05543	-0.81848	0.15328	0.99990	0.01428	0.00097	-0.01429	0.99987	0.00760	-0.00086	-0.00761	0.99997	
108	0.54000	-367.04787	627.60617	-1.11537	-0.28570	0.02943	1.38103	1.18770	0.99971	-0.02410	-0.00051	0.02410	0.99970	-0.00499	0.00063	0.00497	0.99999		-2145.33673	-1222.37034	772.97305	0.44247	-0.05232	-0.82342	0.15798	0.99990	0.01437	0.00091	-0.01438	0.99987	0.00772	-0.00080	-0.00773	0.99997	
109	0.54500	-367.03299	627.59629	-1.10556	-0.29240	0.02973	1.38133	1.18078	0.99971	-0.02411	-0.00052	0.02410	0.99970	-0.00510	0.00064	0.00509	0.99999		-2145.33017	-1222.36505	772.97315	0.44671	-0.05657	-0.82266	0.15239	0.99990	0.01436	0.00099	-0.01436	0.99987	0.00780	-0.00088	-0.00781	0.99997	
110	0.55000	-367.05248	627.57292	-1.09947	-0.29783	0.02620	1.37521	1.16519	0.99971	-0.02400	-0.00046	0.02400	0.99970	-0.00520	0.00058	0.00519	0.99999		-2145.31793	-1222.37138	772.96479	0.44946	-0.05996	-0.82644	0.16539	0.99990	0.01442	0.00105	-0.01443	0.99987	0.00784	-0.00093	-0.00786	0.99997	
111	0.55500	-367.01878	627.56221	-1.09785	-0.30184	0.02509	1.37646	1.17584	0.99971	-0.02402	-0.00044	0.02402	0.99970	-0.00527	0.00056	0.00526	0.99999		-2145.31115	-1222.36307	772.95203	0.45333	-0.06207	-0.82506	0.15044	0.99990	0.01440	0.00108	-0.01441	0.99986	0.00791	-0.00097	-0.00793	0.99997	
112	0.56000	-367.03762	627.54287	-1.06736	-0.30697	0.02933	1.37927	1.16335	0.99971	-0.02407	-0.00051	0.02407	0.99970	-0.00536	0.00064	0.00534	0.99999		-2145.30476	-1222.37090	772.94366	0.45694	-0.06186	-0.82717	0.17250	0.99990	0.01444	0.00108	-0.01444	0.99986	0.00798	-0.00096	-0.00799	0.99997	
113	0.56500	-367.04979	627.53010	-1.07603	-0.31120	0.02558	1.37492	1.16340	0.99971	-0.02399	-0.00045	0.02399	0.99970	-0.00543	0.00058	0.00542	0.99999		-2145.32261	-1222.36735	772.94383	0.46059	-0.06528	-0.82930	0.16182	0.99989	0.01447	0.00114	-0.01448	0.99986	0.00804	-0.00102	-0.00805	0.99997	
114	0.57000	-367.03582	627.51761	-1.04674	-0.31663	0.02236	1.37881	1.17842	0.99971	-0.02406	-0.00039	0.02406	0.99970	-0.00553	0.00052	0.00552	0.99998		-2145.27759	-1222.38563	772.92687	0.45972	-0.06902	-0.82697	0.15589	0.99990	0.01443	0.00120	-0.01444	0.99986	0.00802	-0.00109	-0.00804	0.99997	
115	0.57500	-367.05844	627.49245	-1.04186	-0.32246	0.02503	1.37699	1.17279	0.99971	-0.02403	-0.00044	0.02403	0.99970	-0.00563	0.00057	0.00562	0.99998		-2145.28302	-1222.37712	772.91009	0.46259	-0.07033	-0.82729	0.14649	0.99989	0.01444	0.00123	-0.01445	0.99986	0.00807	-0.00111	-0.00809	0.99997	
116	0.58000	-367.06047	627.49593	-1.01862	-0.32515	0.02950	1.37991	1.17869	0.99971	-0.02408	-0.00051	0.02408	0.99969	-0.00567	0.00065	0.00566	0.99998		-2145.30432	-1222.36918	772.89314	0.46654	-0.06575	-0.83104	0.17155	0.99989	0.01450	0.00115	-0.01451	0.99986	0.00814	-0.00103	-0.00816	0.99997	
117	0.58500	-367.05264	627.46349	-0.99419	-0.33127	0.02526	1.37408	1.17805	0.99971	-0.02398	-0.00044	0.02398	0.99970	-0.00578	0.00058	0.00577	0.99998		-2145.29228	-1222.38284	772.88485	0.46848	-0.07180	-0.83259	0.16430	0.99989	0.01453	0.00125	-0.01454	0.99986	0.00818	-0.00113	-0.00819	0.99997	
118	0.59000	-367.06055	627.45723	-0.98830	-0.33833	0.03030	1.37960	1.16863	0.99971	-0.02408	-0.00053	0.02407	0.99969	-0.00590	0.00067	0.00589	0.99998		-2145.27884	-1222.38593	772.88439	0.46916	-0.06796	-0.83299	0.16846	0.99989	0.01454	0.00119	-0.01455	0.99986	0.00819	-0.00107	-0.00820	0.99997	
119	0.59500	-367.03592	627.44778	-0.98857	-0.33882	0.01997	1.37931	1.17934	0.99971	-0.02407	-0.00035	0.02407	0.99969	-0.00591	0.00049	0.00590	0.99998		-2145.27274	-1222.38711	772.86777	0.46980	-0.07181	-0.83162	0.16867	0.99989	0.01451	0.00125	-0.01452	0.99986	0.00820	-0.00113	-0.00822	0.99997	
120	0.60000	-367.04434	627.44255	-0.96748	-0.34276	0.02524	1.38107	1.17510	0.99971	-0.02410	-0.00044	0.02410	0.99969	-0.00598	0.00058	0.00597	0.99998		-2145.28801	-1222.40716	772.85958	0.46921	-0.07370	-0.83801	0.17232	0.99989	0.01463	0.00129	-0.01464	0.99986	0.00819	-0.00117	-0.00821	0.99997	
121	0.60500	-367.01965	627.44135	-0.98006	-0.34835	0.02184	1.38024	1.17531	0.99971	-0.02409	-0.00038	0.02408	0.99969	-0.00608	0.00053	0.00607	0.99998		-2145.27271	-1222.39504	772.85062	0.47126	-0.06997	-0.83381	0.17220	0.99989	0.01455	0.00122	-0.01456	0.99986	0.00822	-0.00110	-0.00824	0.99997	
122	0.61000	-367.02551	627.41996	-0.98137	-0.35431	0.01964	1.37719	1.17803	0.99971	-0.02403	-0.00034	0.02403	0.99969	-0.00618	0.00049	0.00617	0.99998		-2145.27731	-1222.40489	772.82571	0.46986	-0.07142	-0.83353	0.15909	0.99989	0.01455	0.00125	-0.01456	0.99986	0.00820	-0.00113	-0.00822	0.99997	
123	0.61500	-367.00331	627.42132	-0.95422	-0.35775	0.02283	1.38047	1.17956	0.99971	-0.02409	-0.00040	0.02409	0.99969	-0.00624	0.00055	0.00623	0.99998		-2145.29319	-1222.40275	772.82122	0.47041	-0.06778	-0.83394	0.15676	0.99989	0.01455	0.00118	-0.01456	0.99986	0.00821	-0.00106	-0.00823	0.99997	
124	0.62000	-367.02006	627.40597	-0.96965	-0.36171	0.02119	1.37834	1.16875	0.99971	-0.02405	-0.00037	0.02405	0.99969	-0.00631	0.00052	0.00630	0.99998		-2145.28827	-1222.40977	772.81683	0.47209	-0.06703	-0.83796	0.17798	0.99989	0.01462	0.00117	-0.01463	0.99986	0.00824	-0.00105	-0.00826	0.99997	
125	0.62500	-367.05906	627.41404	-0.93256	-0.36352	0.02669	1.38118	1.18874	0.99971	-0.02410	-0.00047	0.02410	0.99969	-0.00634	0.00062	0.00633	0.99998		-2145.27525	-1222.42553	772.79613	0.46723	-0.07222	-0.83593	0.15859	0.99989	0.01459	0.00126	-0.01460	0.99986	0.00815	-0.00114	-0.00817	0.99997	
126	0.63000	-367.05930	627.41408	-0.92304	-0.36553	0.02833	1.37506	1.17708	0.99971	-0.02400	-0.00049	0.02399	0.99969	-0.00638	0.00065	0.00637	0.99998		-2145.27980	-1222.44194	772.78350	0.46676	-0.06923	-0.83873	0.17591	0.99989	0.01464	0.00121	-0.01465	0.99986	0.00815	-0.00109	-0.00816	0.99997	
127	0.63500	-367.04254	627.40706	-0.93974	-0.36868	0.02334	1.37802	1.18301	0.99971	-0.02405	-0.00041	0.02405	0.99969	-0.00643	0.00056	0.00642	0.99998		-2145.26860	-1222.43967	772.76630	0.46535	-0.06682	-0.84078	0.17184	0.99989	0.01467	0.00117	-0.01468	0.99986	0.00812	-0.00105	-0.00814	0.99997	
128	0.64000	-367.00137	627.40095	-0.93197	-0.37144	0.01765	1.37635	1.18066	0.99971	-0.02402	-0.00031	0.02402	0.99969	-0.00648	0.00046	0.00647	0.99998		-2145.25366	-1222.44935	772.74973	0.46306	-0.07018	-0.83823	0.15644	0.99989	0.01463	0.00122	-0.01464	0.99986	0.00808	-0.00111	-0.00810	0.99997	
129	0.64500	-366.99965	627.38975	-0.93174	-0.37610	0.02033	1.37825	1.19604	0.99971	-0.02405	-0.00035	0.02405	0.99969	-0.00656	0.00051	0.00655	0.99998		-2145.26895	-1222.46762	772.73288	0.45898	-0.06682	-0.83980	0.17373	0.99989	0.01466	0.00117	-0.01467	0.99986	0.00801	-0.00105	-0.00803	0.99997	
130	0.65000	-366.99795	627.39002	-0.93577	-0.37910	0.02009	1.38150	1.17822	0.99971	-0.02411	-0.00035	0.02411	0.99969	-0.00662	0.00051	0.00661	0.99998		-2145.26181	-1222.47933	772.72003	0.45446	-0.06332	-0.84222	0.18757	0.99989	0.01470	0.00111	-0.01471	0.99986	0.00793	-0.00099	-0.00795	0.99997	
131	0.65500	-367.02903	627.38229	-0.92163	-0.38242	0.02290	1.37920	1.17788	0.99971	-0.02407	-0.00040	0.02407	0.99969	-0.00667	0.00056	0.00666	0.99998		-2145.26137	-1222.47178	772.70758	0.45498	-0.06561	-0.84200	0.18045	0.99989	0.01470	0.00115	-0.01470	0.99986	0.00794	-0.00103	-0.00796	0.99997	
132	0.66000	-367.03209	627.37708	-0.92435	-0.38643	0.02743	1.38046	1.17728	0.99971	-0.02409	-0.00048	0.02409	0.99969	-0.00674	0.00064	0.00673	0.99998		-2145.26957	-1222.49209	772.69058	0.44943	-0.06121	-0.83970	0.17294	0.99989	0.01466	0.00107	-0.01466	0.99986	0.00784	-0.00095	-0.00786	0.99997	
133	0.66500	-367.00219	627.37262	-0.92715	-0.38844	0.02362	1.37838	1.18841	0.99971	-0.02405	-0.00041	0.02405	0.99969	-0.00678	0.00058	0.00677	0.99998		-2145.30147	-1222.50781	772.67822	0.44569	-0.05858	-0.84308	0.18197	0.99989	0.01471	0.00102	-0.01472	0.99986	0.00778	-0.00091	-0.00779	0.99997	
134	0.67000	-367.01013	627.37774	-0.94401	-0.38956	0.02348	1.37348	1.17904	0.99971	-0.02397	-0.00041	0.02397	0.99969	-0.00680	0.00057	0.00679	0.99998		-2145.29679	-1222.51645	772.66155	0.44160	-0.05930	-0.84044	0.16961	0.99989	0.01467	0.00104	-0.01468	0.99986	0.00771	-0.00092	-0.00772	0.99997	
