NO_OF_FRAMES	12047
NO_OF_CAMERAS	8
NO_OF_BODIES	2
FREQUENCY	200
NO_OF_ANALOG	0
ANALOG_FREQUENCY	0
DESCRIPTION	--
TIME_STAMP	2013-07-04, 12:01:56	98531.72933321
DATA_INCLUDED	6D
BODY_NAMES	Ice 1	Ice 2
Frame	Time	Ice 1 X	Y	Z	Roll	Pitch	Yaw	Residual	Rot[0]	Rot[1]	Rot[2]	Rot[3]	Rot[4]	Rot[5]	Rot[6]	Rot[7]	Rot[8]	Ice 2 X	Y	Z	Roll	Pitch	Yaw	Residual	Rot[0]	Rot[1]	Rot[2]	Rot[3]	Rot[4]	Rot[5]	Rot[6]	Rot[7]	Rot[8]	
1	0.00500	147.29387	-194.93496	0.37175	0.72179	0.17004	5.26324	0.92471	0.99578	-0.09173	-0.00297	0.09176	0.99570	0.01260	0.00180	-0.01282	0.99992		15.94359	-40.08099	-1.84893	-0.23965	0.42293	-0.77156	0.29961	0.99988	0.01347	-0.00738	-0.01350	0.99990	-0.00418	0.00732	0.00428	0.99996	
2	0.01000	147.24747	-194.95556	0.37978	0.71477	0.16940	5.26464	0.94329	0.99578	-0.09176	-0.00296	0.09179	0.99570	0.01247	0.00180	-0.01269	0.99992		15.89846	-40.03317	-1.84181	-0.22653	0.43279	-0.77600	0.27407	0.99988	0.01354	-0.00755	-0.01357	0.99990	-0.00395	0.00750	0.00406	0.99996	
3	0.01500	147.23677	-194.97674	0.39673	0.70956	0.16857	5.26631	0.91747	0.99577	-0.09178	-0.00294	0.09181	0.99570	0.01238	0.00179	-0.01260	0.99992		15.88371	-40.03035	-1.82931	-0.21761	0.43470	-0.77171	0.28362	0.99988	0.01347	-0.00759	-0.01350	0.99990	-0.00380	0.00754	0.00390	0.99996	
4	0.02000	147.25704	-194.98582	0.39085	0.70380	0.16846	5.27072	0.94123	0.99577	-0.09186	-0.00294	0.09189	0.99569	0.01228	0.00180	-0.01250	0.99992		15.91177	-40.00704	-1.81355	-0.20783	0.43225	-0.77305	0.27958	0.99988	0.01349	-0.00754	-0.01352	0.99990	-0.00363	0.00749	0.00373	0.99996	
5	0.02500	147.24337	-195.00110	0.39843	0.69905	0.16524	5.26475	0.93258	0.99578	-0.09176	-0.00288	0.09179	0.99570	0.01220	0.00175	-0.01241	0.99992		15.89642	-39.98136	-1.79703	-0.19904	0.43267	-0.77365	0.30346	0.99988	0.01350	-0.00755	-0.01353	0.99990	-0.00347	0.00750	0.00358	0.99997	
6	0.03000	147.27377	-195.01267	0.40226	0.69368	0.16221	5.26897	0.93400	0.99577	-0.09183	-0.00283	0.09186	0.99570	0.01211	0.00171	-0.01232	0.99992		15.89511	-39.97291	-1.79344	-0.19168	0.43439	-0.77570	0.29901	0.99988	0.01354	-0.00758	-0.01356	0.99990	-0.00335	0.00754	0.00345	0.99997	
7	0.03500	147.21113	-195.01187	0.41411	0.68713	0.17035	5.26806	0.92551	0.99577	-0.09182	-0.00297	0.09184	0.99570	0.01199	0.00186	-0.01221	0.99992		15.90483	-39.93528	-1.77733	-0.18112	0.43182	-0.77414	0.27644	0.99988	0.01351	-0.00754	-0.01353	0.99990	-0.00316	0.00749	0.00326	0.99997	
8	0.04000	147.22951	-195.03234	0.41531	0.68192	0.16284	5.26402	0.93523	0.99578	-0.09174	-0.00284	0.09177	0.99571	0.01190	0.00174	-0.01211	0.99993		15.88663	-39.93205	-1.76914	-0.17622	0.43517	-0.77147	0.29414	0.99988	0.01346	-0.00760	-0.01349	0.99990	-0.00308	0.00755	0.00318	0.99997	
9	0.04500	147.23611	-195.03308	0.43253	0.67593	0.16250	5.26588	0.93604	0.99578	-0.09178	-0.00284	0.09180	0.99571	0.01180	0.00174	-0.01201	0.99993		15.91961	-39.90468	-1.75776	-0.16424	0.43384	-0.78076	0.30153	0.99988	0.01363	-0.00757	-0.01365	0.99990	-0.00287	0.00753	0.00297	0.99997	
10	0.05000	147.22422	-195.02009	0.42849	0.67169	0.16540	5.26319	0.93223	0.99578	-0.09173	-0.00289	0.09176	0.99571	0.01172	0.00180	-0.01194	0.99993		15.91395	-39.90015	-1.74125	-0.15909	0.43429	-0.77757	0.27888	0.99988	0.01357	-0.00758	-0.01359	0.99990	-0.00278	0.00754	0.00288	0.99997	
11	0.05500	147.13527	-195.18943	0.52633	0.65317	0.16098	5.25571	0.90350	0.99579	-0.09160	-0.00281	0.09163	0.99573	0.01140	0.00175	-0.01161	0.99993		15.90989	-39.88442	-1.72863	-0.15264	0.43221	-0.77300	0.30298	0.99988	0.01349	-0.00754	-0.01351	0.99991	-0.00266	0.00751	0.00277	0.99997	
12	0.06000	147.15671	-195.20254	0.52910	0.64811	0.15246	5.26104	0.91565	0.99578	-0.09169	-0.00266	0.09172	0.99572	0.01131	0.00161	-0.01151	0.99993		15.88704	-39.85800	-1.70356	-0.14263	0.43211	-0.77912	0.31691	0.99988	0.01360	-0.00754	-0.01362	0.99990	-0.00249	0.00751	0.00259	0.99997	
13	0.06500	147.11098	-195.21671	0.52899	0.64272	0.15367	5.25330	0.90727	0.99580	-0.09156	-0.00268	0.09158	0.99573	0.01122	0.00164	-0.01142	0.99993		15.90720	-39.87169	-1.69129	-0.14134	0.43153	-0.77747	0.30640	0.99988	0.01357	-0.00753	-0.01359	0.99990	-0.00247	0.00750	0.00257	0.99997	
14	0.07000	147.10506	-195.23511	0.53168	0.63071	0.15522	5.25544	0.90849	0.99579	-0.09160	-0.00271	0.09162	0.99573	0.01101	0.00169	-0.01121	0.99994		15.94276	-39.83775	-1.67513	-0.13246	0.42557	-0.77725	0.30862	0.99988	0.01356	-0.00743	-0.01358	0.99991	-0.00231	0.00740	0.00241	0.99997	
15	0.07500	147.14696	-195.25227	0.54691	0.62626	0.14694	5.24957	0.91440	0.99580	-0.09149	-0.00256	0.09152	0.99574	0.01093	0.00155	-0.01112	0.99994		15.93392	-39.83086	-1.66275	-0.12545	0.42921	-0.78012	0.31835	0.99988	0.01361	-0.00749	-0.01363	0.99990	-0.00219	0.00746	0.00229	0.99997	
16	0.08000	147.10876	-195.25046	0.53446	0.61970	0.15334	5.25142	0.90814	0.99580	-0.09153	-0.00268	0.09155	0.99574	0.01082	0.00167	-0.01102	0.99994		15.93326	-39.81847	-1.64661	-0.11938	0.43106	-0.78231	0.31083	0.99988	0.01365	-0.00752	-0.01367	0.99990	-0.00208	0.00749	0.00219	0.99997	
17	0.08500	147.07302	-195.27407	0.54225	0.61063	0.15464	5.25570	0.91626	0.99579	-0.09160	-0.00270	0.09162	0.99574	0.01066	0.00171	-0.01086	0.99994		15.94836	-39.81158	-1.63412	-0.11581	0.42728	-0.77960	0.29032	0.99988	0.01361	-0.00746	-0.01362	0.99991	-0.00202	0.00743	0.00212	0.99997	
18	0.09000	147.09030	-195.28688	0.54111	0.60362	0.15369	5.25659	0.90558	0.99579	-0.09162	-0.00268	0.09164	0.99574	0.01053	0.00171	-0.01074	0.99994		15.93949	-39.79721	-1.60931	-0.10926	0.43105	-0.78181	0.32437	0.99988	0.01364	-0.00752	-0.01366	0.99990	-0.00191	0.00750	0.00201	0.99997	
19	0.09500	147.11479	-195.29623	0.51186	0.59875	0.14744	5.25443	0.90539	0.99579	-0.09158	-0.00257	0.09160	0.99574	0.01045	0.00161	-0.01064	0.99994		15.96113	-39.76812	-1.61414	-0.10471	0.42642	-0.78249	0.31023	0.99988	0.01366	-0.00744	-0.01367	0.99990	-0.00183	0.00742	0.00193	0.99997	
20	0.10000	147.11543	-195.32876	0.51991	0.58730	0.14792	5.26215	0.90248	0.99578	-0.09171	-0.00258	0.09173	0.99573	0.01025	0.00163	-0.01044	0.99994		15.95077	-39.75823	-1.58491	-0.10133	0.43110	-0.77651	0.29820	0.99988	0.01355	-0.00752	-0.01357	0.99991	-0.00177	0.00750	0.00187	0.99997	
21	0.10500	147.16401	-195.36069	0.50584	0.57492	0.15088	5.26763	0.88258	0.99577	-0.09181	-0.00263	0.09183	0.99572	0.01003	0.00170	-0.01023	0.99995		15.97665	-39.76432	-1.57296	-0.09698	0.43137	-0.78200	0.32487	0.99988	0.01365	-0.00753	-0.01366	0.99991	-0.00169	0.00750	0.00180	0.99997	
22	0.11000	147.15912	-195.38419	0.48988	0.56811	0.14331	5.27399	0.89301	0.99576	-0.09192	-0.00250	0.09194	0.99572	0.00992	0.00158	-0.01010	0.99995		15.95601	-39.74992	-1.55568	-0.09318	0.42877	-0.77856	0.31639	0.99988	0.01359	-0.00748	-0.01360	0.99991	-0.00163	0.00746	0.00173	0.99997	
23	0.11500	147.16135	-195.40383	0.48250	0.55823	0.14645	5.27572	0.90243	0.99576	-0.09195	-0.00256	0.09197	0.99571	0.00974	0.00165	-0.00994	0.99995		15.97963	-39.74438	-1.54362	-0.09167	0.42817	-0.78252	0.30999	0.99988	0.01366	-0.00747	-0.01367	0.99991	-0.00160	0.00745	0.00170	0.99997	
24	0.12000	147.14238	-195.40493	0.46501	0.55472	0.14260	5.27367	0.89510	0.99576	-0.09191	-0.00249	0.09193	0.99572	0.00968	0.00159	-0.00987	0.99995		15.96285	-39.72556	-1.54006	-0.08610	0.43409	-0.78393	0.31833	0.99988	0.01368	-0.00758	-0.01369	0.99991	-0.00150	0.00755	0.00161	0.99997	
25	0.12500	147.12465	-195.41679	0.45898	0.54814	0.14226	5.27178	0.89606	0.99577	-0.09188	-0.00248	0.09190	0.99572	0.00957	0.00159	-0.00975	0.99995		15.94537	-39.70939	-1.52715	-0.08479	0.43383	-0.78298	0.30860	0.99988	0.01366	-0.00757	-0.01368	0.99991	-0.00148	0.00755	0.00158	0.99997	
26	0.13000	147.17576	-195.42624	0.44645	0.54071	0.13964	5.27166	0.90167	0.99577	-0.09188	-0.00244	0.09190	0.99572	0.00944	0.00156	-0.00962	0.99995		15.99164	-39.71922	-1.52358	-0.08234	0.43193	-0.78313	0.30791	0.99988	0.01367	-0.00754	-0.01368	0.99991	-0.00144	0.00752	0.00154	0.99997	
27	0.13500	147.15926	-195.43788	0.43371	0.53408	0.14171	5.27224	0.90646	0.99577	-0.09189	-0.00247	0.09191	0.99572	0.00932	0.00161	-0.00951	0.99995		15.99392	-39.70651	-1.50685	-0.08076	0.42900	-0.77792	0.31670	0.99988	0.01358	-0.00749	-0.01359	0.99991	-0.00141	0.00747	0.00151	0.99997	
28	0.14000	147.14980	-195.44843	0.42167	0.52529	0.14034	5.26931	0.89988	0.99577	-0.09184	-0.00245	0.09186	0.99573	0.00917	0.00160	-0.00935	0.99995		15.97525	-39.68557	-1.49896	-0.07672	0.43598	-0.78252	0.30759	0.99988	0.01366	-0.00761	-0.01367	0.99991	-0.00134	0.00759	0.00144	0.99997	
29	0.14500	147.15493	-195.45274	0.40804	0.52095	0.14047	5.26982	0.88932	0.99577	-0.09185	-0.00245	0.09186	0.99573	0.00909	0.00161	-0.00928	0.99996		16.00035	-39.69082	-1.49511	-0.07558	0.43454	-0.78368	0.31709	0.99988	0.01368	-0.00758	-0.01369	0.99991	-0.00132	0.00757	0.00142	0.99997	
30	0.15000	147.17529	-195.50073	0.36788	0.50992	0.13443	5.26997	0.89826	0.99577	-0.09185	-0.00235	0.09187	0.99573	0.00890	0.00152	-0.00908	0.99996		16.00161	-39.68321	-1.47396	-0.07509	0.43216	-0.78349	0.30572	0.99988	0.01367	-0.00754	-0.01368	0.99991	-0.00131	0.00752	0.00141	0.99997	
31	0.15500	147.13225	-195.50061	0.37226	0.50476	0.14032	5.26808	0.89397	0.99577	-0.09182	-0.00245	0.09183	0.99574	0.00881	0.00163	-0.00900	0.99996		16.00138	-39.68878	-1.46082	-0.07757	0.43016	-0.78192	0.30965	0.99988	0.01365	-0.00751	-0.01366	0.99991	-0.00135	0.00749	0.00146	0.99997	
32	0.16000	147.18441	-195.49606	0.33667	0.50153	0.13615	5.26758	0.89779	0.99577	-0.09181	-0.00238	0.09182	0.99574	0.00875	0.00156	-0.00893	0.99996		16.01701	-39.69083	-1.45734	-0.07655	0.43342	-0.77878	0.31442	0.99988	0.01359	-0.00756	-0.01360	0.99991	-0.00134	0.00755	0.00144	0.99997	
33	0.16500	147.20246	-195.50378	0.30889	0.49680	0.13384	5.26655	0.90250	0.99578	-0.09179	-0.00234	0.09181	0.99574	0.00867	0.00153	-0.00885	0.99996		16.01311	-39.66861	-1.43650	-0.07472	0.43265	-0.78459	0.30495	0.99988	0.01369	-0.00755	-0.01370	0.99991	-0.00130	0.00753	0.00141	0.99997	
34	0.17000	147.17136	-195.53145	0.29921	0.48713	0.13800	5.26699	0.89459	0.99577	-0.09180	-0.00241	0.09181	0.99574	0.00850	0.00162	-0.00869	0.99996		16.01409	-39.66814	-1.43681	-0.07642	0.43740	-0.78280	0.30670	0.99988	0.01366	-0.00763	-0.01367	0.99991	-0.00133	0.00762	0.00144	0.99997	
35	0.17500	147.15379	-195.54005	0.25933	0.48245	0.13607	5.26537	0.89766	0.99578	-0.09177	-0.00237	0.09179	0.99574	0.00842	0.00159	-0.00860	0.99996		16.02269	-39.66934	-1.42827	-0.07670	0.43552	-0.78261	0.30736	0.99988	0.01366	-0.00760	-0.01367	0.99991	-0.00134	0.00758	0.00144	0.99997	
36	0.18000	147.14398	-195.55807	0.24596	0.47555	0.14146	5.26664	0.88164	0.99578	-0.09179	-0.00247	0.09181	0.99574	0.00830	0.00170	-0.00849	0.99996		16.01245	-39.66809	-1.42838	-0.07849	0.43822	-0.78247	0.30981	0.99988	0.01366	-0.00765	-0.01367	0.99991	-0.00137	0.00763	0.00147	0.99997	
37	0.18500	147.16551	-195.56682	0.21347	0.47091	0.13468	5.26741	0.90319	0.99577	-0.09180	-0.00235	0.09182	0.99574	0.00822	0.00159	-0.00840	0.99996		16.02815	-39.67206	-1.41152	-0.07950	0.43458	-0.77967	0.31359	0.99988	0.01361	-0.00758	-0.01362	0.99991	-0.00139	0.00757	0.00149	0.99997	
38	0.19000	147.15318	-195.57804	0.18592	0.46595	0.13771	5.26487	0.88611	0.99578	-0.09176	-0.00240	0.09178	0.99575	0.00813	0.00165	-0.00832	0.99996		16.03299	-39.65883	-1.41178	-0.07949	0.43629	-0.77779	0.30371	0.99988	0.01357	-0.00761	-0.01359	0.99991	-0.00139	0.00760	0.00149	0.99997	
39	0.19500	147.15726	-195.60474	0.16752	0.45974	0.13749	5.26472	0.88959	0.99578	-0.09176	-0.00240	0.09177	0.99575	0.00802	0.00165	-0.00821	0.99996		16.05219	-39.66910	-1.40330	-0.08485	0.43495	-0.78063	0.29719	0.99988	0.01362	-0.00759	-0.01364	0.99991	-0.00148	0.00757	0.00158	0.99997	
40	0.20000	147.16469	-195.58135	0.14118	0.45984	0.13385	5.26326	0.89588	0.99578	-0.09173	-0.00234	0.09175	0.99575	0.00803	0.00159	-0.00821	0.99997		16.04846	-39.67392	-1.40307	-0.08803	0.43621	-0.77856	0.31593	0.99988	0.01359	-0.00761	-0.01360	0.99991	-0.00154	0.00759	0.00164	0.99997	
41	0.20500	147.15817	-195.59615	0.10757	0.45681	0.13621	5.26954	0.89280	0.99577	-0.09184	-0.00238	0.09186	0.99574	0.00797	0.00163	-0.00816	0.99997		16.07582	-39.65845	-1.39943	-0.08936	0.43799	-0.77729	0.29255	0.99988	0.01357	-0.00764	-0.01358	0.99991	-0.00156	0.00762	0.00166	0.99997	
42	0.21000	147.15576	-195.61477	0.07285	0.45156	0.13896	5.26568	0.89819	0.99578	-0.09177	-0.00243	0.09179	0.99575	0.00788	0.00169	-0.00807	0.99997		16.07579	-39.64647	-1.39519	-0.08986	0.43610	-0.77821	0.30158	0.99988	0.01358	-0.00761	-0.01359	0.99991	-0.00157	0.00759	0.00167	0.99997	
43	0.21500	147.14783	-195.61078	0.03258	0.45008	0.13664	5.26879	0.90030	0.99577	-0.09183	-0.00238	0.09184	0.99574	0.00786	0.00165	-0.00804	0.99997		16.09844	-39.67108	-1.38681	-0.09529	0.43561	-0.77647	0.29066	0.99988	0.01355	-0.00760	-0.01356	0.99991	-0.00166	0.00758	0.00177	0.99997	
44	0.22000	147.16807	-195.63783	0.00492	0.44371	0.13620	5.26918	0.90499	0.99577	-0.09183	-0.00238	0.09185	0.99574	0.00774	0.00166	-0.00793	0.99997		16.06936	-39.67321	-1.38603	-0.10143	0.43615	-0.77377	0.28227	0.99988	0.01350	-0.00761	-0.01352	0.99991	-0.00177	0.00759	0.00187	0.99997	
45	0.22500	147.20412	-195.62912	-0.02474	0.44417	0.13640	5.26167	0.89052	0.99578	-0.09170	-0.00238	0.09172	0.99575	0.00775	0.00166	-0.00794	0.99997		16.12695	-39.67942	-1.37829	-0.10314	0.43503	-0.77891	0.30106	0.99988	0.01359	-0.00759	-0.01361	0.99991	-0.00180	0.00757	0.00190	0.99997	
46	0.23000	147.18164	-195.66127	-0.07167	0.43903	0.13743	5.26409	0.89435	0.99578	-0.09175	-0.00240	0.09176	0.99575	0.00766	0.00169	-0.00785	0.99997		16.13347	-39.68197	-1.38212	-0.10826	0.42948	-0.77809	0.30296	0.99988	0.01358	-0.00750	-0.01359	0.99991	-0.00189	0.00747	0.00199	0.99997	
47	0.23500	147.17887	-195.64892	-0.09565	0.43892	0.13840	5.26457	0.89433	0.99578	-0.09175	-0.00242	0.09177	0.99575	0.00766	0.00170	-0.00785	0.99997		16.15663	-39.67483	-1.36999	-0.11138	0.43229	-0.77690	0.30492	0.99988	0.01356	-0.00754	-0.01357	0.99991	-0.00194	0.00752	0.00205	0.99997	
48	0.24000	147.15993	-195.66475	-0.12379	0.43670	0.14165	5.25886	0.89463	0.99579	-0.09166	-0.00247	0.09167	0.99576	0.00762	0.00176	-0.00782	0.99997		16.13454	-39.71576	-1.36866	-0.12018	0.43013	-0.77329	0.30001	0.99988	0.01350	-0.00751	-0.01351	0.99991	-0.00210	0.00748	0.00220	0.99997	
49	0.24500	147.18978	-195.66349	-0.16505	0.43644	0.13968	5.25933	0.89999	0.99579	-0.09166	-0.00244	0.09168	0.99576	0.00762	0.00173	-0.00781	0.99997		16.17912	-39.70618	-1.36886	-0.12618	0.42608	-0.77137	0.29015	0.99988	0.01346	-0.00744	-0.01348	0.99991	-0.00220	0.00741	0.00230	0.99997	
50	0.25000	147.17360	-195.67585	-0.19732	0.43598	0.14028	5.25744	0.89524	0.99579	-0.09163	-0.00245	0.09165	0.99576	0.00761	0.00174	-0.00780	0.99997		16.18714	-39.70437	-1.37772	-0.12738	0.42944	-0.77883	0.30222	0.99988	0.01359	-0.00750	-0.01361	0.99990	-0.00222	0.00746	0.00232	0.99997	
51	0.25500	147.22177	-195.68463	-0.22493	0.43603	0.13461	5.25910	0.89840	0.99579	-0.09166	-0.00235	0.09167	0.99576	0.00761	0.00164	-0.00779	0.99997		16.21693	-39.73935	-1.37291	-0.13553	0.42271	-0.77341	0.28991	0.99988	0.01350	-0.00738	-0.01352	0.99991	-0.00237	0.00735	0.00246	0.99997	
52	0.26000	147.17105	-195.69042	-0.25869	0.43669	0.14079	5.26182	0.89957	0.99578	-0.09171	-0.00246	0.09172	0.99576	0.00762	0.00175	-0.00781	0.99997		16.19042	-39.73006	-1.37663	-0.14197	0.42557	-0.77653	0.29710	0.99988	0.01355	-0.00743	-0.01357	0.99990	-0.00248	0.00739	0.00258	0.99997	
53	0.26500	147.25515	-195.68380	-0.30788	0.43744	0.13029	5.25750	0.89726	0.99579	-0.09163	-0.00227	0.09165	0.99576	0.00763	0.00156	-0.00781	0.99997		16.22011	-39.73685	-1.37685	-0.14538	0.42377	-0.77322	0.28824	0.99988	0.01349	-0.00740	-0.01351	0.99991	-0.00254	0.00736	0.00264	0.99997	
54	0.27000	147.22426	-195.69564	-0.32802	0.43808	0.13739	5.25955	0.90838	0.99579	-0.09167	-0.00240	0.09168	0.99576	0.00765	0.00169	-0.00783	0.99997		16.21303	-39.74424	-1.39319	-0.15246	0.42385	-0.77136	0.29198	0.99988	0.01346	-0.00740	-0.01348	0.99991	-0.00266	0.00736	0.00276	0.99997	
55	0.27500	147.23165	-195.69962	-0.37680	0.43910	0.13548	5.26448	0.91078	0.99578	-0.09175	-0.00236	0.09177	0.99575	0.00766	0.00165	-0.00785	0.99997		16.23392	-39.75163	-1.39290	-0.15830	0.42000	-0.77577	0.29951	0.99988	0.01354	-0.00733	-0.01356	0.99990	-0.00276	0.00729	0.00286	0.99997	
56	0.28000	147.24730	-195.69339	-0.40957	0.44237	0.13201	5.25666	0.90708	0.99579	-0.09162	-0.00230	0.09163	0.99576	0.00772	0.00159	-0.00790	0.99997		16.25116	-39.75812	-1.39278	-0.16283	0.41896	-0.77297	0.29244	0.99988	0.01349	-0.00731	-0.01351	0.99990	-0.00284	0.00727	0.00294	0.99997	
57	0.28500	147.28916	-195.69328	-0.44197	0.44579	0.13262	5.25485	0.89063	0.99579	-0.09159	-0.00231	0.09160	0.99577	0.00778	0.00159	-0.00796	0.99997		16.24305	-39.78794	-1.40477	-0.17174	0.42120	-0.76820	0.28822	0.99988	0.01341	-0.00735	-0.01343	0.99991	-0.00300	0.00731	0.00310	0.99997	
58	0.29000	147.28751	-195.69697	-0.49528	0.44791	0.12899	5.25617	0.89787	0.99579	-0.09161	-0.00225	0.09162	0.99576	0.00782	0.00153	-0.00799	0.99997		16.27782	-39.79119	-1.41737	-0.17759	0.41639	-0.76710	0.28911	0.99988	0.01339	-0.00727	-0.01341	0.99991	-0.00310	0.00723	0.00320	0.99997	
59	0.29500	147.28904	-195.69235	-0.51881	0.45199	0.13336	5.25802	0.89282	0.99579	-0.09164	-0.00233	0.09166	0.99576	0.00789	0.00159	-0.00807	0.99997		16.27633	-39.79275	-1.41753	-0.18087	0.41967	-0.77062	0.28059	0.99988	0.01345	-0.00732	-0.01347	0.99990	-0.00316	0.00728	0.00326	0.99997	
60	0.30000	147.31593	-195.70978	-0.56714	0.45376	0.12678	5.25970	0.91102	0.99579	-0.09167	-0.00221	0.09168	0.99576	0.00792	0.00148	-0.00809	0.99997		16.27822	-39.81861	-1.43786	-0.19000	0.41741	-0.77191	0.29222	0.99988	0.01347	-0.00729	-0.01350	0.99990	-0.00332	0.00724	0.00341	0.99997	
61	0.30500	147.31399	-195.69486	-0.58488	0.45989	0.12779	5.25512	0.89355	0.99579	-0.09159	-0.00223	0.09161	0.99576	0.00803	0.00149	-0.00820	0.99997		16.29384	-39.81908	-1.43774	-0.19525	0.41725	-0.77018	0.28545	0.99988	0.01344	-0.00728	-0.01347	0.99990	-0.00341	0.00724	0.00351	0.99997	
62	0.31000	147.30376	-195.69337	-0.63591	0.46279	0.12525	5.25978	0.91279	0.99579	-0.09167	-0.00219	0.09169	0.99576	0.00808	0.00144	-0.00824	0.99996		16.32670	-39.81937	-1.45063	-0.20122	0.41552	-0.77207	0.28128	0.99988	0.01347	-0.00725	-0.01350	0.99990	-0.00351	0.00720	0.00361	0.99997	
63	0.31500	147.31544	-195.70080	-0.66517	0.46623	0.12533	5.26126	0.90902	0.99578	-0.09170	-0.00219	0.09171	0.99575	0.00814	0.00143	-0.00830	0.99996		16.33315	-39.83455	-1.47097	-0.20802	0.41217	-0.77008	0.28463	0.99988	0.01344	-0.00719	-0.01347	0.99990	-0.00363	0.00714	0.00373	0.99997	
64	0.32000	147.35675	-195.69854	-0.71507	0.47283	0.12035	5.25631	0.91384	0.99579	-0.09161	-0.00210	0.09163	0.99576	0.00825	0.00134	-0.00841	0.99996		16.37089	-39.88559	-1.44933	-0.22159	0.40874	-0.76680	0.27897	0.99989	0.01338	-0.00713	-0.01341	0.99990	-0.00387	0.00708	0.00396	0.99997	
65	0.32500	147.39970	-195.69106	-0.74596	0.47638	0.11656	5.25389	0.91879	0.99580	-0.09157	-0.00203	0.09158	0.99576	0.00831	0.00126	-0.00847	0.99996		16.33357	-39.86560	-1.48235	-0.22467	0.41146	-0.76528	0.26954	0.99989	0.01336	-0.00718	-0.01338	0.99990	-0.00392	0.00713	0.00402	0.99997	
66	0.33000	147.37834	-195.69225	-0.78977	0.48115	0.11927	5.25742	0.90812	0.99579	-0.09163	-0.00208	0.09164	0.99576	0.00840	0.00130	-0.00855	0.99996		16.37330	-39.89808	-1.49039	-0.23391	0.40759	-0.76569	0.28513	0.99989	0.01336	-0.00711	-0.01339	0.99990	-0.00408	0.00706	0.00418	0.99997	
67	0.33500	147.44903	-195.69600	-0.83385	0.48720	0.11034	5.25453	0.89046	0.99580	-0.09158	-0.00193	0.09159	0.99576	0.00850	0.00114	-0.00864	0.99996		16.38498	-39.91123	-1.50246	-0.24319	0.40604	-0.76619	0.28688	0.99989	0.01337	-0.00709	-0.01340	0.99990	-0.00424	0.00703	0.00434	0.99997	
68	0.34000	147.41999	-195.69036	-0.87830	0.49250	0.11328	5.25542	0.89912	0.99579	-0.09160	-0.00198	0.09161	0.99576	0.00860	0.00118	-0.00874	0.99996		16.41068	-39.90950	-1.52813	-0.24365	0.40261	-0.76671	0.27078	0.99989	0.01338	-0.00703	-0.01341	0.99990	-0.00425	0.00697	0.00435	0.99997	
69	0.34500	147.41912	-195.70606	-0.89738	0.49615	0.11116	5.25270	0.90203	0.99580	-0.09155	-0.00194	0.09156	0.99576	0.00866	0.00114	-0.00880	0.99996		16.42920	-39.94263	-1.53159	-0.25419	0.40132	-0.76602	0.28492	0.99989	0.01337	-0.00700	-0.01340	0.99990	-0.00444	0.00694	0.00453	0.99997	
70	0.35000	147.44598	-195.69435	-0.93394	0.50545	0.10956	5.25359	0.90233	0.99580	-0.09156	-0.00191	0.09158	0.99576	0.00882	0.00110	-0.00896	0.99996		16.44000	-39.95573	-1.53103	-0.26348	0.40004	-0.76651	0.28601	0.99989	0.01338	-0.00698	-0.01341	0.99990	-0.00460	0.00692	0.00469	0.99997	
71	0.35500	147.44926	-195.69581	-0.94853	0.50622	0.11063	5.25340	0.89989	0.99580	-0.09156	-0.00193	0.09157	0.99576	0.00884	0.00111	-0.00897	0.99996		16.43273	-39.94817	-1.56890	-0.26495	0.39991	-0.76725	0.27407	0.99989	0.01339	-0.00698	-0.01342	0.99990	-0.00462	0.00692	0.00472	0.99996	
72	0.36000	147.45793	-195.66629	-1.01036	0.52092	0.10638	5.24680	0.89563	0.99581	-0.09145	-0.00186	0.09146	0.99577	0.00909	0.00102	-0.00922	0.99996		16.44955	-39.98334	-1.56807	-0.27606	0.39903	-0.76190	0.28684	0.99989	0.01330	-0.00696	-0.01333	0.99990	-0.00482	0.00690	0.00491	0.99996	
73	0.36500	147.47159	-195.68473	-1.02033	0.52407	0.10157	5.25567	0.90750	0.99579	-0.09160	-0.00177	0.09161	0.99575	0.00915	0.00093	-0.00927	0.99996		16.45778	-39.95596	-1.59843	-0.27568	0.40283	-0.76518	0.27783	0.99989	0.01335	-0.00703	-0.01339	0.99990	-0.00481	0.00697	0.00490	0.99996	
74	0.37000	147.49188	-195.65892	-1.05798	0.53213	0.10143	5.25288	0.90248	0.99580	-0.09155	-0.00177	0.09156	0.99576	0.00929	0.00091	-0.00941	0.99996		16.48095	-39.99061	-1.59730	-0.28689	0.39583	-0.76579	0.29157	0.99989	0.01336	-0.00691	-0.01340	0.99990	-0.00501	0.00684	0.00510	0.99996	
75	0.37500	147.49242	-195.67340	-1.08456	0.53866	0.09905	5.24979	0.90640	0.99580	-0.09150	-0.00173	0.09151	0.99576	0.00940	0.00086	-0.00952	0.99995		16.49381	-40.02015	-1.61361	-0.29454	0.39541	-0.76268	0.28422	0.99989	0.01331	-0.00690	-0.01335	0.99990	-0.00514	0.00683	0.00523	0.99996	
76	0.38000	147.50666	-195.66862	-1.11111	0.54344	0.10410	5.24762	0.89399	0.99581	-0.09146	-0.00182	0.09147	0.99576	0.00948	0.00094	-0.00961	0.99995		16.53138	-40.03138	-1.62657	-0.30065	0.39700	-0.76665	0.30332	0.99989	0.01338	-0.00693	-0.01342	0.99990	-0.00525	0.00686	0.00534	0.99996	
77	0.38500	147.49719	-195.65862	-1.14739	0.55249	0.09950	5.25060	0.90326	0.99580	-0.09151	-0.00174	0.09152	0.99576	0.00964	0.00085	-0.00976	0.99995		16.49524	-40.03943	-1.64213	-0.30839	0.39447	-0.76534	0.29448	0.99989	0.01336	-0.00688	-0.01339	0.99990	-0.00538	0.00681	0.00547	0.99996	
78	0.39000	147.54994	-195.65137	-1.17935	0.56037	0.09168	5.24788	0.90843	0.99581	-0.09146	-0.00160	0.09148	0.99576	0.00978	0.00070	-0.00989	0.99995		16.53686	-40.05622	-1.65901	-0.31495	0.39243	-0.76152	0.30087	0.99989	0.01329	-0.00685	-0.01333	0.99990	-0.00550	0.00678	0.00559	0.99996	
79	0.39500	147.56011	-195.63888	-1.19916	0.56772	0.09093	5.25588	0.90960	0.99579	-0.09160	-0.00159	0.09161	0.99575	0.00991	0.00067	-0.01001	0.99995		16.56992	-40.06126	-1.66744	-0.31914	0.38783	-0.76526	0.28008	0.99989	0.01336	-0.00677	-0.01339	0.99989	-0.00557	0.00669	0.00566	0.99996	
80	0.40000	147.57982	-195.63559	-1.23573	0.57572	0.08786	5.25301	0.92343	0.99580	-0.09155	-0.00153	0.09156	0.99575	0.01005	0.00061	-0.01015	0.99995		16.54416	-40.07510	-1.68776	-0.32548	0.39195	-0.76188	0.30228	0.99989	0.01330	-0.00684	-0.01334	0.99989	-0.00568	0.00676	0.00577	0.99996	
81	0.40500	147.57844	-195.63708	-1.24428	0.58156	0.09000	5.25061	0.91585	0.99580	-0.09151	-0.00157	0.09152	0.99575	0.01015	0.00064	-0.01025	0.99995		16.58415	-40.10455	-1.69996	-0.33317	0.38530	-0.76382	0.28325	0.99989	0.01333	-0.00672	-0.01337	0.99989	-0.00581	0.00665	0.00590	0.99996	
82	0.41000	147.58526	-195.63060	-1.26920	0.58823	0.08450	5.25381	0.90677	0.99580	-0.09157	-0.00147	0.09158	0.99574	0.01027	0.00053	-0.01036	0.99995		16.57877	-40.09889	-1.71263	-0.33598	0.38734	-0.76457	0.28521	0.99989	0.01334	-0.00676	-0.01338	0.99989	-0.00586	0.00668	0.00595	0.99996	
83	0.41500	147.56790	-195.61510	-1.28958	0.59726	0.08703	5.25225	0.90813	0.99580	-0.09154	-0.00152	0.09155	0.99575	0.01042	0.00056	-0.01052	0.99994		16.60864	-40.12495	-1.74575	-0.34404	0.38080	-0.76204	0.27779	0.99989	0.01330	-0.00665	-0.01334	0.99989	-0.00600	0.00657	0.00609	0.99996	
84	0.42000	147.65231	-195.59208	-1.29985	0.60687	0.08094	5.25105	0.90923	0.99580	-0.09152	-0.00141	0.09153	0.99575	0.01059	0.00044	-0.01068	0.99994		16.61423	-40.12626	-1.74567	-0.34730	0.38240	-0.76266	0.28774	0.99989	0.01331	-0.00667	-0.01335	0.99989	-0.00606	0.00659	0.00615	0.99996	
85	0.42500	147.65450	-195.59590	-1.31672	0.61186	0.07421	5.24745	0.91202	0.99581	-0.09146	-0.00130	0.09147	0.99575	0.01068	0.00031	-0.01075	0.99994		16.62220	-40.15646	-1.76212	-0.35302	0.38279	-0.75893	0.28371	0.99989	0.01325	-0.00668	-0.01329	0.99989	-0.00616	0.00660	0.00625	0.99996	
86	0.43000	147.62764	-195.58631	-1.32855	0.61905	0.07858	5.24794	0.91661	0.99581	-0.09147	-0.00137	0.09148	0.99575	0.01080	0.00038	-0.01088	0.99994		16.61461	-40.14689	-1.78260	-0.35738	0.38073	-0.76022	0.29301	0.99989	0.01327	-0.00664	-0.01331	0.99989	-0.00624	0.00656	0.00633	0.99996	
87	0.43500	147.66569	-195.55496	-1.34441	0.63144	0.07405	5.24639	0.93023	0.99581	-0.09144	-0.00129	0.09145	0.99575	0.01102	0.00028	-0.01109	0.99994		16.62880	-40.17544	-1.78665	-0.36354	0.38241	-0.75929	0.28494	0.99989	0.01325	-0.00667	-0.01329	0.99989	-0.00634	0.00659	0.00643	0.99996	
88	0.44000	147.68520	-195.56837	-1.35068	0.63600	0.06796	5.24299	0.91173	0.99582	-0.09138	-0.00119	0.09139	0.99575	0.01110	0.00017	-0.01116	0.99994		16.66381	-40.19055	-1.80764	-0.36887	0.37939	-0.75727	0.27587	0.99989	0.01322	-0.00662	-0.01326	0.99989	-0.00644	0.00654	0.00652	0.99996	
89	0.44500	147.68743	-195.53934	-1.36289	0.64376	0.06866	5.24367	0.89992	0.99581	-0.09139	-0.00120	0.09140	0.99575	0.01124	0.00017	-0.01130	0.99994		16.65382	-40.18712	-1.81154	-0.37125	0.38010	-0.76161	0.28296	0.99989	0.01329	-0.00663	-0.01333	0.99989	-0.00648	0.00655	0.00657	0.99996	
90	0.45000	147.70769	-195.55768	-1.37377	0.64745	0.06365	5.24603	0.90434	0.99581	-0.09143	-0.00111	0.09144	0.99575	0.01130	0.00007	-0.01135	0.99994		16.67555	-40.19895	-1.82004	-0.37490	0.37750	-0.75947	0.28575	0.99989	0.01325	-0.00659	-0.01330	0.99989	-0.00654	0.00650	0.00663	0.99996	
91	0.45500	147.71548	-195.54195	-1.38391	0.65510	0.05933	5.24942	0.90728	0.99581	-0.09149	-0.00104	0.09150	0.99574	0.01143	-0.00002	-0.01148	0.99993		16.70332	-40.20871	-1.84098	-0.37897	0.37613	-0.75680	0.29057	0.99989	0.01321	-0.00656	-0.01325	0.99989	-0.00661	0.00648	0.00670	0.99996	
92	0.46000	147.75753	-195.52244	-1.38976	0.66431	0.05677	5.25183	0.90964	0.99580	-0.09153	-0.00099	0.09154	0.99573	0.01159	-0.00007	-0.01164	0.99993		16.67563	-40.22311	-1.85683	-0.38368	0.37568	-0.75965	0.28607	0.99989	0.01326	-0.00656	-0.01330	0.99989	-0.00670	0.00647	0.00678	0.99996	
93	0.46500	147.72297	-195.53041	-1.39109	0.66825	0.05388	5.24856	0.91662	0.99581	-0.09148	-0.00094	0.09148	0.99574	0.01166	-0.00013	-0.01170	0.99993		16.69282	-40.22828	-1.86532	-0.38364	0.37396	-0.76121	0.28305	0.99989	0.01328	-0.00653	-0.01333	0.99989	-0.00670	0.00644	0.00678	0.99996	
94	0.47000	147.80470	-195.50252	-1.39963	0.67639	0.04886	5.24588	0.90382	0.99581	-0.09143	-0.00085	0.09143	0.99574	0.01180	-0.00023	-0.01183	0.99993		16.72155	-40.22947	-1.87360	-0.38906	0.37049	-0.75869	0.29920	0.99989	0.01324	-0.00647	-0.01328	0.99989	-0.00679	0.00638	0.00688	0.99996	
95	0.47500	147.79235	-195.50960	-1.40397	0.67975	0.05259	5.25153	0.90336	0.99580	-0.09153	-0.00092	0.09153	0.99573	0.01186	-0.00017	-0.01190	0.99993		16.72349	-40.23324	-1.89887	-0.38980	0.37016	-0.76026	0.28815	0.99989	0.01327	-0.00646	-0.01331	0.99989	-0.00680	0.00637	0.00689	0.99996	
96	0.48000	147.81934	-195.50146	-1.41247	0.68629	0.04358	5.24404	0.90110	0.99581	-0.09140	-0.00076	0.09140	0.99574	0.01198	-0.00034	-0.01200	0.99993		16.72277	-40.26339	-1.90226	-0.39375	0.36738	-0.76145	0.31011	0.99989	0.01329	-0.00641	-0.01333	0.99989	-0.00687	0.00632	0.00696	0.99996	
97	0.48500	147.82067	-195.51885	-1.39475	0.68651	0.04398	5.24513	0.91274	0.99581	-0.09142	-0.00077	0.09142	0.99574	0.01198	-0.00033	-0.01200	0.99993		16.73660	-40.26484	-1.91067	-0.39706	0.36720	-0.76170	0.28430	0.99989	0.01329	-0.00641	-0.01334	0.99989	-0.00693	0.00632	0.00701	0.99996	
98	0.49000	147.83485	-195.49452	-1.39959	0.69457	0.04409	5.24483	0.88494	0.99581	-0.09141	-0.00077	0.09141	0.99574	0.01212	-0.00034	-0.01214	0.99993		16.75698	-40.28581	-1.91852	-0.40188	0.36258	-0.76060	0.28804	0.99989	0.01327	-0.00633	-0.01332	0.99989	-0.00701	0.00623	0.00710	0.99996	
99	0.49500	147.83495	-195.47744	-1.39235	0.70035	0.03679	5.25238	0.90114	0.99580	-0.09154	-0.00064	0.09154	0.99573	0.01222	-0.00048	-0.01223	0.99993		16.77847	-40.29265	-1.93576	-0.40191	0.36460	-0.75954	0.29250	0.99989	0.01326	-0.00636	-0.01330	0.99989	-0.00701	0.00627	0.00710	0.99996	
100	0.50000	147.82534	-195.48536	-1.39680	0.70412	0.03670	5.25584	0.90944	0.99580	-0.09160	-0.00064	0.09160	0.99572	0.01229	-0.00049	-0.01230	0.99992		16.77511	-40.27015	-1.94007	-0.40125	0.36119	-0.75980	0.28923	0.99989	0.01326	-0.00630	-0.01330	0.99989	-0.00700	0.00621	0.00709	0.99996	
101	0.50500	147.89119	-195.46827	-1.38871	0.70941	0.02780	5.24688	0.90253	0.99581	-0.09145	-0.00049	0.09145	0.99573	0.01238	-0.00065	-0.01237	0.99992		16.76463	-40.29312	-1.95616	-0.40349	0.36066	-0.75908	0.29060	0.99989	0.01325	-0.00629	-0.01329	0.99989	-0.00704	0.00620	0.00713	0.99996	
102	0.51000	147.88854	-195.47866	-1.38963	0.70940	0.03090	5.24884	0.89817	0.99581	-0.09148	-0.00054	0.09148	0.99573	0.01238	-0.00060	-0.01238	0.99992		16.79916	-40.29781	-1.96484	-0.40436	0.35757	-0.75791	0.28358	0.99989	0.01323	-0.00624	-0.01327	0.99989	-0.00706	0.00615	0.00714	0.99996	
103	0.51500	147.89326	-195.45231	-1.36096	0.71644	0.02802	5.25086	0.90156	0.99580	-0.09152	-0.00049	0.09152	0.99573	0.01250	-0.00066	-0.01250	0.99992		16.79615	-40.30108	-1.96908	-0.40503	0.35821	-0.76246	0.28523	0.99989	0.01331	-0.00625	-0.01335	0.99989	-0.00707	0.00616	0.00715	0.99996	
104	0.52000	147.88359	-195.44516	-1.35111	0.72123	0.02933	5.24950	0.89812	0.99581	-0.09149	-0.00051	0.09149	0.99573	0.01259	-0.00064	-0.01258	0.99992		16.81908	-40.31875	-1.96848	-0.40919	0.35305	-0.75682	0.28706	0.99989	0.01321	-0.00616	-0.01325	0.99989	-0.00714	0.00607	0.00722	0.99996	
105	0.52500	147.91878	-195.45028	-1.34174	0.72119	0.02735	5.24956	0.89610	0.99581	-0.09149	-0.00048	0.09149	0.99573	0.01259	-0.00068	-0.01258	0.99992		16.82761	-40.31755	-1.97282	-0.40982	0.35359	-0.75483	0.27719	0.99989	0.01317	-0.00617	-0.01322	0.99989	-0.00715	0.00608	0.00723	0.99996	
106	0.53000	147.93490	-195.44045	-1.33695	0.72443	0.02550	5.25198	0.89277	0.99580	-0.09154	-0.00045	0.09153	0.99572	0.01264	-0.00071	-0.01263	0.99992		16.82810	-40.31344	-1.98138	-0.40795	0.35074	-0.75793	0.29254	0.99989	0.01323	-0.00612	-0.01327	0.99989	-0.00712	0.00603	0.00720	0.99996	
107	0.53500	147.95398	-195.44661	-1.30924	0.72566	0.02223	5.25008	0.91210	0.99580	-0.09150	-0.00039	0.09150	0.99572	0.01266	-0.00077	-0.01265	0.99992		16.83864	-40.33889	-1.98957	-0.40842	0.34981	-0.75672	0.28301	0.99989	0.01321	-0.00611	-0.01325	0.99989	-0.00713	0.00601	0.00721	0.99996	
108	0.54000	147.91710	-195.43312	-1.30209	0.72986	0.02520	5.24678	0.89800	0.99581	-0.09145	-0.00044	0.09144	0.99573	0.01274	-0.00073	-0.01272	0.99992		16.85366	-40.31360	-1.99007	-0.40766	0.34971	-0.75774	0.28378	0.99989	0.01322	-0.00610	-0.01327	0.99989	-0.00711	0.00601	0.00720	0.99996	
109	0.54500	147.99116	-195.41865	-1.29710	0.73215	0.01495	5.25024	0.90565	0.99580	-0.09151	-0.00026	0.09150	0.99572	0.01278	-0.00091	-0.01275	0.99992		16.84676	-40.32988	-1.99827	-0.40729	0.35043	-0.75692	0.29663	0.99989	0.01321	-0.00612	-0.01325	0.99989	-0.00711	0.00602	0.00719	0.99996	
110	0.55000	147.96977	-195.44613	-1.27668	0.73109	0.01603	5.24839	0.90553	0.99581	-0.09147	-0.00028	0.09147	0.99573	0.01276	-0.00089	-0.01273	0.99992		16.85565	-40.32087	-2.00264	-0.40644	0.34615	-0.75591	0.27047	0.99989	0.01319	-0.00604	-0.01324	0.99989	-0.00709	0.00595	0.00717	0.99996	
111	0.55500	147.98065	-195.42487	-1.26420	0.73373	0.01270	5.25166	0.91488	0.99580	-0.09153	-0.00022	0.09153	0.99572	0.01281	-0.00095	-0.01277	0.99992		16.89216	-40.34741	-1.99839	-0.40893	0.34442	-0.75426	0.27456	0.99990	0.01316	-0.00601	-0.01321	0.99989	-0.00714	0.00592	0.00722	0.99996	
112	0.56000	147.99185	-195.42449	-1.25283	0.73307	0.01520	5.24943	0.91413	0.99581	-0.09149	-0.00027	0.09149	0.99572	0.01279	-0.00091	-0.01276	0.99992		16.84807	-40.33628	-2.00632	-0.40485	0.34463	-0.75768	0.29324	0.99989	0.01322	-0.00601	-0.01327	0.99989	-0.00707	0.00592	0.00714	0.99996	
113	0.56500	147.99706	-195.43240	-1.21459	0.73495	0.01287	5.24875	0.90600	0.99581	-0.09148	-0.00022	0.09148	0.99572	0.01283	-0.00095	-0.01279	0.99992		16.87805	-40.34427	-1.99805	-0.40561	0.34008	-0.75642	0.27298	0.99990	0.01320	-0.00594	-0.01324	0.99989	-0.00708	0.00584	0.00716	0.99996	
114	0.57000	147.98113	-195.42297	-1.18820	0.73314	0.01728	5.25092	0.90861	0.99580	-0.09152	-0.00030	0.09151	0.99572	0.01280	-0.00087	-0.01277	0.99992		16.87427	-40.33530	-1.99859	-0.40319	0.34561	-0.75730	0.29695	0.99989	0.01322	-0.00603	-0.01326	0.99989	-0.00704	0.00594	0.00712	0.99996	
115	0.57500	148.03123	-195.41367	-1.17481	0.73677	0.00703	5.24686	0.90416	0.99581	-0.09145	-0.00012	0.09144	0.99573	0.01286	-0.00105	-0.01282	0.99992		16.86191	-40.33700	-2.01503	-0.40178	0.34322	-0.75520	0.28543	0.99990	0.01318	-0.00599	-0.01322	0.99989	-0.00701	0.00590	0.00709	0.99996	
116	0.58000	147.99540	-195.42188	-1.14599	0.73211	0.01635	5.24980	0.91574	0.99581	-0.09150	-0.00029	0.09149	0.99572	0.01278	-0.00088	-0.01275	0.99992		16.90523	-40.34088	-1.99473	-0.40006	0.34257	-0.75637	0.28572	0.99990	0.01320	-0.00598	-0.01324	0.99989	-0.00698	0.00589	0.00706	0.99996	
117	0.58500	148.03243	-195.40613	-1.11598	0.73179	0.01162	5.24900	0.91084	0.99581	-0.09148	-0.00020	0.09148	0.99573	0.01277	-0.00097	-0.01274	0.99992		16.90758	-40.34920	-1.99021	-0.39897	0.33906	-0.75711	0.29595	0.99990	0.01321	-0.00592	-0.01325	0.99989	-0.00696	0.00583	0.00704	0.99996	
118	0.59000	148.06221	-195.42009	-1.10515	0.73335	0.00312	5.24995	0.91938	0.99581	-0.09150	-0.00005	0.09149	0.99572	0.01280	-0.00112	-0.01275	0.99992		16.92460	-40.35580	-1.98611	-0.39845	0.33478	-0.75791	0.27998	0.99990	0.01323	-0.00584	-0.01327	0.99989	-0.00695	0.00575	0.00703	0.99996	
119	0.59500	148.03749	-195.40622	-1.07746	0.73228	0.00491	5.24567	0.90904	0.99581	-0.09143	-0.00009	0.09142	0.99573	0.01278	-0.00108	-0.01273	0.99992		16.89790	-40.32927	-1.98659	-0.39234	0.34089	-0.75831	0.29137	0.99989	0.01323	-0.00595	-0.01328	0.99989	-0.00685	0.00586	0.00693	0.99996	
120	0.60000	148.07082	-195.40435	-1.04717	0.73045	0.00346	5.25068	0.91345	0.99580	-0.09151	-0.00006	0.09151	0.99572	0.01275	-0.00111	-0.01270	0.99992		16.90174	-40.32622	-1.96966	-0.39076	0.33750	-0.76022	0.30240	0.99989	0.01327	-0.00589	-0.01331	0.99989	-0.00682	0.00580	0.00690	0.99996	
121	0.60500	148.03958	-195.43122	-1.00625	0.72449	0.00876	5.25266	0.90354	0.99580	-0.09155	-0.00015	0.09154	0.99572	0.01264	-0.00101	-0.01261	0.99992		16.92794	-40.34173	-1.96164	-0.38987	0.33556	-0.76003	0.27605	0.99989	0.01326	-0.00586	-0.01330	0.99989	-0.00680	0.00577	0.00688	0.99996	
122	0.61000	148.07315	-195.40961	-0.98403	0.72518	0.00762	5.25263	0.90641	0.99580	-0.09155	-0.00013	0.09154	0.99572	0.01266	-0.00103	-0.01262	0.99992		16.93232	-40.34690	-1.95306	-0.38901	0.33405	-0.75735	0.29185	0.99990	0.01322	-0.00583	-0.01326	0.99989	-0.00679	0.00574	0.00687	0.99996	
123	0.61500	148.06640	-195.40305	-0.95239	0.72291	0.00517	5.25034	0.91755	0.99580	-0.09151	-0.00009	0.09150	0.99573	0.01262	-0.00106	-0.01257	0.99992		16.93626	-40.34694	-1.94930	-0.38577	0.33500	-0.75670	0.26633	0.99990	0.01321	-0.00585	-0.01325	0.99989	-0.00673	0.00576	0.00681	0.99996	
124	0.62000	148.09675	-195.42022	-0.90849	0.71789	0.00748	5.24927	0.90035	0.99581	-0.09149	-0.00013	0.09148	0.99573	0.01253	-0.00102	-0.01249	0.99992		16.94661	-40.32840	-1.94120	-0.37947	0.33227	-0.75938	0.28806	0.99990	0.01325	-0.00580	-0.01329	0.99989	-0.00662	0.00571	0.00670	0.99996	
125	0.62500	148.08552	-195.41735	-0.86979	0.71552	0.00703	5.25001	0.90994	0.99580	-0.09150	-0.00012	0.09150	0.99573	0.01249	-0.00102	-0.01245	0.99992		16.92590	-40.33718	-1.92001	-0.37939	0.33682	-0.75759	0.28159	0.99990	0.01322	-0.00588	-0.01326	0.99989	-0.00662	0.00579	0.00670	0.99996	
126	0.63000	148.09154	-195.43085	-0.84941	0.71078	0.00589	5.24740	0.90874	0.99581	-0.09146	-0.00010	0.09145	0.99573	0.01241	-0.00103	-0.01236	0.99992		16.92894	-40.31536	-1.91638	-0.37447	0.33584	-0.75475	0.28286	0.99990	0.01317	-0.00586	-0.01321	0.99989	-0.00654	0.00577	0.00661	0.99996	
127	0.63500	148.11273	-195.43113	-0.80647	0.70734	0.00261	5.25071	0.90423	0.99580	-0.09151	-0.00005	0.09151	0.99573	0.01235	-0.00108	-0.01230	0.99992		16.92628	-40.33179	-1.91204	-0.37192	0.33556	-0.75665	0.28177	0.99990	0.01321	-0.00586	-0.01324	0.99989	-0.00649	0.00577	0.00657	0.99996	
128	0.64000	148.10503	-195.43055	-0.76388	0.70242	0.00716	5.25075	0.90140	0.99580	-0.09151	-0.00013	0.09151	0.99573	0.01226	-0.00100	-0.01222	0.99992		16.94272	-40.31904	-1.89560	-0.36909	0.33173	-0.75604	0.26718	0.99990	0.01319	-0.00579	-0.01323	0.99989	-0.00644	0.00570	0.00652	0.99996	
129	0.64500	148.14169	-195.42706	-0.72979	0.69989	0.00765	5.25015	0.90332	0.99580	-0.09150	-0.00013	0.09150	0.99573	0.01222	-0.00098	-0.01218	0.99993		16.95075	-40.31082	-1.88330	-0.36525	0.32935	-0.75467	0.26782	0.99990	0.01317	-0.00575	-0.01321	0.99989	-0.00637	0.00566	0.00645	0.99996	
130	0.65000	148.09728	-195.44944	-0.69405	0.69406	0.01105	5.25035	0.90364	0.99580	-0.09151	-0.00019	0.09150	0.99573	0.01211	-0.00092	-0.01208	0.99993		16.91872	-40.30469	-1.87073	-0.35873	0.33346	-0.75882	0.28570	0.99990	0.01324	-0.00582	-0.01328	0.99989	-0.00626	0.00574	0.00634	0.99996	
131	0.65500	148.15532	-195.45264	-0.66919	0.68800	0.00570	5.25634	0.90009	0.99579	-0.09161	-0.00010	0.09161	0.99572	0.01201	-0.00100	-0.01197	0.99993		16.93137	-40.28334	-1.85466	-0.35359	0.33532	-0.75679	0.29198	0.99990	0.01321	-0.00585	-0.01324	0.99989	-0.00617	0.00577	0.00625	0.99996	
132	0.66000	148.12199	-195.45330	-0.61438	0.68494	0.00936	5.25687	0.89658	0.99579	-0.09162	-0.00016	0.09162	0.99572	0.01195	-0.00093	-0.01192	0.99993		16.93991	-40.29245	-1.83786	-0.35151	0.33277	-0.75760	0.27796	0.99990	0.01322	-0.00581	-0.01326	0.99989	-0.00613	0.00573	0.00621	0.99996	
133	0.66500	148.12215	-195.46365	-0.55737	0.67749	0.01133	5.25072	0.90933	0.99580	-0.09151	-0.00020	0.09151	0.99573	0.01182	-0.00089	-0.01179	0.99993		16.94200	-40.28020	-1.81288	-0.34670	0.33192	-0.75835	0.27489	0.99990	0.01324	-0.00579	-0.01327	0.99989	-0.00605	0.00571	0.00613	0.99996	
134	0.67000	148.15853	-195.45385	-0.53942	0.67633	0.00483	5.25473	0.92767	0.99580	-0.09158	-0.00008	0.09158	0.99573	0.01180	-0.00100	-0.01176	0.99993		16.95342	-40.27629	-1.79651	-0.34346	0.33373	-0.75614	0.28042	0.99990	0.01320	-0.00582	-0.01323	0.99989	-0.00599	0.00574	0.00607	0.99997	
135	0.67500	148.14227	-195.47251	-0.49696	0.66686	0.01209	5.25239	0.90906	0.99580	-0.09154	-0.00021	0.09154	0.99573	0.01164	-0.00086	-0.01161	0.99993		16.94718	-40.25725	-1.78833	-0.33524	0.32962	-0.75790	0.27431	0.99990	0.01323	-0.00575	-0.01326	0.99989	-0.00585	0.00567	0.00593	0.99997	
136	0.68000	148.11254	-195.49176	-0.42993	0.66027	0.01774	5.25180	0.90549	0.99580	-0.09153	-0.00031	0.09153	0.99574	0.01152	-0.00075	-0.01150	0.99993		16.95974	-40.25473	-1.78051	-0.33231	0.33098	-0.75957	0.28290	0.99990	0.01326	-0.00578	-0.01329	0.99989	-0.00580	0.00570	0.00588	0.99997	
137	0.68500	148.10094	-195.47572	-0.41032	0.65704	0.01563	5.25509	0.90047	0.99580	-0.09159	-0.00027	0.09159	0.99573	0.01147	-0.00078	-0.01144	0.99993		16.94992	-40.25511	-1.75522	-0.32940	0.33052	-0.75965	0.27078	0.99990	0.01326	-0.00577	-0.01329	0.99990	-0.00575	0.00569	0.00583	0.99997	
