NO_OF_FRAMES	12046
NO_OF_CAMERAS	8
NO_OF_BODIES	2
FREQUENCY	200
NO_OF_ANALOG	0
ANALOG_FREQUENCY	0
DESCRIPTION	--
TIME_STAMP	2013-07-03, 15:31:49	24726.48026891
DATA_INCLUDED	6D
BODY_NAMES	Ice 1	Ice 2
Frame	Time	Ice 1 X	Y	Z	Roll	Pitch	Yaw	Residual	Rot[0]	Rot[1]	Rot[2]	Rot[3]	Rot[4]	Rot[5]	Rot[6]	Rot[7]	Rot[8]	Ice 2 X	Y	Z	Roll	Pitch	Yaw	Residual	Rot[0]	Rot[1]	Rot[2]	Rot[3]	Rot[4]	Rot[5]	Rot[6]	Rot[7]	Rot[8]	
1	0.00500	86.18865	-56.16282	1.04508	-0.00135	0.22310	1.24100	1.08768	0.99976	-0.02166	-0.00389	0.02166	0.99977	-0.00002	0.00389	-0.00006	0.99999		17.28522	-47.99021	-2.00767	0.15372	0.33104	-2.39350	0.22509	0.99911	0.04176	-0.00578	-0.04175	0.99912	0.00268	0.00588	-0.00244	0.99998	
2	0.01000	86.15870	-56.38776	1.04412	-0.07533	0.23252	1.23919	1.03595	0.99976	-0.02163	-0.00406	0.02162	0.99977	-0.00131	0.00409	0.00123	0.99999		17.24096	-47.89315	-1.98386	0.18737	0.33549	-2.39319	0.19646	0.99911	0.04176	-0.00586	-0.04174	0.99912	0.00327	0.00599	-0.00302	0.99998	
3	0.01500	86.13817	-56.49471	1.05510	-0.12382	0.23100	1.24199	1.03137	0.99976	-0.02167	-0.00403	0.02167	0.99976	-0.00216	0.00408	0.00207	0.99999		17.24856	-47.85258	-1.93393	0.20808	0.33349	-2.39038	0.19113	0.99911	0.04171	-0.00582	-0.04169	0.99912	0.00363	0.00597	-0.00339	0.99998	
4	0.02000	86.15763	-56.60449	1.06065	-0.17029	0.21512	1.24228	1.02817	0.99976	-0.02168	-0.00375	0.02167	0.99976	-0.00297	0.00382	0.00289	0.99999		17.26685	-47.81328	-1.88743	0.22666	0.32213	-2.38487	0.18640	0.99912	0.04161	-0.00562	-0.04159	0.99913	0.00396	0.00578	-0.00372	0.99998	
5	0.02500	86.17468	-56.72930	1.06428	-0.21829	0.20865	1.23684	1.01886	0.99976	-0.02159	-0.00364	0.02157	0.99976	-0.00381	0.00372	0.00373	0.99999		17.29387	-47.75959	-1.84581	0.25021	0.31554	-2.38508	0.19735	0.99912	0.04161	-0.00551	-0.04159	0.99913	0.00437	0.00568	-0.00413	0.99998	
6	0.03000	86.15290	-56.82982	1.05119	-0.26485	0.19823	1.23466	1.02045	0.99976	-0.02155	-0.00346	0.02153	0.99976	-0.00462	0.00356	0.00455	0.99998		17.33099	-47.70639	-1.79133	0.26811	0.30545	-2.38022	0.18370	0.99912	0.04153	-0.00533	-0.04151	0.99913	0.00468	0.00552	-0.00445	0.99997	
7	0.03500	86.19791	-56.94226	1.06111	-0.31286	0.18612	1.24233	1.02506	0.99976	-0.02168	-0.00325	0.02166	0.99975	-0.00546	0.00337	0.00539	0.99998		17.35348	-47.67160	-1.76195	0.28697	0.29523	-2.38536	0.19115	0.99912	0.04162	-0.00515	-0.04159	0.99912	0.00501	0.00536	-0.00479	0.99997	
8	0.04000	86.21255	-57.05789	1.06265	-0.36075	0.17371	1.23468	1.01668	0.99976	-0.02155	-0.00303	0.02153	0.99975	-0.00630	0.00317	0.00623	0.99998		17.38716	-47.63847	-1.70317	0.30363	0.28783	-2.38237	0.18718	0.99912	0.04157	-0.00502	-0.04154	0.99912	0.00530	0.00524	-0.00509	0.99997	
9	0.04500	86.28176	-57.20261	1.03421	-0.41196	0.16240	1.25148	1.03889	0.99976	-0.02184	-0.00283	0.02182	0.99974	-0.00719	0.00299	0.00713	0.99997		17.41271	-47.61348	-1.66920	0.31813	0.27747	-2.38376	0.19754	0.99912	0.04159	-0.00484	-0.04156	0.99912	0.00555	0.00507	-0.00535	0.99997	
10	0.05000	86.29692	-57.29938	1.03470	-0.45330	0.15565	1.25625	1.04151	0.99976	-0.02192	-0.00272	0.02190	0.99973	-0.00791	0.00289	0.00785	0.99997		17.45053	-47.57459	-1.62347	0.33529	0.27146	-2.38031	0.18513	0.99913	0.04153	-0.00474	-0.04150	0.99912	0.00585	0.00498	-0.00565	0.99997	
11	0.05500	86.11758	-57.52486	1.17385	-0.49458	0.14502	1.27122	1.12049	0.99975	-0.02219	-0.00253	0.02216	0.99972	-0.00863	0.00272	0.00857	0.99996		17.47864	-47.54595	-1.58148	0.34772	0.26357	-2.37624	0.18916	0.99913	0.04146	-0.00460	-0.04143	0.99912	0.00607	0.00485	-0.00587	0.99997	
12	0.06000	86.08861	-57.62818	1.15823	-0.53358	0.13755	1.26863	1.11316	0.99975	-0.02214	-0.00240	0.02212	0.99971	-0.00931	0.00261	0.00926	0.99995		17.48459	-47.50907	-1.54740	0.36387	0.25569	-2.38142	0.18884	0.99913	0.04155	-0.00446	-0.04152	0.99912	0.00635	0.00472	-0.00616	0.99997	
13	0.06500	86.16611	-57.72606	1.17677	-0.57438	0.12077	1.27193	1.13416	0.99975	-0.02220	-0.00211	0.02218	0.99970	-0.01002	0.00233	0.00998	0.99995		17.51480	-47.49649	-1.51777	0.37465	0.24679	-2.37694	0.18598	0.99913	0.04147	-0.00431	-0.04144	0.99912	0.00654	0.00457	-0.00635	0.99997	
14	0.07000	86.19899	-57.81067	1.17322	-0.61249	0.11143	1.27051	1.12880	0.99975	-0.02217	-0.00194	0.02215	0.99970	-0.01069	0.00218	0.01064	0.99994		17.54298	-47.46964	-1.46314	0.38581	0.24162	-2.37438	0.18580	0.99913	0.04143	-0.00422	-0.04140	0.99912	0.00673	0.00449	-0.00655	0.99997	
15	0.07500	86.19652	-57.91148	1.16658	-0.64911	0.10072	1.27382	1.13023	0.99975	-0.02223	-0.00176	0.02221	0.99969	-0.01133	0.00201	0.01129	0.99993		17.53442	-47.44435	-1.42084	0.39655	0.24001	-2.37280	0.19186	0.99913	0.04140	-0.00419	-0.04137	0.99912	0.00692	0.00447	-0.00674	0.99997	
16	0.08000	86.16828	-57.97699	1.17419	-0.68266	0.10020	1.27026	1.12989	0.99975	-0.02217	-0.00175	0.02215	0.99968	-0.01191	0.00201	0.01187	0.99993		17.56654	-47.41124	-1.37450	0.40456	0.22990	-2.37445	0.18564	0.99913	0.04143	-0.00401	-0.04140	0.99912	0.00706	0.00430	-0.00689	0.99997	
17	0.08500	86.20122	-58.04759	1.15681	-0.71225	0.08252	1.26917	1.11837	0.99975	-0.02215	-0.00144	0.02213	0.99968	-0.01243	0.00172	0.01240	0.99992		17.62099	-47.40470	-1.32448	0.41470	0.22527	-2.37458	0.18728	0.99913	0.04143	-0.00393	-0.04140	0.99912	0.00724	0.00423	-0.00707	0.99997	
18	0.09000	86.20826	-58.11822	1.13083	-0.74505	0.06974	1.27336	1.12563	0.99975	-0.02222	-0.00122	0.02220	0.99967	-0.01300	0.00151	0.01297	0.99991		17.61957	-47.37088	-1.29032	0.42055	0.21840	-2.36865	0.18012	0.99914	0.04133	-0.00381	-0.04130	0.99912	0.00734	0.00411	-0.00718	0.99997	
19	0.09500	86.25569	-58.17212	1.14354	-0.77091	0.05594	1.27061	1.12262	0.99975	-0.02217	-0.00098	0.02216	0.99966	-0.01345	0.00127	0.01343	0.99991		17.66011	-47.37442	-1.25261	0.42523	0.21534	-2.36699	0.19317	0.99914	0.04130	-0.00376	-0.04127	0.99912	0.00742	0.00406	-0.00726	0.99997	
20	0.10000	86.26172	-58.20346	1.12047	-0.79207	0.04278	1.27220	1.12516	0.99975	-0.02220	-0.00075	0.02219	0.99966	-0.01382	0.00105	0.01380	0.99990		17.66437	-47.37301	-1.20980	0.42916	0.20896	-2.36386	0.19200	0.99914	0.04125	-0.00365	-0.04122	0.99912	0.00749	0.00395	-0.00733	0.99997	
21	0.10500	86.25967	-58.27337	1.10156	-0.81753	0.03008	1.27085	1.11994	0.99975	-0.02218	-0.00052	0.02217	0.99965	-0.01427	0.00084	0.01425	0.99990		17.66524	-47.33312	-1.17635	0.43695	0.20641	-2.37046	0.18431	0.99914	0.04136	-0.00360	-0.04133	0.99912	0.00763	0.00391	-0.00747	0.99996	
22	0.11000	86.32368	-58.34405	1.07495	-0.85120	0.02926	1.28862	1.14106	0.99975	-0.02249	-0.00051	0.02248	0.99964	-0.01486	0.00084	0.01484	0.99989		17.69136	-47.35124	-1.14233	0.43581	0.20239	-2.36435	0.19595	0.99914	0.04125	-0.00353	-0.04123	0.99912	0.00761	0.00384	-0.00745	0.99996	
23	0.11500	86.38107	-58.41489	1.05993	-0.87527	0.00880	1.28740	1.13542	0.99975	-0.02247	-0.00015	0.02246	0.99963	-0.01528	0.00050	0.01527	0.99988		17.69918	-47.32206	-1.10414	0.43770	0.19662	-2.36063	0.19149	0.99915	0.04119	-0.00343	-0.04116	0.99912	0.00764	0.00374	-0.00749	0.99996	
24	0.12000	86.38536	-58.46111	1.05771	-0.89443	0.00097	1.29073	1.14811	0.99975	-0.02253	-0.00002	0.02252	0.99962	-0.01561	0.00037	0.01561	0.99988		17.75753	-47.34684	-1.05827	0.43650	0.19195	-2.35646	0.18608	0.99915	0.04112	-0.00335	-0.04109	0.99913	0.00762	0.00366	-0.00747	0.99997	
25	0.12500	86.40952	-58.50334	1.04749	-0.91458	-0.00700	1.29058	1.12634	0.99975	-0.02252	0.00012	0.02252	0.99962	-0.01596	0.00024	0.01596	0.99987		17.76511	-47.36431	-1.02416	0.43126	0.18857	-2.35913	0.21377	0.99915	0.04116	-0.00329	-0.04114	0.99913	0.00753	0.00360	-0.00738	0.99997	
26	0.13000	86.40031	-58.51339	1.01525	-0.92441	-0.02320	1.29031	1.15351	0.99975	-0.02252	0.00040	0.02252	0.99962	-0.01613	-0.00004	0.01614	0.99987		17.80208	-47.34497	-0.98685	0.43486	0.18720	-2.35860	0.20342	0.99915	0.04115	-0.00327	-0.04113	0.99913	0.00759	0.00358	-0.00745	0.99997	
27	0.13500	86.45420	-58.53893	0.99817	-0.93893	-0.03535	1.29591	1.15511	0.99974	-0.02262	0.00062	0.02262	0.99961	-0.01639	-0.00025	0.01640	0.99987		17.80893	-47.38485	-0.93966	0.42313	0.18194	-2.35524	0.21313	0.99915	0.04109	-0.00318	-0.04107	0.99913	0.00738	0.00348	-0.00725	0.99997	
28	0.14000	86.49349	-58.56073	0.96888	-0.94982	-0.04738	1.28593	1.15973	0.99975	-0.02244	0.00083	0.02245	0.99961	-0.01658	-0.00045	0.01659	0.99986		17.80991	-47.35433	-0.93567	0.42458	0.18004	-2.35376	0.19176	0.99915	0.04107	-0.00314	-0.04104	0.99913	0.00741	0.00344	-0.00727	0.99997	
29	0.14500	86.49407	-58.58604	0.95335	-0.95863	-0.05951	1.28841	1.15173	0.99975	-0.02249	0.00104	0.02250	0.99961	-0.01673	-0.00066	0.01675	0.99986		17.84268	-47.36852	-0.90250	0.42075	0.17998	-2.35420	0.19423	0.99915	0.04108	-0.00314	-0.04105	0.99913	0.00734	0.00344	-0.00721	0.99997	
30	0.15000	86.52621	-58.57222	0.91601	-0.96257	-0.07286	1.29006	1.15023	0.99975	-0.02251	0.00127	0.02253	0.99960	-0.01680	-0.00089	0.01682	0.99986		17.80454	-47.37576	-0.86336	0.40890	0.17936	-2.35115	0.21965	0.99915	0.04102	-0.00313	-0.04100	0.99913	0.00714	0.00342	-0.00700	0.99997	
31	0.15500	86.57921	-58.56089	0.90024	-0.96495	-0.08562	1.28803	1.14996	0.99975	-0.02248	0.00149	0.02250	0.99960	-0.01684	-0.00112	0.01687	0.99986		17.84300	-47.38318	-0.86425	0.40769	0.17988	-2.34644	0.19510	0.99916	0.04094	-0.00314	-0.04092	0.99914	0.00712	0.00343	-0.00698	0.99997	
32	0.16000	86.62289	-58.56348	0.88371	-0.96784	-0.09596	1.29339	1.15662	0.99974	-0.02257	0.00167	0.02260	0.99960	-0.01689	-0.00129	0.01692	0.99986		17.87953	-47.43338	-0.81312	0.39181	0.17312	-2.34914	0.21495	0.99916	0.04099	-0.00302	-0.04097	0.99914	0.00684	0.00330	-0.00671	0.99997	
33	0.16500	86.63764	-58.55885	0.84720	-0.97041	-0.11213	1.29008	1.16205	0.99974	-0.02251	0.00196	0.02254	0.99960	-0.01694	-0.00157	0.01698	0.99985		17.89691	-47.44357	-0.78796	0.38436	0.17281	-2.35162	0.21602	0.99915	0.04103	-0.00302	-0.04101	0.99914	0.00671	0.00329	-0.00658	0.99997	
34	0.17000	86.70188	-58.57166	0.83235	-0.96849	-0.12450	1.28804	1.17206	0.99975	-0.02248	0.00217	0.02251	0.99960	-0.01690	-0.00179	0.01695	0.99985		17.92291	-47.47654	-0.74162	0.37156	0.17062	-2.34516	0.21417	0.99916	0.04092	-0.00298	-0.04090	0.99914	0.00648	0.00324	-0.00636	0.99997	
35	0.17500	86.67932	-58.52025	0.79270	-0.96097	-0.13467	1.28780	1.17011	0.99974	-0.02247	0.00235	0.02251	0.99961	-0.01677	-0.00197	0.01682	0.99986		17.92582	-47.49173	-0.74563	0.35971	0.17166	-2.34360	0.21648	0.99916	0.04089	-0.00300	-0.04087	0.99914	0.00628	0.00325	-0.00615	0.99998	
36	0.18000	86.68757	-58.50385	0.77639	-0.95670	-0.14273	1.28437	1.15459	0.99975	-0.02241	0.00249	0.02245	0.99961	-0.01670	-0.00212	0.01675	0.99986		17.94722	-47.53876	-0.72894	0.34517	0.17292	-2.34383	0.21088	0.99916	0.04090	-0.00302	-0.04088	0.99915	0.00602	0.00326	-0.00590	0.99998	
37	0.18500	86.73507	-58.48981	0.75086	-0.94871	-0.15259	1.28255	1.15023	0.99975	-0.02238	0.00266	0.02242	0.99961	-0.01656	-0.00229	0.01661	0.99986		17.93484	-47.56826	-0.69543	0.33150	0.18006	-2.34442	0.22190	0.99916	0.04091	-0.00314	-0.04089	0.99915	0.00579	0.00338	-0.00565	0.99998	
38	0.19000	86.78231	-58.45080	0.71669	-0.93670	-0.16729	1.28174	1.16702	0.99975	-0.02237	0.00292	0.02241	0.99962	-0.01635	-0.00255	0.01641	0.99986		17.93918	-47.60228	-0.69921	0.31699	0.17577	-2.34032	0.20212	0.99916	0.04083	-0.00307	-0.04082	0.99915	0.00553	0.00329	-0.00540	0.99998	
39	0.19500	86.77463	-58.39432	0.68979	-0.92432	-0.17298	1.28134	1.15816	0.99975	-0.02236	0.00302	0.02241	0.99962	-0.01613	-0.00266	0.01620	0.99987		17.95859	-47.61949	-0.68252	0.30505	0.17794	-2.34326	0.20757	0.99916	0.04089	-0.00311	-0.04087	0.99915	0.00532	0.00332	-0.00519	0.99998	
40	0.20000	86.81345	-58.35273	0.64366	-0.90981	-0.18632	1.28335	1.15871	0.99974	-0.02240	0.00325	0.02245	0.99962	-0.01588	-0.00290	0.01595	0.99987		17.94385	-47.65726	-0.65281	0.29027	0.18296	-2.34070	0.21605	0.99916	0.04084	-0.00319	-0.04082	0.99915	0.00507	0.00340	-0.00493	0.99998	
41	0.20500	86.81847	-58.32088	0.63238	-0.89330	-0.19380	1.28008	1.15543	0.99974	-0.02234	0.00338	0.02239	0.99963	-0.01559	-0.00303	0.01566	0.99987		17.92840	-47.69014	-0.66096	0.27468	0.18863	-2.33676	0.22505	0.99916	0.04077	-0.00329	-0.04076	0.99916	0.00479	0.00348	-0.00466	0.99998	
42	0.21000	86.89855	-58.26894	0.59420	-0.87382	-0.20992	1.28321	1.17331	0.99974	-0.02239	0.00366	0.02245	0.99963	-0.01525	-0.00332	0.01533	0.99988		17.94405	-47.72952	-0.64442	0.25774	0.19184	-2.34006	0.21540	0.99916	0.04083	-0.00335	-0.04081	0.99916	0.00450	0.00353	-0.00436	0.99998	
43	0.21500	86.86862	-58.15990	0.58448	-0.84176	-0.22168	1.26390	1.12255	0.99975	-0.02206	0.00387	0.02211	0.99965	-0.01469	-0.00354	0.01477	0.99988		17.97247	-47.74177	-0.64052	0.24476	0.19229	-2.33740	0.20687	0.99916	0.04078	-0.00336	-0.04077	0.99916	0.00427	0.00353	-0.00413	0.99999	
44	0.22000	86.86761	-58.09527	0.55916	-0.81859	-0.22433	1.26052	1.14152	0.99975	-0.02200	0.00392	0.02205	0.99965	-0.01429	-0.00360	0.01437	0.99989		17.92550	-47.77552	-0.64860	0.22876	0.20022	-2.33775	0.20235	0.99916	0.04079	-0.00349	-0.04078	0.99916	0.00399	0.00365	-0.00385	0.99999	
45	0.22500	86.89431	-58.02725	0.52812	-0.79217	-0.23483	1.26318	1.13666	0.99975	-0.02204	0.00410	0.02210	0.99966	-0.01383	-0.00379	0.01391	0.99990		17.91117	-47.82824	-0.63142	0.21185	0.20752	-2.33815	0.20372	0.99916	0.04080	-0.00362	-0.04078	0.99916	0.00370	0.00377	-0.00355	0.99999	
46	0.23000	86.90153	-57.92207	0.49641	-0.75753	-0.24223	1.25550	1.15017	0.99975	-0.02191	0.00423	0.02196	0.99967	-0.01322	-0.00394	0.01331	0.99990		17.92260	-47.89447	-0.63522	0.18960	0.20910	-2.33030	0.19020	0.99917	0.04066	-0.00365	-0.04065	0.99917	0.00331	0.00378	-0.00316	0.99999	
47	0.23500	86.93721	-57.83358	0.47057	-0.73182	-0.24774	1.25962	1.16324	0.99975	-0.02198	0.00432	0.02204	0.99968	-0.01277	-0.00404	0.01286	0.99991		17.90897	-47.89883	-0.65207	0.17552	0.21757	-2.32887	0.20562	0.99917	0.04063	-0.00380	-0.04062	0.99917	0.00306	0.00392	-0.00291	0.99999	
48	0.24000	86.89803	-57.75894	0.45305	-0.69876	-0.25011	1.25398	1.15949	0.99975	-0.02188	0.00437	0.02194	0.99968	-0.01220	-0.00410	0.01229	0.99992		17.89371	-47.95817	-0.64750	0.15378	0.22309	-2.32725	0.19314	0.99917	0.04061	-0.00389	-0.04060	0.99917	0.00268	0.00400	-0.00252	0.99999	
49	0.24500	86.96917	-57.66540	0.41333	-0.66364	-0.26344	1.25258	1.15682	0.99975	-0.02186	0.00460	0.02191	0.99969	-0.01158	-0.00434	0.01168	0.99992		17.90057	-48.00139	-0.65542	0.13348	0.22381	-2.32365	0.18560	0.99917	0.04054	-0.00391	-0.04054	0.99918	0.00233	0.00400	-0.00217	0.99999	
50	0.25000	87.00884	-57.57868	0.39030	-0.63001	-0.27766	1.25479	1.16915	0.99975	-0.02190	0.00485	0.02195	0.99970	-0.01100	-0.00460	0.01110	0.99993		17.87950	-48.06909	-0.65878	0.10791	0.23157	-2.32102	0.19282	0.99917	0.04050	-0.00404	-0.04049	0.99918	0.00188	0.00411	-0.00172	0.99999	
51	0.25500	87.01792	-57.49592	0.36120	-0.59455	-0.28267	1.25507	1.15546	0.99975	-0.02190	0.00493	0.02195	0.99971	-0.01038	-0.00470	0.01048	0.99993		17.87811	-48.16950	-0.64443	0.07548	0.23229	-2.31835	0.22141	0.99917	0.04045	-0.00405	-0.04045	0.99918	0.00132	0.00410	-0.00115	0.99999	
52	0.26000	87.07657	-57.39339	0.34849	-0.55570	-0.29015	1.25581	1.15614	0.99975	-0.02192	0.00506	0.02196	0.99971	-0.00970	-0.00485	0.00981	0.99994		17.91262	-48.23105	-0.64068	0.05629	0.24027	-2.31850	0.20627	0.99917	0.04045	-0.00419	-0.04045	0.99918	0.00098	0.00423	-0.00081	0.99999	
53	0.26500	87.03937	-57.28892	0.30601	-0.51787	-0.28737	1.24958	1.14710	0.99975	-0.02181	0.00502	0.02185	0.99972	-0.00904	-0.00482	0.00915	0.99995		17.87691	-48.25318	-0.66853	0.03076	0.24096	-2.31420	0.21865	0.99918	0.04038	-0.00421	-0.04038	0.99918	0.00054	0.00422	-0.00037	0.99999	
54	0.27000	87.03254	-57.18265	0.29966	-0.47460	-0.29010	1.24964	1.13868	0.99975	-0.02181	0.00506	0.02185	0.99973	-0.00828	-0.00488	0.00839	0.99995		17.89415	-48.37806	-0.65908	0.00169	0.24524	-2.30904	0.20592	0.99918	0.04029	-0.00428	-0.04029	0.99919	0.00003	0.00428	0.00014	0.99999	
55	0.27500	87.04638	-57.05399	0.28037	-0.42770	-0.29352	1.24361	1.12688	0.99975	-0.02170	0.00512	0.02174	0.99974	-0.00746	-0.00496	0.00757	0.99996		17.90059	-48.43782	-0.68874	-0.02132	0.25586	-2.31184	0.19509	0.99918	0.04034	-0.00447	-0.04034	0.99919	-0.00037	0.00445	0.00055	0.99999	
56	0.28000	86.96414	-56.90947	0.23133	-0.37484	-0.29853	1.22837	1.11227	0.99976	-0.02144	0.00521	0.02147	0.99975	-0.00654	-0.00507	0.00665	0.99997		17.84812	-48.47033	-0.71649	-0.04771	0.26279	-2.31147	0.22110	0.99918	0.04033	-0.00459	-0.04034	0.99919	-0.00083	0.00455	0.00102	0.99999	
57	0.28500	87.09904	-56.79754	0.23151	-0.32617	-0.30835	1.22334	1.11661	0.99976	-0.02135	0.00538	0.02138	0.99976	-0.00569	-0.00526	0.00581	0.99997		17.91141	-48.56843	-0.70865	-0.06966	0.27027	-2.31133	0.20809	0.99918	0.04033	-0.00472	-0.04034	0.99919	-0.00122	0.00466	0.00141	0.99999	
58	0.29000	87.08989	-56.67863	0.21779	-0.28132	-0.31118	1.21965	1.11650	0.99976	-0.02128	0.00543	0.02131	0.99976	-0.00491	-0.00533	0.00502	0.99997		17.82255	-48.60923	-0.75281	-0.09614	0.28010	-2.30363	0.20720	0.99918	0.04019	-0.00489	-0.04020	0.99919	-0.00168	0.00482	0.00187	0.99999	
59	0.29500	87.10100	-56.56841	0.19399	-0.23381	-0.31073	1.22499	1.11442	0.99976	-0.02138	0.00542	0.02140	0.99976	-0.00408	-0.00533	0.00420	0.99998		17.84197	-48.68180	-0.75287	-0.12180	0.29256	-2.30424	0.20109	0.99918	0.04021	-0.00511	-0.04022	0.99919	-0.00213	0.00502	0.00233	0.99998	
60	0.30000	87.13815	-56.44665	0.17677	-0.18512	-0.31677	1.22947	1.14825	0.99975	-0.02146	0.00553	0.02147	0.99976	-0.00323	-0.00546	0.00335	0.99998		17.81350	-48.74857	-0.76844	-0.14505	0.30141	-2.30208	0.20551	0.99918	0.04017	-0.00526	-0.04018	0.99919	-0.00253	0.00515	0.00274	0.99998	
61	0.30500	87.11941	-56.30089	0.12792	-0.13196	-0.31663	1.23132	1.16646	0.99975	-0.02149	0.00553	0.02150	0.99977	-0.00230	-0.00548	0.00242	0.99998		17.74423	-48.77291	-0.80517	-0.16616	0.31355	-2.30287	0.20971	0.99918	0.04018	-0.00547	-0.04020	0.99919	-0.00290	0.00535	0.00312	0.99998	
62	0.31000	87.08652	-56.16270	0.12483	-0.07551	-0.30837	1.22422	1.16626	0.99976	-0.02136	0.00538	0.02137	0.99977	-0.00132	-0.00535	0.00143	0.99998		17.79473	-48.86698	-0.81750	-0.19162	0.32027	-2.30050	0.21504	0.99918	0.04014	-0.00559	-0.04016	0.99919	-0.00334	0.00545	0.00357	0.99998	
63	0.31500	87.11891	-56.02871	0.10755	-0.02482	-0.30782	1.22303	1.17552	0.99976	-0.02134	0.00537	0.02135	0.99977	-0.00043	-0.00536	0.00055	0.99999		17.75412	-48.91133	-0.86649	-0.21628	0.32811	-2.30003	0.20541	0.99918	0.04013	-0.00573	-0.04015	0.99919	-0.00377	0.00557	0.00400	0.99998	
64	0.32000	87.05720	-55.86823	0.13988	0.03670	-0.30931	1.20999	1.16757	0.99976	-0.02112	0.00540	0.02111	0.99978	0.00064	-0.00541	-0.00053	0.99999		17.78144	-48.99509	-0.89521	-0.24167	0.33575	-2.29658	0.20340	0.99918	0.04007	-0.00586	-0.04010	0.99919	-0.00422	0.00569	0.00445	0.99997	
65	0.32500	87.06254	-55.72518	0.09362	0.09389	-0.31007	1.20842	1.16194	0.99976	-0.02109	0.00541	0.02108	0.99978	0.00164	-0.00545	-0.00152	0.99998		17.75868	-49.04030	-0.94030	-0.26627	0.34417	-2.29267	0.19609	0.99918	0.04000	-0.00601	-0.04003	0.99919	-0.00465	0.00582	0.00488	0.99997	
66	0.33000	87.12310	-55.60308	0.09616	0.14608	-0.31214	1.21046	1.16156	0.99976	-0.02112	0.00545	0.02111	0.99977	0.00255	-0.00550	-0.00243	0.99998		17.72082	-49.10114	-0.98078	-0.28931	0.35287	-2.29344	0.19952	0.99918	0.04002	-0.00616	-0.04005	0.99918	-0.00505	0.00595	0.00529	0.99997	
67	0.33500	87.12711	-55.44895	0.06785	0.20613	-0.31041	1.21011	1.17526	0.99976	-0.02112	0.00542	0.02110	0.99977	0.00360	-0.00549	-0.00348	0.99998		17.74913	-49.18962	-1.03018	-0.31785	0.36065	-2.29044	0.19365	0.99918	0.03996	-0.00629	-0.04000	0.99918	-0.00555	0.00607	0.00579	0.99996	
68	0.34000	87.09160	-55.31186	0.06176	0.26493	-0.30459	1.21351	1.17988	0.99976	-0.02118	0.00532	0.02115	0.99977	0.00462	-0.00541	-0.00451	0.99998		17.69774	-49.23661	-1.07883	-0.34016	0.36788	-2.28657	0.18729	0.99918	0.03990	-0.00642	-0.03994	0.99918	-0.00594	0.00618	0.00619	0.99996	
69	0.34500	87.16388	-55.16438	0.04616	0.32356	-0.30905	1.20922	1.18412	0.99976	-0.02110	0.00539	0.02107	0.99976	0.00565	-0.00551	-0.00553	0.99997		17.69622	-49.31364	-1.12455	-0.36372	0.38196	-2.28689	0.19260	0.99918	0.03990	-0.00667	-0.03994	0.99918	-0.00635	0.00641	0.00661	0.99996	
70	0.35000	87.13473	-55.03120	0.01314	0.38292	-0.30520	1.20696	1.17682	0.99976	-0.02106	0.00533	0.02103	0.99976	0.00668	-0.00547	-0.00657	0.99996		17.69685	-49.37099	-1.15228	-0.39208	0.38792	-2.28501	0.19341	0.99918	0.03987	-0.00677	-0.03992	0.99918	-0.00684	0.00649	0.00711	0.99995	
71	0.35500	87.14440	-54.90801	0.01481	0.43978	-0.30178	1.20262	1.16689	0.99977	-0.02099	0.00527	0.02095	0.99975	0.00768	-0.00543	-0.00756	0.99996		17.67890	-49.42380	-1.22279	-0.41098	0.39590	-2.28103	0.17575	0.99918	0.03980	-0.00691	-0.03985	0.99918	-0.00717	0.00662	0.00744	0.99995	
72	0.36000	87.07210	-54.71128	0.02664	0.50758	-0.29911	1.18920	1.14327	0.99977	-0.02075	0.00522	0.02071	0.99975	0.00886	-0.00540	-0.00875	0.99995		17.66201	-49.46995	-1.26402	-0.43186	0.40973	-2.28224	0.19470	0.99918	0.03982	-0.00715	-0.03987	0.99918	-0.00754	0.00685	0.00782	0.99995	
73	0.36500	87.02410	-54.55972	0.03050	0.56995	-0.28769	1.18890	1.15239	0.99977	-0.02075	0.00502	0.02070	0.99974	0.00995	-0.00523	-0.00984	0.99994		17.60181	-49.53912	-1.30369	-0.46002	0.42184	-2.27877	0.18424	0.99918	0.03976	-0.00736	-0.03982	0.99917	-0.00803	0.00704	0.00832	0.99994	
74	0.37000	87.07264	-54.42095	0.00395	0.63182	-0.29268	1.18985	1.16208	0.99977	-0.02077	0.00511	0.02071	0.99972	0.01103	-0.00534	-0.01092	0.99993		17.60919	-49.64410	-1.34372	-0.49052	0.42929	-2.27768	0.19207	0.99918	0.03974	-0.00749	-0.03981	0.99917	-0.00856	0.00715	0.00885	0.99994	
75	0.37500	87.05774	-54.28554	0.00411	0.68877	-0.28481	1.18969	1.15470	0.99977	-0.02076	0.00497	0.02070	0.99971	0.01202	-0.00522	-0.01192	0.99992		17.61367	-49.73365	-1.37944	-0.51796	0.43252	-2.26919	0.18261	0.99919	0.03959	-0.00755	-0.03966	0.99917	-0.00904	0.00718	0.00933	0.99993	
76	0.38000	87.07610	-54.15586	0.01712	0.74541	-0.27909	1.19203	1.17812	0.99977	-0.02080	0.00487	0.02074	0.99970	0.01301	-0.00514	-0.01291	0.99990		17.56383	-49.79153	-1.42801	-0.54106	0.44646	-2.26576	0.19282	0.99919	0.03953	-0.00779	-0.03961	0.99917	-0.00944	0.00741	0.00974	0.99993	
77	0.38500	87.08414	-53.99989	0.00152	0.80687	-0.27971	1.19254	1.18455	0.99977	-0.02081	0.00488	0.02074	0.99969	0.01408	-0.00517	-0.01398	0.99989		17.52192	-49.85552	-1.48059	-0.56683	0.45641	-2.26544	0.18426	0.99919	0.03953	-0.00797	-0.03961	0.99917	-0.00989	0.00757	0.01020	0.99992	
78	0.39000	87.09361	-53.86759	-0.00788	0.86572	-0.26874	1.18363	1.17286	0.99978	-0.02066	0.00469	0.02058	0.99967	0.01511	-0.00500	-0.01501	0.99987		17.54603	-49.93548	-1.52132	-0.59125	0.46474	-2.26514	0.19538	0.99919	0.03952	-0.00811	-0.03961	0.99916	-0.01032	0.00770	0.01063	0.99991	
79	0.39500	86.99003	-53.68595	0.01529	0.93427	-0.25857	1.16817	1.16507	0.99978	-0.02039	0.00451	0.02031	0.99966	0.01631	-0.00484	-0.01621	0.99986		17.49415	-49.93397	-1.60075	-0.60363	0.48149	-2.26429	0.19070	0.99918	0.03951	-0.00840	-0.03960	0.99916	-0.01053	0.00798	0.01086	0.99991	
80	0.40000	86.98811	-53.56062	0.01188	0.99202	-0.25306	1.16301	1.17071	0.99978	-0.02030	0.00442	0.02022	0.99965	0.01731	-0.00477	-0.01722	0.99984		17.50930	-50.02407	-1.64473	-0.63208	0.48506	-2.26134	0.18681	0.99919	0.03946	-0.00847	-0.03955	0.99916	-0.01103	0.00802	0.01136	0.99990	
81	0.40500	87.01673	-53.41651	0.02889	1.05177	-0.25072	1.16875	1.17581	0.99978	-0.02040	0.00438	0.02031	0.99963	0.01836	-0.00475	-0.01826	0.99982		17.55028	-50.09326	-1.67324	-0.65505	0.49188	-2.26049	0.19399	0.99919	0.03944	-0.00858	-0.03954	0.99915	-0.01143	0.00813	0.01176	0.99990	
82	0.41000	86.99812	-53.28607	0.05118	1.10899	-0.23895	1.17393	1.18131	0.99978	-0.02049	0.00417	0.02040	0.99960	0.01935	-0.00457	-0.01926	0.99980		17.47377	-50.12699	-1.74230	-0.67532	0.50278	-2.25895	0.19171	0.99918	0.03941	-0.00878	-0.03952	0.99915	-0.01179	0.00830	0.01212	0.99989	
83	0.41500	86.99018	-53.14289	0.03724	1.16550	-0.23169	1.18091	1.20003	0.99978	-0.02061	0.00404	0.02052	0.99958	0.02034	-0.00446	-0.02025	0.99978		17.48702	-50.19944	-1.81262	-0.69587	0.51296	-2.25945	0.19966	0.99918	0.03942	-0.00895	-0.03953	0.99914	-0.01214	0.00847	0.01249	0.99989	
84	0.42000	86.98160	-53.01616	0.02931	1.22167	-0.22172	1.17398	1.19994	0.99978	-0.02049	0.00387	0.02040	0.99956	0.02132	-0.00430	-0.02124	0.99977		17.49664	-50.24469	-1.86976	-0.71822	0.51824	-2.25430	0.18981	0.99919	0.03933	-0.00904	-0.03944	0.99914	-0.01253	0.00854	0.01288	0.99988	
85	0.42500	86.97566	-52.90788	0.02176	1.27452	-0.21492	1.17567	1.22089	0.99978	-0.02052	0.00375	0.02043	0.99954	0.02224	-0.00421	-0.02216	0.99975		17.46497	-50.29309	-1.92289	-0.73799	0.53005	-2.25213	0.18512	0.99918	0.03930	-0.00925	-0.03941	0.99914	-0.01288	0.00874	0.01323	0.99987	
86	0.43000	86.89371	-52.76397	0.07990	1.33571	-0.21088	1.15128	1.19170	0.99979	-0.02009	0.00368	0.02000	0.99953	0.02331	-0.00415	-0.02323	0.99972		17.47291	-50.35198	-1.98052	-0.75754	0.54177	-2.24880	0.19725	0.99919	0.03924	-0.00946	-0.03936	0.99914	-0.01322	0.00893	0.01358	0.99987	
87	0.43500	86.89184	-52.64017	0.08716	1.38804	-0.20721	1.15484	1.19650	0.99979	-0.02015	0.00362	0.02006	0.99951	0.02422	-0.00410	-0.02415	0.99970		17.42823	-50.39584	-2.05029	-0.77456	0.55116	-2.24708	0.18712	0.99918	0.03921	-0.00962	-0.03934	0.99913	-0.01352	0.00908	0.01388	0.99986	
88	0.44000	86.88667	-52.50350	0.08063	1.44563	-0.20048	1.14832	1.21755	0.99979	-0.02004	0.00350	0.01995	0.99948	0.02523	-0.00400	-0.02515	0.99968		17.46209	-50.43135	-2.11705	-0.79299	0.55768	-2.25249	0.18629	0.99918	0.03930	-0.00973	-0.03943	0.99913	-0.01384	0.00918	0.01421	0.99986	
89	0.44500	86.86132	-52.38862	0.07327	1.49767	-0.19261	1.14686	1.22459	0.99979	-0.02002	0.00336	0.01992	0.99946	0.02614	-0.00388	-0.02606	0.99965		17.38274	-50.47603	-2.18575	-0.81168	0.56830	-2.24751	0.19846	0.99918	0.03921	-0.00992	-0.03935	0.99912	-0.01417	0.00935	0.01454	0.99985	
90	0.45000	86.89615	-52.28499	0.08603	1.54526	-0.18527	1.14873	1.24112	0.99979	-0.02005	0.00323	0.01995	0.99944	0.02697	-0.00377	-0.02690	0.99963		17.44710	-50.51916	-2.24003	-0.82973	0.57215	-2.24592	0.16859	0.99918	0.03919	-0.00999	-0.03933	0.99912	-0.01448	0.00941	0.01486	0.99985	
91	0.45500	86.83453	-52.19251	0.08274	1.59203	-0.17349	1.15169	1.24880	0.99979	-0.02010	0.00303	0.02001	0.99941	0.02778	-0.00358	-0.02772	0.99961		17.40699	-50.53283	-2.31462	-0.84056	0.58311	-2.24798	0.20485	0.99918	0.03922	-0.01018	-0.03937	0.99912	-0.01467	0.00959	0.01506	0.99984	
92	0.46000	86.82680	-52.10246	0.08558	1.63388	-0.16275	1.15230	1.25994	0.99979	-0.02011	0.00284	0.02002	0.99939	0.02851	-0.00341	-0.02845	0.99959		17.39731	-50.56859	-2.35961	-0.85649	0.59176	-2.24300	0.18474	0.99918	0.03914	-0.01033	-0.03929	0.99912	-0.01495	0.00973	0.01534	0.99983	
93	0.46500	86.86491	-52.02508	0.09911	1.67472	-0.15567	1.14734	1.27120	0.99980	-0.02002	0.00272	0.01994	0.99937	0.02923	-0.00330	-0.02916	0.99957		17.44310	-50.61484	-2.40915	-0.87259	0.59220	-2.24465	0.18952	0.99918	0.03916	-0.01034	-0.03932	0.99911	-0.01523	0.00973	0.01562	0.99983	
94	0.47000	86.80895	-51.92377	0.09906	1.71429	-0.14189	1.15021	1.27448	0.99980	-0.02007	0.00248	0.01999	0.99935	0.02992	-0.00308	-0.02986	0.99955		17.37532	-50.63044	-2.49140	-0.88552	0.60259	-2.24129	0.18021	0.99918	0.03911	-0.01052	-0.03927	0.99911	-0.01545	0.00990	0.01585	0.99983	
95	0.47500	86.81334	-51.85180	0.11988	1.75495	-0.13080	1.15027	1.27635	0.99980	-0.02007	0.00228	0.02000	0.99933	0.03062	-0.00290	-0.03057	0.99953		17.41258	-50.69207	-2.54107	-0.90045	0.60904	-2.24304	0.19495	0.99918	0.03914	-0.01063	-0.03930	0.99910	-0.01571	0.01001	0.01612	0.99982	
96	0.48000	86.69560	-51.71988	0.16360	1.80172	-0.11651	1.12861	1.24748	0.99980	-0.01970	0.00203	0.01962	0.99931	0.03144	-0.00265	-0.03139	0.99950		17.38898	-50.70253	-2.60317	-0.91290	0.61648	-2.23989	0.18027	0.99918	0.03908	-0.01076	-0.03925	0.99910	-0.01593	0.01013	0.01634	0.99982	
97	0.48500	86.69290	-51.60885	0.17353	1.84017	-0.10578	1.13055	1.25147	0.99980	-0.01973	0.00185	0.01966	0.99929	0.03211	-0.00248	-0.03207	0.99948		17.34639	-50.72285	-2.66967	-0.91996	0.62919	-2.23834	0.18381	0.99918	0.03905	-0.01098	-0.03923	0.99910	-0.01605	0.01034	0.01647	0.99981	
98	0.49000	86.74301	-51.50793	0.19564	1.87997	-0.10082	1.13251	1.26916	0.99980	-0.01976	0.00176	0.01970	0.99927	0.03281	-0.00241	-0.03276	0.99946		17.39753	-50.73368	-2.72828	-0.93226	0.62882	-2.23510	0.17742	0.99918	0.03900	-0.01097	-0.03917	0.99910	-0.01627	0.01033	0.01669	0.99981	
99	0.49500	86.70434	-51.45938	0.21154	1.90967	-0.09098	1.13054	1.27666	0.99980	-0.01973	0.00159	0.01967	0.99925	0.03332	-0.00224	-0.03329	0.99944		17.40013	-50.75989	-2.78242	-0.93978	0.63351	-2.23509	0.17568	0.99918	0.03900	-0.01106	-0.03918	0.99910	-0.01640	0.01041	0.01682	0.99980	
100	0.50000	86.67117	-51.38932	0.23607	1.93834	-0.07415	1.14038	1.27911	0.99980	-0.01990	0.00129	0.01985	0.99923	0.03382	-0.00197	-0.03379	0.99943		17.36246	-50.77821	-2.84866	-0.94976	0.64324	-2.23351	0.17793	0.99918	0.03897	-0.01123	-0.03915	0.99910	-0.01657	0.01057	0.01700	0.99980	
101	0.50500	86.59643	-51.31320	0.24200	1.96830	-0.05315	1.14000	1.28072	0.99980	-0.01990	0.00093	0.01985	0.99921	0.03435	-0.00161	-0.03432	0.99941		17.36277	-50.75656	-2.91184	-0.95378	0.64731	-2.23884	0.16997	0.99917	0.03906	-0.01130	-0.03925	0.99909	-0.01664	0.01064	0.01707	0.99980	
102	0.51000	86.63141	-51.29545	0.26811	1.99246	-0.04640	1.13683	1.28197	0.99980	-0.01984	0.00081	0.01980	0.99920	0.03477	-0.00150	-0.03475	0.99940		17.37103	-50.79810	-2.96165	-0.96162	0.65226	-2.23197	0.16749	0.99918	0.03894	-0.01138	-0.03913	0.99909	-0.01678	0.01072	0.01721	0.99979	
103	0.51500	86.60486	-51.21081	0.28083	2.01649	-0.03089	1.13778	1.27480	0.99980	-0.01986	0.00054	0.01983	0.99918	0.03519	-0.00124	-0.03517	0.99938		17.35832	-50.77992	-3.02887	-0.96633	0.65919	-2.23199	0.17653	0.99918	0.03894	-0.01150	-0.03913	0.99909	-0.01686	0.01084	0.01730	0.99979	
104	0.52000	86.58520	-51.17631	0.31450	2.03873	-0.01891	1.13701	1.27831	0.99980	-0.01984	0.00033	0.01982	0.99917	0.03558	-0.00104	-0.03556	0.99937		17.35136	-50.79125	-3.05392	-0.97045	0.66584	-2.22986	0.17585	0.99918	0.03891	-0.01162	-0.03910	0.99909	-0.01694	0.01095	0.01738	0.99979	
105	0.52500	86.55291	-51.13768	0.32731	2.05769	-0.00552	1.13883	1.27943	0.99980	-0.01988	0.00010	0.01986	0.99916	0.03591	-0.00081	-0.03590	0.99936		17.37760	-50.81297	-3.12133	-0.97505	0.66439	-2.22951	0.16726	0.99918	0.03890	-0.01160	-0.03909	0.99909	-0.01702	0.01092	0.01746	0.99979	
106	0.53000	86.52805	-51.09624	0.34173	2.07179	0.00821	1.13718	1.28278	0.99980	-0.01985	-0.00014	0.01984	0.99915	0.03615	-0.00057	-0.03615	0.99935		17.32798	-50.77487	-3.20089	-0.97580	0.67029	-2.22953	0.16595	0.99917	0.03890	-0.01170	-0.03910	0.99909	-0.01703	0.01103	0.01747	0.99979	
107	0.53500	86.49566	-51.08074	0.37802	2.08674	0.02680	1.13953	1.28934	0.99980	-0.01989	-0.00047	0.01989	0.99914	0.03641	-0.00026	-0.03641	0.99934		17.41612	-50.80077	-3.21500	-0.97804	0.67334	-2.23058	0.16959	0.99917	0.03892	-0.01175	-0.03912	0.99909	-0.01707	0.01108	0.01751	0.99979	
108	0.54000	86.43913	-51.05090	0.38975	2.09755	0.04137	1.13935	1.29398	0.99980	-0.01988	-0.00072	0.01990	0.99913	0.03660	-0.00001	-0.03661	0.99933		17.36123	-50.78291	-3.27309	-0.97973	0.67496	-2.23048	0.15818	0.99917	0.03892	-0.01178	-0.03911	0.99909	-0.01710	0.01110	0.01754	0.99978	
109	0.54500	86.45309	-51.04822	0.42873	2.10535	0.05148	1.13737	1.26517	0.99980	-0.01985	-0.00090	0.01987	0.99913	0.03674	0.00017	-0.03675	0.99932		17.37925	-50.76123	-3.32048	-0.97610	0.68020	-2.22481	0.16512	0.99918	0.03882	-0.01187	-0.03902	0.99909	-0.01703	0.01120	0.01748	0.99978	
110	0.55000	86.36608	-51.03979	0.45059	2.11238	0.06824	1.13720	1.29027	0.99980	-0.01985	-0.00119	0.01988	0.99912	0.03686	0.00046	-0.03688	0.99932		17.39186	-50.72531	-3.36872	-0.96603	0.68416	-2.23385	0.16535	0.99917	0.03898	-0.01194	-0.03917	0.99909	-0.01686	0.01127	0.01731	0.99979	
111	0.55500	86.37034	-51.02821	0.47252	2.11498	0.08296	1.13835	1.28837	0.99980	-0.01987	-0.00145	0.01991	0.99912	0.03690	0.00071	-0.03693	0.99932		17.38791	-50.71553	-3.42390	-0.96532	0.69002	-2.23258	0.17420	0.99917	0.03895	-0.01204	-0.03915	0.99909	-0.01685	0.01138	0.01730	0.99979	
112	0.56000	86.33131	-51.01177	0.50087	2.11773	0.09742	1.14204	1.30318	0.99980	-0.01993	-0.00170	0.01998	0.99912	0.03695	0.00096	-0.03698	0.99932		17.43771	-50.66438	-3.45978	-0.95638	0.68586	-2.23506	0.16723	0.99917	0.03900	-0.01197	-0.03919	0.99909	-0.01669	0.01131	0.01715	0.99979	
113	0.56500	86.33080	-50.99312	0.52667	2.11908	0.11109	1.14130	1.29691	0.99980	-0.01992	-0.00194	0.01998	0.99912	0.03698	0.00120	-0.03701	0.99931		17.45338	-50.65765	-3.49814	-0.95358	0.68435	-2.23703	0.16640	0.99917	0.03903	-0.01194	-0.03923	0.99909	-0.01664	0.01128	0.01710	0.99979	
114	0.57000	86.33512	-51.02572	0.53644	2.11584	0.11754	1.14337	1.30497	0.99980	-0.01995	-0.00205	0.02002	0.99912	0.03692	0.00131	-0.03695	0.99932		17.42132	-50.61660	-3.52431	-0.94510	0.68932	-2.24076	0.18885	0.99916	0.03910	-0.01203	-0.03929	0.99909	-0.01649	0.01137	0.01695	0.99979	
115	0.57500	86.27169	-51.04861	0.55889	2.10791	0.13359	1.14755	1.29530	0.99980	-0.02003	-0.00233	0.02010	0.99912	0.03678	0.00159	-0.03682	0.99932		17.47416	-50.59841	-3.54670	-0.94048	0.68639	-2.23731	0.17308	0.99917	0.03904	-0.01198	-0.03923	0.99910	-0.01641	0.01133	0.01687	0.99979	
116	0.58000	86.28147	-51.07423	0.59263	2.09883	0.14287	1.14927	1.30364	0.99980	-0.02006	-0.00249	0.02014	0.99913	0.03662	0.00176	-0.03667	0.99933		17.47546	-50.57194	-3.58603	-0.92899	0.68702	-2.23832	0.18066	0.99917	0.03905	-0.01199	-0.03925	0.99910	-0.01621	0.01135	0.01667	0.99980	
117	0.58500	86.22180	-51.08071	0.64253	2.09190	0.16045	1.14553	1.29389	0.99980	-0.01999	-0.00280	0.02008	0.99913	0.03650	0.00207	-0.03655	0.99933		17.51630	-50.55650	-3.60771	-0.92454	0.67956	-2.23266	0.17984	0.99917	0.03895	-0.01186	-0.03914	0.99910	-0.01613	0.01122	0.01659	0.99980	
118	0.59000	86.20577	-51.11727	0.65370	2.07800	0.17169	1.14915	1.29220	0.99979	-0.02006	-0.00300	0.02015	0.99914	0.03626	0.00227	-0.03631	0.99934		17.50621	-50.51068	-3.64347	-0.90852	0.68269	-2.23455	0.18416	0.99917	0.03899	-0.01191	-0.03917	0.99911	-0.01585	0.01129	0.01631	0.99980	
119	0.59500	86.17913	-51.13927	0.71602	2.06326	0.18908	1.14608	1.29342	0.99979	-0.02000	-0.00330	0.02011	0.99915	0.03600	0.00258	-0.03606	0.99935		17.58046	-50.52037	-3.65312	-0.90412	0.67392	-2.23744	0.18408	0.99917	0.03904	-0.01176	-0.03922	0.99911	-0.01578	0.01114	0.01623	0.99981	
120	0.60000	86.10295	-51.18468	0.71665	2.04650	0.20091	1.14892	1.28289	0.99979	-0.02005	-0.00351	0.02016	0.99916	0.03571	0.00279	-0.03577	0.99936		17.50125	-50.45728	-3.69187	-0.88834	0.67691	-2.23719	0.17771	0.99917	0.03903	-0.01181	-0.03921	0.99911	-0.01550	0.01120	0.01595	0.99981	
121	0.60500	86.09608	-51.22923	0.75141	2.02652	0.20794	1.14803	1.28791	0.99979	-0.02004	-0.00363	0.02015	0.99917	0.03536	0.00292	-0.03543	0.99937		17.55229	-50.44010	-3.69354	-0.87698	0.67047	-2.23297	0.17961	0.99917	0.03896	-0.01170	-0.03914	0.99912	-0.01530	0.01110	0.01575	0.99981	
122	0.61000	86.04574	-51.26934	0.77898	2.00425	0.22341	1.15356	1.27947	0.99979	-0.02013	-0.00390	0.02026	0.99918	0.03497	0.00319	-0.03505	0.99938		17.57405	-50.39107	-3.72066	-0.86254	0.66676	-2.23235	0.19347	0.99917	0.03895	-0.01164	-0.03912	0.99912	-0.01505	0.01104	0.01550	0.99982	
123	0.61500	86.06015	-51.32785	0.79282	1.98064	0.23078	1.15156	1.29158	0.99979	-0.02010	-0.00403	0.02022	0.99920	0.03456	0.00333	-0.03464	0.99939		17.60065	-50.35839	-3.72273	-0.84662	0.66330	-2.23070	0.17750	0.99918	0.03892	-0.01158	-0.03909	0.99913	-0.01477	0.01099	0.01522	0.99982	
124	0.62000	86.05313	-51.39370	0.83197	1.95250	0.24043	1.14806	1.27654	0.99979	-0.02004	-0.00420	0.02017	0.99922	0.03407	0.00351	-0.03415	0.99941		17.62565	-50.30467	-3.72041	-0.82964	0.65366	-2.22879	0.16959	0.99918	0.03889	-0.01141	-0.03905	0.99913	-0.01448	0.01084	0.01491	0.99983	
125	0.62500	86.03145	-51.44946	0.85638	1.92495	0.25038	1.15085	1.25844	0.99979	-0.02008	-0.00437	0.02022	0.99923	0.03359	0.00369	-0.03367	0.99943		17.64742	-50.26668	-3.72661	-0.81243	0.65132	-2.22643	0.17246	0.99918	0.03885	-0.01137	-0.03901	0.99914	-0.01418	0.01081	0.01461	0.99983	
126	0.63000	85.96706	-51.53458	0.85362	1.89391	0.26276	1.15041	1.25055	0.99979	-0.02008	-0.00459	0.02022	0.99925	0.03305	0.00392	-0.03313	0.99944		17.70889	-50.22037	-3.72925	-0.79234	0.64205	-2.22812	0.18472	0.99918	0.03888	-0.01121	-0.03903	0.99914	-0.01383	0.01066	0.01425	0.99984	
127	0.63500	85.95967	-51.61156	0.86926	1.85907	0.27185	1.14950	1.24145	0.99979	-0.02006	-0.00474	0.02020	0.99927	0.03244	0.00409	-0.03253	0.99946		17.69725	-50.15072	-3.72717	-0.77050	0.63820	-2.23407	0.18617	0.99918	0.03898	-0.01114	-0.03913	0.99914	-0.01345	0.01060	0.01387	0.99985	
128	0.64000	86.01334	-51.76838	0.85171	1.81176	0.27967	1.17122	1.26838	0.99978	-0.02044	-0.00488	0.02058	0.99929	0.03162	0.00423	-0.03171	0.99949		17.72095	-50.13301	-3.72918	-0.75167	0.63438	-2.23264	0.18658	0.99918	0.03895	-0.01107	-0.03910	0.99915	-0.01312	0.01055	0.01354	0.99985	
129	0.64500	85.97006	-51.83667	0.86978	1.77741	0.29185	1.16726	1.24764	0.99978	-0.02037	-0.00509	0.02052	0.99931	0.03102	0.00446	-0.03111	0.99951		17.72666	-50.06471	-3.72247	-0.72975	0.62372	-2.22451	0.18793	0.99919	0.03881	-0.01089	-0.03895	0.99916	-0.01274	0.01038	0.01315	0.99986	
130	0.65000	85.98970	-51.89797	0.90388	1.74139	0.29612	1.17513	1.26261	0.99978	-0.02051	-0.00517	0.02066	0.99932	0.03039	0.00454	-0.03049	0.99952		17.72045	-49.98238	-3.73859	-0.69929	0.62432	-2.22739	0.17171	0.99919	0.03886	-0.01090	-0.03900	0.99916	-0.01220	0.01041	0.01262	0.99987	
131	0.65500	85.99779	-52.01007	0.91348	1.69860	0.29927	1.17460	1.25108	0.99978	-0.02050	-0.00522	0.02065	0.99935	0.02964	0.00461	-0.02974	0.99955		17.78145	-49.92758	-3.72441	-0.67514	0.61485	-2.23199	0.18403	0.99918	0.03894	-0.01073	-0.03907	0.99917	-0.01178	0.01026	0.01219	0.99987	
132	0.66000	85.97258	-52.10270	0.94396	1.65821	0.30723	1.17939	1.25020	0.99977	-0.02058	-0.00536	0.02073	0.99937	0.02894	0.00476	-0.02904	0.99957		17.81176	-49.86829	-3.70987	-0.65164	0.60508	-2.22854	0.17889	0.99919	0.03888	-0.01056	-0.03900	0.99917	-0.01137	0.01011	0.01177	0.99988	
133	0.66500	85.91317	-52.16675	0.97362	1.61487	0.32208	1.18104	1.23205	0.99977	-0.02061	-0.00562	0.02076	0.99939	0.02818	0.00504	-0.02829	0.99959		17.83285	-49.80653	-3.69105	-0.62566	0.59264	-2.23058	0.17012	0.99919	0.03892	-0.01034	-0.03903	0.99918	-0.01092	0.00991	0.01131	0.99989	
134	0.67000	85.91748	-52.28638	0.98494	1.56843	0.32531	1.18301	1.21619	0.99977	-0.02065	-0.00568	0.02079	0.99941	0.02737	0.00511	-0.02748	0.99961		17.85594	-49.75666	-3.67631	-0.60087	0.58638	-2.22842	0.18592	0.99919	0.03888	-0.01023	-0.03899	0.99918	-0.01049	0.00982	0.01088	0.99989	
135	0.67500	85.86596	-52.41540	1.03261	1.51440	0.34171	1.18246	1.17175	0.99977	-0.02064	-0.00596	0.02079	0.99943	0.02643	0.00542	-0.02655	0.99963		17.88638	-49.69464	-3.64932	-0.57325	0.57877	-2.23108	0.19277	0.99919	0.03893	-0.01010	-0.03903	0.99919	-0.01000	0.00970	0.01039	0.99990	
136	0.68000	85.84108	-52.50999	1.06710	1.46440	0.34993	1.18582	1.18721	0.99977	-0.02069	-0.00611	0.02084	0.99946	0.02556	0.00558	-0.02568	0.99965		17.90464	-49.60589	-3.63972	-0.54281	0.57168	-2.23164	0.17326	0.99919	0.03894	-0.00998	-0.03903	0.99919	-0.00947	0.00960	0.00986	0.99991	
137	0.68500	85.80705	-52.62571	1.08064	1.41740	0.36286	1.18681	1.14948	0.99977	-0.02071	-0.00633	0.02086	0.99948	0.02474	0.00582	-0.02486	0.99967		17.96907	-49.56606	-3.59555	-0.51718	0.55821	-2.23606	0.20204	0.99919	0.03901	-0.00974	-0.03910	0.99919	-0.00903	0.00938	0.00940	0.99991	
138	0.69000	85.82478	-52.79245	1.07114	1.35688	0.36899	1.20287	1.17313	0.99976	-0.02099	-0.00644	0.02114	0.99950	0.02368	0.00594	-0.02381	0.99970		17.99597	-49.47837	-3.57283	-0.48424	0.54628	-2.23735	0.18617	0.99919	0.03904	-0.00953	-0.03912	0.99920	-0.00845	0.00920	0.00882	0.99992	
