NO_OF_FRAMES	12029
NO_OF_CAMERAS	8
NO_OF_BODIES	2
FREQUENCY	200
NO_OF_ANALOG	0
ANALOG_FREQUENCY	0
DESCRIPTION	--
TIME_STAMP	2013-07-02, 17:24:44	3301781.65980334
DATA_INCLUDED	6D
BODY_NAMES	Ice 1	Ice 2
Frame	Time	Ice 1 X	Y	Z	Roll	Pitch	Yaw	Residual	Rot[0]	Rot[1]	Rot[2]	Rot[3]	Rot[4]	Rot[5]	Rot[6]	Rot[7]	Rot[8]	Ice 2 X	Y	Z	Roll	Pitch	Yaw	Residual	Rot[0]	Rot[1]	Rot[2]	Rot[3]	Rot[4]	Rot[5]	Rot[6]	Rot[7]	Rot[8]	
1	0.00500	121.18850	-154.63967	-0.58916	0.63050	-0.12425	-0.07364	0.86279	1.00000	0.00129	0.00217	-0.00131	0.99994	0.01100	-0.00215	-0.01101	0.99994		-94.28549	-157.32227	-1.11301	-0.31854	0.43102	-0.24828	0.12369	0.99996	0.00433	-0.00752	-0.00437	0.99997	-0.00556	0.00750	0.00559	0.99996	
2	0.01000	121.17683	-154.61162	-0.59512	0.63600	-0.12415	-0.07512	0.85347	1.00000	0.00131	0.00217	-0.00134	0.99994	0.01110	-0.00215	-0.01110	0.99994		-94.31645	-157.31475	-1.12096	-0.31952	0.42909	-0.24452	0.10866	0.99996	0.00427	-0.00749	-0.00431	0.99998	-0.00558	0.00746	0.00561	0.99996	
3	0.01500	121.15406	-154.61179	-0.57532	0.64597	-0.12390	-0.08893	0.85039	1.00000	0.00155	0.00216	-0.00158	0.99994	0.01127	-0.00214	-0.01128	0.99993		-94.29204	-157.32710	-1.12924	-0.32026	0.42307	-0.24686	0.10206	0.99996	0.00431	-0.00738	-0.00435	0.99997	-0.00559	0.00736	0.00562	0.99996	
4	0.02000	121.14205	-154.60643	-0.57159	0.65096	-0.12292	-0.08129	0.85133	1.00000	0.00142	0.00215	-0.00144	0.99993	0.01136	-0.00213	-0.01136	0.99993		-94.32575	-157.31738	-1.14896	-0.31900	0.41671	-0.24630	0.10969	0.99996	0.00430	-0.00727	-0.00434	0.99998	-0.00557	0.00725	0.00560	0.99996	
5	0.02500	121.13453	-154.57943	-0.55136	0.65851	-0.12178	-0.07882	0.86001	1.00000	0.00138	0.00213	-0.00140	0.99993	0.01149	-0.00211	-0.01150	0.99993		-94.33199	-157.31106	-1.14838	-0.31606	0.40856	-0.24826	0.10783	0.99997	0.00433	-0.00713	-0.00437	0.99998	-0.00552	0.00711	0.00555	0.99996	
6	0.03000	121.13691	-154.57362	-0.54138	0.66626	-0.12473	-0.08130	0.86351	1.00000	0.00142	0.00218	-0.00144	0.99993	0.01163	-0.00216	-0.01163	0.99993		-94.27687	-157.32499	-1.16080	-0.31603	0.39749	-0.24730	0.09971	0.99997	0.00432	-0.00694	-0.00435	0.99998	-0.00552	0.00691	0.00555	0.99996	
7	0.03500	121.13209	-154.55580	-0.53701	0.67493	-0.12010	-0.08506	0.84958	1.00000	0.00148	0.00210	-0.00151	0.99993	0.01178	-0.00208	-0.01178	0.99993		-94.31118	-157.31132	-1.17180	-0.31631	0.38696	-0.24402	0.08942	0.99997	0.00426	-0.00675	-0.00430	0.99998	-0.00552	0.00673	0.00555	0.99996	
8	0.04000	121.12573	-154.55100	-0.53394	0.68006	-0.12256	-0.08172	0.85418	1.00000	0.00143	0.00214	-0.00145	0.99993	0.01187	-0.00212	-0.01187	0.99993		-94.30800	-157.33136	-1.16285	-0.31792	0.38351	-0.24590	0.10679	0.99997	0.00429	-0.00669	-0.00433	0.99998	-0.00555	0.00667	0.00558	0.99996	
9	0.04500	121.13472	-154.53594	-0.52358	0.68752	-0.12319	-0.08529	0.85843	1.00000	0.00149	0.00215	-0.00151	0.99993	0.01200	-0.00213	-0.01200	0.99993		-94.28184	-157.32519	-1.17101	-0.31566	0.37501	-0.24259	0.11134	0.99997	0.00423	-0.00655	-0.00427	0.99998	-0.00551	0.00652	0.00554	0.99996	
10	0.05000	121.13387	-154.51928	-0.51683	0.69279	-0.11983	-0.09405	0.83622	1.00000	0.00164	0.00209	-0.00167	0.99993	0.01209	-0.00207	-0.01209	0.99992		-94.28519	-157.30414	-1.17074	-0.31433	0.36933	-0.24824	0.11645	0.99997	0.00433	-0.00645	-0.00437	0.99998	-0.00549	0.00642	0.00551	0.99996	
11	0.05500	121.00893	-154.66314	-0.42471	0.68946	-0.12119	-0.09923	0.83764	1.00000	0.00173	0.00212	-0.00176	0.99993	0.01203	-0.00209	-0.01204	0.99993		-94.28144	-157.30899	-1.18248	-0.31497	0.36115	-0.24306	0.10144	0.99997	0.00424	-0.00630	-0.00428	0.99998	-0.00550	0.00628	0.00552	0.99997	
12	0.06000	121.02715	-154.67530	-0.42450	0.69274	-0.12291	-0.10122	0.85030	1.00000	0.00177	0.00215	-0.00179	0.99993	0.01209	-0.00212	-0.01209	0.99992		-94.26478	-157.33137	-1.19396	-0.31544	0.34934	-0.24000	0.09390	0.99997	0.00419	-0.00610	-0.00422	0.99998	-0.00551	0.00607	0.00553	0.99997	
13	0.06500	121.03705	-154.66795	-0.42609	0.69942	-0.12658	-0.09951	0.84423	1.00000	0.00174	0.00221	-0.00176	0.99992	0.01221	-0.00219	-0.01221	0.99992		-94.27698	-157.29616	-1.19793	-0.31302	0.34624	-0.24591	0.10417	0.99997	0.00429	-0.00604	-0.00432	0.99998	-0.00546	0.00602	0.00549	0.99997	
14	0.07000	121.03608	-154.67845	-0.41461	0.70237	-0.12889	-0.10563	0.83992	1.00000	0.00184	0.00225	-0.00187	0.99992	0.01226	-0.00223	-0.01226	0.99992		-94.25915	-157.31679	-1.18880	-0.31388	0.33668	-0.24583	0.11139	0.99997	0.00429	-0.00588	-0.00432	0.99998	-0.00548	0.00585	0.00550	0.99997	
15	0.07500	121.01605	-154.67399	-0.41047	0.70738	-0.12527	-0.10147	0.84267	1.00000	0.00177	0.00219	-0.00180	0.99992	0.01235	-0.00216	-0.01235	0.99992		-94.25561	-157.30660	-1.19276	-0.31181	0.33126	-0.24758	0.11227	0.99997	0.00432	-0.00578	-0.00435	0.99998	-0.00544	0.00576	0.00547	0.99997	
16	0.08000	121.00763	-154.66724	-0.40514	0.71049	-0.12476	-0.10583	0.85480	1.00000	0.00185	0.00218	-0.00187	0.99992	0.01240	-0.00215	-0.01240	0.99992		-94.27558	-157.30349	-1.19194	-0.31269	0.32893	-0.24179	0.10738	0.99997	0.00422	-0.00574	-0.00425	0.99998	-0.00546	0.00572	0.00548	0.99997	
17	0.08500	121.01921	-154.67991	-0.37486	0.71250	-0.12237	-0.10012	0.83684	1.00000	0.00175	0.00214	-0.00177	0.99992	0.01244	-0.00211	-0.01244	0.99992		-94.26824	-157.30505	-1.18736	-0.31127	0.32223	-0.24340	0.11320	0.99998	0.00425	-0.00562	-0.00428	0.99998	-0.00543	0.00560	0.00546	0.99997	
18	0.09000	121.00719	-154.66463	-0.37326	0.71755	-0.11923	-0.10060	0.84438	1.00000	0.00176	0.00208	-0.00178	0.99992	0.01252	-0.00206	-0.01253	0.99992		-94.29729	-157.31042	-1.20707	-0.31232	0.31697	-0.23904	0.10231	0.99998	0.00417	-0.00553	-0.00420	0.99998	-0.00545	0.00551	0.00547	0.99997	
19	0.09500	120.99045	-154.67713	-0.36556	0.72026	-0.12145	-0.10836	0.83833	1.00000	0.00189	0.00212	-0.00192	0.99992	0.01257	-0.00210	-0.01257	0.99992		-94.24425	-157.31143	-1.19864	-0.31347	0.30733	-0.23735	0.10086	0.99998	0.00414	-0.00536	-0.00417	0.99998	-0.00547	0.00534	0.00549	0.99997	
20	0.10000	120.99974	-154.66273	-0.36503	0.72532	-0.12129	-0.10331	0.83738	1.00000	0.00180	0.00212	-0.00183	0.99992	0.01266	-0.00209	-0.01266	0.99992		-94.24368	-157.29444	-1.19033	-0.31080	0.30504	-0.24043	0.09899	0.99998	0.00420	-0.00532	-0.00423	0.99998	-0.00542	0.00530	0.00545	0.99997	
21	0.10500	120.95796	-154.66858	-0.35317	0.72612	-0.11487	-0.10566	0.83616	1.00000	0.00184	0.00200	-0.00187	0.99992	0.01267	-0.00198	-0.01268	0.99992		-94.24464	-157.28022	-1.21508	-0.30902	0.29843	-0.24297	0.09808	0.99998	0.00424	-0.00521	-0.00427	0.99998	-0.00539	0.00519	0.00542	0.99997	
22	0.11000	120.98540	-154.67465	-0.35298	0.72728	-0.11454	-0.10436	0.83254	1.00000	0.00182	0.00200	-0.00185	0.99992	0.01269	-0.00198	-0.01270	0.99992		-94.25074	-157.29649	-1.21444	-0.31098	0.29469	-0.24154	0.09224	0.99998	0.00422	-0.00514	-0.00424	0.99998	-0.00543	0.00512	0.00545	0.99997	
23	0.11500	121.00939	-154.65626	-0.34342	0.73230	-0.11527	-0.10184	0.84553	1.00000	0.00178	0.00201	-0.00180	0.99992	0.01278	-0.00199	-0.01278	0.99992		-94.23797	-157.27750	-1.21032	-0.30868	0.29233	-0.24340	0.11647	0.99998	0.00425	-0.00510	-0.00428	0.99998	-0.00539	0.00508	0.00541	0.99997	
24	0.12000	120.98224	-154.67577	-0.33450	0.73036	-0.11181	-0.10520	0.84281	1.00000	0.00184	0.00195	-0.00186	0.99992	0.01275	-0.00193	-0.01275	0.99992		-94.24188	-157.27793	-1.20992	-0.30905	0.28863	-0.24489	0.11780	0.99998	0.00427	-0.00504	-0.00430	0.99998	-0.00539	0.00501	0.00542	0.99997	
25	0.12500	120.98412	-154.66931	-0.33610	0.73194	-0.11043	-0.10103	0.84121	1.00000	0.00176	0.00193	-0.00179	0.99992	0.01277	-0.00190	-0.01278	0.99992		-94.22048	-157.29354	-1.22183	-0.31183	0.28101	-0.24046	0.08956	0.99998	0.00420	-0.00490	-0.00422	0.99998	-0.00544	0.00488	0.00546	0.99997	
26	0.13000	120.92757	-154.67338	-0.31749	0.73236	-0.09872	-0.10731	0.83346	1.00000	0.00187	0.00172	-0.00189	0.99992	0.01278	-0.00170	-0.01278	0.99992		-94.22837	-157.26814	-1.21775	-0.30929	0.28119	-0.24354	0.10878	0.99998	0.00425	-0.00491	-0.00428	0.99998	-0.00540	0.00488	0.00542	0.99997	
27	0.13500	120.97879	-154.67578	-0.32199	0.73319	-0.10879	-0.10517	0.84244	1.00000	0.00184	0.00190	-0.00186	0.99992	0.01280	-0.00188	-0.01280	0.99992		-94.21415	-157.27656	-1.22559	-0.31039	0.27532	-0.23718	0.10387	0.99998	0.00414	-0.00481	-0.00417	0.99998	-0.00542	0.00478	0.00544	0.99997	
28	0.14000	120.97173	-154.68173	-0.30507	0.73108	-0.10581	-0.10499	0.83818	1.00000	0.00183	0.00185	-0.00186	0.99992	0.01276	-0.00182	-0.01276	0.99992		-94.23418	-157.27699	-1.22537	-0.31074	0.27526	-0.24191	0.10142	0.99998	0.00422	-0.00480	-0.00425	0.99998	-0.00542	0.00478	0.00544	0.99997	
29	0.14500	120.91120	-154.66483	-0.29135	0.73371	-0.09591	-0.10335	0.83218	1.00000	0.00180	0.00167	-0.00183	0.99992	0.01281	-0.00165	-0.01281	0.99992		-94.24109	-157.26141	-1.23329	-0.30960	0.27251	-0.23918	0.10530	0.99998	0.00417	-0.00476	-0.00420	0.99998	-0.00540	0.00473	0.00542	0.99997	
30	0.15000	120.93692	-154.68962	-0.30268	0.73135	-0.09544	-0.11402	0.82920	1.00000	0.00199	0.00167	-0.00201	0.99992	0.01276	-0.00164	-0.01277	0.99992		-94.21437	-157.25885	-1.22509	-0.31197	0.26926	-0.23775	0.09835	0.99998	0.00415	-0.00470	-0.00418	0.99998	-0.00544	0.00468	0.00546	0.99997	
31	0.15500	120.95035	-154.67964	-0.30485	0.73171	-0.09704	-0.10956	0.83324	1.00000	0.00191	0.00169	-0.00193	0.99992	0.01277	-0.00167	-0.01277	0.99992		-94.22713	-157.26136	-1.22907	-0.31258	0.27222	-0.23671	0.10426	0.99998	0.00413	-0.00475	-0.00416	0.99998	-0.00546	0.00473	0.00548	0.99997	
32	0.16000	120.92733	-154.68921	-0.28695	0.72892	-0.08830	-0.10695	0.83468	1.00000	0.00187	0.00154	-0.00189	0.99992	0.01272	-0.00152	-0.01272	0.99992		-94.21098	-157.26098	-1.22523	-0.31124	0.27065	-0.23806	0.10006	0.99998	0.00415	-0.00472	-0.00418	0.99998	-0.00543	0.00470	0.00545	0.99997	
33	0.16500	120.94377	-154.66109	-0.29297	0.73066	-0.09242	-0.10715	0.84762	1.00000	0.00187	0.00161	-0.00189	0.99992	0.01275	-0.00159	-0.01276	0.99992		-94.20435	-157.24203	-1.22553	-0.30897	0.26961	-0.24393	0.10905	0.99998	0.00426	-0.00471	-0.00428	0.99998	-0.00539	0.00468	0.00541	0.99997	
34	0.17000	120.89131	-154.68258	-0.29124	0.72663	-0.08516	-0.10737	0.83364	1.00000	0.00187	0.00149	-0.00189	0.99992	0.01268	-0.00146	-0.01268	0.99992		-94.19533	-157.24533	-1.22119	-0.31184	0.26792	-0.24138	0.10677	0.99998	0.00421	-0.00468	-0.00424	0.99998	-0.00544	0.00465	0.00546	0.99997	
35	0.17500	120.91179	-154.70143	-0.27539	0.72222	-0.08198	-0.10746	0.83465	1.00000	0.00188	0.00143	-0.00189	0.99992	0.01260	-0.00141	-0.01261	0.99992		-94.20918	-157.23624	-1.22966	-0.30975	0.27111	-0.23803	0.11963	0.99998	0.00415	-0.00473	-0.00418	0.99998	-0.00541	0.00471	0.00543	0.99997	
36	0.18000	120.91192	-154.70945	-0.26195	0.71640	-0.08070	-0.10177	0.85364	1.00000	0.00178	0.00141	-0.00179	0.99992	0.01250	-0.00139	-0.01251	0.99992		-94.20012	-157.23867	-1.22136	-0.31034	0.26898	-0.24167	0.10425	0.99998	0.00422	-0.00469	-0.00424	0.99998	-0.00542	0.00467	0.00544	0.99997	
37	0.18500	120.90806	-154.71023	-0.26623	0.71561	-0.07490	-0.10436	0.83761	1.00000	0.00182	0.00131	-0.00184	0.99992	0.01249	-0.00128	-0.01249	0.99992		-94.19321	-157.22202	-1.21341	-0.31161	0.27059	-0.23721	0.08338	0.99998	0.00414	-0.00472	-0.00417	0.99998	-0.00544	0.00470	0.00546	0.99997	
38	0.19000	120.86372	-154.70427	-0.24809	0.71132	-0.07148	-0.10202	0.83773	1.00000	0.00178	0.00125	-0.00180	0.99992	0.01241	-0.00123	-0.01242	0.99992		-94.18514	-157.22092	-1.21366	-0.31100	0.27362	-0.23650	0.11041	0.99998	0.00413	-0.00478	-0.00415	0.99998	-0.00543	0.00475	0.00545	0.99997	
39	0.19500	120.88878	-154.71168	-0.24735	0.70974	-0.06893	-0.10467	0.83474	1.00000	0.00183	0.00120	-0.00184	0.99992	0.01239	-0.00118	-0.01239	0.99992		-94.22549	-157.21078	-1.20928	-0.31023	0.27589	-0.23686	0.09455	0.99998	0.00413	-0.00482	-0.00416	0.99998	-0.00541	0.00479	0.00543	0.99997	
40	0.20000	120.88124	-154.71731	-0.24832	0.70655	-0.06962	-0.10957	0.83415	1.00000	0.00191	0.00122	-0.00193	0.99992	0.01233	-0.00119	-0.01233	0.99992		-94.18373	-157.20582	-1.21872	-0.30933	0.27818	-0.23448	0.09833	0.99998	0.00409	-0.00486	-0.00412	0.99998	-0.00540	0.00483	0.00542	0.99997	
41	0.20500	120.88177	-154.72865	-0.22836	0.69824	-0.06469	-0.10759	0.83361	1.00000	0.00188	0.00113	-0.00189	0.99992	0.01219	-0.00111	-0.01219	0.99993		-94.18495	-157.21429	-1.20220	-0.31218	0.28092	-0.23817	0.08122	0.99998	0.00416	-0.00490	-0.00418	0.99998	-0.00545	0.00488	0.00547	0.99997	
42	0.21000	120.84661	-154.74373	-0.23187	0.69484	-0.05705	-0.10731	0.83245	1.00000	0.00187	0.00100	-0.00188	0.99992	0.01213	-0.00097	-0.01213	0.99993		-94.19959	-157.19917	-1.19835	-0.31161	0.28735	-0.24047	0.09981	0.99998	0.00420	-0.00502	-0.00422	0.99998	-0.00544	0.00499	0.00546	0.99997	
43	0.21500	120.88171	-154.73681	-0.23433	0.69102	-0.05674	-0.10613	0.83783	1.00000	0.00185	0.00099	-0.00186	0.99993	0.01206	-0.00097	-0.01206	0.99993		-94.19537	-157.20840	-1.20281	-0.31343	0.29100	-0.23572	0.09929	0.99998	0.00411	-0.00508	-0.00414	0.99998	-0.00547	0.00506	0.00549	0.99997	
44	0.22000	120.87171	-154.74782	-0.21378	0.68594	-0.05549	-0.11132	0.83730	1.00000	0.00194	0.00097	-0.00195	0.99993	0.01197	-0.00095	-0.01197	0.99993		-94.24722	-157.18830	-1.19067	-0.30999	0.30084	-0.23602	0.10580	0.99998	0.00412	-0.00525	-0.00415	0.99998	-0.00541	0.00523	0.00543	0.99997	
45	0.22500	120.86595	-154.74476	-0.22275	0.68147	-0.04842	-0.10498	0.82922	1.00000	0.00183	0.00085	-0.00184	0.99993	0.01189	-0.00082	-0.01190	0.99993		-94.20990	-157.18838	-1.19561	-0.31142	0.30202	-0.24230	0.10902	0.99998	0.00423	-0.00527	-0.00426	0.99998	-0.00544	0.00525	0.00546	0.99997	
46	0.23000	120.87996	-154.75073	-0.22941	0.67838	-0.05154	-0.10631	0.83444	1.00000	0.00186	0.00090	-0.00187	0.99993	0.01184	-0.00088	-0.01184	0.99993		-94.23900	-157.17695	-1.19169	-0.30877	0.30877	-0.23934	0.11955	0.99998	0.00418	-0.00539	-0.00421	0.99998	-0.00539	0.00537	0.00541	0.99997	
47	0.23500	120.85201	-154.77860	-0.21974	0.66853	-0.04365	-0.10390	0.83728	1.00000	0.00181	0.00076	-0.00182	0.99993	0.01167	-0.00074	-0.01167	0.99993		-94.22872	-157.17697	-1.18811	-0.31145	0.31384	-0.23671	0.10757	0.99998	0.00413	-0.00548	-0.00416	0.99998	-0.00544	0.00545	0.00546	0.99997	
48	0.24000	120.86132	-154.76920	-0.22162	0.66311	-0.04207	-0.10041	0.82977	1.00000	0.00175	0.00073	-0.00176	0.99993	0.01157	-0.00071	-0.01157	0.99993		-94.22579	-157.17896	-1.18410	-0.31072	0.31533	-0.23700	0.10685	0.99998	0.00414	-0.00550	-0.00417	0.99998	-0.00542	0.00548	0.00545	0.99997	
49	0.24500	120.83491	-154.78419	-0.20571	0.65643	-0.03682	-0.10410	0.84489	1.00000	0.00182	0.00064	-0.00182	0.99993	0.01146	-0.00062	-0.01146	0.99993		-94.24972	-157.15717	-1.16401	-0.30958	0.32635	-0.23725	0.10013	0.99998	0.00414	-0.00570	-0.00417	0.99998	-0.00540	0.00567	0.00543	0.99997	
50	0.25000	120.84131	-154.80369	-0.22412	0.65155	-0.03594	-0.10731	0.83845	1.00000	0.00187	0.00063	-0.00188	0.99993	0.01137	-0.00061	-0.01137	0.99994		-94.25482	-157.15089	-1.17260	-0.30810	0.32748	-0.23486	0.10697	0.99998	0.00410	-0.00572	-0.00413	0.99998	-0.00538	0.00569	0.00540	0.99997	
51	0.25500	120.83169	-154.82198	-0.20899	0.64313	-0.03115	-0.10425	0.83057	1.00000	0.00182	0.00054	-0.00183	0.99994	0.01122	-0.00052	-0.01123	0.99994		-94.22470	-157.16512	-1.16504	-0.30956	0.33201	-0.23583	0.10094	0.99997	0.00412	-0.00579	-0.00415	0.99998	-0.00540	0.00577	0.00543	0.99997	
52	0.26000	120.84989	-154.80481	-0.20952	0.63948	-0.02852	-0.10075	0.83343	1.00000	0.00176	0.00050	-0.00176	0.99994	0.01116	-0.00048	-0.01116	0.99994		-94.24919	-157.12505	-1.15801	-0.30420	0.34309	-0.23662	0.10708	0.99997	0.00413	-0.00599	-0.00416	0.99998	-0.00531	0.00597	0.00533	0.99997	
53	0.26500	120.86568	-154.84194	-0.20269	0.62961	-0.02520	-0.10015	0.83323	1.00000	0.00175	0.00044	-0.00175	0.99994	0.01099	-0.00042	-0.01099	0.99994		-94.24490	-157.15305	-1.14972	-0.30706	0.34860	-0.23562	0.10319	0.99997	0.00411	-0.00608	-0.00414	0.99998	-0.00536	0.00606	0.00538	0.99997	
54	0.27000	120.88630	-154.85716	-0.22283	0.62091	-0.02122	-0.08671	0.84503	1.00000	0.00151	0.00037	-0.00152	0.99994	0.01084	-0.00035	-0.01084	0.99994		-94.24078	-157.14514	-1.13745	-0.30620	0.35015	-0.23393	0.10012	0.99997	0.00408	-0.00611	-0.00412	0.99998	-0.00534	0.00609	0.00537	0.99997	
55	0.27500	120.89200	-154.86358	-0.22493	0.61740	-0.01741	-0.09311	0.83861	1.00000	0.00163	0.00030	-0.00163	0.99994	0.01078	-0.00029	-0.01078	0.99994		-94.22856	-157.12725	-1.13845	-0.30467	0.35493	-0.23657	0.09796	0.99997	0.00413	-0.00619	-0.00416	0.99998	-0.00532	0.00617	0.00534	0.99997	
56	0.28000	120.90362	-154.88589	-0.21747	0.60773	-0.01671	-0.08841	0.83918	1.00000	0.00154	0.00029	-0.00155	0.99994	0.01061	-0.00028	-0.01061	0.99994		-94.22700	-157.12542	-1.13084	-0.30482	0.36176	-0.23222	0.11069	0.99997	0.00405	-0.00631	-0.00409	0.99998	-0.00532	0.00629	0.00535	0.99997	
57	0.28500	120.87080	-154.90856	-0.22078	0.59977	-0.00587	-0.08560	0.84304	1.00000	0.00149	0.00010	-0.00150	0.99994	0.01047	-0.00009	-0.01047	0.99995		-94.24669	-157.12097	-1.12728	-0.30142	0.37055	-0.23526	0.09884	0.99997	0.00411	-0.00647	-0.00414	0.99998	-0.00526	0.00645	0.00529	0.99997	
58	0.29000	120.90949	-154.90991	-0.21980	0.59621	-0.01165	-0.08781	0.84486	1.00000	0.00153	0.00020	-0.00153	0.99994	0.01041	-0.00019	-0.01041	0.99995		-94.26169	-157.10021	-1.11928	-0.30081	0.37481	-0.23504	0.10197	0.99997	0.00410	-0.00654	-0.00414	0.99998	-0.00525	0.00652	0.00528	0.99996	
59	0.29500	120.92167	-154.92374	-0.21614	0.58975	-0.01179	-0.08830	0.84685	1.00000	0.00154	0.00021	-0.00154	0.99995	0.01029	-0.00019	-0.01029	0.99995		-94.23434	-157.10826	-1.10355	-0.30081	0.38003	-0.23359	0.10799	0.99997	0.00408	-0.00663	-0.00411	0.99998	-0.00525	0.00661	0.00528	0.99996	
60	0.30000	120.87917	-154.93839	-0.23028	0.58314	-0.00376	-0.09024	0.85142	1.00000	0.00157	0.00007	-0.00158	0.99995	0.01018	-0.00005	-0.01018	0.99995		-94.27969	-157.09375	-1.09133	-0.29755	0.39040	-0.23374	0.10226	0.99997	0.00408	-0.00681	-0.00411	0.99998	-0.00519	0.00679	0.00522	0.99996	
61	0.30500	120.91223	-154.95436	-0.22348	0.57884	-0.00647	-0.08776	0.83959	1.00000	0.00153	0.00011	-0.00153	0.99995	0.01010	-0.00010	-0.01010	0.99995		-94.24801	-157.08529	-1.08397	-0.29709	0.39296	-0.23125	0.10452	0.99997	0.00404	-0.00686	-0.00407	0.99998	-0.00519	0.00684	0.00521	0.99996	
62	0.31000	120.91772	-154.97107	-0.22473	0.57020	-0.00424	-0.08417	0.85818	1.00000	0.00147	0.00007	-0.00147	0.99995	0.00995	-0.00006	-0.00995	0.99995		-94.24876	-157.09706	-1.06391	-0.29707	0.40206	-0.23474	0.09650	0.99997	0.00410	-0.00702	-0.00413	0.99998	-0.00518	0.00700	0.00521	0.99996	
63	0.31500	120.87476	-154.99114	-0.23634	0.56408	0.00402	-0.08288	0.83389	1.00000	0.00145	-0.00007	-0.00145	0.99995	0.00984	0.00008	-0.00984	0.99995		-94.26892	-157.06895	-1.07293	-0.29142	0.40930	-0.23797	0.11530	0.99997	0.00415	-0.00714	-0.00419	0.99998	-0.00509	0.00712	0.00512	0.99996	
64	0.32000	120.87365	-155.00360	-0.22482	0.55518	0.00390	-0.08396	0.83196	1.00000	0.00147	-0.00007	-0.00146	0.99995	0.00969	0.00008	-0.00969	0.99995		-94.28203	-157.07261	-1.05670	-0.29110	0.41441	-0.23947	0.10155	0.99997	0.00418	-0.00723	-0.00422	0.99998	-0.00508	0.00721	0.00511	0.99996	
65	0.32500	120.84963	-155.00755	-0.21677	0.55355	0.01242	-0.08038	0.84088	1.00000	0.00140	-0.00022	-0.00140	0.99995	0.00966	0.00023	-0.00966	0.99995		-94.28606	-157.06849	-1.04899	-0.28865	0.42214	-0.23764	0.09942	0.99996	0.00415	-0.00737	-0.00418	0.99998	-0.00504	0.00735	0.00507	0.99996	
66	0.33000	120.92914	-155.02667	-0.25281	0.54546	0.00023	-0.08483	0.84852	1.00000	0.00148	-0.00000	-0.00148	0.99995	0.00952	0.00002	-0.00952	0.99995		-94.28048	-157.06328	-1.03275	-0.28719	0.42557	-0.23791	0.10212	0.99996	0.00415	-0.00743	-0.00419	0.99998	-0.00501	0.00741	0.00504	0.99996	
67	0.33500	120.92934	-155.04583	-0.23589	0.54070	0.00250	-0.08811	0.83472	1.00000	0.00154	-0.00004	-0.00154	0.99995	0.00944	0.00006	-0.00944	0.99996		-94.28535	-157.06891	-1.02055	-0.28614	0.43095	-0.23570	0.10238	0.99996	0.00411	-0.00752	-0.00415	0.99998	-0.00499	0.00750	0.00502	0.99996	
68	0.34000	120.90777	-155.03926	-0.24895	0.53586	0.00541	-0.08592	0.83216	1.00000	0.00150	-0.00009	-0.00150	0.99996	0.00935	0.00011	-0.00935	0.99996		-94.28465	-157.04483	-1.00879	-0.28240	0.43588	-0.23204	0.10426	0.99996	0.00405	-0.00761	-0.00409	0.99998	-0.00493	0.00759	0.00496	0.99996	
69	0.34500	120.92451	-155.07587	-0.24035	0.52980	0.00795	-0.07957	0.82236	1.00000	0.00139	-0.00014	-0.00139	0.99996	0.00925	0.00015	-0.00925	0.99996		-94.30462	-157.03119	-0.99683	-0.27810	0.44255	-0.23328	0.10318	0.99996	0.00407	-0.00772	-0.00411	0.99998	-0.00485	0.00770	0.00489	0.99996	
70	0.35000	120.89737	-155.09451	-0.25552	0.52364	0.01103	-0.08192	0.83104	1.00000	0.00143	-0.00019	-0.00143	0.99996	0.00914	0.00021	-0.00914	0.99996		-94.28202	-157.05147	-0.97235	-0.28012	0.44631	-0.23119	0.09482	0.99996	0.00403	-0.00779	-0.00407	0.99998	-0.00489	0.00777	0.00492	0.99996	
71	0.35500	120.93133	-155.09835	-0.26635	0.52022	0.00866	-0.08435	0.83773	1.00000	0.00147	-0.00015	-0.00147	0.99996	0.00908	0.00016	-0.00908	0.99996		-94.29246	-157.03081	-0.97318	-0.27502	0.45349	-0.23539	0.10033	0.99996	0.00411	-0.00791	-0.00415	0.99998	-0.00480	0.00790	0.00483	0.99996	
72	0.36000	120.88241	-155.12196	-0.26756	0.51380	0.01630	-0.07920	0.83687	1.00000	0.00138	-0.00028	-0.00138	0.99996	0.00897	0.00030	-0.00897	0.99996		-94.28678	-157.03317	-0.96113	-0.27315	0.45660	-0.23469	0.10947	0.99996	0.00410	-0.00797	-0.00413	0.99998	-0.00477	0.00795	0.00480	0.99996	
73	0.36500	120.92081	-155.13257	-0.25461	0.50942	0.00948	-0.08323	0.84403	1.00000	0.00145	-0.00017	-0.00145	0.99996	0.00889	0.00018	-0.00889	0.99996		-94.31168	-157.01526	-0.93236	-0.26699	0.46197	-0.23805	0.10574	0.99996	0.00415	-0.00806	-0.00419	0.99998	-0.00466	0.00804	0.00469	0.99996	
74	0.37000	120.91898	-155.14966	-0.25239	0.50527	0.00905	-0.08843	0.83592	1.00000	0.00154	-0.00016	-0.00154	0.99996	0.00882	0.00017	-0.00882	0.99996		-94.29476	-157.01645	-0.92016	-0.26914	0.46306	-0.23061	0.09015	0.99996	0.00402	-0.00808	-0.00406	0.99998	-0.00470	0.00806	0.00473	0.99996	
75	0.37500	120.89918	-155.15415	-0.26118	0.50180	0.01241	-0.08467	0.84249	1.00000	0.00148	-0.00022	-0.00148	0.99996	0.00876	0.00023	-0.00876	0.99996		-94.34471	-157.00453	-0.89966	-0.26230	0.47372	-0.23224	0.08908	0.99996	0.00405	-0.00827	-0.00409	0.99998	-0.00458	0.00825	0.00461	0.99996	
76	0.38000	120.94266	-155.18194	-0.27616	0.49779	0.00506	-0.08769	0.85649	1.00000	0.00153	-0.00009	-0.00153	0.99996	0.00869	0.00010	-0.00869	0.99996		-94.31797	-157.00245	-0.88749	-0.26145	0.47244	-0.23666	0.10807	0.99996	0.00413	-0.00825	-0.00417	0.99998	-0.00456	0.00823	0.00460	0.99996	
77	0.38500	120.95982	-155.18723	-0.28819	0.49460	0.00692	-0.08397	0.84099	1.00000	0.00147	-0.00012	-0.00146	0.99996	0.00863	0.00013	-0.00863	0.99996		-94.34602	-157.00457	-0.87969	-0.25955	0.48311	-0.23502	0.10586	0.99996	0.00410	-0.00843	-0.00414	0.99998	-0.00453	0.00841	0.00456	0.99995	
78	0.39000	120.92691	-155.21853	-0.27928	0.48829	0.00623	-0.08231	0.84045	1.00000	0.00144	-0.00011	-0.00144	0.99996	0.00852	0.00012	-0.00852	0.99996		-94.36627	-156.99348	-0.86748	-0.25490	0.48747	-0.23806	0.10656	0.99996	0.00415	-0.00851	-0.00419	0.99998	-0.00445	0.00849	0.00448	0.99995	
79	0.39500	120.91057	-155.22874	-0.28346	0.48485	0.01024	-0.08842	0.83189	1.00000	0.00154	-0.00018	-0.00154	0.99996	0.00846	0.00019	-0.00846	0.99996		-94.35450	-156.99148	-0.83437	-0.25426	0.48948	-0.23354	0.10075	0.99996	0.00408	-0.00854	-0.00411	0.99998	-0.00444	0.00852	0.00447	0.99995	
80	0.40000	120.92480	-155.23866	-0.30363	0.48323	0.00159	-0.08326	0.84940	1.00000	0.00145	-0.00003	-0.00145	0.99996	0.00843	0.00004	-0.00843	0.99996		-94.36621	-156.97167	-0.83898	-0.24974	0.49213	-0.23443	0.09718	0.99995	0.00409	-0.00859	-0.00413	0.99998	-0.00436	0.00857	0.00439	0.99995	
81	0.40500	120.94271	-155.24487	-0.29918	0.48135	-0.00033	-0.08598	0.84934	1.00000	0.00150	0.00001	-0.00150	0.99996	0.00840	0.00001	-0.00840	0.99996		-94.36189	-156.97179	-0.81856	-0.24528	0.49515	-0.23613	0.10860	0.99995	0.00412	-0.00864	-0.00416	0.99998	-0.00428	0.00862	0.00432	0.99995	
82	0.41000	120.89707	-155.26000	-0.32273	0.47670	0.00783	-0.08491	0.83888	1.00000	0.00148	-0.00014	-0.00148	0.99996	0.00832	0.00015	-0.00832	0.99997		-94.37360	-156.98918	-0.81421	-0.24519	0.49691	-0.23074	0.10221	0.99995	0.00403	-0.00867	-0.00406	0.99998	-0.00428	0.00866	0.00431	0.99995	
83	0.41500	120.94178	-155.26421	-0.32365	0.47735	0.00089	-0.08935	0.84171	1.00000	0.00156	-0.00002	-0.00156	0.99996	0.00833	0.00003	-0.00833	0.99997		-94.34663	-156.97440	-0.79792	-0.24356	0.49597	-0.23366	0.11245	0.99995	0.00408	-0.00866	-0.00411	0.99998	-0.00425	0.00864	0.00429	0.99995	
84	0.42000	120.95203	-155.27820	-0.32969	0.47323	-0.00740	-0.08504	0.85821	1.00000	0.00148	0.00013	-0.00149	0.99996	0.00826	-0.00012	-0.00826	0.99997		-94.36379	-156.96910	-0.78553	-0.23942	0.49693	-0.23327	0.10873	0.99995	0.00407	-0.00867	-0.00411	0.99998	-0.00418	0.00866	0.00421	0.99995	
85	0.42500	120.92624	-155.29992	-0.32853	0.47092	-0.00514	-0.08564	0.83929	1.00000	0.00149	0.00009	-0.00150	0.99997	0.00822	-0.00008	-0.00822	0.99997		-94.36488	-156.95255	-0.76928	-0.23448	0.49935	-0.23429	0.10535	0.99995	0.00409	-0.00872	-0.00412	0.99998	-0.00409	0.00870	0.00413	0.99995	
86	0.43000	120.93541	-155.32239	-0.31662	0.46609	-0.00748	-0.08236	0.85083	1.00000	0.00144	0.00013	-0.00144	0.99997	0.00813	-0.00012	-0.00813	0.99997		-94.36499	-156.95711	-0.74430	-0.23441	0.50154	-0.23161	0.10414	0.99995	0.00404	-0.00875	-0.00408	0.99998	-0.00409	0.00874	0.00413	0.99995	
87	0.43500	120.97134	-155.32088	-0.34798	0.46592	-0.01351	-0.08563	0.84966	1.00000	0.00149	0.00024	-0.00150	0.99997	0.00813	-0.00022	-0.00813	0.99997		-94.38259	-156.96268	-0.73590	-0.23265	0.50274	-0.23398	0.10680	0.99995	0.00408	-0.00877	-0.00412	0.99998	-0.00406	0.00876	0.00410	0.99995	
88	0.44000	120.96271	-155.35263	-0.36491	0.46126	-0.01581	-0.08082	0.85792	1.00000	0.00141	0.00028	-0.00141	0.99997	0.00805	-0.00026	-0.00805	0.99997		-94.37092	-156.95137	-0.73206	-0.22894	0.50226	-0.23162	0.10544	0.99995	0.00404	-0.00877	-0.00408	0.99998	-0.00400	0.00875	0.00403	0.99995	
89	0.44500	120.93209	-155.35639	-0.36266	0.46326	-0.01392	-0.08017	0.84014	1.00000	0.00140	0.00024	-0.00140	0.99997	0.00809	-0.00023	-0.00809	0.99997		-94.35751	-156.93537	-0.70359	-0.22378	0.50605	-0.23446	0.11410	0.99995	0.00409	-0.00883	-0.00413	0.99998	-0.00391	0.00882	0.00394	0.99995	
90	0.45000	120.99210	-155.37805	-0.36268	0.45973	-0.02209	-0.08752	0.84391	1.00000	0.00153	0.00039	-0.00153	0.99997	0.00802	-0.00037	-0.00802	0.99997		-94.36716	-156.93639	-0.68654	-0.22233	0.50325	-0.23181	0.10910	0.99995	0.00405	-0.00878	-0.00408	0.99998	-0.00388	0.00877	0.00392	0.99995	
91	0.45500	121.00694	-155.37094	-0.38434	0.46066	-0.03148	-0.08674	0.85721	1.00000	0.00151	0.00055	-0.00152	0.99997	0.00804	-0.00054	-0.00804	0.99997		-94.36429	-156.94957	-0.66968	-0.22336	0.50219	-0.22858	0.10679	0.99995	0.00399	-0.00876	-0.00402	0.99998	-0.00390	0.00875	0.00393	0.99995	
92	0.46000	120.98344	-155.37520	-0.38099	0.45727	-0.02611	-0.08727	0.83899	1.00000	0.00152	0.00046	-0.00153	0.99997	0.00798	-0.00044	-0.00798	0.99997		-94.36766	-156.91326	-0.67043	-0.21497	0.50302	-0.23456	0.10985	0.99995	0.00409	-0.00878	-0.00413	0.99998	-0.00375	0.00876	0.00379	0.99995	
93	0.46500	121.00559	-155.39208	-0.39631	0.45845	-0.03799	-0.08592	0.84771	1.00000	0.00150	0.00066	-0.00150	0.99997	0.00800	-0.00065	-0.00800	0.99997		-94.36968	-156.92891	-0.64919	-0.21655	0.50304	-0.23168	0.10525	0.99995	0.00404	-0.00878	-0.00408	0.99998	-0.00378	0.00876	0.00382	0.99995	
94	0.47000	121.00950	-155.40600	-0.40762	0.45574	-0.03947	-0.08451	0.84038	1.00000	0.00148	0.00069	-0.00148	0.99997	0.00795	-0.00068	-0.00796	0.99997		-94.35794	-156.92956	-0.64513	-0.21555	0.50253	-0.22890	0.10638	0.99995	0.00399	-0.00877	-0.00403	0.99998	-0.00376	0.00876	0.00380	0.99995	
95	0.47500	121.00977	-155.40101	-0.42156	0.45804	-0.04447	-0.08578	0.85218	1.00000	0.00150	0.00078	-0.00150	0.99997	0.00799	-0.00076	-0.00800	0.99997		-94.36162	-156.92784	-0.61989	-0.21424	0.50094	-0.23384	0.11570	0.99995	0.00408	-0.00874	-0.00411	0.99998	-0.00374	0.00873	0.00377	0.99995	
96	0.48000	121.01709	-155.43029	-0.40982	0.45580	-0.04496	-0.08614	0.84593	1.00000	0.00150	0.00078	-0.00151	0.99997	0.00796	-0.00077	-0.00796	0.99997		-94.33251	-156.93056	-0.60779	-0.21164	0.49609	-0.23357	0.10285	0.99995	0.00408	-0.00866	-0.00411	0.99998	-0.00369	0.00864	0.00373	0.99996	
97	0.48500	121.03405	-155.43573	-0.44162	0.45466	-0.05210	-0.08516	0.85075	1.00000	0.00149	0.00091	-0.00149	0.99997	0.00794	-0.00090	-0.00794	0.99997		-94.35254	-156.91537	-0.60725	-0.20977	0.49378	-0.22823	0.09901	0.99995	0.00398	-0.00862	-0.00401	0.99999	-0.00366	0.00860	0.00370	0.99996	
98	0.49000	121.03809	-155.41891	-0.43901	0.45715	-0.05716	-0.08823	0.85581	1.00000	0.00154	0.00100	-0.00155	0.99997	0.00798	-0.00099	-0.00798	0.99997		-94.36007	-156.91949	-0.59485	-0.20855	0.49517	-0.23210	0.10666	0.99995	0.00405	-0.00864	-0.00408	0.99998	-0.00364	0.00863	0.00367	0.99996	
99	0.49500	121.02981	-155.45300	-0.45077	0.45405	-0.06160	-0.08758	0.84428	1.00000	0.00153	0.00108	-0.00154	0.99997	0.00792	-0.00106	-0.00793	0.99997		-94.35376	-156.93076	-0.57814	-0.20793	0.49553	-0.22943	0.10981	0.99995	0.00400	-0.00865	-0.00404	0.99999	-0.00363	0.00863	0.00366	0.99996	
100	0.50000	121.06478	-155.45749	-0.46812	0.45609	-0.06951	-0.08918	0.86583	1.00000	0.00156	0.00121	-0.00157	0.99997	0.00796	-0.00120	-0.00796	0.99997		-94.36788	-156.91418	-0.57344	-0.20481	0.48937	-0.22977	0.09858	0.99996	0.00401	-0.00854	-0.00404	0.99999	-0.00357	0.00853	0.00361	0.99996	
101	0.50500	121.05285	-155.45862	-0.46113	0.45919	-0.07325	-0.08514	0.85847	1.00000	0.00149	0.00128	-0.00150	0.99997	0.00801	-0.00127	-0.00802	0.99997		-94.35531	-156.90039	-0.55313	-0.20225	0.49388	-0.22912	0.12017	0.99995	0.00400	-0.00862	-0.00403	0.99999	-0.00353	0.00861	0.00356	0.99996	
102	0.51000	121.07752	-155.47667	-0.48518	0.45838	-0.07782	-0.09069	0.85620	1.00000	0.00158	0.00136	-0.00159	0.99997	0.00800	-0.00135	-0.00800	0.99997		-94.33641	-156.92185	-0.53185	-0.20432	0.48655	-0.22648	0.10213	0.99996	0.00395	-0.00849	-0.00398	0.99999	-0.00357	0.00848	0.00360	0.99996	
103	0.51500	121.10218	-155.47044	-0.50091	0.45944	-0.08594	-0.09058	0.86329	1.00000	0.00158	0.00150	-0.00159	0.99997	0.00802	-0.00149	-0.00802	0.99997		-94.35577	-156.89834	-0.52365	-0.19921	0.48635	-0.23203	0.09971	0.99996	0.00405	-0.00849	-0.00408	0.99999	-0.00348	0.00847	0.00351	0.99996	
104	0.52000	121.03779	-155.48785	-0.50412	0.45816	-0.09028	-0.08792	0.84624	1.00000	0.00153	0.00158	-0.00155	0.99997	0.00800	-0.00156	-0.00800	0.99997		-94.36113	-156.89764	-0.52330	-0.20019	0.48551	-0.23079	0.11454	0.99996	0.00403	-0.00847	-0.00406	0.99999	-0.00349	0.00846	0.00353	0.99996	
105	0.52500	121.07450	-155.50801	-0.50277	0.45593	-0.09130	-0.08599	0.85860	1.00000	0.00150	0.00159	-0.00151	0.99997	0.00796	-0.00158	-0.00796	0.99997		-94.34013	-156.90803	-0.50257	-0.19936	0.48245	-0.23073	0.10588	0.99996	0.00403	-0.00842	-0.00406	0.99999	-0.00348	0.00841	0.00351	0.99996	
106	0.53000	121.04490	-155.51158	-0.52402	0.45778	-0.09244	-0.08569	0.86599	1.00000	0.00150	0.00161	-0.00151	0.99997	0.00799	-0.00160	-0.00799	0.99997		-94.33105	-156.90766	-0.49812	-0.19854	0.47772	-0.22579	0.09519	0.99996	0.00394	-0.00834	-0.00397	0.99999	-0.00347	0.00832	0.00350	0.99996	
107	0.53500	121.10006	-155.50473	-0.52846	0.45999	-0.10038	-0.09042	0.86326	1.00000	0.00158	0.00175	-0.00159	0.99997	0.00803	-0.00174	-0.00803	0.99997		-94.35554	-156.93133	-0.49316	-0.20211	0.47847	-0.22798	0.10764	0.99996	0.00398	-0.00835	-0.00401	0.99999	-0.00353	0.00834	0.00356	0.99996	
108	0.54000	121.10507	-155.51192	-0.53051	0.46015	-0.10452	-0.08846	0.85970	1.00000	0.00154	0.00182	-0.00156	0.99997	0.00803	-0.00181	-0.00803	0.99997		-94.31678	-156.90941	-0.48138	-0.19889	0.47470	-0.23014	0.10885	0.99996	0.00402	-0.00828	-0.00405	0.99999	-0.00347	0.00827	0.00350	0.99996	
109	0.54500	121.06824	-155.52247	-0.55078	0.46201	-0.10718	-0.08527	0.86137	1.00000	0.00149	0.00187	-0.00150	0.99997	0.00806	-0.00186	-0.00807	0.99997		-94.32040	-156.89056	-0.48129	-0.19694	0.47127	-0.23299	0.10402	0.99996	0.00407	-0.00823	-0.00409	0.99999	-0.00344	0.00821	0.00347	0.99996	
110	0.55000	121.08093	-155.53087	-0.57205	0.46172	-0.10980	-0.09247	0.86148	1.00000	0.00161	0.00192	-0.00163	0.99997	0.00806	-0.00190	-0.00806	0.99997		-94.30976	-156.89199	-0.45988	-0.19848	0.46676	-0.23136	0.12138	0.99996	0.00404	-0.00815	-0.00407	0.99999	-0.00346	0.00813	0.00350	0.99996	
111	0.55500	121.06319	-155.52867	-0.55699	0.46396	-0.11110	-0.08480	0.86441	1.00000	0.00148	0.00194	-0.00150	0.99997	0.00810	-0.00193	-0.00810	0.99997		-94.31554	-156.90569	-0.45528	-0.20080	0.46542	-0.22814	0.11417	0.99996	0.00398	-0.00812	-0.00401	0.99999	-0.00350	0.00811	0.00354	0.99996	
112	0.56000	121.14624	-155.52153	-0.58042	0.46710	-0.12345	-0.08706	0.85580	1.00000	0.00152	0.00215	-0.00154	0.99997	0.00815	-0.00214	-0.00816	0.99996		-94.30255	-156.90222	-0.45521	-0.20209	0.46298	-0.22884	0.11778	0.99996	0.00399	-0.00808	-0.00402	0.99999	-0.00353	0.00807	0.00356	0.99996	
113	0.56500	121.15664	-155.52867	-0.58673	0.46911	-0.13059	-0.08814	0.85560	1.00000	0.00154	0.00228	-0.00156	0.99997	0.00819	-0.00227	-0.00819	0.99996		-94.29347	-156.90574	-0.44233	-0.20327	0.45610	-0.22918	0.09453	0.99996	0.00400	-0.00796	-0.00403	0.99999	-0.00355	0.00795	0.00358	0.99996	
114	0.57000	121.14363	-155.54186	-0.59660	0.46930	-0.13277	-0.08646	0.86175	1.00000	0.00151	0.00232	-0.00153	0.99997	0.00819	-0.00230	-0.00819	0.99996		-94.31641	-156.90757	-0.43775	-0.20193	0.45645	-0.22740	0.10888	0.99996	0.00397	-0.00797	-0.00400	0.99999	-0.00352	0.00795	0.00356	0.99996	
115	0.57500	121.17628	-155.55287	-0.62663	0.46944	-0.14001	-0.08537	0.86637	1.00000	0.00149	0.00244	-0.00151	0.99997	0.00819	-0.00243	-0.00820	0.99996		-94.30438	-156.89875	-0.44599	-0.20105	0.45152	-0.23004	0.11019	0.99996	0.00401	-0.00788	-0.00404	0.99999	-0.00351	0.00787	0.00354	0.99996	
116	0.58000	121.13538	-155.55181	-0.61724	0.47411	-0.14206	-0.08409	0.86608	1.00000	0.00147	0.00248	-0.00149	0.99996	0.00827	-0.00247	-0.00828	0.99996		-94.29931	-156.89523	-0.42926	-0.20241	0.45074	-0.22774	0.10730	0.99996	0.00397	-0.00787	-0.00400	0.99999	-0.00353	0.00785	0.00356	0.99996	
117	0.58500	121.15941	-155.54291	-0.63557	0.47647	-0.14527	-0.08185	0.86893	1.00000	0.00143	0.00254	-0.00145	0.99996	0.00832	-0.00252	-0.00832	0.99996		-94.29556	-156.89416	-0.42038	-0.20458	0.44563	-0.22820	0.10105	0.99996	0.00398	-0.00778	-0.00401	0.99999	-0.00357	0.00776	0.00360	0.99996	
118	0.59000	121.16439	-155.54909	-0.64427	0.47892	-0.14578	-0.09093	0.85419	1.00000	0.00159	0.00254	-0.00161	0.99996	0.00836	-0.00253	-0.00836	0.99996		-94.28366	-156.89449	-0.42847	-0.20587	0.44074	-0.22756	0.10136	0.99996	0.00397	-0.00769	-0.00400	0.99999	-0.00359	0.00768	0.00362	0.99996	
119	0.59500	121.15186	-155.54256	-0.65579	0.48098	-0.14609	-0.08439	0.86157	1.00000	0.00147	0.00255	-0.00149	0.99996	0.00839	-0.00254	-0.00840	0.99996		-94.27473	-156.90995	-0.41128	-0.20852	0.43630	-0.22869	0.10816	0.99996	0.00399	-0.00761	-0.00402	0.99999	-0.00364	0.00760	0.00367	0.99996	
120	0.60000	121.18639	-155.55760	-0.67065	0.48097	-0.15107	-0.08529	0.86106	1.00000	0.00149	0.00264	-0.00151	0.99996	0.00839	-0.00262	-0.00840	0.99996		-94.26115	-156.89759	-0.41582	-0.20776	0.43348	-0.22777	0.10022	0.99996	0.00398	-0.00757	-0.00400	0.99999	-0.00363	0.00755	0.00366	0.99996	
121	0.60500	121.15866	-155.55054	-0.67529	0.48392	-0.14777	-0.08438	0.86301	1.00000	0.00147	0.00258	-0.00149	0.99996	0.00845	-0.00257	-0.00845	0.99996		-94.26373	-156.89314	-0.41093	-0.21127	0.43014	-0.22523	0.10258	0.99996	0.00393	-0.00751	-0.00396	0.99999	-0.00369	0.00749	0.00372	0.99996	
122	0.61000	121.22373	-155.55112	-0.68287	0.48813	-0.15828	-0.08264	0.86786	1.00000	0.00144	0.00276	-0.00147	0.99996	0.00852	-0.00275	-0.00852	0.99996		-94.27681	-156.89822	-0.41887	-0.21152	0.43069	-0.22597	0.11158	0.99996	0.00394	-0.00752	-0.00397	0.99999	-0.00369	0.00750	0.00372	0.99996	
123	0.61500	121.18624	-155.53983	-0.68074	0.49062	-0.15415	-0.08248	0.86340	1.00000	0.00144	0.00269	-0.00146	0.99996	0.00856	-0.00268	-0.00857	0.99996		-94.22568	-156.90802	-0.41894	-0.21462	0.42141	-0.22688	0.09572	0.99997	0.00396	-0.00735	-0.00399	0.99999	-0.00375	0.00734	0.00377	0.99997	
124	0.62000	121.19120	-155.54059	-0.69605	0.49475	-0.15760	-0.08471	0.86290	1.00000	0.00148	0.00275	-0.00150	0.99996	0.00863	-0.00274	-0.00864	0.99996		-94.25479	-156.89586	-0.41826	-0.21667	0.41958	-0.22460	0.09700	0.99997	0.00392	-0.00732	-0.00395	0.99999	-0.00378	0.00731	0.00381	0.99997	
125	0.62500	121.20549	-155.55160	-0.71715	0.49767	-0.15779	-0.08675	0.85526	1.00000	0.00151	0.00275	-0.00154	0.99996	0.00869	-0.00274	-0.00869	0.99996		-94.21714	-156.91543	-0.40562	-0.22089	0.41559	-0.22469	0.08664	0.99997	0.00392	-0.00725	-0.00395	0.99998	-0.00386	0.00724	0.00388	0.99997	
126	0.63000	121.23028	-155.56835	-0.71036	0.49622	-0.16203	-0.08778	0.86816	0.99999	0.00153	0.00283	-0.00156	0.99996	0.00866	-0.00281	-0.00866	0.99996		-94.20095	-156.92485	-0.40932	-0.22423	0.40969	-0.22657	0.09213	0.99997	0.00395	-0.00715	-0.00398	0.99998	-0.00391	0.00713	0.00394	0.99997	
127	0.63500	121.23011	-155.54018	-0.72234	0.50514	-0.16165	-0.09375	0.86132	0.99999	0.00164	0.00282	-0.00166	0.99996	0.00882	-0.00281	-0.00882	0.99996		-94.19448	-156.91737	-0.40897	-0.22697	0.40447	-0.22665	0.09366	0.99997	0.00396	-0.00706	-0.00398	0.99998	-0.00396	0.00704	0.00399	0.99997	
128	0.64000	121.24554	-155.54549	-0.72577	0.50709	-0.16476	-0.08663	0.87174	0.99999	0.00151	0.00288	-0.00154	0.99996	0.00885	-0.00286	-0.00885	0.99996		-94.15417	-156.91796	-0.40507	-0.22683	0.39985	-0.22563	0.09049	0.99997	0.00394	-0.00698	-0.00397	0.99998	-0.00396	0.00696	0.00399	0.99997	
129	0.64500	121.25588	-155.55614	-0.73930	0.50794	-0.16526	-0.08553	0.87511	0.99999	0.00149	0.00288	-0.00152	0.99996	0.00887	-0.00287	-0.00887	0.99996		-94.14191	-156.91667	-0.40011	-0.23102	0.39318	-0.22432	0.10534	0.99997	0.00392	-0.00686	-0.00394	0.99998	-0.00403	0.00685	0.00406	0.99997	
130	0.65000	121.22240	-155.55147	-0.73933	0.50992	-0.15898	-0.08843	0.86125	0.99999	0.00154	0.00277	-0.00157	0.99996	0.00890	-0.00276	-0.00890	0.99996		-94.17342	-156.91815	-0.39979	-0.23370	0.39610	-0.22433	0.09487	0.99997	0.00392	-0.00691	-0.00394	0.99998	-0.00408	0.00690	0.00411	0.99997	
131	0.65500	121.27267	-155.54939	-0.74454	0.51404	-0.16205	-0.08619	0.86969	0.99999	0.00150	0.00283	-0.00153	0.99996	0.00897	-0.00281	-0.00898	0.99996		-94.14256	-156.93032	-0.39518	-0.23657	0.38901	-0.22143	0.09961	0.99997	0.00386	-0.00679	-0.00389	0.99998	-0.00413	0.00677	0.00416	0.99997	
132	0.66000	121.23784	-155.53717	-0.75210	0.51750	-0.16088	-0.08164	0.88309	1.00000	0.00142	0.00281	-0.00145	0.99996	0.00903	-0.00279	-0.00904	0.99996		-94.13695	-156.93863	-0.41144	-0.24169	0.38592	-0.22320	0.09927	0.99997	0.00390	-0.00674	-0.00392	0.99998	-0.00422	0.00672	0.00424	0.99997	
133	0.66500	121.23111	-155.54913	-0.75078	0.52145	-0.15785	-0.08609	0.85756	1.00000	0.00150	0.00275	-0.00153	0.99996	0.00910	-0.00274	-0.00911	0.99995		-94.13633	-156.93859	-0.39472	-0.24171	0.38587	-0.22319	0.09921	0.99997	0.00390	-0.00673	-0.00392	0.99998	-0.00422	0.00672	0.00424	0.99997	
134	0.67000	121.23759	-155.56070	-0.76445	0.52123	-0.16224	-0.08672	0.87285	0.99999	0.00151	0.00283	-0.00154	0.99996	0.00910	-0.00282	-0.00910	0.99995		-94.11985	-156.94058	-0.40668	-0.24455	0.37779	-0.22489	0.10195	0.99997	0.00392	-0.00659	-0.00395	0.99998	-0.00427	0.00658	0.00429	0.99997	
135	0.67500	121.26628	-155.54242	-0.77912	0.52688	-0.15858	-0.08350	0.86974	1.00000	0.00146	0.00277	-0.00148	0.99996	0.00920	-0.00275	-0.00920	0.99995		-94.11614	-156.94632	-0.38942	-0.24924	0.37518	-0.22031	0.09432	0.99997	0.00384	-0.00655	-0.00387	0.99998	-0.00435	0.00653	0.00438	0.99997	
