NO_OF_FRAMES	12035
NO_OF_CAMERAS	8
NO_OF_BODIES	2
FREQUENCY	200
NO_OF_ANALOG	0
ANALOG_FREQUENCY	0
DESCRIPTION	--
TIME_STAMP	2013-07-02, 16:48:06	3299583.75937613
DATA_INCLUDED	6D
BODY_NAMES	Ice 1	Ice 2
Frame	Time	Ice 1 X	Y	Z	Roll	Pitch	Yaw	Residual	Rot[0]	Rot[1]	Rot[2]	Rot[3]	Rot[4]	Rot[5]	Rot[6]	Rot[7]	Rot[8]	Ice 2 X	Y	Z	Roll	Pitch	Yaw	Residual	Rot[0]	Rot[1]	Rot[2]	Rot[3]	Rot[4]	Rot[5]	Rot[6]	Rot[7]	Rot[8]	
1	0.00500	72.71540	-119.89079	-0.25928	0.37344	-0.07264	-0.36007	0.99981	0.99998	0.00628	0.00127	-0.00629	0.99996	0.00652	-0.00123	-0.00653	0.99998		-144.27495	-90.49993	-0.68887	-0.29728	0.39285	0.31021	0.12483	0.99996	-0.00541	-0.00686	0.00538	0.99997	-0.00519	0.00688	0.00515	0.99996	
2	0.01000	72.65712	-119.87993	-0.23783	0.37347	-0.06623	-0.36385	1.00491	0.99998	0.00635	0.00116	-0.00636	0.99996	0.00652	-0.00111	-0.00653	0.99998		-144.32483	-90.46928	-0.69375	-0.29062	0.39939	0.30927	0.08453	0.99996	-0.00540	-0.00697	0.00536	0.99997	-0.00507	0.00700	0.00503	0.99996	
3	0.01500	72.60834	-119.90201	-0.22664	0.37300	-0.06147	-0.36618	1.00742	0.99998	0.00639	0.00107	-0.00640	0.99996	0.00651	-0.00103	-0.00652	0.99998		-144.30513	-90.48851	-0.69818	-0.29063	0.39863	0.31225	0.07253	0.99996	-0.00545	-0.00696	0.00541	0.99997	-0.00507	0.00698	0.00503	0.99996	
4	0.02000	72.64793	-119.89670	-0.22947	0.37419	-0.06308	-0.36642	0.99415	0.99998	0.00640	0.00110	-0.00640	0.99996	0.00653	-0.00106	-0.00654	0.99998		-144.28310	-90.48664	-0.69428	-0.29198	0.39870	0.31161	0.07521	0.99996	-0.00544	-0.00696	0.00540	0.99997	-0.00510	0.00699	0.00506	0.99996	
5	0.02500	72.62730	-119.90934	-0.23141	0.37380	-0.06237	-0.36589	1.00305	0.99998	0.00639	0.00109	-0.00639	0.99996	0.00652	-0.00105	-0.00653	0.99998		-144.30267	-90.48721	-0.69821	-0.29231	0.39855	0.30693	0.07808	0.99996	-0.00536	-0.00696	0.00532	0.99997	-0.00510	0.00698	0.00506	0.99996	
6	0.03000	72.64956	-119.90424	-0.24196	0.37528	-0.06464	-0.36481	1.00587	0.99998	0.00637	0.00113	-0.00637	0.99996	0.00655	-0.00109	-0.00656	0.99998		-144.34027	-90.48725	-0.69779	-0.29270	0.40240	0.31333	0.07783	0.99996	-0.00547	-0.00702	0.00543	0.99997	-0.00511	0.00705	0.00507	0.99996	
7	0.03500	72.60820	-119.89446	-0.22300	0.37684	-0.06256	-0.36255	1.00897	0.99998	0.00633	0.00109	-0.00633	0.99996	0.00658	-0.00105	-0.00658	0.99998		-144.32562	-90.48517	-0.70169	-0.29332	0.39693	0.31101	0.08008	0.99996	-0.00543	-0.00693	0.00539	0.99997	-0.00512	0.00696	0.00508	0.99996	
8	0.04000	72.60011	-119.89400	-0.22649	0.37755	-0.06177	-0.36267	1.00572	0.99998	0.00633	0.00108	-0.00634	0.99996	0.00659	-0.00104	-0.00660	0.99998		-144.32417	-90.47150	-0.69784	-0.29320	0.39958	0.31158	0.07413	0.99996	-0.00544	-0.00697	0.00540	0.99997	-0.00512	0.00700	0.00508	0.99996	
9	0.04500	72.64153	-119.89605	-0.22777	0.37881	-0.06731	-0.35933	1.00791	0.99998	0.00627	0.00117	-0.00628	0.99996	0.00661	-0.00113	-0.00662	0.99998		-144.33314	-90.48382	-0.69761	-0.29303	0.39867	0.31084	0.07846	0.99996	-0.00542	-0.00696	0.00539	0.99997	-0.00511	0.00699	0.00508	0.99996	
10	0.05000	72.61818	-119.89401	-0.21394	0.37892	-0.06403	-0.36352	1.01100	0.99998	0.00634	0.00112	-0.00635	0.99996	0.00661	-0.00108	-0.00662	0.99998		-144.33314	-90.48382	-0.69761	-0.29303	0.39867	0.31084	0.07846	0.99996	-0.00542	-0.00696	0.00539	0.99997	-0.00511	0.00699	0.00508	0.99996	
11	0.05500	72.35747	-120.04950	-0.14399	0.37825	-0.05865	-0.34296	1.06700	0.99998	0.00599	0.00102	-0.00599	0.99996	0.00660	-0.00098	-0.00661	0.99998		-144.33674	-90.48918	-0.71002	-0.29425	0.39942	0.31096	0.07900	0.99996	-0.00543	-0.00697	0.00539	0.99997	-0.00514	0.00700	0.00510	0.99996	
12	0.06000	72.35061	-120.05919	-0.13417	0.38095	-0.06026	-0.34488	1.07968	0.99998	0.00602	0.00105	-0.00603	0.99996	0.00665	-0.00101	-0.00666	0.99998		-144.35183	-90.48845	-0.70599	-0.29502	0.40555	0.30894	0.08824	0.99996	-0.00539	-0.00708	0.00536	0.99997	-0.00515	0.00711	0.00511	0.99996	
13	0.06500	72.33203	-120.05397	-0.14241	0.38056	-0.05824	-0.34224	1.08375	0.99998	0.00597	0.00102	-0.00598	0.99996	0.00664	-0.00098	-0.00665	0.99998		-144.33141	-90.47546	-0.71047	-0.29195	0.40085	0.30776	0.08265	0.99996	-0.00537	-0.00700	0.00534	0.99997	-0.00510	0.00702	0.00506	0.99996	
14	0.07000	72.31795	-120.06612	-0.13043	0.38274	-0.05678	-0.33885	1.08577	0.99998	0.00591	0.00099	-0.00592	0.99996	0.00668	-0.00095	-0.00669	0.99998		-144.36848	-90.47514	-0.70553	-0.29335	0.40274	0.30811	0.10193	0.99996	-0.00538	-0.00703	0.00534	0.99997	-0.00512	0.00706	0.00508	0.99996	
15	0.07500	72.34021	-120.08115	-0.12626	0.38194	-0.06257	-0.33402	1.10115	0.99998	0.00583	0.00109	-0.00584	0.99996	0.00667	-0.00105	-0.00667	0.99998		-144.35800	-90.49299	-0.70550	-0.29424	0.40186	0.30996	0.08709	0.99996	-0.00541	-0.00701	0.00537	0.99997	-0.00514	0.00704	0.00510	0.99996	
16	0.08000	72.32767	-120.07524	-0.11648	0.38321	-0.06029	-0.33339	1.10803	0.99998	0.00582	0.00105	-0.00583	0.99996	0.00669	-0.00101	-0.00669	0.99998		-144.33178	-90.48218	-0.71435	-0.29563	0.40124	0.31180	0.07379	0.99996	-0.00544	-0.00700	0.00541	0.99997	-0.00516	0.00703	0.00512	0.99996	
17	0.08500	72.29039	-120.08781	-0.10674	0.38466	-0.05673	-0.33981	1.09725	0.99998	0.00593	0.00099	-0.00594	0.99996	0.00671	-0.00095	-0.00672	0.99998		-144.33209	-90.47021	-0.71463	-0.29292	0.40127	0.31140	0.07283	0.99996	-0.00543	-0.00700	0.00540	0.99997	-0.00511	0.00703	0.00507	0.99996	
18	0.09000	72.29635	-120.08916	-0.11748	0.38622	-0.05907	-0.33455	1.10122	0.99998	0.00584	0.00103	-0.00585	0.99996	0.00674	-0.00099	-0.00675	0.99998		-144.35283	-90.47354	-0.70609	-0.29186	0.40108	0.30938	0.06806	0.99996	-0.00540	-0.00700	0.00536	0.99997	-0.00509	0.00703	0.00506	0.99996	
19	0.09500	72.25255	-120.09911	-0.09009	0.38602	-0.05313	-0.33233	1.10073	0.99998	0.00580	0.00093	-0.00581	0.99996	0.00674	-0.00089	-0.00674	0.99998		-144.34336	-90.47673	-0.70603	-0.29349	0.40143	0.30962	0.07735	0.99996	-0.00540	-0.00701	0.00537	0.99997	-0.00512	0.00703	0.00508	0.99996	
20	0.10000	72.24453	-120.08977	-0.10513	0.38963	-0.05337	-0.33464	1.10583	0.99998	0.00584	0.00093	-0.00585	0.99996	0.00680	-0.00089	-0.00681	0.99998		-144.33291	-90.47764	-0.71051	-0.29467	0.40126	0.31514	0.05531	0.99996	-0.00550	-0.00700	0.00546	0.99997	-0.00514	0.00703	0.00510	0.99996	
21	0.10500	72.25211	-120.08501	-0.10197	0.39183	-0.05331	-0.33523	1.09890	0.99998	0.00585	0.00093	-0.00586	0.99996	0.00684	-0.00089	-0.00684	0.99998		-144.34813	-90.46291	-0.71879	-0.29240	0.40281	0.30833	0.06904	0.99996	-0.00538	-0.00703	0.00535	0.99997	-0.00510	0.00706	0.00507	0.99996	
22	0.11000	72.25652	-120.09494	-0.10031	0.39263	-0.05899	-0.33339	1.11266	0.99998	0.00582	0.00103	-0.00583	0.99996	0.00685	-0.00099	-0.00686	0.99998		-144.33930	-90.47622	-0.71882	-0.29424	0.40298	0.30983	0.07553	0.99996	-0.00541	-0.00703	0.00537	0.99997	-0.00514	0.00706	0.00510	0.99996	
23	0.11500	72.26614	-120.09245	-0.08838	0.39425	-0.06017	-0.33039	1.11463	0.99998	0.00577	0.00105	-0.00577	0.99996	0.00688	-0.00101	-0.00689	0.99998		-144.38149	-90.49375	-0.70965	-0.29561	0.40510	0.30999	0.07959	0.99996	-0.00541	-0.00707	0.00537	0.99997	-0.00516	0.00710	0.00512	0.99996	
24	0.12000	72.24969	-120.09080	-0.09456	0.39540	-0.05485	-0.32950	1.11340	0.99998	0.00575	0.00096	-0.00576	0.99996	0.00690	-0.00092	-0.00691	0.99998		-144.37857	-90.47611	-0.71393	-0.29578	0.40506	0.31531	0.07084	0.99996	-0.00550	-0.00707	0.00547	0.99997	-0.00516	0.00710	0.00512	0.99996	
25	0.12500	72.22116	-120.11673	-0.08677	0.39383	-0.05394	-0.33149	1.11031	0.99998	0.00579	0.00094	-0.00579	0.99996	0.00687	-0.00090	-0.00688	0.99998		-144.36947	-90.47161	-0.71408	-0.29463	0.40315	0.31071	0.08312	0.99996	-0.00542	-0.00704	0.00539	0.99997	-0.00514	0.00706	0.00510	0.99996	
26	0.13000	72.25132	-120.09402	-0.09281	0.39797	-0.05933	-0.33191	1.10966	0.99998	0.00579	0.00104	-0.00580	0.99996	0.00695	-0.00100	-0.00695	0.99998		-144.38259	-90.48143	-0.71804	-0.29700	0.40597	0.31543	0.07019	0.99996	-0.00551	-0.00709	0.00547	0.99997	-0.00518	0.00711	0.00514	0.99996	
27	0.13500	72.23802	-120.11662	-0.08558	0.39691	-0.05856	-0.33200	1.11788	0.99998	0.00579	0.00102	-0.00580	0.99996	0.00693	-0.00098	-0.00693	0.99998		-144.41306	-90.45962	-0.72256	-0.29105	0.41073	0.30880	0.08651	0.99996	-0.00539	-0.00717	0.00535	0.99997	-0.00508	0.00720	0.00504	0.99996	
28	0.14000	72.18919	-120.10852	-0.07299	0.39786	-0.04809	-0.32954	1.11653	0.99998	0.00575	0.00084	-0.00576	0.99996	0.00694	-0.00080	-0.00695	0.99998		-144.37666	-90.45579	-0.72707	-0.29198	0.40728	0.31187	0.07565	0.99996	-0.00544	-0.00711	0.00541	0.99997	-0.00510	0.00714	0.00506	0.99996	
29	0.14500	72.20839	-120.09682	-0.06873	0.39977	-0.05099	-0.33024	1.12240	0.99998	0.00576	0.00089	-0.00577	0.99996	0.00698	-0.00085	-0.00698	0.99998		-144.40254	-90.47237	-0.72669	-0.29495	0.41052	0.31474	0.06536	0.99996	-0.00549	-0.00716	0.00546	0.99997	-0.00515	0.00719	0.00511	0.99996	
30	0.15000	72.18344	-120.11608	-0.06425	0.39948	-0.05253	-0.32659	1.11645	0.99998	0.00570	0.00092	-0.00571	0.99996	0.00697	-0.00088	-0.00698	0.99998		-144.38108	-90.47573	-0.72276	-0.29453	0.40773	0.31392	0.05477	0.99996	-0.00548	-0.00712	0.00544	0.99997	-0.00514	0.00714	0.00510	0.99996	
31	0.15500	72.21804	-120.10474	-0.05338	0.40185	-0.05244	-0.32820	1.12972	0.99998	0.00573	0.00092	-0.00573	0.99996	0.00701	-0.00088	-0.00702	0.99997		-144.38432	-90.46639	-0.71856	-0.29443	0.40904	0.31207	0.07463	0.99996	-0.00545	-0.00714	0.00541	0.99997	-0.00514	0.00717	0.00510	0.99996	
32	0.16000	72.18732	-120.10614	-0.05778	0.40279	-0.04879	-0.32487	1.13400	0.99998	0.00567	0.00085	-0.00568	0.99996	0.00703	-0.00081	-0.00703	0.99997		-144.40943	-90.46625	-0.71408	-0.29471	0.40997	0.31190	0.06443	0.99996	-0.00544	-0.00716	0.00541	0.99997	-0.00514	0.00718	0.00510	0.99996	
33	0.16500	72.18304	-120.13766	-0.05523	0.40072	-0.05088	-0.32623	1.13754	0.99998	0.00569	0.00089	-0.00570	0.99996	0.00699	-0.00085	-0.00700	0.99998		-144.36314	-90.46819	-0.72293	-0.29450	0.40882	0.31043	0.08966	0.99996	-0.00542	-0.00714	0.00538	0.99997	-0.00514	0.00716	0.00510	0.99996	
34	0.17000	72.14970	-120.10225	-0.04434	0.40549	-0.04937	-0.32868	1.12181	0.99998	0.00574	0.00086	-0.00574	0.99996	0.00708	-0.00082	-0.00708	0.99997		-144.41479	-90.46300	-0.71796	-0.29515	0.40916	0.31596	0.07744	0.99996	-0.00551	-0.00714	0.00548	0.99997	-0.00515	0.00717	0.00511	0.99996	
35	0.17500	72.21006	-120.10592	-0.06543	0.40533	-0.05406	-0.32517	1.12397	0.99998	0.00568	0.00094	-0.00568	0.99996	0.00707	-0.00090	-0.00708	0.99997		-144.39208	-90.46504	-0.71447	-0.29413	0.41080	0.31190	0.07319	0.99996	-0.00544	-0.00717	0.00541	0.99997	-0.00513	0.00720	0.00509	0.99996	
36	0.18000	72.18742	-120.10808	-0.05877	0.40874	-0.05479	-0.32638	1.13022	0.99998	0.00570	0.00096	-0.00570	0.99996	0.00713	-0.00092	-0.00714	0.99997		-144.38869	-90.46450	-0.71889	-0.29287	0.41215	0.31443	0.07514	0.99996	-0.00549	-0.00719	0.00545	0.99997	-0.00511	0.00722	0.00507	0.99996	
37	0.18500	72.19183	-120.10332	-0.06178	0.40736	-0.05682	-0.32192	1.12047	0.99998	0.00562	0.00099	-0.00563	0.99996	0.00711	-0.00095	-0.00712	0.99997		-144.41201	-90.45245	-0.72649	-0.29366	0.41103	0.31720	0.08110	0.99996	-0.00554	-0.00717	0.00550	0.99997	-0.00513	0.00720	0.00509	0.99996	
38	0.19000	72.19323	-120.11199	-0.05085	0.40924	-0.05572	-0.32212	1.12922	0.99998	0.00562	0.00097	-0.00563	0.99996	0.00714	-0.00093	-0.00715	0.99997		-144.39017	-90.46824	-0.71417	-0.29400	0.40774	0.31483	0.06780	0.99996	-0.00549	-0.00712	0.00546	0.99997	-0.00513	0.00714	0.00509	0.99996	
39	0.19500	72.16620	-120.10097	-0.01695	0.41109	-0.05190	-0.32530	1.13385	0.99998	0.00568	0.00091	-0.00568	0.99996	0.00717	-0.00087	-0.00718	0.99997		-144.40514	-90.45448	-0.71861	-0.29296	0.41162	0.31335	0.06452	0.99996	-0.00547	-0.00718	0.00543	0.99997	-0.00511	0.00721	0.00507	0.99996	
40	0.20000	72.15823	-120.10238	-0.03157	0.41228	-0.04912	-0.32528	1.13318	0.99998	0.00568	0.00086	-0.00568	0.99996	0.00720	-0.00082	-0.00720	0.99997		-144.40943	-90.46625	-0.71408	-0.29471	0.40997	0.31190	0.06443	0.99996	-0.00544	-0.00716	0.00541	0.99997	-0.00514	0.00718	0.00510	0.99996	
41	0.20500	72.14768	-120.09680	-0.03186	0.41382	-0.04351	-0.32757	1.13403	0.99998	0.00572	0.00076	-0.00572	0.99996	0.00722	-0.00072	-0.00723	0.99997		-144.40387	-90.45970	-0.70200	-0.29200	0.41108	0.30968	0.07596	0.99996	-0.00540	-0.00717	0.00537	0.99997	-0.00510	0.00720	0.00506	0.99996	
42	0.21000	72.16457	-120.10612	-0.04879	0.41284	-0.05178	-0.32751	1.13438	0.99998	0.00572	0.00090	-0.00572	0.99996	0.00721	-0.00086	-0.00721	0.99997		-144.40350	-90.44448	-0.71474	-0.29158	0.41374	0.31296	0.07142	0.99996	-0.00546	-0.00722	0.00543	0.99997	-0.00509	0.00725	0.00505	0.99996	
43	0.21500	72.16994	-120.11606	-0.03779	0.41233	-0.05141	-0.32860	1.14612	0.99998	0.00574	0.00090	-0.00574	0.99996	0.00720	-0.00086	-0.00720	0.99997		-144.41573	-90.43196	-0.71066	-0.28986	0.41444	0.30975	0.06801	0.99996	-0.00541	-0.00723	0.00537	0.99997	-0.00506	0.00726	0.00502	0.99996	
44	0.22000	72.17788	-120.10378	-0.04039	0.41469	-0.05533	-0.32066	1.13668	0.99998	0.00560	0.00097	-0.00560	0.99996	0.00724	-0.00093	-0.00724	0.99997		-144.40932	-90.46086	-0.71038	-0.29328	0.41457	0.31417	0.07022	0.99996	-0.00548	-0.00724	0.00545	0.99997	-0.00512	0.00726	0.00508	0.99996	
45	0.22500	72.14740	-120.10085	-0.03213	0.41481	-0.04775	-0.32236	1.13565	0.99998	0.00563	0.00083	-0.00563	0.99996	0.00724	-0.00079	-0.00724	0.99997		-144.41662	-90.44244	-0.71025	-0.29228	0.41468	0.31398	0.08375	0.99996	-0.00548	-0.00724	0.00544	0.99997	-0.00510	0.00727	0.00506	0.99996	
46	0.23000	72.14328	-120.10644	-0.03229	0.41565	-0.04958	-0.32335	1.12950	0.99998	0.00564	0.00087	-0.00565	0.99996	0.00725	-0.00082	-0.00726	0.99997		-144.40509	-90.44102	-0.70638	-0.29075	0.41425	0.31210	0.08960	0.99996	-0.00545	-0.00723	0.00541	0.99997	-0.00507	0.00726	0.00504	0.99996	
47	0.23500	72.14953	-120.10989	-0.01478	0.41747	-0.04734	-0.32473	1.15046	0.99998	0.00567	0.00083	-0.00567	0.99996	0.00729	-0.00078	-0.00729	0.99997		-144.40070	-90.45587	-0.71058	-0.29304	0.41525	0.31590	0.07227	0.99996	-0.00551	-0.00725	0.00548	0.99997	-0.00511	0.00728	0.00507	0.99996	
48	0.24000	72.11695	-120.09896	-0.01276	0.41794	-0.04524	-0.32278	1.14055	0.99998	0.00563	0.00079	-0.00564	0.99996	0.00729	-0.00075	-0.00730	0.99997		-144.40416	-90.44445	-0.70638	-0.29159	0.41392	0.31298	0.07041	0.99996	-0.00546	-0.00722	0.00543	0.99997	-0.00509	0.00725	0.00505	0.99996	
49	0.24500	72.13084	-120.10736	-0.02377	0.41855	-0.04908	-0.32036	1.13295	0.99998	0.00559	0.00086	-0.00560	0.99996	0.00730	-0.00082	-0.00731	0.99997		-144.40483	-90.44247	-0.70217	-0.29024	0.41162	0.31294	0.06375	0.99996	-0.00546	-0.00718	0.00543	0.99997	-0.00507	0.00721	0.00503	0.99996	
50	0.25000	72.15563	-120.09010	-0.02198	0.41937	-0.05024	-0.32014	1.14256	0.99998	0.00559	0.00088	-0.00559	0.99996	0.00732	-0.00084	-0.00732	0.99997		-144.39435	-90.44579	-0.69803	-0.29105	0.40895	0.31674	0.04784	0.99996	-0.00553	-0.00714	0.00549	0.99997	-0.00508	0.00717	0.00504	0.99996	
51	0.25500	72.10334	-120.09084	-0.01310	0.42006	-0.04640	-0.32300	1.15167	0.99998	0.00564	0.00081	-0.00564	0.99996	0.00733	-0.00077	-0.00734	0.99997		-144.41764	-90.44766	-0.70608	-0.29053	0.41187	0.31379	0.07229	0.99996	-0.00548	-0.00719	0.00544	0.99997	-0.00507	0.00722	0.00503	0.99996	
52	0.26000	72.14878	-120.10984	-0.00917	0.41894	-0.04704	-0.32193	1.15430	0.99998	0.00562	0.00082	-0.00562	0.99996	0.00731	-0.00078	-0.00732	0.99997		-144.38773	-90.43195	-0.69019	-0.28876	0.41016	0.31359	0.05325	0.99996	-0.00547	-0.00716	0.00544	0.99997	-0.00504	0.00719	0.00500	0.99996	
53	0.26500	72.12528	-120.09941	-0.01037	0.41953	-0.04603	-0.32361	1.14059	0.99998	0.00565	0.00080	-0.00565	0.99996	0.00732	-0.00076	-0.00733	0.99997		-144.43493	-90.42605	-0.71058	-0.28767	0.41641	0.31314	0.07256	0.99996	-0.00547	-0.00727	0.00543	0.99997	-0.00502	0.00729	0.00498	0.99996	
54	0.27000	72.10490	-120.10671	-0.02345	0.41803	-0.04632	-0.31969	1.13549	0.99998	0.00558	0.00081	-0.00559	0.99996	0.00730	-0.00077	-0.00730	0.99997		-144.41580	-90.43165	-0.68984	-0.28986	0.41449	0.30979	0.06856	0.99996	-0.00541	-0.00723	0.00537	0.99997	-0.00506	0.00726	0.00502	0.99996	
55	0.27500	72.10549	-120.10891	-0.01858	0.41987	-0.04491	-0.32512	1.13010	0.99998	0.00567	0.00078	-0.00568	0.99996	0.00733	-0.00074	-0.00733	0.99997		-144.38839	-90.42524	-0.69417	-0.28931	0.41071	0.31759	0.07296	0.99996	-0.00554	-0.00717	0.00551	0.99997	-0.00505	0.00720	0.00501	0.99996	
56	0.28000	72.12626	-120.09890	-0.02605	0.42049	-0.05039	-0.32488	1.14358	0.99998	0.00567	0.00088	-0.00568	0.99996	0.00734	-0.00084	-0.00734	0.99997		-144.39979	-90.41994	-0.69428	-0.28808	0.41334	0.31424	0.07120	0.99996	-0.00548	-0.00721	0.00545	0.99997	-0.00503	0.00724	0.00499	0.99996	
57	0.28500	72.11676	-120.10439	-0.02585	0.42054	-0.04884	-0.31837	1.15305	0.99998	0.00556	0.00085	-0.00556	0.99996	0.00734	-0.00081	-0.00734	0.99997		-144.42011	-90.42827	-0.68536	-0.29029	0.41344	0.31388	0.07914	0.99996	-0.00548	-0.00722	0.00544	0.99997	-0.00507	0.00724	0.00503	0.99996	
58	0.29000	72.09050	-120.09363	-0.00295	0.42419	-0.04671	-0.32551	1.13767	0.99998	0.00568	0.00082	-0.00569	0.99996	0.00740	-0.00077	-0.00741	0.99997		-144.40898	-90.41600	-0.69000	-0.28841	0.41329	0.31596	0.06627	0.99996	-0.00551	-0.00721	0.00548	0.99997	-0.00503	0.00724	0.00499	0.99996	
59	0.29500	72.12876	-120.10043	-0.01324	0.42056	-0.04898	-0.32258	1.14034	0.99998	0.00563	0.00085	-0.00564	0.99996	0.00734	-0.00081	-0.00734	0.99997		-144.40787	-90.42128	-0.69415	-0.28744	0.41268	0.31232	0.07723	0.99996	-0.00545	-0.00720	0.00541	0.99997	-0.00502	0.00723	0.00498	0.99996	
60	0.30000	72.11259	-120.08090	-0.00302	0.42424	-0.04855	-0.32241	1.14200	0.99998	0.00563	0.00085	-0.00563	0.99996	0.00740	-0.00081	-0.00741	0.99997		-144.41355	-90.43239	-0.68143	-0.29011	0.41383	0.31724	0.06565	0.99996	-0.00554	-0.00722	0.00550	0.99997	-0.00506	0.00725	0.00502	0.99996	
61	0.30500	72.08221	-120.08931	0.00231	0.42219	-0.04520	-0.32173	1.14652	0.99998	0.00562	0.00079	-0.00562	0.99996	0.00737	-0.00075	-0.00737	0.99997		-144.41436	-90.41933	-0.68568	-0.28829	0.41199	0.31604	0.05825	0.99996	-0.00552	-0.00719	0.00548	0.99997	-0.00503	0.00722	0.00499	0.99996	
62	0.31000	72.10813	-120.08845	-0.02474	0.42367	-0.04853	-0.32426	1.14535	0.99998	0.00566	0.00085	-0.00567	0.99996	0.00739	-0.00081	-0.00740	0.99997		-144.39592	-90.42656	-0.68580	-0.28959	0.41247	0.31453	0.07227	0.99996	-0.00549	-0.00720	0.00545	0.99997	-0.00505	0.00723	0.00501	0.99996	
63	0.31500	72.11033	-120.09856	-0.01308	0.42145	-0.04916	-0.32255	1.14993	0.99998	0.00563	0.00086	-0.00564	0.99996	0.00736	-0.00082	-0.00736	0.99997		-144.40525	-90.41421	-0.68570	-0.28591	0.41220	0.31326	0.08393	0.99996	-0.00547	-0.00719	0.00543	0.99997	-0.00499	0.00722	0.00495	0.99996	
64	0.32000	72.13692	-120.07757	-0.02773	0.42521	-0.05372	-0.32340	1.14799	0.99998	0.00564	0.00094	-0.00565	0.99996	0.00742	-0.00090	-0.00743	0.99997		-144.38382	-90.40560	-0.67754	-0.28596	0.40755	0.31153	0.07508	0.99996	-0.00544	-0.00711	0.00540	0.99997	-0.00499	0.00714	0.00495	0.99996	
65	0.32500	72.10445	-120.08412	-0.00317	0.42196	-0.05156	-0.32069	1.15183	0.99998	0.00560	0.00090	-0.00560	0.99996	0.00736	-0.00086	-0.00737	0.99997		-144.39159	-90.40911	-0.66526	-0.28564	0.41155	0.31402	0.07222	0.99996	-0.00548	-0.00718	0.00544	0.99997	-0.00499	0.00721	0.00495	0.99996	
66	0.33000	72.13686	-120.09581	-0.02369	0.42242	-0.05465	-0.32536	1.13144	0.99998	0.00568	0.00095	-0.00569	0.99996	0.00737	-0.00091	-0.00738	0.99997		-144.40455	-90.40686	-0.67285	-0.28859	0.40810	0.31295	0.08242	0.99996	-0.00546	-0.00712	0.00543	0.99997	-0.00504	0.00715	0.00500	0.99996	
67	0.33500	72.10870	-120.09045	-0.01248	0.42321	-0.04807	-0.32554	1.14827	0.99998	0.00568	0.00084	-0.00569	0.99996	0.00739	-0.00080	-0.00739	0.99997		-144.39200	-90.40422	-0.66515	-0.28568	0.40945	0.31133	0.07334	0.99996	-0.00543	-0.00715	0.00540	0.99997	-0.00499	0.00717	0.00495	0.99996	
68	0.34000	72.11299	-120.08294	-0.02732	0.42266	-0.05405	-0.32074	1.14586	0.99998	0.00560	0.00094	-0.00560	0.99996	0.00738	-0.00090	-0.00738	0.99997		-144.38667	-90.38637	-0.67348	-0.28572	0.40916	0.31158	0.08603	0.99996	-0.00544	-0.00714	0.00540	0.99997	-0.00499	0.00717	0.00495	0.99996	
69	0.34500	72.11260	-120.08550	-0.01013	0.42106	-0.05271	-0.31907	1.14454	0.99998	0.00557	0.00092	-0.00558	0.99996	0.00735	-0.00088	-0.00735	0.99997		-144.39562	-90.38924	-0.65692	-0.28551	0.40865	0.31207	0.06849	0.99996	-0.00545	-0.00713	0.00541	0.99997	-0.00498	0.00716	0.00494	0.99996	
70	0.35000	72.09264	-120.07730	-0.01683	0.42243	-0.04694	-0.32367	1.13025	0.99998	0.00565	0.00082	-0.00565	0.99996	0.00737	-0.00078	-0.00738	0.99997		-144.42080	-90.37762	-0.65236	-0.28320	0.40974	0.31367	0.07302	0.99996	-0.00547	-0.00715	0.00544	0.99997	-0.00494	0.00718	0.00490	0.99996	
71	0.35500	72.10207	-120.09901	-0.02762	0.41968	-0.05241	-0.32009	1.14951	0.99998	0.00559	0.00091	-0.00559	0.99996	0.00732	-0.00087	-0.00733	0.99997		-144.39950	-90.38310	-0.66509	-0.28414	0.40963	0.31401	0.08299	0.99996	-0.00548	-0.00715	0.00544	0.99997	-0.00496	0.00718	0.00492	0.99996	
72	0.36000	72.08462	-120.08743	-0.02630	0.41990	-0.04831	-0.32201	1.13980	0.99998	0.00562	0.00084	-0.00563	0.99996	0.00733	-0.00080	-0.00733	0.99997		-144.42080	-90.37762	-0.65236	-0.28320	0.40974	0.31367	0.07302	0.99996	-0.00547	-0.00715	0.00544	0.99997	-0.00494	0.00718	0.00490	0.99996	
73	0.36500	72.08779	-120.09246	-0.01717	0.41931	-0.05334	-0.32069	1.15518	0.99998	0.00560	0.00093	-0.00560	0.99996	0.00732	-0.00089	-0.00732	0.99997		-144.38758	-90.37859	-0.64872	-0.28307	0.40681	0.31185	0.06852	0.99996	-0.00544	-0.00710	0.00541	0.99997	-0.00494	0.00713	0.00490	0.99996	
74	0.37000	72.11247	-120.07789	-0.01698	0.41994	-0.05144	-0.32134	1.15280	0.99998	0.00561	0.00090	-0.00561	0.99996	0.00733	-0.00086	-0.00733	0.99997		-144.39893	-90.35449	-0.64845	-0.28194	0.40561	0.31000	0.08329	0.99996	-0.00541	-0.00708	0.00538	0.99997	-0.00492	0.00711	0.00488	0.99996	
75	0.37500	72.06507	-120.08754	-0.02957	0.41891	-0.05034	-0.31977	1.14061	0.99998	0.00558	0.00088	-0.00559	0.99996	0.00731	-0.00084	-0.00732	0.99997		-144.38821	-90.36981	-0.65271	-0.28228	0.40472	0.31473	0.06622	0.99996	-0.00549	-0.00706	0.00546	0.99997	-0.00493	0.00709	0.00489	0.99996	
76	0.38000	72.10537	-120.09680	-0.02138	0.41726	-0.05161	-0.32174	1.14064	0.99998	0.00562	0.00090	-0.00562	0.99996	0.00728	-0.00086	-0.00729	0.99997		-144.43444	-90.36359	-0.64381	-0.28240	0.40868	0.31659	0.07624	0.99996	-0.00553	-0.00713	0.00549	0.99997	-0.00493	0.00716	0.00489	0.99996	
77	0.38500	72.08192	-120.09657	-0.03332	0.41619	-0.05051	-0.32613	1.13988	0.99998	0.00569	0.00088	-0.00570	0.99996	0.00726	-0.00084	-0.00727	0.99997		-144.42136	-90.36082	-0.63153	-0.28053	0.40801	0.31170	0.08703	0.99996	-0.00544	-0.00712	0.00541	0.99997	-0.00490	0.00715	0.00486	0.99996	
78	0.39000	72.08315	-120.07788	-0.02063	0.41779	-0.04873	-0.32144	1.14654	0.99998	0.00561	0.00085	-0.00562	0.99996	0.00729	-0.00081	-0.00730	0.99997		-144.39866	-90.34699	-0.62797	-0.27917	0.40775	0.31228	0.08172	0.99996	-0.00545	-0.00712	0.00542	0.99997	-0.00487	0.00714	0.00483	0.99996	
79	0.39500	72.09778	-120.07686	-0.02731	0.41722	-0.05101	-0.32031	1.14871	0.99998	0.00559	0.00089	-0.00560	0.99996	0.00728	-0.00085	-0.00729	0.99997		-144.42086	-90.34835	-0.62321	-0.28102	0.40594	0.31720	0.06615	0.99996	-0.00554	-0.00708	0.00550	0.99997	-0.00490	0.00711	0.00487	0.99996	
80	0.40000	72.07404	-120.08026	-0.04831	0.41493	-0.05118	-0.31784	1.14522	0.99998	0.00555	0.00089	-0.00555	0.99996	0.00724	-0.00085	-0.00725	0.99997		-144.40716	-90.35641	-0.63556	-0.28074	0.40237	0.31736	0.06534	0.99996	-0.00554	-0.00702	0.00550	0.99997	-0.00490	0.00705	0.00486	0.99996	
81	0.40500	72.10540	-120.06327	-0.02905	0.41745	-0.05293	-0.32873	1.13614	0.99998	0.00574	0.00092	-0.00574	0.99996	0.00729	-0.00088	-0.00729	0.99997		-144.41712	-90.34291	-0.62332	-0.27855	0.40741	0.31314	0.08834	0.99996	-0.00547	-0.00711	0.00543	0.99997	-0.00486	0.00714	0.00482	0.99996	
82	0.41000	72.05977	-120.09351	-0.03688	0.41340	-0.04940	-0.31986	1.14607	0.99998	0.00558	0.00086	-0.00559	0.99996	0.00722	-0.00082	-0.00722	0.99997		-144.43401	-90.32960	-0.62298	-0.27905	0.40474	0.31513	0.07748	0.99996	-0.00550	-0.00706	0.00547	0.99997	-0.00487	0.00709	0.00483	0.99996	
83	0.41500	72.09571	-120.08359	-0.04426	0.41321	-0.05531	-0.32490	1.14789	0.99998	0.00567	0.00097	-0.00568	0.99996	0.00721	-0.00092	-0.00722	0.99997		-144.40338	-90.34965	-0.60265	-0.28101	0.40671	0.31432	0.07719	0.99996	-0.00549	-0.00710	0.00545	0.99997	-0.00490	0.00713	0.00487	0.99996	
84	0.42000	72.06595	-120.08024	-0.03820	0.41452	-0.04876	-0.31805	1.16498	0.99998	0.00555	0.00085	-0.00556	0.99996	0.00723	-0.00081	-0.00724	0.99997		-144.41389	-90.35022	-0.60214	-0.28052	0.40186	0.31449	0.06413	0.99996	-0.00549	-0.00701	0.00545	0.99997	-0.00490	0.00704	0.00486	0.99996	
85	0.42500	72.07533	-120.07201	-0.04722	0.41502	-0.05078	-0.32351	1.14009	0.99998	0.00565	0.00089	-0.00565	0.99996	0.00724	-0.00085	-0.00725	0.99997		-144.42707	-90.33609	-0.59787	-0.27849	0.40283	0.31511	0.07598	0.99996	-0.00550	-0.00703	0.00547	0.99997	-0.00486	0.00706	0.00482	0.99996	
86	0.43000	72.09779	-120.07134	-0.05163	0.41207	-0.05116	-0.32261	1.14803	0.99998	0.00563	0.00089	-0.00564	0.99996	0.00719	-0.00085	-0.00720	0.99997		-144.41569	-90.32819	-0.59420	-0.27848	0.40536	0.31513	0.08581	0.99996	-0.00550	-0.00707	0.00547	0.99997	-0.00486	0.00710	0.00482	0.99996	
87	0.43500	72.04337	-120.05943	-0.02987	0.41094	-0.04701	-0.32516	1.13657	0.99998	0.00568	0.00082	-0.00568	0.99996	0.00717	-0.00078	-0.00718	0.99997		-144.41307	-90.32814	-0.60215	-0.27868	0.40008	0.31272	0.08084	0.99996	-0.00546	-0.00698	0.00542	0.99997	-0.00486	0.00701	0.00483	0.99996	
88	0.44000	72.05358	-120.08108	-0.06325	0.41007	-0.04922	-0.32038	1.13288	0.99998	0.00559	0.00086	-0.00560	0.99996	0.00716	-0.00082	-0.00716	0.99997		-144.41982	-90.31480	-0.58572	-0.27567	0.40173	0.31214	0.07869	0.99996	-0.00545	-0.00701	0.00541	0.99997	-0.00481	0.00704	0.00477	0.99996	
89	0.44500	72.04042	-120.08283	-0.04546	0.40874	-0.04756	-0.32244	1.15390	0.99998	0.00563	0.00083	-0.00563	0.99996	0.00713	-0.00079	-0.00714	0.99997		-144.39365	-90.32583	-0.58992	-0.27702	0.39765	0.31900	0.06539	0.99996	-0.00557	-0.00694	0.00553	0.99997	-0.00483	0.00697	0.00480	0.99996	
90	0.45000	72.08341	-120.07234	-0.04617	0.40911	-0.05656	-0.32506	1.14569	0.99998	0.00567	0.00099	-0.00568	0.99996	0.00714	-0.00095	-0.00715	0.99997		-144.45604	-90.30206	-0.58919	-0.27550	0.40102	0.31765	0.07387	0.99996	-0.00554	-0.00700	0.00551	0.99997	-0.00481	0.00703	0.00477	0.99996	
91	0.45500	72.07331	-120.07049	-0.05399	0.40628	-0.05052	-0.32190	1.13846	0.99998	0.00562	0.00088	-0.00562	0.99996	0.00709	-0.00084	-0.00710	0.99997		-144.41047	-90.31916	-0.56869	-0.27584	0.39697	0.31527	0.07514	0.99996	-0.00550	-0.00693	0.00547	0.99997	-0.00481	0.00695	0.00478	0.99996	
92	0.46000	72.07998	-120.07631	-0.06586	0.40528	-0.05203	-0.32257	1.14217	0.99998	0.00563	0.00091	-0.00564	0.99996	0.00707	-0.00087	-0.00708	0.99997		-144.39403	-90.29743	-0.56925	-0.27590	0.39653	0.31512	0.06894	0.99996	-0.00550	-0.00692	0.00547	0.99997	-0.00482	0.00695	0.00478	0.99996	
93	0.46500	72.02353	-120.08569	-0.07883	0.40436	-0.05128	-0.32448	1.14009	0.99998	0.00566	0.00089	-0.00567	0.99996	0.00706	-0.00085	-0.00706	0.99997		-144.46314	-90.29592	-0.57249	-0.27528	0.40055	0.31481	0.07112	0.99996	-0.00549	-0.00699	0.00546	0.99997	-0.00480	0.00702	0.00477	0.99996	
94	0.47000	72.07311	-120.07093	-0.06352	0.40496	-0.04916	-0.32031	1.14966	0.99998	0.00559	0.00086	-0.00560	0.99996	0.00707	-0.00082	-0.00707	0.99997		-144.40668	-90.30050	-0.55687	-0.27337	0.40130	0.31184	0.08588	0.99996	-0.00544	-0.00700	0.00541	0.99997	-0.00477	0.00703	0.00473	0.99996	
95	0.47500	72.04986	-120.07499	-0.07146	0.40294	-0.05225	-0.32180	1.13235	0.99998	0.00562	0.00091	-0.00562	0.99996	0.00703	-0.00087	-0.00704	0.99997		-144.45524	-90.29722	-0.55991	-0.27556	0.39878	0.31501	0.07305	0.99996	-0.00550	-0.00696	0.00546	0.99997	-0.00481	0.00699	0.00477	0.99996	
96	0.48000	72.01252	-120.07140	-0.06705	0.40173	-0.04720	-0.32463	1.13058	0.99998	0.00567	0.00082	-0.00567	0.99996	0.00701	-0.00078	-0.00702	0.99998		-144.45306	-90.27932	-0.56444	-0.27138	0.39846	0.30980	0.08255	0.99996	-0.00541	-0.00695	0.00537	0.99997	-0.00474	0.00698	0.00470	0.99996	
97	0.48500	72.05055	-120.05968	-0.07015	0.40350	-0.05110	-0.32415	1.13200	0.99998	0.00566	0.00089	-0.00566	0.99996	0.00704	-0.00085	-0.00705	0.99997		-144.40032	-90.29261	-0.54016	-0.27274	0.39776	0.31378	0.08294	0.99996	-0.00548	-0.00694	0.00544	0.99997	-0.00476	0.00697	0.00472	0.99996	
98	0.49000	72.04617	-120.07919	-0.07424	0.40010	-0.05168	-0.32246	1.13556	0.99998	0.00563	0.00090	-0.00563	0.99996	0.00698	-0.00086	-0.00699	0.99998		-144.45476	-90.27798	-0.53519	-0.27327	0.39906	0.31637	0.07350	0.99996	-0.00552	-0.00696	0.00549	0.99997	-0.00477	0.00699	0.00473	0.99996	
99	0.49500	72.07580	-120.06557	-0.07905	0.39934	-0.05490	-0.32514	1.13116	0.99998	0.00567	0.00096	-0.00568	0.99996	0.00697	-0.00092	-0.00698	0.99998		-144.46721	-90.28047	-0.53075	-0.27299	0.39955	0.31849	0.08604	0.99996	-0.00556	-0.00697	0.00553	0.99997	-0.00476	0.00700	0.00473	0.99996	
100	0.50000	72.06676	-120.06596	-0.06966	0.39722	-0.05174	-0.31920	1.13821	0.99998	0.00557	0.00090	-0.00558	0.99996	0.00693	-0.00086	-0.00694	0.99998		-144.40074	-90.28990	-0.53571	-0.27333	0.39567	0.31573	0.07808	0.99996	-0.00551	-0.00691	0.00548	0.99997	-0.00477	0.00693	0.00473	0.99996	
101	0.50500	72.02971	-120.06245	-0.09053	0.39891	-0.05138	-0.32222	1.14124	0.99998	0.00562	0.00090	-0.00563	0.99996	0.00696	-0.00086	-0.00697	0.99998		-144.46324	-90.25722	-0.53501	-0.27001	0.39428	0.31618	0.06936	0.99996	-0.00552	-0.00688	0.00549	0.99997	-0.00471	0.00691	0.00467	0.99997	
102	0.51000	72.02618	-120.04620	-0.07817	0.39782	-0.04979	-0.32487	1.14236	0.99998	0.00567	0.00087	-0.00568	0.99996	0.00694	-0.00083	-0.00695	0.99998		-144.42532	-90.26067	-0.51912	-0.26904	0.39719	0.31605	0.08475	0.99996	-0.00552	-0.00693	0.00548	0.99997	-0.00470	0.00696	0.00466	0.99996	
103	0.51500	72.07062	-120.05453	-0.08833	0.39894	-0.05412	-0.32229	1.14485	0.99998	0.00562	0.00094	-0.00563	0.99996	0.00696	-0.00091	-0.00697	0.99998		-144.41971	-90.26137	-0.51953	-0.26805	0.39801	0.31483	0.07074	0.99996	-0.00549	-0.00695	0.00546	0.99997	-0.00468	0.00697	0.00464	0.99996	
104	0.52000	72.04094	-120.05122	-0.11662	0.39869	-0.05626	-0.32332	1.14840	0.99998	0.00564	0.00098	-0.00565	0.99996	0.00696	-0.00094	-0.00696	0.99998		-144.47183	-90.26439	-0.52680	-0.26932	0.40064	0.31491	0.08359	0.99996	-0.00550	-0.00699	0.00546	0.99997	-0.00470	0.00702	0.00466	0.99996	
105	0.52500	72.02130	-120.05065	-0.09157	0.39842	-0.05139	-0.32359	1.14628	0.99998	0.00565	0.00090	-0.00565	0.99996	0.00695	-0.00086	-0.00696	0.99998		-144.43425	-90.26511	-0.49835	-0.26898	0.40127	0.31835	0.08718	0.99996	-0.00556	-0.00700	0.00552	0.99997	-0.00469	0.00703	0.00466	0.99996	
106	0.53000	72.04367	-120.04340	-0.09234	0.39914	-0.05529	-0.32248	1.14597	0.99998	0.00563	0.00097	-0.00563	0.99996	0.00697	-0.00093	-0.00697	0.99998		-144.42927	-90.25641	-0.50250	-0.26809	0.39812	0.31289	0.08511	0.99996	-0.00546	-0.00695	0.00543	0.99997	-0.00468	0.00697	0.00464	0.99996	
107	0.53500	72.03140	-120.05193	-0.09803	0.39378	-0.05398	-0.32244	1.13879	0.99998	0.00563	0.00094	-0.00563	0.99996	0.00687	-0.00090	-0.00688	0.99998		-144.44024	-90.25515	-0.50199	-0.26812	0.39599	0.31973	0.09138	0.99996	-0.00558	-0.00691	0.00555	0.99997	-0.00468	0.00694	0.00464	0.99997	
108	0.54000	72.02384	-120.05218	-0.10091	0.39443	-0.05064	-0.32081	1.12853	0.99998	0.00560	0.00088	-0.00561	0.99996	0.00688	-0.00085	-0.00689	0.99998		-144.43254	-90.25776	-0.48160	-0.26849	0.39881	0.31854	0.08389	0.99996	-0.00556	-0.00696	0.00553	0.99997	-0.00469	0.00699	0.00465	0.99996	
109	0.54500	72.04597	-120.05431	-0.10998	0.39312	-0.05686	-0.32240	1.13378	0.99998	0.00563	0.00099	-0.00563	0.99996	0.00686	-0.00095	-0.00687	0.99998		-144.45674	-90.22433	-0.48559	-0.26644	0.39846	0.31546	0.08954	0.99996	-0.00551	-0.00695	0.00547	0.99997	-0.00465	0.00698	0.00461	0.99996	
110	0.55000	72.04401	-120.03426	-0.12793	0.39431	-0.05460	-0.32517	1.14283	0.99998	0.00568	0.00095	-0.00568	0.99996	0.00688	-0.00091	-0.00689	0.99998		-144.46507	-90.23308	-0.47305	-0.26632	0.40009	0.31335	0.09666	0.99996	-0.00547	-0.00698	0.00544	0.99997	-0.00465	0.00701	0.00461	0.99996	
111	0.55500	72.00875	-120.03899	-0.10294	0.39277	-0.05106	-0.32041	1.15869	0.99998	0.00559	0.00089	-0.00560	0.99996	0.00686	-0.00085	-0.00686	0.99998		-144.46224	-90.22311	-0.47322	-0.26411	0.39938	0.31494	0.08452	0.99996	-0.00550	-0.00697	0.00546	0.99997	-0.00461	0.00700	0.00457	0.99997	
112	0.56000	72.03249	-120.03404	-0.11739	0.39354	-0.05528	-0.32212	1.13805	0.99998	0.00562	0.00096	-0.00563	0.99996	0.00687	-0.00093	-0.00687	0.99998		-144.45564	-90.22236	-0.47364	-0.26363	0.40252	0.31294	0.09621	0.99996	-0.00546	-0.00703	0.00543	0.99997	-0.00460	0.00705	0.00456	0.99996	
113	0.56500	72.05197	-120.03188	-0.13101	0.39380	-0.05605	-0.32049	1.14666	0.99998	0.00559	0.00098	-0.00560	0.99996	0.00687	-0.00094	-0.00688	0.99998		-144.45922	-90.24288	-0.45616	-0.26666	0.39832	0.32100	0.08223	0.99996	-0.00560	-0.00695	0.00557	0.99997	-0.00465	0.00698	0.00461	0.99996	
114	0.57000	72.01003	-120.02954	-0.12082	0.39344	-0.05611	-0.32065	1.15625	0.99998	0.00560	0.00098	-0.00560	0.99996	0.00687	-0.00094	-0.00687	0.99998		-144.46203	-90.22786	-0.46918	-0.26407	0.40153	0.31761	0.08571	0.99996	-0.00554	-0.00701	0.00551	0.99997	-0.00461	0.00703	0.00457	0.99996	
115	0.57500	72.04683	-120.02731	-0.12056	0.39231	-0.05529	-0.31791	1.15848	0.99998	0.00555	0.00097	-0.00556	0.99996	0.00685	-0.00093	-0.00685	0.99998		-144.46599	-90.22384	-0.45256	-0.26313	0.40246	0.31445	0.08675	0.99996	-0.00549	-0.00702	0.00546	0.99997	-0.00459	0.00705	0.00455	0.99996	
116	0.58000	72.04165	-120.02590	-0.13503	0.39303	-0.06066	-0.32166	1.14935	0.99998	0.00561	0.00106	-0.00562	0.99996	0.00686	-0.00102	-0.00687	0.99998		-144.46511	-90.21640	-0.44838	-0.26262	0.40016	0.31462	0.08328	0.99996	-0.00549	-0.00698	0.00546	0.99997	-0.00458	0.00701	0.00455	0.99997	
117	0.58500	72.00978	-120.03906	-0.12534	0.39168	-0.05637	-0.32049	1.14634	0.99998	0.00559	0.00098	-0.00560	0.99996	0.00684	-0.00095	-0.00684	0.99998		-144.45722	-90.21745	-0.43580	-0.26290	0.39837	0.31486	0.08521	0.99996	-0.00550	-0.00695	0.00546	0.99997	-0.00459	0.00698	0.00455	0.99997	
118	0.59000	72.02240	-120.01285	-0.12845	0.39199	-0.05428	-0.32164	1.15235	0.99998	0.00561	0.00095	-0.00562	0.99996	0.00684	-0.00091	-0.00685	0.99998		-144.44474	-90.23217	-0.43580	-0.26598	0.40012	0.31802	0.09547	0.99996	-0.00555	-0.00698	0.00552	0.99997	-0.00464	0.00701	0.00460	0.99996	
119	0.59500	72.00902	-120.00476	-0.12245	0.39473	-0.05977	-0.32249	1.13869	0.99998	0.00563	0.00104	-0.00564	0.99996	0.00689	-0.00100	-0.00690	0.99998		-144.45998	-90.20849	-0.43159	-0.26404	0.39720	0.31694	0.08473	0.99996	-0.00553	-0.00693	0.00550	0.99997	-0.00461	0.00696	0.00457	0.99997	
120	0.60000	71.99710	-120.01957	-0.13934	0.39280	-0.05619	-0.31997	1.14362	0.99998	0.00558	0.00098	-0.00559	0.99996	0.00686	-0.00094	-0.00686	0.99998		-144.47855	-90.20712	-0.43591	-0.26056	0.40337	0.31794	0.09683	0.99996	-0.00555	-0.00704	0.00552	0.99997	-0.00455	0.00707	0.00451	0.99996	
121	0.60500	72.00525	-120.00740	-0.12302	0.39124	-0.05583	-0.31745	1.15556	0.99998	0.00554	0.00097	-0.00555	0.99996	0.00683	-0.00094	-0.00683	0.99998		-144.47169	-90.19790	-0.41969	-0.26141	0.40456	0.31588	0.08819	0.99996	-0.00551	-0.00706	0.00548	0.99997	-0.00456	0.00709	0.00452	0.99996	
122	0.61000	72.02620	-120.01447	-0.15415	0.39217	-0.05921	-0.32208	1.14135	0.99998	0.00562	0.00103	-0.00563	0.99996	0.00684	-0.00099	-0.00685	0.99998		-144.49957	-90.21350	-0.42711	-0.26234	0.40335	0.31808	0.08681	0.99996	-0.00555	-0.00704	0.00552	0.99997	-0.00458	0.00707	0.00454	0.99996	
123	0.61500	72.00792	-120.00126	-0.14550	0.39432	-0.05727	-0.32435	1.13624	0.99998	0.00566	0.00100	-0.00567	0.99996	0.00688	-0.00096	-0.00689	0.99998		-144.46934	-90.22477	-0.41084	-0.26351	0.40321	0.32012	0.08583	0.99996	-0.00559	-0.00704	0.00555	0.99997	-0.00460	0.00706	0.00456	0.99996	
124	0.62000	71.98521	-120.01217	-0.12833	0.39064	-0.05495	-0.31985	1.14550	0.99998	0.00558	0.00096	-0.00559	0.99996	0.00682	-0.00092	-0.00682	0.99998		-144.45925	-90.20319	-0.41117	-0.26263	0.40172	0.31921	0.08927	0.99996	-0.00557	-0.00701	0.00554	0.99997	-0.00458	0.00704	0.00454	0.99996	
125	0.62500	71.98411	-119.99479	-0.14142	0.39408	-0.05440	-0.32025	1.14829	0.99998	0.00559	0.00095	-0.00560	0.99996	0.00688	-0.00091	-0.00688	0.99998		-144.45932	-90.19377	-0.40717	-0.26047	0.40177	0.31597	0.09078	0.99996	-0.00551	-0.00701	0.00548	0.99997	-0.00455	0.00704	0.00451	0.99997	
126	0.63000	72.03485	-119.98771	-0.14061	0.39486	-0.05996	-0.32234	1.14478	0.99998	0.00563	0.00105	-0.00563	0.99996	0.00689	-0.00101	-0.00690	0.99998		-144.47621	-90.20300	-0.39449	-0.26184	0.40293	0.31949	0.06789	0.99996	-0.00558	-0.00703	0.00554	0.99997	-0.00457	0.00706	0.00453	0.99996	
127	0.63500	72.02065	-119.98775	-0.13057	0.39307	-0.06195	-0.31968	1.14332	0.99998	0.00558	0.00108	-0.00559	0.99996	0.00686	-0.00104	-0.00687	0.99998		-144.48019	-90.18178	-0.38219	-0.25901	0.40446	0.31718	0.08242	0.99996	-0.00554	-0.00706	0.00550	0.99997	-0.00452	0.00708	0.00448	0.99996	
128	0.64000	71.96651	-119.99457	-0.14322	0.39354	-0.05553	-0.32431	1.14871	0.99998	0.00566	0.00097	-0.00567	0.99996	0.00687	-0.00093	-0.00687	0.99998		-144.49199	-90.20140	-0.38601	-0.26140	0.40685	0.31494	0.09820	0.99996	-0.00550	-0.00710	0.00546	0.99997	-0.00456	0.00713	0.00452	0.99996	
129	0.64500	72.02626	-119.96730	-0.15094	0.39562	-0.06107	-0.31803	1.15158	0.99998	0.00555	0.00107	-0.00556	0.99996	0.00690	-0.00103	-0.00691	0.99998		-144.46691	-90.19224	-0.38221	-0.26018	0.40355	0.31576	0.08884	0.99996	-0.00551	-0.00704	0.00548	0.99997	-0.00454	0.00707	0.00450	0.99996	
130	0.65000	72.02231	-119.98107	-0.15067	0.39623	-0.06148	-0.32007	1.14410	0.99998	0.00559	0.00107	-0.00559	0.99996	0.00692	-0.00103	-0.00692	0.99998		-144.51287	-90.18614	-0.36923	-0.26034	0.40725	0.31928	0.08709	0.99996	-0.00557	-0.00711	0.00554	0.99997	-0.00454	0.00713	0.00450	0.99996	
131	0.65500	72.00996	-119.99811	-0.14517	0.39358	-0.05940	-0.32254	1.15684	0.99998	0.00563	0.00104	-0.00564	0.99996	0.00687	-0.00100	-0.00687	0.99998		-144.47793	-90.18422	-0.36994	-0.25840	0.40612	0.31528	0.08620	0.99996	-0.00550	-0.00709	0.00547	0.99997	-0.00451	0.00711	0.00447	0.99996	
132	0.66000	72.01563	-119.98506	-0.13184	0.39442	-0.06379	-0.32501	1.14389	0.99998	0.00567	0.00111	-0.00568	0.99996	0.00688	-0.00107	-0.00689	0.99998		-144.49891	-90.18548	-0.36525	-0.26103	0.40668	0.31672	0.09472	0.99996	-0.00553	-0.00710	0.00550	0.99997	-0.00456	0.00712	0.00452	0.99996	
133	0.66500	71.96307	-119.97956	-0.14674	0.39724	-0.05953	-0.32253	1.13527	0.99998	0.00563	0.00104	-0.00564	0.99996	0.00693	-0.00100	-0.00694	0.99998		-144.46846	-90.17628	-0.36155	-0.26077	0.40477	0.31664	0.08199	0.99996	-0.00553	-0.00706	0.00549	0.99997	-0.00455	0.00709	0.00451	0.99996	
134	0.67000	71.98689	-119.96695	-0.15504	0.39820	-0.06018	-0.31723	1.16388	0.99998	0.00554	0.00105	-0.00554	0.99996	0.00695	-0.00101	-0.00696	0.99998		-144.48152	-90.17228	-0.35346	-0.25866	0.40999	0.31516	0.10083	0.99996	-0.00550	-0.00716	0.00547	0.99997	-0.00451	0.00718	0.00448	0.99996	
135	0.67500	71.99834	-119.94165	-0.15957	0.40222	-0.05875	-0.32383	1.15271	0.99998	0.00565	0.00103	-0.00566	0.99996	0.00702	-0.00099	-0.00703	0.99997		-144.49714	-90.15981	-0.34495	-0.25821	0.40930	0.31689	0.09039	0.99996	-0.00553	-0.00714	0.00550	0.99997	-0.00451	0.00717	0.00447	0.99996	
136	0.68000	71.99101	-119.96136	-0.15561	0.39960	-0.06079	-0.31961	1.15926	0.99998	0.00558	0.00106	-0.00559	0.99996	0.00697	-0.00102	-0.00698	0.99998		-144.49433	-90.18815	-0.33647	-0.26153	0.41021	0.31896	0.07391	0.99996	-0.00557	-0.00716	0.00553	0.99997	-0.00456	0.00718	0.00452	0.99996	
