NO_OF_FRAMES	12036
NO_OF_CAMERAS	8
NO_OF_BODIES	2
FREQUENCY	200
NO_OF_ANALOG	0
ANALOG_FREQUENCY	0
DESCRIPTION	--
TIME_STAMP	2013-07-03, 14:34:54	21311.06689461
DATA_INCLUDED	6D
BODY_NAMES	Ice 1	Ice 2
Frame	Time	Ice 1 X	Y	Z	Roll	Pitch	Yaw	Residual	Rot[0]	Rot[1]	Rot[2]	Rot[3]	Rot[4]	Rot[5]	Rot[6]	Rot[7]	Rot[8]	Ice 2 X	Y	Z	Roll	Pitch	Yaw	Residual	Rot[0]	Rot[1]	Rot[2]	Rot[3]	Rot[4]	Rot[5]	Rot[6]	Rot[7]	Rot[8]	
1	0.00500	11.31425	-0.88163	-0.10645	0.69827	0.16697	0.46546	1.11287	0.99996	-0.00812	-0.00291	0.00816	0.99989	0.01219	0.00281	-0.01221	0.99992		-122.67087	-6.82841	-2.18123	0.63164	0.51583	-0.89820	0.23348	0.99984	0.01568	-0.00900	-0.01558	0.99982	0.01102	0.00917	-0.01088	0.99990	
2	0.01000	11.37000	-1.00016	-0.17413	0.66507	0.17415	0.47858	1.06325	0.99996	-0.00835	-0.00304	0.00839	0.99990	0.01161	0.00294	-0.01163	0.99993		-122.67365	-6.88664	-2.11377	0.63790	0.49731	-0.88742	0.20914	0.99984	0.01549	-0.00868	-0.01539	0.99982	0.01113	0.00885	-0.01100	0.99990	
3	0.01500	11.39894	-0.98602	-0.21073	0.65742	0.16704	0.47760	1.08716	0.99996	-0.00834	-0.00292	0.00837	0.99990	0.01147	0.00282	-0.01150	0.99993		-122.63381	-6.89618	-2.12230	0.64876	0.47997	-0.88644	0.22355	0.99985	0.01547	-0.00838	-0.01537	0.99982	0.01132	0.00855	-0.01119	0.99990	
4	0.02000	11.34845	-1.01602	-0.24012	0.64311	0.16528	0.48001	1.07298	0.99996	-0.00838	-0.00288	0.00841	0.99990	0.01122	0.00279	-0.01125	0.99993		-122.61863	-6.83350	-2.11193	0.67662	0.47223	-0.88963	0.23078	0.99985	0.01553	-0.00824	-0.01543	0.99981	0.01181	0.00842	-0.01168	0.99990	
5	0.02500	11.41558	-1.00375	-0.25372	0.63532	0.16209	0.47673	1.08918	0.99996	-0.00832	-0.00283	0.00835	0.99990	0.01109	0.00274	-0.01111	0.99993		-122.56796	-6.82865	-2.07389	0.69100	0.45816	-0.88802	0.21036	0.99985	0.01550	-0.00800	-0.01540	0.99981	0.01206	0.00818	-0.01193	0.99990	
6	0.03000	11.40137	-1.01107	-0.29566	0.62231	0.15800	0.48019	1.07327	0.99996	-0.00838	-0.00276	0.00841	0.99991	0.01086	0.00267	-0.01088	0.99994		-122.58200	-6.81128	-2.09226	0.70323	0.44478	-0.88799	0.22179	0.99985	0.01550	-0.00776	-0.01540	0.99981	0.01227	0.00795	-0.01215	0.99989	
7	0.03500	11.39817	-1.03409	-0.31704	0.60880	0.15540	0.48060	1.08322	0.99996	-0.00839	-0.00271	0.00842	0.99991	0.01063	0.00262	-0.01065	0.99994		-122.54201	-6.79316	-2.04051	0.71513	0.43435	-0.88717	0.21986	0.99985	0.01548	-0.00758	-0.01539	0.99980	0.01248	0.00777	-0.01236	0.99989	
8	0.04000	11.48411	-1.03167	-0.32273	0.59743	0.14563	0.48823	1.09599	0.99996	-0.00852	-0.00254	0.00855	0.99991	0.01043	0.00245	-0.01045	0.99994		-122.55570	-6.78608	-2.02583	0.72551	0.42669	-0.88660	0.22581	0.99985	0.01547	-0.00745	-0.01538	0.99980	0.01266	0.00764	-0.01255	0.99989	
9	0.04500	11.44344	-1.03356	-0.35101	0.58793	0.14022	0.48064	1.07878	0.99996	-0.00839	-0.00245	0.00841	0.99991	0.01026	0.00236	-0.01028	0.99994		-122.46752	-6.80303	-1.98949	0.72630	0.40046	-0.88735	0.21548	0.99986	0.01549	-0.00699	-0.01540	0.99980	0.01268	0.00718	-0.01257	0.99990	
10	0.05000	11.49621	-1.06080	-0.37897	0.57162	0.13531	0.48715	1.08150	0.99996	-0.00850	-0.00236	0.00853	0.99991	0.00998	0.00228	-0.01000	0.99995		-122.46011	-6.75670	-1.97333	0.73772	0.39551	-0.89553	0.22715	0.99985	0.01563	-0.00690	-0.01554	0.99980	0.01287	0.00710	-0.01277	0.99989	
11	0.05500	11.19872	-1.22131	-0.24783	0.56668	0.13148	0.47196	1.08138	0.99996	-0.00824	-0.00229	0.00826	0.99992	0.00989	0.00221	-0.00991	0.99995		-122.39278	-6.80164	-1.92735	0.73337	0.37815	-0.89128	0.22233	0.99986	0.01555	-0.00660	-0.01547	0.99980	0.01280	0.00680	-0.01270	0.99990	
12	0.06000	11.20000	-1.22709	-0.25159	0.55999	0.11855	0.47032	1.09508	0.99996	-0.00821	-0.00207	0.00823	0.99992	0.00977	0.00199	-0.00979	0.99995		-122.41011	-6.79680	-1.90440	0.73644	0.36921	-0.89002	0.21513	0.99986	0.01553	-0.00644	-0.01545	0.99980	0.01285	0.00664	-0.01275	0.99990	
13	0.06500	11.16194	-1.23283	-0.26719	0.54773	0.11294	0.46807	1.08393	0.99996	-0.00817	-0.00197	0.00819	0.99992	0.00956	0.00189	-0.00958	0.99995		-122.38550	-6.74085	-1.89407	0.74089	0.35753	-0.89451	0.22069	0.99986	0.01561	-0.00624	-0.01553	0.99980	0.01293	0.00644	-0.01283	0.99990	
14	0.07000	11.21097	-1.27352	-0.28492	0.53135	0.10873	0.47254	1.09433	0.99996	-0.00825	-0.00190	0.00826	0.99992	0.00927	0.00182	-0.00929	0.99996		-122.36229	-6.76447	-1.87814	0.74225	0.35500	-0.89603	0.24399	0.99986	0.01564	-0.00620	-0.01556	0.99980	0.01295	0.00640	-0.01286	0.99990	
15	0.07500	11.21445	-1.27888	-0.29929	0.51966	0.09553	0.47442	1.09014	0.99996	-0.00828	-0.00167	0.00829	0.99992	0.00907	0.00159	-0.00908	0.99996		-122.40050	-6.77235	-1.84790	0.73184	0.33826	-0.88873	0.22725	0.99986	0.01551	-0.00590	-0.01543	0.99980	0.01277	0.00610	-0.01268	0.99990	
16	0.08000	11.22379	-1.28994	-0.29196	0.50655	0.09232	0.47162	1.10259	0.99996	-0.00823	-0.00161	0.00825	0.99993	0.00884	0.00154	-0.00885	0.99996		-122.33887	-6.76658	-1.81563	0.72841	0.33035	-0.89442	0.23243	0.99986	0.01561	-0.00577	-0.01554	0.99980	0.01271	0.00596	-0.01262	0.99990	
17	0.08500	11.25773	-1.30335	-0.29686	0.49382	0.08377	0.47089	1.08742	0.99997	-0.00822	-0.00146	0.00823	0.99993	0.00862	0.00139	-0.00863	0.99996		-122.28434	-6.79198	-1.78791	0.72080	0.31626	-0.89633	0.22970	0.99986	0.01564	-0.00552	-0.01557	0.99980	0.01258	0.00572	-0.01249	0.99991	
18	0.09000	11.26135	-1.31741	-0.28735	0.47897	0.07271	0.47254	1.10081	0.99997	-0.00825	-0.00127	0.00826	0.99993	0.00836	0.00120	-0.00837	0.99996		-122.34072	-6.78448	-1.76759	0.70952	0.30894	-0.89372	0.21565	0.99986	0.01560	-0.00539	-0.01553	0.99980	0.01238	0.00558	-0.01230	0.99991	
19	0.09500	11.30735	-1.31392	-0.27724	0.47104	0.06394	0.47210	1.09150	0.99997	-0.00824	-0.00112	0.00825	0.99993	0.00822	0.00105	-0.00823	0.99997		-122.25561	-6.84451	-1.69881	0.69286	0.29881	-0.89078	0.23530	0.99987	0.01555	-0.00522	-0.01548	0.99981	0.01209	0.00540	-0.01201	0.99991	
20	0.10000	11.33586	-1.35464	-0.29903	0.45325	0.05442	0.48022	1.11572	0.99996	-0.00838	-0.00095	0.00839	0.99993	0.00791	0.00088	-0.00792	0.99997		-122.25401	-6.82569	-1.68570	0.68260	0.28951	-0.89283	0.23008	0.99987	0.01558	-0.00505	-0.01552	0.99981	0.01191	0.00524	-0.01183	0.99992	
21	0.10500	11.32551	-1.37744	-0.29381	0.43657	0.05018	0.48205	1.11826	0.99996	-0.00841	-0.00088	0.00842	0.99994	0.00762	0.00081	-0.00763	0.99997		-122.25014	-6.85717	-1.66177	0.66377	0.27927	-0.88619	0.21489	0.99987	0.01547	-0.00487	-0.01541	0.99981	0.01158	0.00505	-0.01151	0.99992	
22	0.11000	11.29047	-1.40949	-0.29956	0.42027	0.04353	0.48421	1.11585	0.99996	-0.00845	-0.00076	0.00846	0.99994	0.00733	0.00070	-0.00734	0.99997		-122.23386	-6.90184	-1.61794	0.64544	0.27093	-0.88562	0.21665	0.99987	0.01546	-0.00473	-0.01540	0.99982	0.01126	0.00490	-0.01119	0.99993	
23	0.11500	11.35243	-1.40685	-0.30004	0.40945	0.03068	0.48067	1.10105	0.99996	-0.00839	-0.00054	0.00839	0.99994	0.00715	0.00048	-0.00715	0.99997		-122.18522	-6.92015	-1.57713	0.62610	0.26038	-0.88747	0.21279	0.99987	0.01549	-0.00454	-0.01544	0.99982	0.01093	0.00471	-0.01086	0.99993	
24	0.12000	11.36392	-1.41682	-0.29269	0.40011	0.02389	0.48390	1.09019	0.99996	-0.00845	-0.00042	0.00845	0.99994	0.00698	0.00036	-0.00699	0.99998		-122.15977	-6.93398	-1.54397	0.60334	0.24622	-0.88809	0.21329	0.99987	0.01550	-0.00430	-0.01545	0.99983	0.01053	0.00446	-0.01046	0.99994	
25	0.12500	11.37349	-1.46078	-0.30014	0.38218	0.01523	0.48377	1.10642	0.99996	-0.00844	-0.00027	0.00844	0.99994	0.00667	0.00021	-0.00667	0.99998		-122.13580	-6.97821	-1.51711	0.58025	0.24283	-0.88695	0.22821	0.99987	0.01548	-0.00424	-0.01544	0.99983	0.01013	0.00439	-0.01006	0.99994	
26	0.13000	11.41836	-1.44521	-0.27647	0.37475	0.00247	0.48843	1.10937	0.99996	-0.00852	-0.00004	0.00852	0.99994	0.00654	-0.00001	-0.00654	0.99998		-122.09532	-6.98687	-1.47657	0.56003	0.23542	-0.89119	0.21154	0.99987	0.01555	-0.00411	-0.01551	0.99983	0.00977	0.00426	-0.00971	0.99994	
27	0.13500	11.36349	-1.48492	-0.31422	0.35353	0.00362	0.48661	1.10792	0.99996	-0.00849	-0.00006	0.00849	0.99994	0.00617	0.00001	-0.00617	0.99998		-122.12657	-7.04352	-1.42989	0.52598	0.22504	-0.88306	0.19889	0.99987	0.01541	-0.00393	-0.01537	0.99984	0.00918	0.00407	-0.00912	0.99995	
28	0.14000	11.43959	-1.49682	-0.29712	0.34399	-0.01032	0.49616	1.10468	0.99996	-0.00866	0.00018	0.00866	0.99994	0.00600	-0.00023	-0.00600	0.99998		-122.10453	-7.11232	-1.38396	0.49436	0.21657	-0.88186	0.21265	0.99987	0.01539	-0.00378	-0.01536	0.99984	0.00863	0.00391	-0.00857	0.99996	
29	0.14500	11.45516	-1.45783	-0.26738	0.33976	-0.01924	0.48611	1.09174	0.99996	-0.00848	0.00034	0.00848	0.99995	0.00593	-0.00039	-0.00593	0.99998		-122.03671	-7.16707	-1.34888	0.46141	0.20999	-0.87870	0.21087	0.99988	0.01534	-0.00366	-0.01531	0.99985	0.00805	0.00379	-0.00800	0.99996	
30	0.15000	11.41517	-1.48866	-0.27349	0.32612	-0.02391	0.48977	1.10341	0.99996	-0.00855	0.00042	0.00855	0.99995	0.00569	-0.00047	-0.00569	0.99998		-122.03782	-7.21126	-1.31310	0.42975	0.20088	-0.87578	0.21200	0.99988	0.01528	-0.00351	-0.01526	0.99986	0.00750	0.00362	-0.00745	0.99997	
31	0.15500	11.48062	-1.50661	-0.27574	0.31213	-0.03283	0.49293	1.09999	0.99996	-0.00860	0.00057	0.00860	0.99995	0.00545	-0.00062	-0.00544	0.99999		-122.00647	-7.28407	-1.25545	0.39031	0.19540	-0.86901	0.21377	0.99988	0.01517	-0.00341	-0.01514	0.99986	0.00681	0.00351	-0.00676	0.99997	
32	0.16000	11.46501	-1.50307	-0.26195	0.30448	-0.04694	0.49025	1.11010	0.99996	-0.00856	0.00082	0.00855	0.99995	0.00531	-0.00086	-0.00531	0.99999		-122.03894	-7.31414	-1.22776	0.35443	0.18588	-0.86734	0.20478	0.99988	0.01514	-0.00324	-0.01512	0.99987	0.00619	0.00334	-0.00614	0.99998	
33	0.16500	11.48970	-1.53816	-0.23544	0.29156	-0.05383	0.49500	1.11963	0.99996	-0.00864	0.00094	0.00863	0.99995	0.00509	-0.00098	-0.00508	0.99999		-121.97499	-7.39064	-1.17860	0.31687	0.17978	-0.87161	0.21290	0.99988	0.01521	-0.00314	-0.01519	0.99987	0.00553	0.00322	-0.00548	0.99998	
34	0.17000	11.54628	-1.51279	-0.19674	0.28640	-0.06752	0.49084	1.10062	0.99996	-0.00857	0.00118	0.00856	0.99995	0.00500	-0.00122	-0.00499	0.99999		-122.00641	-7.45451	-1.14038	0.27535	0.17845	-0.86083	0.19960	0.99988	0.01502	-0.00311	-0.01501	0.99988	0.00481	0.00319	-0.00476	0.99998	
35	0.17500	11.53171	-1.55826	-0.19789	0.27125	-0.07160	0.49206	1.12054	0.99996	-0.00859	0.00125	0.00858	0.99995	0.00473	-0.00129	-0.00472	0.99999		-122.03439	-7.46811	-1.13261	0.24694	0.17861	-0.86554	0.21617	0.99988	0.01511	-0.00312	-0.01509	0.99988	0.00431	0.00318	-0.00426	0.99999	
36	0.18000	11.58392	-1.51343	-0.18007	0.26964	-0.08729	0.49136	1.12047	0.99996	-0.00858	0.00152	0.00857	0.99995	0.00471	-0.00156	-0.00469	0.99999		-121.98190	-7.56006	-1.08185	0.19893	0.16597	-0.85860	0.18206	0.99988	0.01498	-0.00290	-0.01497	0.99988	0.00347	0.00295	-0.00343	0.99999	
37	0.18500	11.59248	-1.55727	-0.17708	0.25211	-0.08284	0.49610	1.12156	0.99996	-0.00866	0.00145	0.00865	0.99995	0.00440	-0.00148	-0.00439	0.99999		-121.96832	-7.66154	-1.02569	0.15249	0.15909	-0.85321	0.17132	0.99989	0.01489	-0.00278	-0.01488	0.99989	0.00266	0.00282	-0.00262	0.99999	
38	0.19000	11.55506	-1.54917	-0.12937	0.24484	-0.08641	0.49908	1.12376	0.99996	-0.00871	0.00151	0.00870	0.99995	0.00427	-0.00155	-0.00426	0.99999		-121.97892	-7.69356	-1.00787	0.11799	0.16056	-0.85480	0.16555	0.99988	0.01492	-0.00280	-0.01491	0.99989	0.00206	0.00283	-0.00202	0.99999	
39	0.19500	11.61256	-1.54498	-0.13937	0.24026	-0.10134	0.50124	1.15113	0.99996	-0.00875	0.00177	0.00874	0.99995	0.00419	-0.00181	-0.00418	0.99999		-121.99926	-7.73283	-0.97317	0.07849	0.15979	-0.85900	0.18408	0.99988	0.01499	-0.00279	-0.01499	0.99989	0.00137	0.00281	-0.00133	1.00000	
40	0.20000	11.64693	-1.53056	-0.09302	0.23854	-0.11158	0.49385	1.13824	0.99996	-0.00862	0.00195	0.00861	0.99995	0.00416	-0.00198	-0.00415	0.99999		-121.92387	-7.83085	-0.91873	0.03257	0.15324	-0.85095	0.18281	0.99989	0.01485	-0.00267	-0.01485	0.99989	0.00057	0.00268	-0.00053	1.00000	
41	0.20500	11.63987	-1.54616	-0.07866	0.22533	-0.11803	0.50066	1.12469	0.99996	-0.00874	0.00206	0.00873	0.99995	0.00393	-0.00209	-0.00391	0.99999		-121.97671	-7.86138	-0.90424	-0.00595	0.15552	-0.85171	0.17606	0.99989	0.01486	-0.00271	-0.01486	0.99989	-0.00010	0.00271	0.00014	1.00000	
42	0.21000	11.66280	-1.56484	-0.07152	0.21909	-0.12186	0.50424	1.14949	0.99996	-0.00880	0.00213	0.00879	0.99995	0.00382	-0.00216	-0.00381	0.99999		-121.92151	-7.95762	-0.84281	-0.05213	0.14834	-0.84604	0.15534	0.99989	0.01477	-0.00259	-0.01477	0.99989	-0.00091	0.00258	0.00095	1.00000	
43	0.21500	11.67943	-1.53730	-0.03910	0.21732	-0.12776	0.50091	1.11963	0.99996	-0.00874	0.00223	0.00873	0.99995	0.00379	-0.00226	-0.00377	0.99999		-121.93015	-8.03136	-0.80730	-0.09898	0.15051	-0.84087	0.14852	0.99989	0.01468	-0.00263	-0.01468	0.99989	-0.00173	0.00260	0.00177	1.00000	
44	0.22000	11.67834	-1.51669	-0.02024	0.21584	-0.14063	0.49812	1.15500	0.99996	-0.00869	0.00245	0.00868	0.99996	0.00377	-0.00249	-0.00375	0.99999		-121.97804	-8.07078	-0.79789	-0.13856	0.15610	-0.84579	0.15895	0.99989	0.01476	-0.00272	-0.01477	0.99989	-0.00242	0.00269	0.00246	0.99999	
45	0.22500	11.71122	-1.52147	0.03631	0.21269	-0.14239	0.50359	1.13369	0.99996	-0.00879	0.00249	0.00878	0.99995	0.00371	-0.00252	-0.00369	0.99999		-121.92252	-8.17351	-0.74536	-0.18907	0.14963	-0.83285	0.14760	0.99989	0.01454	-0.00261	-0.01454	0.99989	-0.00330	0.00256	0.00334	0.99999	
46	0.23000	11.73563	-1.48787	0.06274	0.21085	-0.15440	0.50600	1.14770	0.99996	-0.00883	0.00269	0.00882	0.99995	0.00368	-0.00273	-0.00366	0.99999		-121.96202	-8.19436	-0.73027	-0.22436	0.15978	-0.83883	0.15444	0.99989	0.01464	-0.00279	-0.01465	0.99988	-0.00392	0.00273	0.00396	0.99999	
47	0.23500	11.71216	-1.50712	0.05757	0.20725	-0.15375	0.49264	1.13370	0.99996	-0.00860	0.00268	0.00859	0.99996	0.00362	-0.00271	-0.00359	0.99999		-121.96235	-8.26034	-0.70761	-0.26978	0.16095	-0.83607	0.14749	0.99989	0.01459	-0.00281	-0.01460	0.99988	-0.00471	0.00274	0.00475	0.99998	
48	0.24000	11.72892	-1.51053	0.07541	0.20080	-0.15404	0.50287	1.12815	0.99996	-0.00878	0.00269	0.00877	0.99996	0.00350	-0.00272	-0.00348	0.99999		-121.94947	-8.37257	-0.65697	-0.32187	0.15554	-0.82509	0.12686	0.99989	0.01440	-0.00271	-0.01442	0.99988	-0.00562	0.00263	0.00566	0.99998	
49	0.24500	11.72890	-1.47804	0.12016	0.20349	-0.15710	0.50174	1.12029	0.99996	-0.00876	0.00274	0.00875	0.99996	0.00355	-0.00277	-0.00353	0.99999		-121.93891	-8.41610	-0.62897	-0.35938	0.16063	-0.83200	0.15900	0.99989	0.01452	-0.00280	-0.01454	0.99987	-0.00627	0.00271	0.00631	0.99998	
50	0.25000	11.74688	-1.45312	0.15348	0.20668	-0.16718	0.49890	1.13697	0.99996	-0.00871	0.00292	0.00870	0.99996	0.00361	-0.00295	-0.00358	0.99999		-121.94630	-8.49844	-0.60376	-0.40375	0.16407	-0.82532	0.13824	0.99989	0.01440	-0.00286	-0.01442	0.99987	-0.00705	0.00276	0.00709	0.99997	
51	0.25500	11.76112	-1.42233	0.19464	0.20760	-0.16909	0.50481	1.15352	0.99996	-0.00881	0.00295	0.00880	0.99995	0.00362	-0.00298	-0.00360	0.99999		-121.98968	-8.54781	-0.59247	-0.44093	0.16956	-0.82647	0.13749	0.99989	0.01442	-0.00296	-0.01445	0.99987	-0.00770	0.00285	0.00774	0.99997	
52	0.26000	11.78153	-1.44001	0.21740	0.20474	-0.16934	0.50591	1.13553	0.99996	-0.00883	0.00296	0.00882	0.99995	0.00357	-0.00299	-0.00355	0.99999		-121.96031	-8.63090	-0.54961	-0.48577	0.17258	-0.82401	0.12806	0.99989	0.01438	-0.00301	-0.01441	0.99986	-0.00848	0.00289	0.00852	0.99996	
53	0.26500	11.78235	-1.40935	0.24939	0.21171	-0.17513	0.50613	1.14548	0.99996	-0.00883	0.00306	0.00882	0.99995	0.00370	-0.00309	-0.00367	0.99999		-121.99934	-8.72326	-0.52382	-0.52892	0.17349	-0.81738	0.11210	0.99989	0.01427	-0.00303	-0.01429	0.99986	-0.00923	0.00290	0.00927	0.99995	
54	0.27000	11.79820	-1.41977	0.28640	0.20957	-0.17748	0.50730	1.15627	0.99996	-0.00885	0.00310	0.00884	0.99995	0.00366	-0.00313	-0.00363	0.99999		-122.01297	-8.71296	-0.53729	-0.55483	0.19201	-0.82171	0.12988	0.99989	0.01434	-0.00335	-0.01437	0.99985	-0.00968	0.00321	0.00973	0.99995	
55	0.27500	11.82806	-1.37836	0.31936	0.21670	-0.18180	0.50821	1.14488	0.99996	-0.00887	0.00317	0.00886	0.99995	0.00378	-0.00321	-0.00375	0.99999		-122.02399	-8.80155	-0.49647	-0.59611	0.19821	-0.82171	0.12674	0.99989	0.01434	-0.00346	-0.01438	0.99984	-0.01040	0.00331	0.01045	0.99994	
56	0.28000	11.76619	-1.40345	0.35523	0.21360	-0.17272	0.50696	1.13931	0.99996	-0.00885	0.00301	0.00884	0.99995	0.00373	-0.00305	-0.00370	0.99999		-122.04519	-8.86738	-0.49001	-0.63588	0.20199	-0.81613	0.12966	0.99989	0.01424	-0.00353	-0.01428	0.99984	-0.01110	0.00337	0.01115	0.99993	
57	0.28500	11.83955	-1.37563	0.36993	0.22065	-0.18435	0.51027	1.14743	0.99996	-0.00891	0.00322	0.00889	0.99995	0.00385	-0.00325	-0.00382	0.99999		-122.04650	-8.93371	-0.46758	-0.67291	0.21511	-0.81578	0.12084	0.99989	0.01424	-0.00375	-0.01428	0.99983	-0.01174	0.00359	0.01180	0.99992	
58	0.29000	11.80036	-1.36641	0.41966	0.22273	-0.17753	0.50882	1.13106	0.99996	-0.00888	0.00310	0.00887	0.99995	0.00389	-0.00313	-0.00386	0.99999		-122.08582	-9.01107	-0.44592	-0.70962	0.22141	-0.80858	0.11647	0.99989	0.01411	-0.00386	-0.01416	0.99982	-0.01238	0.00369	0.01244	0.99992	
59	0.29500	11.83017	-1.31479	0.46140	0.23781	-0.18718	0.50614	1.12614	0.99996	-0.00883	0.00327	0.00882	0.99995	0.00415	-0.00330	-0.00412	0.99999		-122.10682	-9.03257	-0.43556	-0.73886	0.23162	-0.81979	0.12970	0.99989	0.01431	-0.00404	-0.01436	0.99981	-0.01290	0.00386	0.01295	0.99991	
60	0.30000	11.82622	-1.32522	0.49686	0.23685	-0.17899	0.50888	1.14580	0.99996	-0.00888	0.00312	0.00887	0.99995	0.00413	-0.00316	-0.00411	0.99999		-122.06030	-9.13273	-0.38345	-0.77663	0.23522	-0.80967	0.13190	0.99989	0.01413	-0.00411	-0.01419	0.99981	-0.01355	0.00391	0.01361	0.99990	
61	0.30500	11.80441	-1.33952	0.28658	0.23491	-0.21863	0.49024	1.42983	0.99996	-0.00856	0.00382	0.00854	0.99996	0.00410	-0.00385	-0.00407	0.99998		-122.11632	-9.17145	-0.38533	-0.80370	0.24996	-0.80719	0.12826	0.99989	0.01409	-0.00436	-0.01415	0.99980	-0.01403	0.00416	0.01409	0.99989	
62	0.31000	11.85494	-1.25249	0.55630	0.26091	-0.18689	0.50756	1.12404	0.99996	-0.00886	0.00326	0.00884	0.99995	0.00455	-0.00330	-0.00452	0.99998		-122.10068	-9.22100	-0.38232	-0.83162	0.25803	-0.80615	0.12424	0.99989	0.01407	-0.00450	-0.01413	0.99979	-0.01451	0.00430	0.01458	0.99988	
63	0.31500	11.88119	-1.22260	0.60444	0.26761	-0.18488	0.50871	1.12202	0.99996	-0.00888	0.00323	0.00886	0.99995	0.00467	-0.00327	-0.00464	0.99998		-122.11324	-9.29384	-0.35063	-0.86301	0.26743	-0.80067	0.12012	0.99989	0.01397	-0.00467	-0.01404	0.99979	-0.01506	0.00446	0.01513	0.99988	
64	0.32000	11.89632	-1.21918	0.65289	0.27680	-0.19160	0.50947	1.12658	0.99995	-0.00889	0.00334	0.00888	0.99995	0.00483	-0.00339	-0.00480	0.99998		-122.16983	-9.32797	-0.37041	-0.88522	0.27888	-0.79874	0.12512	0.99989	0.01394	-0.00487	-0.01401	0.99978	-0.01545	0.00465	0.01552	0.99987	
65	0.32500	11.87823	-1.19143	0.68274	0.28745	-0.18695	0.51140	1.11121	0.99995	-0.00893	0.00326	0.00891	0.99995	0.00502	-0.00331	-0.00499	0.99998		-122.19475	-9.37607	-0.37330	-0.91097	0.29139	-0.80212	0.12152	0.99989	0.01400	-0.00509	-0.01408	0.99977	-0.01590	0.00486	0.01597	0.99986	
66	0.33000	11.88025	-1.17464	0.71392	0.29725	-0.18035	0.51190	1.12656	0.99996	-0.00893	0.00315	0.00892	0.99995	0.00519	-0.00319	-0.00516	0.99998		-122.18948	-9.41886	-0.36656	-0.93148	0.30665	-0.80047	0.11397	0.99989	0.01397	-0.00535	-0.01406	0.99977	-0.01626	0.00512	0.01633	0.99985	
67	0.33500	11.86331	-1.15541	0.74861	0.30720	-0.18316	0.50714	1.10489	0.99996	-0.00885	0.00320	0.00883	0.99995	0.00536	-0.00324	-0.00533	0.99998		-122.23054	-9.45050	-0.37383	-0.95290	0.31406	-0.80498	0.13172	0.99989	0.01405	-0.00548	-0.01414	0.99976	-0.01663	0.00525	0.01671	0.99985	
68	0.34000	11.87226	-1.11629	0.78334	0.31945	-0.17953	0.50707	1.11323	0.99996	-0.00885	0.00313	0.00883	0.99995	0.00558	-0.00318	-0.00555	0.99998		-122.26219	-9.50198	-0.35719	-0.97282	0.33054	-0.80181	0.12325	0.99989	0.01399	-0.00577	-0.01409	0.99976	-0.01698	0.00553	0.01706	0.99984	
69	0.34500	11.88866	-1.13740	0.81535	0.32305	-0.17179	0.51269	1.10551	0.99996	-0.00895	0.00300	0.00893	0.99994	0.00564	-0.00305	-0.00561	0.99998		-122.21116	-9.54068	-0.34522	-0.99039	0.33700	-0.80465	0.11732	0.99988	0.01404	-0.00588	-0.01414	0.99975	-0.01728	0.00564	0.01737	0.99983	
70	0.35000	11.80862	-1.10710	0.83675	0.33711	-0.16359	0.51474	1.11119	0.99996	-0.00898	0.00286	0.00897	0.99994	0.00588	-0.00291	-0.00586	0.99998		-122.29309	-9.56579	-0.37641	-1.00481	0.35261	-0.80917	0.11706	0.99988	0.01412	-0.00615	-0.01423	0.99974	-0.01754	0.00590	0.01762	0.99983	
71	0.35500	11.86723	-1.05971	0.88840	0.35190	-0.16691	0.51365	1.10803	0.99996	-0.00896	0.00291	0.00895	0.99994	0.00614	-0.00297	-0.00612	0.99998		-122.26525	-9.63191	-0.34220	-1.02058	0.36304	-0.80413	0.12149	0.99988	0.01403	-0.00634	-0.01414	0.99974	-0.01781	0.00608	0.01790	0.99982	
72	0.36000	11.83623	-1.07088	0.90177	0.36297	-0.15966	0.51367	1.08872	0.99996	-0.00897	0.00279	0.00895	0.99994	0.00634	-0.00284	-0.00631	0.99998		-122.32561	-9.64314	-0.35871	-1.03061	0.37657	-0.80085	0.11487	0.99988	0.01398	-0.00657	-0.01409	0.99974	-0.01799	0.00632	0.01808	0.99982	
73	0.36500	11.80834	-1.03342	0.94296	0.37818	-0.16101	0.51558	1.10502	0.99996	-0.00900	0.00281	0.00898	0.99994	0.00660	-0.00287	-0.00657	0.99997		-122.39601	-9.64865	-0.38884	-1.03486	0.39458	-0.80501	0.12090	0.99988	0.01405	-0.00689	-0.01417	0.99974	-0.01806	0.00663	0.01816	0.99981	
74	0.37000	11.91274	-1.01529	0.96041	0.39351	-0.16131	0.51680	1.11461	0.99996	-0.00902	0.00282	0.00900	0.99994	0.00687	-0.00288	-0.00684	0.99997		-122.30362	-9.73737	-0.36234	-1.05361	0.39820	-0.79744	0.10586	0.99988	0.01392	-0.00695	-0.01404	0.99973	-0.01839	0.00669	0.01848	0.99981	
75	0.37500	11.86117	-0.99294	0.99920	0.40580	-0.15425	0.51794	1.11282	0.99996	-0.00904	0.00269	0.00902	0.99993	0.00708	-0.00276	-0.00706	0.99997		-122.40477	-9.70763	-0.39586	-1.05268	0.42398	-0.80260	0.13377	0.99987	0.01401	-0.00740	-0.01414	0.99973	-0.01837	0.00714	0.01847	0.99980	
76	0.38000	11.83635	-0.94764	1.02195	0.42447	-0.14888	0.51278	1.11271	0.99996	-0.00895	0.00260	0.00893	0.99993	0.00741	-0.00266	-0.00738	0.99997		-122.39359	-9.77774	-0.39354	-1.05919	0.43115	-0.79984	0.12881	0.99987	0.01396	-0.00752	-0.01410	0.99973	-0.01848	0.00726	0.01859	0.99980	
77	0.38500	11.84008	-0.96444	1.04358	0.43017	-0.13985	0.52092	1.10602	0.99996	-0.00909	0.00244	0.00907	0.99993	0.00751	-0.00251	-0.00749	0.99997		-122.45192	-9.75237	-0.40683	-1.05574	0.45122	-0.80089	0.14235	0.99987	0.01398	-0.00788	-0.01412	0.99973	-0.01842	0.00762	0.01853	0.99980	
78	0.39000	11.82466	-0.91759	1.09199	0.44741	-0.13830	0.51417	1.12944	0.99996	-0.00897	0.00241	0.00895	0.99993	0.00781	-0.00248	-0.00779	0.99997		-122.44582	-9.80324	-0.40313	-1.06099	0.46115	-0.80103	0.13404	0.99987	0.01398	-0.00805	-0.01413	0.99973	-0.01852	0.00779	0.01863	0.99980	
79	0.39500	11.85166	-0.89167	1.11459	0.46144	-0.13112	0.51702	1.14241	0.99996	-0.00902	0.00229	0.00900	0.99993	0.00805	-0.00236	-0.00803	0.99996		-122.44234	-9.81004	-0.41345	-1.05674	0.47286	-0.80433	0.12528	0.99987	0.01404	-0.00825	-0.01419	0.99973	-0.01844	0.00799	0.01856	0.99980	
80	0.40000	11.82146	-0.85674	1.15173	0.47813	-0.12875	0.51203	1.11437	0.99996	-0.00894	0.00225	0.00892	0.99993	0.00834	-0.00232	-0.00832	0.99996		-122.47111	-9.82510	-0.41012	-1.05934	0.48461	-0.80228	0.12456	0.99987	0.01400	-0.00846	-0.01416	0.99973	-0.01849	0.00820	0.01860	0.99979	
81	0.40500	11.81611	-0.82901	1.17069	0.49376	-0.12340	0.52244	1.12137	0.99996	-0.00912	0.00215	0.00910	0.99992	0.00862	-0.00223	-0.00860	0.99996		-122.49899	-9.81463	-0.43642	-1.04589	0.50334	-0.80740	0.14327	0.99986	0.01409	-0.00878	-0.01425	0.99973	-0.01825	0.00853	0.01838	0.99979	
82	0.41000	11.85095	-0.81923	1.21964	0.50657	-0.11793	0.51986	1.14200	0.99996	-0.00907	0.00206	0.00905	0.99992	0.00884	-0.00214	-0.00882	0.99996		-122.48856	-9.85445	-0.43071	-1.04547	0.51013	-0.80356	0.12679	0.99986	0.01402	-0.00890	-0.01418	0.99973	-0.01825	0.00865	0.01837	0.99979	
83	0.41500	11.78348	-0.79068	1.23232	0.51932	-0.10310	0.51958	1.14529	0.99996	-0.00907	0.00180	0.00905	0.99992	0.00906	-0.00188	-0.00905	0.99996		-122.58770	-9.77464	-0.48985	-1.02678	0.53124	-0.80891	0.14528	0.99986	0.01412	-0.00927	-0.01428	0.99974	-0.01792	0.00902	0.01805	0.99980	
84	0.42000	11.77697	-0.77404	1.25541	0.53337	-0.10025	0.52323	1.12455	0.99996	-0.00913	0.00175	0.00912	0.99992	0.00931	-0.00183	-0.00929	0.99996		-122.55318	-9.82675	-0.47215	-1.01914	0.54087	-0.81440	0.14212	0.99985	0.01421	-0.00944	-0.01438	0.99974	-0.01779	0.00918	0.01792	0.99980	
85	0.42500	11.78217	-0.75676	1.27304	0.54497	-0.09280	0.52381	1.12430	0.99996	-0.00914	0.00162	0.00913	0.99991	0.00951	-0.00171	-0.00950	0.99995		-122.57880	-9.87022	-0.48030	-1.01536	0.55167	-0.80937	0.14147	0.99985	0.01412	-0.00963	-0.01429	0.99974	-0.01772	0.00938	0.01785	0.99980	
86	0.43000	11.75358	-0.70107	1.32630	0.56496	-0.08905	0.51988	1.13726	0.99996	-0.00907	0.00155	0.00906	0.99991	0.00986	-0.00164	-0.00985	0.99995		-122.65465	-9.79752	-0.51495	-0.99480	0.57150	-0.81088	0.13659	0.99985	0.01415	-0.00997	-0.01432	0.99975	-0.01736	0.00973	0.01750	0.99980	
87	0.43500	11.76327	-0.68927	1.31577	0.57982	-0.08757	0.52467	1.16130	0.99996	-0.00916	0.00153	0.00914	0.99991	0.01012	-0.00162	-0.01011	0.99995		-122.63701	-9.88162	-0.50135	-0.98990	0.57890	-0.80295	0.13758	0.99985	0.01401	-0.01010	-0.01419	0.99975	-0.01728	0.00986	0.01742	0.99980	
88	0.44000	11.77817	-0.66651	1.35518	0.59176	-0.08167	0.52174	1.14579	0.99996	-0.00911	0.00143	0.00909	0.99991	0.01033	-0.00152	-0.01031	0.99995		-122.64164	-9.80215	-0.52755	-0.96242	0.58931	-0.81576	0.13050	0.99985	0.01424	-0.01029	-0.01441	0.99976	-0.01680	0.01004	0.01694	0.99981	
89	0.44500	11.73633	-0.67088	1.36466	0.60064	-0.07361	0.52816	1.12362	0.99996	-0.00922	0.00128	0.00920	0.99990	0.01048	-0.00138	-0.01047	0.99994		-122.69882	-9.77488	-0.55434	-0.94385	0.60313	-0.81600	0.13543	0.99984	0.01424	-0.01053	-0.01441	0.99976	-0.01647	0.01029	0.01662	0.99981	
90	0.45000	11.73806	-0.61967	1.40189	0.61944	-0.06261	0.52698	1.12727	0.99996	-0.00920	0.00109	0.00919	0.99990	0.01081	-0.00119	-0.01080	0.99994		-122.66070	-9.81301	-0.54000	-0.92563	0.61222	-0.81762	0.13428	0.99984	0.01427	-0.01068	-0.01444	0.99977	-0.01615	0.01045	0.01631	0.99981	
91	0.45500	11.66417	-0.60932	1.41775	0.63179	-0.05512	0.52639	1.11662	0.99996	-0.00919	0.00096	0.00918	0.99990	0.01103	-0.00106	-0.01102	0.99994		-122.77728	-9.73605	-0.57654	-0.89975	0.62941	-0.82215	0.13346	0.99984	0.01435	-0.01099	-0.01452	0.99977	-0.01570	0.01076	0.01586	0.99982	
92	0.46000	11.65289	-0.58042	1.43749	0.64439	-0.05536	0.52488	1.13380	0.99996	-0.00916	0.00097	0.00915	0.99989	0.01125	-0.00107	-0.01124	0.99994		-122.75184	-9.72161	-0.59857	-0.87514	0.64205	-0.82364	0.14380	0.99983	0.01437	-0.01121	-0.01454	0.99978	-0.01527	0.01098	0.01543	0.99982	
93	0.46500	11.75889	-0.55135	1.47808	0.66123	-0.05800	0.52996	1.12651	0.99996	-0.00925	0.00101	0.00924	0.99989	0.01154	-0.00112	-0.01153	0.99993		-122.76045	-9.74842	-0.58646	-0.85758	0.64917	-0.82354	0.12471	0.99983	0.01437	-0.01133	-0.01454	0.99978	-0.01497	0.01111	0.01513	0.99982	
94	0.47000	11.65806	-0.54018	1.49835	0.66987	-0.04759	0.53034	1.14077	0.99996	-0.00926	0.00083	0.00925	0.99989	0.01169	-0.00094	-0.01168	0.99993		-122.85681	-9.68753	-0.62829	-0.83055	0.66232	-0.82354	0.12750	0.99983	0.01437	-0.01156	-0.01454	0.99979	-0.01449	0.01135	0.01466	0.99983	
95	0.47500	11.69272	-0.51640	1.53590	0.68368	-0.05108	0.53074	1.14123	0.99996	-0.00926	0.00089	0.00925	0.99989	0.01193	-0.00100	-0.01192	0.99993		-122.80543	-9.69660	-0.62886	-0.80416	0.67029	-0.82332	0.13655	0.99983	0.01437	-0.01170	-0.01453	0.99980	-0.01403	0.01149	0.01420	0.99983	
96	0.48000	11.61404	-0.48954	1.57114	0.69443	-0.03356	0.52323	1.12616	0.99996	-0.00913	0.00059	0.00912	0.99988	0.01212	-0.00070	-0.01211	0.99993		-122.86087	-9.68124	-0.62840	-0.78493	0.67465	-0.82483	0.13279	0.99983	0.01439	-0.01177	-0.01456	0.99980	-0.01370	0.01158	0.01387	0.99984	
97	0.48500	11.61669	-0.49355	1.57026	0.70316	-0.03162	0.52323	1.13013	0.99996	-0.00913	0.00055	0.00912	0.99988	0.01227	-0.00066	-0.01227	0.99992		-122.85837	-9.64633	-0.65685	-0.75301	0.68466	-0.82361	0.12409	0.99983	0.01437	-0.01195	-0.01453	0.99981	-0.01314	0.01176	0.01331	0.99984	
98	0.49000	11.56764	-0.46215	1.58806	0.71050	-0.01991	0.52265	1.13139	0.99996	-0.00912	0.00035	0.00912	0.99988	0.01240	-0.00046	-0.01240	0.99992		-122.89932	-9.59428	-0.68463	-0.72325	0.69331	-0.83034	0.14013	0.99982	0.01449	-0.01210	-0.01464	0.99981	-0.01262	0.01192	0.01280	0.99985	
99	0.49500	11.60880	-0.41729	1.62869	0.72749	-0.02545	0.53040	1.13261	0.99996	-0.00926	0.00044	0.00925	0.99988	0.01270	-0.00056	-0.01269	0.99992		-122.88282	-9.62027	-0.67974	-0.70190	0.69173	-0.83182	0.12838	0.99982	0.01452	-0.01207	-0.01466	0.99982	-0.01225	0.01189	0.01242	0.99985	
100	0.50000	11.62555	-0.41120	1.65182	0.73389	-0.01640	0.52783	1.12116	0.99996	-0.00921	0.00029	0.00921	0.99988	0.01281	-0.00040	-0.01281	0.99992		-122.89438	-9.55831	-0.71578	-0.66205	0.69986	-0.83418	0.14594	0.99982	0.01456	-0.01221	-0.01470	0.99983	-0.01155	0.01204	0.01173	0.99986	
101	0.50500	11.59744	-0.36793	1.65948	0.74354	-0.01653	0.52842	1.12772	0.99996	-0.00922	0.00029	0.00922	0.99987	0.01298	-0.00041	-0.01297	0.99992		-122.98351	-9.51880	-0.72966	-0.63552	0.70585	-0.82957	0.14161	0.99982	0.01448	-0.01232	-0.01461	0.99983	-0.01109	0.01216	0.01127	0.99986	
102	0.51000	11.54102	-0.37862	1.66309	0.75038	-0.00207	0.52950	1.11738	0.99996	-0.00924	0.00004	0.00924	0.99987	0.01310	-0.00016	-0.01310	0.99991		-122.94111	-9.49149	-0.73099	-0.60029	0.70713	-0.83910	0.12888	0.99982	0.01464	-0.01234	-0.01477	0.99984	-0.01048	0.01219	0.01066	0.99987	
103	0.51500	11.55487	-0.35819	1.67490	0.75560	-0.00707	0.52640	1.12564	0.99996	-0.00919	0.00012	0.00918	0.99987	0.01319	-0.00024	-0.01319	0.99991		-122.97372	-9.47627	-0.74579	-0.57167	0.70754	-0.83213	0.13784	0.99982	0.01452	-0.01235	-0.01465	0.99984	-0.00998	0.01220	0.01016	0.99987	
104	0.52000	11.52762	-0.31814	1.69822	0.76414	-0.00273	0.52706	1.12307	0.99996	-0.00920	0.00005	0.00920	0.99987	0.01334	-0.00017	-0.01334	0.99991		-123.02866	-9.38856	-0.75800	-0.53334	0.71053	-0.84029	0.13735	0.99982	0.01466	-0.01240	-0.01478	0.99985	-0.00931	0.01226	0.00949	0.99988	
105	0.52500	11.47576	-0.33230	1.70683	0.76829	0.00801	0.53641	1.10707	0.99996	-0.00936	-0.00014	0.00936	0.99987	0.01341	0.00001	-0.01341	0.99991		-122.98606	-9.39641	-0.75899	-0.50183	0.71381	-0.84093	0.12661	0.99981	0.01468	-0.01246	-0.01479	0.99985	-0.00876	0.01233	0.00894	0.99988	
106	0.53000	11.54078	-0.31290	1.70920	0.76877	0.00453	0.53681	1.12843	0.99996	-0.00937	-0.00008	0.00937	0.99987	0.01342	-0.00005	-0.01342	0.99991		-123.02093	-9.30749	-0.79914	-0.47038	0.71059	-0.84156	0.12642	0.99982	0.01469	-0.01240	-0.01479	0.99986	-0.00821	0.01228	0.00839	0.99989	
107	0.53500	11.49990	-0.29821	1.72825	0.77411	0.00964	0.54003	1.11711	0.99996	-0.00943	-0.00017	0.00943	0.99986	0.01351	0.00004	-0.01351	0.99991		-123.01806	-9.30249	-0.78428	-0.43803	0.71457	-0.84354	0.14477	0.99981	0.01472	-0.01247	-0.01482	0.99986	-0.00764	0.01236	0.00783	0.99989	
108	0.54000	11.48418	-0.26828	1.74275	0.78145	0.01310	0.53489	1.09985	0.99996	-0.00934	-0.00023	0.00934	0.99986	0.01364	0.00010	-0.01364	0.99991		-123.05167	-9.25176	-0.80864	-0.40101	0.71440	-0.85112	0.13155	0.99981	0.01485	-0.01247	-0.01494	0.99986	-0.00700	0.01236	0.00718	0.99990	
109	0.54500	11.44704	-0.24019	1.75999	0.78730	0.01506	0.53212	1.10100	0.99996	-0.00929	-0.00026	0.00929	0.99986	0.01374	0.00014	-0.01374	0.99991		-123.05981	-9.18915	-0.81456	-0.37091	0.71353	-0.85144	0.12693	0.99981	0.01486	-0.01245	-0.01494	0.99987	-0.00647	0.01236	0.00666	0.99990	
110	0.55000	11.43505	-0.22622	1.77556	0.79301	0.01360	0.53401	1.10311	0.99996	-0.00932	-0.00024	0.00932	0.99986	0.01384	0.00011	-0.01384	0.99990		-123.05662	-9.15887	-0.83921	-0.33391	0.71336	-0.85891	0.11958	0.99981	0.01499	-0.01245	-0.01506	0.99987	-0.00583	0.01236	0.00601	0.99991	
111	0.55500	11.38720	-0.27008	1.75574	0.78138	0.02876	0.53950	1.10448	0.99996	-0.00942	-0.00050	0.00942	0.99986	0.01364	0.00037	-0.01364	0.99991		-123.07947	-9.12854	-0.85273	-0.30183	0.71129	-0.85925	0.13224	0.99981	0.01499	-0.01241	-0.01506	0.99987	-0.00527	0.01233	0.00545	0.99991	
112	0.56000	11.37331	-0.21484	1.80353	0.78718	0.02568	0.53660	1.10789	0.99996	-0.00937	-0.00045	0.00937	0.99986	0.01374	0.00032	-0.01374	0.99991		-123.09425	-9.00718	-0.88343	-0.26023	0.71655	-0.86344	0.16922	0.99981	0.01507	-0.01251	-0.01513	0.99988	-0.00454	0.01244	0.00473	0.99991	
113	0.56500	11.33678	-0.21653	1.77818	0.78850	0.03126	0.54015	1.11444	0.99996	-0.00943	-0.00055	0.00943	0.99986	0.01376	0.00042	-0.01377	0.99991		-123.07318	-9.00200	-0.88367	-0.22809	0.70963	-0.86368	0.15761	0.99981	0.01507	-0.01238	-0.01512	0.99988	-0.00398	0.01232	0.00417	0.99992	
114	0.57000	11.37967	-0.19543	1.79999	0.78932	0.02851	0.54211	1.12607	0.99996	-0.00946	-0.00050	0.00947	0.99986	0.01378	0.00037	-0.01378	0.99990		-123.09758	-8.92272	-0.90831	-0.18969	0.70672	-0.86726	0.16982	0.99981	0.01513	-0.01233	-0.01518	0.99988	-0.00331	0.01228	0.00350	0.99992	
115	0.57500	11.32658	-0.16587	1.80556	0.79070	0.03265	0.54117	1.10760	0.99996	-0.00945	-0.00057	0.00945	0.99986	0.01380	0.00044	-0.01380	0.99990		-123.07284	-8.91542	-0.91292	-0.16799	0.69384	-0.86497	0.16266	0.99981	0.01509	-0.01211	-0.01513	0.99988	-0.00293	0.01206	0.00311	0.99992	
116	0.58000	11.32670	-0.14874	1.80292	0.79220	0.03069	0.54017	1.08885	0.99996	-0.00943	-0.00054	0.00943	0.99986	0.01383	0.00041	-0.01383	0.99990		-123.09460	-8.87644	-0.92892	-0.13163	0.69208	-0.86822	0.15655	0.99981	0.01515	-0.01208	-0.01518	0.99988	-0.00230	0.01204	0.00248	0.99992	
117	0.58500	11.29869	-0.14167	1.81567	0.78617	0.03881	0.53990	1.12963	0.99996	-0.00942	-0.00068	0.00943	0.99986	0.01372	0.00055	-0.01373	0.99991		-123.12341	-8.81664	-0.91885	-0.09883	0.68626	-0.86884	0.15937	0.99981	0.01516	-0.01198	-0.01518	0.99988	-0.00172	0.01195	0.00191	0.99993	
118	0.59000	11.25385	-0.16837	1.81341	0.77771	0.04030	0.54171	1.12331	0.99996	-0.00945	-0.00070	0.00946	0.99986	0.01357	0.00057	-0.01358	0.99991		-123.10284	-8.75790	-0.92969	-0.06799	0.67430	-0.87373	0.17025	0.99981	0.01525	-0.01177	-0.01526	0.99988	-0.00119	0.01175	0.00137	0.99993	
119	0.59500	11.22130	-0.17246	1.81290	0.77326	0.04778	0.54182	1.11157	0.99995	-0.00946	-0.00083	0.00947	0.99986	0.01350	0.00071	-0.01350	0.99991		-123.14964	-8.74078	-0.95134	-0.03655	0.67097	-0.87403	0.16815	0.99982	0.01525	-0.01171	-0.01526	0.99988	-0.00064	0.01170	0.00082	0.99993	
120	0.60000	11.20936	-0.13959	1.81643	0.77071	0.04687	0.54191	1.10005	0.99995	-0.00946	-0.00082	0.00947	0.99986	0.01345	0.00069	-0.01346	0.99991		-123.18098	-8.64401	-0.96065	-0.00457	0.66323	-0.88028	0.18518	0.99982	0.01536	-0.01158	-0.01536	0.99988	-0.00008	0.01157	0.00026	0.99993	
121	0.60500	11.21642	-0.13842	1.80247	0.76486	0.04709	0.54625	1.12449	0.99995	-0.00953	-0.00082	0.00954	0.99987	0.01335	0.00069	-0.01336	0.99991		-123.18926	-8.62995	-0.95367	0.02279	0.66066	-0.87953	0.18312	0.99982	0.01535	-0.01153	-0.01535	0.99988	0.00040	0.01154	-0.00022	0.99993	
122	0.61000	11.20666	-0.11473	1.80559	0.76078	0.04960	0.54729	1.11000	0.99995	-0.00955	-0.00087	0.00956	0.99987	0.01328	0.00074	-0.01329	0.99991		-123.17730	-8.58358	-0.98137	0.05251	0.65304	-0.88345	0.19895	0.99982	0.01542	-0.01140	-0.01541	0.99988	0.00092	0.01141	-0.00074	0.99993	
123	0.61500	11.20748	-0.12159	1.81543	0.75266	0.04932	0.55514	1.12997	0.99995	-0.00969	-0.00086	0.00970	0.99987	0.01314	0.00073	-0.01314	0.99991		-123.17788	-8.53249	-0.96638	0.07605	0.63977	-0.88609	0.18009	0.99982	0.01546	-0.01117	-0.01545	0.99988	0.00133	0.01119	-0.00115	0.99994	
124	0.62000	11.15369	-0.12569	1.80146	0.74703	0.05271	0.54898	1.09851	0.99995	-0.00958	-0.00092	0.00959	0.99987	0.01304	0.00079	-0.01305	0.99991		-123.13053	-8.51927	-0.96277	0.10208	0.62759	-0.88424	0.18018	0.99982	0.01543	-0.01095	-0.01541	0.99988	0.00178	0.01098	-0.00161	0.99994	
125	0.62500	11.20326	-0.09010	1.78626	0.74348	0.04605	0.54907	1.13115	0.99995	-0.00958	-0.00080	0.00959	0.99987	0.01298	0.00068	-0.01298	0.99992		-123.14742	-8.51106	-0.95332	0.11957	0.61536	-0.88099	0.16720	0.99982	0.01537	-0.01074	-0.01535	0.99988	0.00209	0.01077	-0.00192	0.99994	
126	0.63000	11.11884	-0.09802	1.78526	0.73317	0.05489	0.55029	1.10325	0.99995	-0.00960	-0.00096	0.00962	0.99987	0.01280	0.00083	-0.01280	0.99992		-123.17691	-8.39727	-0.97667	0.15835	0.61972	-0.88981	0.19161	0.99982	0.01553	-0.01082	-0.01550	0.99988	0.00276	0.01086	-0.00260	0.99994	
127	0.63500	11.10430	-0.10535	1.78366	0.72422	0.05770	0.55515	1.11458	0.99995	-0.00969	-0.00101	0.00970	0.99987	0.01264	0.00088	-0.01265	0.99992		-123.15095	-8.36175	-0.97283	0.17924	0.60533	-0.88912	0.19369	0.99982	0.01552	-0.01056	-0.01548	0.99988	0.00313	0.01061	-0.00296	0.99994	
128	0.64000	11.09995	-0.08179	1.77330	0.71576	0.05904	0.56293	1.12689	0.99995	-0.00982	-0.00103	0.00984	0.99987	0.01249	0.00091	-0.01250	0.99992		-123.14783	-8.30680	-0.99097	0.20427	0.59659	-0.89019	0.19015	0.99983	0.01554	-0.01041	-0.01550	0.99987	0.00356	0.01047	-0.00340	0.99994	
129	0.64500	11.06755	-0.10697	1.74367	0.70303	0.06024	0.56265	1.13271	0.99995	-0.00982	-0.00105	0.00983	0.99988	0.01227	0.00093	-0.01228	0.99992		-123.16355	-8.26857	-0.98339	0.22494	0.58719	-0.89374	0.19877	0.99983	0.01560	-0.01025	-0.01556	0.99987	0.00393	0.01031	-0.00377	0.99994	
130	0.65000	11.01622	-0.11664	1.74193	0.69221	0.06653	0.56160	1.13391	0.99995	-0.00980	-0.00116	0.00981	0.99988	0.01208	0.00104	-0.01209	0.99993		-123.17479	-8.22224	-0.97934	0.24411	0.57862	-0.89264	0.19557	0.99983	0.01558	-0.01010	-0.01554	0.99987	0.00426	0.01016	-0.00410	0.99994	
131	0.65500	11.02262	-0.12735	1.74627	0.68003	0.06233	0.55710	1.13639	0.99995	-0.00972	-0.00109	0.00974	0.99988	0.01187	0.00097	-0.01188	0.99993		-123.20604	-8.18614	-0.98512	0.26264	0.57061	-0.89799	0.22702	0.99983	0.01567	-0.00996	-0.01563	0.99987	0.00458	0.01003	-0.00443	0.99994	
132	0.66000	11.02585	-0.07944	1.73295	0.68028	0.06020	0.56341	1.12115	0.99995	-0.00983	-0.00105	0.00984	0.99988	0.01187	0.00093	-0.01188	0.99993		-123.20191	-8.15665	-0.98256	0.27934	0.56223	-0.89896	0.21501	0.99983	0.01569	-0.00981	-0.01564	0.99987	0.00488	0.00989	-0.00472	0.99994	
133	0.66500	11.02393	-0.10711	1.68365	0.66123	0.06388	0.56356	1.14070	0.99995	-0.00984	-0.00111	0.00985	0.99988	0.01154	0.00100	-0.01155	0.99993		-123.17704	-8.09500	-0.98098	0.29832	0.54863	-0.90451	0.21953	0.99983	0.01579	-0.00958	-0.01574	0.99986	0.00521	0.00966	-0.00505	0.99994	
134	0.67000	10.98393	-0.08553	1.70281	0.65750	0.06229	0.56098	1.13376	0.99995	-0.00979	-0.00109	0.00980	0.99989	0.01148	0.00097	-0.01149	0.99993		-123.21678	-8.06686	-0.99564	0.31419	0.54487	-0.90777	0.23443	0.99983	0.01584	-0.00951	-0.01579	0.99986	0.00548	0.00960	-0.00533	0.99994	
135	0.67500	10.92747	-0.12693	1.64777	0.63993	0.06771	0.56633	1.13221	0.99995	-0.00988	-0.00118	0.00990	0.99989	0.01117	0.00107	-0.01118	0.99994		-123.17158	-8.08136	-0.96465	0.31845	0.52679	-0.89755	0.21133	0.99984	0.01566	-0.00919	-0.01561	0.99986	0.00556	0.00928	-0.00541	0.99994	
136	0.68000	11.00940	-0.08446	1.65519	0.63993	0.05941	0.56450	1.13854	0.99995	-0.00985	-0.00104	0.00986	0.99989	0.01117	0.00093	-0.01118	0.99994		-123.19689	-8.03464	-0.98125	0.33449	0.51642	-0.89828	0.20082	0.99984	0.01568	-0.00901	-0.01562	0.99986	0.00584	0.00910	-0.00570	0.99994	
137	0.68500	10.91052	-0.12885	1.62051	0.61959	0.06764	0.56793	1.13716	0.99995	-0.00991	-0.00118	0.00992	0.99989	0.01081	0.00107	-0.01082	0.99994		-123.19473	-8.01483	-0.96130	0.34188	0.50760	-0.90151	0.21442	0.99984	0.01573	-0.00886	-0.01568	0.99986	0.00597	0.00895	-0.00583	0.99994	
138	0.69000	10.96510	-0.10576	1.61269	0.61083	0.06600	0.57491	1.13709	0.99995	-0.01003	-0.00115	0.01005	0.99989	0.01066	0.00104	-0.01067	0.99994		-123.16324	-7.98210	-0.96263	0.35437	0.49967	-0.90158	0.21856	0.99984	0.01573	-0.00872	-0.01568	0.99986	0.00618	0.00882	-0.00605	0.99994	
