NO_OF_FRAMES	12039
NO_OF_CAMERAS	8
NO_OF_BODIES	2
FREQUENCY	200
NO_OF_ANALOG	0
ANALOG_FREQUENCY	0
DESCRIPTION	--
TIME_STAMP	2013-07-03, 11:52:27	11564.26161536
DATA_INCLUDED	6D
BODY_NAMES	Ice 1	Ice 2
Frame	Time	Ice 1 X	Y	Z	Roll	Pitch	Yaw	Residual	Rot[0]	Rot[1]	Rot[2]	Rot[3]	Rot[4]	Rot[5]	Rot[6]	Rot[7]	Rot[8]	Ice 2 X	Y	Z	Roll	Pitch	Yaw	Residual	Rot[0]	Rot[1]	Rot[2]	Rot[3]	Rot[4]	Rot[5]	Rot[6]	Rot[7]	Rot[8]	
1	0.00500	8.04817	-17.90971	0.65367	0.50194	-0.01918	1.06378	0.99624	0.99983	-0.01857	0.00033	0.01856	0.99979	0.00876	-0.00050	-0.00875	0.99996		-192.67850	-73.19869	0.10657	-0.25692	0.38876	-0.26249	0.24074	0.99997	0.00458	-0.00679	-0.00461	0.99998	-0.00448	0.00676	0.00452	0.99997	
2	0.01000	7.93939	-17.91503	0.66528	0.50193	-0.00787	1.04912	0.94789	0.99983	-0.01831	0.00014	0.01831	0.99979	0.00876	-0.00030	-0.00876	0.99996		-192.73105	-73.20666	0.11489	-0.25583	0.39788	-0.25662	0.20599	0.99997	0.00448	-0.00694	-0.00451	0.99998	-0.00447	0.00692	0.00450	0.99997	
3	0.01500	7.90991	-17.91238	0.66908	0.50093	-0.00390	1.05334	0.96111	0.99983	-0.01838	0.00007	0.01838	0.99979	0.00874	-0.00023	-0.00874	0.99996		-192.73303	-73.20397	0.10647	-0.25426	0.39585	-0.26240	0.20798	0.99997	0.00458	-0.00691	-0.00461	0.99998	-0.00444	0.00689	0.00447	0.99997	
4	0.02000	7.93079	-17.92865	0.66359	0.50034	-0.00690	1.04602	0.94140	0.99983	-0.01826	0.00012	0.01825	0.99980	0.00873	-0.00028	-0.00873	0.99996		-192.71675	-73.21323	0.11473	-0.25611	0.39675	-0.25937	0.21570	0.99997	0.00453	-0.00692	-0.00456	0.99998	-0.00447	0.00690	0.00450	0.99997	
5	0.02500	7.90938	-17.92149	0.67404	0.49874	0.00023	1.05171	0.95475	0.99983	-0.01835	-0.00000	0.01835	0.99979	0.00870	-0.00016	-0.00870	0.99996		-192.69769	-73.20986	0.11042	-0.25534	0.39225	-0.26131	0.21677	0.99997	0.00456	-0.00685	-0.00459	0.99998	-0.00446	0.00683	0.00449	0.99997	
6	0.03000	7.89326	-17.91203	0.67296	0.50059	-0.00138	1.04658	0.93927	0.99983	-0.01827	0.00002	0.01826	0.99979	0.00874	-0.00018	-0.00873	0.99996		-192.67967	-73.21076	0.10594	-0.25734	0.39323	-0.25899	0.19649	0.99997	0.00452	-0.00686	-0.00455	0.99998	-0.00449	0.00684	0.00452	0.99997	
7	0.03500	7.92106	-17.91007	0.66167	0.50040	-0.00448	1.05243	0.96150	0.99983	-0.01837	0.00008	0.01837	0.99979	0.00873	-0.00024	-0.00873	0.99996		-192.69681	-73.20242	0.11466	-0.25485	0.38996	-0.26109	0.20664	0.99997	0.00456	-0.00681	-0.00459	0.99998	-0.00445	0.00679	0.00448	0.99997	
8	0.04000	7.92333	-17.90247	0.67765	0.50315	-0.00506	1.04680	0.94879	0.99983	-0.01827	0.00009	0.01827	0.99979	0.00878	-0.00025	-0.00878	0.99996		-192.71818	-73.22312	0.10671	-0.25749	0.39457	-0.25897	0.20609	0.99997	0.00452	-0.00689	-0.00455	0.99998	-0.00449	0.00687	0.00453	0.99997	
9	0.04500	7.89132	-17.92190	0.67266	0.50041	-0.00436	1.04920	0.94778	0.99983	-0.01831	0.00008	0.01831	0.99979	0.00873	-0.00024	-0.00873	0.99996		-192.71458	-73.21072	0.10653	-0.25671	0.39407	-0.25730	0.21085	0.99997	0.00449	-0.00688	-0.00452	0.99998	-0.00448	0.00686	0.00451	0.99997	
10	0.05000	7.95187	-17.92001	0.66295	0.50146	-0.00461	1.04899	0.95732	0.99983	-0.01831	0.00008	0.01831	0.99979	0.00875	-0.00024	-0.00875	0.99996		-192.70453	-73.21049	0.11048	-0.25547	0.39403	-0.26196	0.20901	0.99997	0.00457	-0.00688	-0.00460	0.99998	-0.00446	0.00686	0.00449	0.99997	
11	0.05500	7.65850	-18.08093	0.81680	0.49815	0.00093	1.05966	1.02590	0.99983	-0.01849	-0.00002	0.01849	0.99979	0.00869	-0.00014	-0.00869	0.99996		-192.69131	-73.21744	0.09782	-0.25792	0.39343	-0.26080	0.20630	0.99997	0.00455	-0.00687	-0.00458	0.99998	-0.00450	0.00685	0.00453	0.99997	
12	0.06000	7.64397	-18.09830	0.81905	0.49689	0.00101	1.05810	1.01622	0.99983	-0.01847	-0.00002	0.01847	0.99979	0.00867	-0.00014	-0.00867	0.99996		-192.69078	-73.20545	0.11011	-0.25520	0.39331	-0.26120	0.20537	0.99997	0.00456	-0.00686	-0.00459	0.99998	-0.00445	0.00684	0.00449	0.99997	
13	0.06500	7.64033	-18.09899	0.82276	0.49807	0.00126	1.06482	1.04548	0.99983	-0.01858	-0.00002	0.01858	0.99979	0.00869	-0.00014	-0.00869	0.99996		-192.73116	-73.20913	0.10678	-0.25547	0.39542	-0.25834	0.21586	0.99997	0.00451	-0.00690	-0.00454	0.99998	-0.00446	0.00688	0.00449	0.99997	
14	0.07000	7.64092	-18.11533	0.82102	0.49635	-0.00050	1.06200	1.04119	0.99983	-0.01853	0.00001	0.01853	0.99979	0.00866	-0.00017	-0.00866	0.99996		-192.68729	-73.21212	0.10192	-0.25671	0.39250	-0.26089	0.20614	0.99997	0.00455	-0.00685	-0.00458	0.99998	-0.00448	0.00683	0.00451	0.99997	
15	0.07500	7.62158	-18.12521	0.83814	0.49613	-0.00065	1.06813	1.05025	0.99983	-0.01864	0.00001	0.01864	0.99979	0.00866	-0.00017	-0.00866	0.99996		-192.68715	-73.21195	0.11852	-0.25671	0.39244	-0.26089	0.20619	0.99997	0.00455	-0.00685	-0.00458	0.99998	-0.00448	0.00683	0.00451	0.99997	
16	0.08000	7.57604	-18.13394	0.84990	0.49520	0.00406	1.05672	1.04356	0.99983	-0.01844	-0.00007	0.01844	0.99979	0.00864	-0.00009	-0.00864	0.99996		-192.69907	-73.21622	0.10190	-0.25764	0.39515	-0.26098	0.20537	0.99997	0.00455	-0.00690	-0.00459	0.99998	-0.00450	0.00688	0.00453	0.99997	
17	0.08500	7.63699	-18.13521	0.84262	0.49723	-0.00275	1.05968	1.04878	0.99983	-0.01849	0.00005	0.01849	0.99979	0.00868	-0.00021	-0.00868	0.99996		-192.70066	-73.21263	0.11039	-0.25601	0.39293	-0.25833	0.20282	0.99997	0.00451	-0.00686	-0.00454	0.99998	-0.00447	0.00684	0.00450	0.99997	
18	0.09000	7.58160	-18.13237	0.83955	0.49868	0.00017	1.06269	1.05218	0.99983	-0.01855	-0.00000	0.01855	0.99979	0.00870	-0.00016	-0.00870	0.99996		-192.69990	-73.20680	0.10188	-0.25457	0.39290	-0.26314	0.21284	0.99997	0.00459	-0.00686	-0.00462	0.99998	-0.00444	0.00684	0.00447	0.99997	
19	0.09500	7.60736	-18.14379	0.84032	0.49549	-0.00038	1.06127	1.05074	0.99983	-0.01852	0.00001	0.01852	0.99979	0.00865	-0.00017	-0.00865	0.99996		-192.73009	-73.21297	0.09433	-0.25539	0.39263	-0.26387	0.21877	0.99997	0.00461	-0.00685	-0.00464	0.99998	-0.00446	0.00683	0.00449	0.99997	
20	0.10000	7.59868	-18.14213	0.85863	0.49742	-0.00149	1.06351	1.05042	0.99983	-0.01856	0.00003	0.01856	0.99979	0.00868	-0.00019	-0.00868	0.99996		-192.71915	-73.22237	0.10660	-0.25725	0.39491	-0.26363	0.22069	0.99997	0.00460	-0.00689	-0.00463	0.99998	-0.00449	0.00687	0.00452	0.99997	
21	0.10500	7.58312	-18.15313	0.84864	0.49668	0.00264	1.06374	1.05890	0.99983	-0.01856	-0.00005	0.01856	0.99979	0.00867	-0.00011	-0.00867	0.99996		-192.69619	-73.21337	0.08954	-0.25606	0.39200	-0.26282	0.21457	0.99997	0.00459	-0.00684	-0.00462	0.99998	-0.00447	0.00682	0.00450	0.99997	
22	0.11000	7.55729	-18.15956	0.84825	0.49648	0.00366	1.06227	1.06235	0.99983	-0.01854	-0.00006	0.01854	0.99979	0.00867	-0.00010	-0.00866	0.99996		-192.69165	-73.21990	0.08971	-0.25756	0.39095	-0.26254	0.21735	0.99997	0.00458	-0.00682	-0.00461	0.99998	-0.00450	0.00680	0.00453	0.99997	
23	0.11500	7.56548	-18.14336	0.86613	0.49634	0.00369	1.06237	1.05584	0.99983	-0.01854	-0.00006	0.01854	0.99979	0.00866	-0.00010	-0.00866	0.99996		-192.72730	-73.22241	0.09439	-0.25550	0.39168	-0.26093	0.20513	0.99997	0.00455	-0.00684	-0.00458	0.99998	-0.00446	0.00682	0.00449	0.99997	
24	0.12000	7.53277	-18.16301	0.85045	0.49543	0.00171	1.06591	1.07668	0.99983	-0.01860	-0.00003	0.01860	0.99979	0.00865	-0.00013	-0.00865	0.99996		-192.69553	-73.21340	0.08124	-0.25606	0.39183	-0.26281	0.21652	0.99997	0.00459	-0.00684	-0.00462	0.99998	-0.00447	0.00682	0.00450	0.99997	
25	0.12500	7.53290	-18.16168	0.87414	0.49592	0.00137	1.06603	1.07158	0.99983	-0.01860	-0.00002	0.01860	0.99979	0.00866	-0.00014	-0.00865	0.99996		-192.73596	-73.23033	0.09479	-0.25854	0.39153	-0.25879	0.20481	0.99997	0.00452	-0.00683	-0.00455	0.99998	-0.00451	0.00681	0.00454	0.99997	
26	0.13000	7.55649	-18.16878	0.87121	0.49500	0.00140	1.06897	1.07051	0.99983	-0.01866	-0.00002	0.01866	0.99979	0.00864	-0.00014	-0.00864	0.99996		-192.70988	-73.23098	0.09013	-0.25630	0.38973	-0.26167	0.19801	0.99997	0.00457	-0.00680	-0.00460	0.99998	-0.00447	0.00678	0.00450	0.99997	
27	0.13500	7.58276	-18.15587	0.85394	0.49837	-0.00360	1.06434	1.07370	0.99983	-0.01858	0.00006	0.01857	0.99979	0.00870	-0.00022	-0.00870	0.99996		-192.73940	-73.22908	0.09042	-0.25609	0.39197	-0.26272	0.21449	0.99997	0.00459	-0.00684	-0.00462	0.99998	-0.00447	0.00682	0.00450	0.99997	
28	0.14000	7.55138	-18.16871	0.85637	0.49532	0.00230	1.06801	1.07559	0.99983	-0.01864	-0.00004	0.01864	0.99979	0.00864	-0.00012	-0.00864	0.99996		-192.72663	-73.22438	0.09018	-0.25684	0.39397	-0.26089	0.21491	0.99997	0.00455	-0.00688	-0.00458	0.99998	-0.00448	0.00686	0.00451	0.99997	
29	0.14500	7.54415	-18.16128	0.86122	0.49698	0.00148	1.06366	1.06921	0.99983	-0.01856	-0.00003	0.01856	0.99979	0.00867	-0.00014	-0.00867	0.99996		-192.72529	-73.21647	0.09009	-0.25407	0.39134	-0.26569	0.21841	0.99997	0.00464	-0.00683	-0.00467	0.99998	-0.00443	0.00681	0.00447	0.99997	
30	0.15000	7.57320	-18.16027	0.85499	0.49796	-0.00368	1.06869	1.07351	0.99983	-0.01865	0.00006	0.01865	0.99979	0.00869	-0.00023	-0.00869	0.99996		-192.74691	-73.22773	0.09451	-0.25580	0.39370	-0.26293	0.21381	0.99997	0.00459	-0.00687	-0.00462	0.99998	-0.00446	0.00685	0.00450	0.99997	
31	0.15500	7.52495	-18.16431	0.87966	0.49576	0.00513	1.06782	1.06366	0.99983	-0.01864	-0.00009	0.01864	0.99979	0.00865	-0.00007	-0.00865	0.99996		-192.73580	-73.22867	0.08191	-0.25482	0.39324	-0.26019	0.21006	0.99997	0.00454	-0.00686	-0.00457	0.99998	-0.00445	0.00684	0.00448	0.99997	
32	0.16000	7.53100	-18.18694	0.87154	0.49537	0.00177	1.06495	1.07619	0.99983	-0.01859	-0.00003	0.01859	0.99979	0.00865	-0.00013	-0.00864	0.99996		-192.73517	-73.22365	0.09037	-0.25487	0.39095	-0.26283	0.21531	0.99997	0.00459	-0.00682	-0.00462	0.99998	-0.00445	0.00680	0.00448	0.99997	
33	0.16500	7.51810	-18.16849	0.86626	0.49594	0.00184	1.06807	1.07121	0.99983	-0.01864	-0.00003	0.01864	0.99979	0.00866	-0.00013	-0.00865	0.99996		-192.74237	-73.21136	0.08185	-0.25411	0.39308	-0.26419	0.21420	0.99997	0.00461	-0.00686	-0.00464	0.99998	-0.00443	0.00684	0.00447	0.99997	
34	0.17000	7.53520	-18.17328	0.87120	0.49792	0.00448	1.06524	1.06774	0.99983	-0.01859	-0.00008	0.01859	0.99979	0.00869	-0.00008	-0.00869	0.99996		-192.74327	-73.22257	0.08195	-0.25459	0.39282	-0.26304	0.21357	0.99997	0.00459	-0.00686	-0.00462	0.99998	-0.00444	0.00684	0.00447	0.99997	
35	0.17500	7.52923	-18.18580	0.87039	0.49541	0.00190	1.06714	1.07173	0.99983	-0.01862	-0.00003	0.01862	0.99979	0.00865	-0.00013	-0.00865	0.99996		-192.73919	-73.22909	0.08627	-0.25608	0.39187	-0.26275	0.21543	0.99997	0.00459	-0.00684	-0.00462	0.99998	-0.00447	0.00682	0.00450	0.99997	
36	0.18000	7.52017	-18.18527	0.86940	0.49572	0.00366	1.06587	1.07033	0.99983	-0.01860	-0.00006	0.01860	0.99979	0.00865	-0.00010	-0.00865	0.99996		-192.73069	-73.23191	0.08578	-0.25440	0.39407	-0.26425	0.21459	0.99997	0.00461	-0.00688	-0.00464	0.99998	-0.00444	0.00686	0.00447	0.99997	
37	0.18500	7.55367	-18.17573	0.86439	0.49657	-0.00190	1.06761	1.08491	0.99983	-0.01863	0.00003	0.01863	0.99979	0.00867	-0.00019	-0.00866	0.99996		-192.77191	-73.22764	0.08244	-0.25393	0.39453	-0.26588	0.22589	0.99997	0.00464	-0.00689	-0.00467	0.99998	-0.00443	0.00687	0.00446	0.99997	
38	0.19000	7.51529	-18.17138	0.87588	0.49804	0.00243	1.06609	1.07438	0.99983	-0.01861	-0.00004	0.01861	0.99979	0.00869	-0.00012	-0.00869	0.99996		-192.74340	-73.24262	0.07377	-0.25497	0.39217	-0.26359	0.21501	0.99997	0.00460	-0.00684	-0.00463	0.99998	-0.00445	0.00682	0.00448	0.99997	
39	0.19500	7.52323	-18.17339	0.87075	0.49797	0.00038	1.06569	1.08622	0.99983	-0.01860	-0.00001	0.01860	0.99979	0.00869	-0.00016	-0.00869	0.99996		-192.74702	-73.23032	0.08640	-0.25545	0.39123	-0.26466	0.22527	0.99997	0.00462	-0.00683	-0.00465	0.99998	-0.00446	0.00681	0.00449	0.99997	
40	0.20000	7.53418	-18.18243	0.88030	0.49734	-0.00043	1.06565	1.07860	0.99983	-0.01860	0.00001	0.01860	0.99979	0.00868	-0.00017	-0.00868	0.99996		-192.75604	-73.22714	0.08225	-0.25383	0.39080	-0.26487	0.21428	0.99997	0.00462	-0.00682	-0.00465	0.99998	-0.00443	0.00680	0.00446	0.99997	
41	0.20500	7.49707	-18.17841	0.87593	0.49660	0.00584	1.06686	1.07743	0.99983	-0.01862	-0.00010	0.01862	0.99979	0.00867	-0.00006	-0.00867	0.99996		-192.76573	-73.23422	0.07417	-0.25337	0.39271	-0.26589	0.22707	0.99997	0.00464	-0.00685	-0.00467	0.99998	-0.00442	0.00683	0.00445	0.99997	
42	0.21000	7.51934	-18.19833	0.87975	0.49458	0.00401	1.06950	1.08747	0.99983	-0.01867	-0.00007	0.01867	0.99979	0.00863	-0.00009	-0.00863	0.99996		-192.77293	-73.24242	0.07425	-0.25526	0.39440	-0.26281	0.21440	0.99997	0.00459	-0.00688	-0.00462	0.99998	-0.00446	0.00686	0.00449	0.99997	
43	0.21500	7.53764	-18.18812	0.88009	0.49632	0.00162	1.06696	1.09532	0.99983	-0.01862	-0.00003	0.01862	0.99979	0.00866	-0.00013	-0.00866	0.99996		-192.79512	-73.25637	0.07471	-0.25664	0.39439	-0.26179	0.22006	0.99997	0.00457	-0.00688	-0.00460	0.99998	-0.00448	0.00686	0.00451	0.99997	
44	0.22000	7.53533	-18.19529	0.87413	0.49527	0.00363	1.07023	1.07818	0.99983	-0.01868	-0.00006	0.01868	0.99979	0.00864	-0.00010	-0.00864	0.99996		-192.76267	-73.26026	0.07843	-0.25615	0.39361	-0.26102	0.21138	0.99997	0.00456	-0.00687	-0.00459	0.99998	-0.00447	0.00685	0.00450	0.99997	
45	0.22500	7.52850	-18.17661	0.88179	0.49673	0.00267	1.06822	1.08690	0.99983	-0.01864	-0.00005	0.01864	0.99979	0.00867	-0.00012	-0.00867	0.99996		-192.78916	-73.23569	0.07863	-0.25306	0.39105	-0.26761	0.21864	0.99997	0.00467	-0.00683	-0.00470	0.99998	-0.00442	0.00680	0.00445	0.99997	
46	0.23000	7.51549	-18.17124	0.89620	0.49906	0.00371	1.06800	1.07700	0.99983	-0.01864	-0.00006	0.01864	0.99979	0.00871	-0.00010	-0.00871	0.99996		-192.76323	-73.26271	0.07441	-0.25579	0.39125	-0.26275	0.22224	0.99997	0.00459	-0.00683	-0.00462	0.99998	-0.00446	0.00681	0.00450	0.99997	
47	0.23500	7.50793	-18.18115	0.89375	0.49739	0.00198	1.06591	1.08730	0.99983	-0.01860	-0.00003	0.01860	0.99979	0.00868	-0.00013	-0.00868	0.99996		-192.78609	-73.25675	0.07470	-0.25587	0.38972	-0.26540	0.20817	0.99997	0.00463	-0.00680	-0.00466	0.99998	-0.00447	0.00678	0.00450	0.99997	
48	0.24000	7.55557	-18.17553	0.88881	0.49663	-0.00341	1.07227	1.09659	0.99982	-0.01871	0.00006	0.01871	0.99979	0.00867	-0.00022	-0.00867	0.99996		-192.77431	-73.26695	0.07030	-0.25672	0.39380	-0.26282	0.22248	0.99997	0.00459	-0.00687	-0.00462	0.99998	-0.00448	0.00685	0.00451	0.99997	
49	0.24500	7.51688	-18.18382	0.88472	0.49700	0.00235	1.06859	1.09387	0.99983	-0.01865	-0.00004	0.01865	0.99979	0.00867	-0.00012	-0.00867	0.99996		-192.79836	-73.24484	0.07476	-0.25519	0.39296	-0.26474	0.22446	0.99997	0.00462	-0.00686	-0.00465	0.99998	-0.00445	0.00684	0.00449	0.99997	
50	0.25000	7.51719	-18.17118	0.90011	0.49851	0.00101	1.06753	1.08383	0.99983	-0.01863	-0.00002	0.01863	0.99979	0.00870	-0.00014	-0.00870	0.99996		-192.81638	-73.25812	0.07513	-0.25529	0.39437	-0.26274	0.21434	0.99997	0.00459	-0.00688	-0.00462	0.99998	-0.00446	0.00686	0.00449	0.99997	
51	0.25500	7.50497	-18.19004	0.88429	0.49732	0.00127	1.07333	1.09301	0.99982	-0.01873	-0.00002	0.01873	0.99979	0.00868	-0.00014	-0.00868	0.99996		-192.83405	-73.26178	0.07156	-0.25550	0.39119	-0.26446	0.22509	0.99997	0.00462	-0.00683	-0.00465	0.99998	-0.00446	0.00681	0.00449	0.99997	
52	0.26000	7.51493	-18.18911	0.89476	0.49570	0.00229	1.07131	1.08326	0.99983	-0.01870	-0.00004	0.01870	0.99979	0.00865	-0.00012	-0.00865	0.99996		-192.82679	-73.25004	0.07104	-0.25453	0.39461	-0.26759	0.23767	0.99997	0.00467	-0.00689	-0.00470	0.99998	-0.00444	0.00687	0.00447	0.99997	
53	0.26500	7.49297	-18.19976	0.89642	0.49683	0.00356	1.06600	1.09133	0.99983	-0.01860	-0.00006	0.01860	0.99979	0.00867	-0.00010	-0.00867	0.99996		-192.81529	-73.26681	0.07490	-0.25607	0.39612	-0.26669	0.21813	0.99997	0.00465	-0.00691	-0.00469	0.99998	-0.00447	0.00689	0.00450	0.99997	
54	0.27000	7.48162	-18.20255	0.89889	0.49508	0.00465	1.06516	1.09297	0.99983	-0.01859	-0.00008	0.01859	0.99979	0.00864	-0.00008	-0.00864	0.99996		-192.82410	-73.25203	0.07523	-0.25505	0.39395	-0.26559	0.21750	0.99997	0.00464	-0.00688	-0.00467	0.99998	-0.00445	0.00685	0.00448	0.99997	
55	0.27500	7.50891	-18.21047	0.89987	0.49372	0.00164	1.06553	1.08463	0.99983	-0.01860	-0.00003	0.01860	0.99979	0.00862	-0.00013	-0.00862	0.99996		-192.84208	-73.25813	0.06709	-0.25557	0.39544	-0.26293	0.21270	0.99997	0.00459	-0.00690	-0.00462	0.99998	-0.00446	0.00688	0.00449	0.99997	
56	0.28000	7.49689	-18.18595	0.90982	0.49714	0.00543	1.06970	1.08694	0.99983	-0.01867	-0.00009	0.01867	0.99979	0.00868	-0.00007	-0.00868	0.99996		-192.81127	-73.27323	0.07098	-0.25666	0.39278	-0.26529	0.21675	0.99997	0.00463	-0.00686	-0.00466	0.99998	-0.00448	0.00683	0.00451	0.99997	
57	0.28500	7.49939	-18.18188	0.90429	0.49760	0.00232	1.06945	1.09210	0.99983	-0.01866	-0.00004	0.01866	0.99979	0.00868	-0.00012	-0.00868	0.99996		-192.84908	-73.25933	0.07966	-0.25494	0.39466	-0.26483	0.22382	0.99997	0.00462	-0.00689	-0.00465	0.99998	-0.00445	0.00687	0.00448	0.99997	
58	0.29000	7.52813	-18.20387	0.89976	0.49524	-0.00009	1.06902	1.09483	0.99983	-0.01866	0.00000	0.01866	0.99979	0.00864	-0.00016	-0.00864	0.99996		-192.82429	-73.28108	0.07569	-0.25873	0.39103	-0.26499	0.21939	0.99997	0.00462	-0.00682	-0.00466	0.99998	-0.00452	0.00680	0.00455	0.99997	
59	0.29500	7.50361	-18.20271	0.90686	0.49666	-0.00018	1.06951	1.10523	0.99983	-0.01867	0.00000	0.01866	0.99979	0.00867	-0.00017	-0.00867	0.99996		-192.82436	-73.26911	0.07547	-0.25602	0.39106	-0.26538	0.21743	0.99997	0.00463	-0.00683	-0.00466	0.99998	-0.00447	0.00680	0.00450	0.99997	
60	0.30000	7.50891	-18.19115	0.89882	0.49794	0.00194	1.06360	1.09784	0.99983	-0.01856	-0.00003	0.01856	0.99979	0.00869	-0.00013	-0.00869	0.99996		-192.82869	-73.26259	0.07115	-0.25453	0.39202	-0.26568	0.21561	0.99997	0.00464	-0.00684	-0.00467	0.99998	-0.00444	0.00682	0.00447	0.99997	
61	0.30500	7.51413	-18.19773	0.89904	0.49755	0.00267	1.06359	1.09412	0.99983	-0.01856	-0.00005	0.01856	0.99979	0.00868	-0.00011	-0.00868	0.99996		-192.82339	-73.26331	0.06281	-0.25458	0.39093	-0.27018	0.22985	0.99997	0.00472	-0.00682	-0.00475	0.99998	-0.00444	0.00680	0.00448	0.99997	
62	0.31000	7.53677	-18.22007	0.90120	0.49642	-0.00378	1.06432	1.09950	0.99983	-0.01857	0.00007	0.01857	0.99979	0.00866	-0.00023	-0.00866	0.99996		-192.84188	-73.24871	0.07542	-0.25250	0.39296	-0.26506	0.22248	0.99997	0.00463	-0.00686	-0.00466	0.99998	-0.00441	0.00684	0.00444	0.99997	
63	0.31500	7.50089	-18.21679	0.90891	0.49479	0.00235	1.06847	1.10000	0.99983	-0.01865	-0.00004	0.01865	0.99979	0.00864	-0.00012	-0.00863	0.99996		-192.83764	-73.27138	0.06722	-0.25562	0.39157	-0.26550	0.20672	0.99997	0.00463	-0.00683	-0.00466	0.99998	-0.00446	0.00681	0.00449	0.99997	
64	0.32000	7.51102	-18.20863	0.89646	0.49777	-0.00379	1.06518	1.10140	0.99983	-0.01859	0.00007	0.01859	0.99979	0.00869	-0.00023	-0.00868	0.99996		-192.85530	-73.26280	0.07148	-0.25483	0.39351	-0.26476	0.21288	0.99997	0.00462	-0.00687	-0.00465	0.99998	-0.00445	0.00685	0.00448	0.99997	
65	0.32500	7.49940	-18.20660	0.90860	0.49665	-0.00046	1.06975	1.10646	0.99983	-0.01867	0.00001	0.01867	0.99979	0.00867	-0.00017	-0.00867	0.99996		-192.86198	-73.28953	0.08053	-0.25689	0.39436	-0.25977	0.22170	0.99997	0.00453	-0.00688	-0.00456	0.99998	-0.00448	0.00686	0.00451	0.99997	
66	0.33000	7.49034	-18.20577	0.89711	0.49738	0.00085	1.06901	1.10484	0.99983	-0.01866	-0.00001	0.01866	0.99979	0.00868	-0.00015	-0.00868	0.99996		-192.86773	-73.27265	0.06343	-0.25503	0.39610	-0.26283	0.21349	0.99997	0.00459	-0.00691	-0.00462	0.99998	-0.00445	0.00689	0.00448	0.99997	
67	0.33500	7.46351	-18.20225	0.90099	0.49764	0.00136	1.06551	1.10411	0.99983	-0.01860	-0.00002	0.01860	0.99979	0.00869	-0.00014	-0.00868	0.99996		-192.86371	-73.28162	0.06379	-0.25616	0.39279	-0.26426	0.22586	0.99997	0.00461	-0.00686	-0.00464	0.99998	-0.00447	0.00683	0.00450	0.99997	
68	0.34000	7.48233	-18.22158	0.89914	0.49588	0.00021	1.06743	1.09052	0.99983	-0.01863	-0.00000	0.01863	0.99979	0.00865	-0.00016	-0.00865	0.99996		-192.86360	-73.27916	0.07190	-0.25653	0.39524	-0.26254	0.21443	0.99997	0.00458	-0.00690	-0.00461	0.99998	-0.00448	0.00688	0.00451	0.99997	
69	0.34500	7.46956	-18.21620	0.91410	0.49739	0.00152	1.07058	1.10030	0.99983	-0.01868	-0.00003	0.01868	0.99979	0.00868	-0.00014	-0.00868	0.99996		-192.85398	-73.26979	0.06746	-0.25439	0.39291	-0.26651	0.20891	0.99997	0.00465	-0.00686	-0.00468	0.99998	-0.00444	0.00684	0.00447	0.99997	
70	0.35000	7.47654	-18.22310	0.90028	0.49555	0.00122	1.06855	1.09744	0.99983	-0.01865	-0.00002	0.01865	0.99979	0.00865	-0.00014	-0.00865	0.99996		-192.86823	-73.29228	0.06795	-0.25654	0.39322	-0.26549	0.22763	0.99997	0.00463	-0.00686	-0.00466	0.99998	-0.00448	0.00684	0.00451	0.99997	
71	0.35500	7.51637	-18.21273	0.89157	0.49784	-0.00388	1.06817	1.09225	0.99983	-0.01864	0.00007	0.01864	0.99979	0.00869	-0.00023	-0.00869	0.99996		-192.87923	-73.26256	0.07186	-0.25294	0.39422	-0.26770	0.22548	0.99997	0.00467	-0.00688	-0.00470	0.99998	-0.00441	0.00686	0.00445	0.99997	
72	0.36000	7.46252	-18.22109	0.89416	0.49383	0.00126	1.06594	1.09180	0.99983	-0.01860	-0.00002	0.01860	0.99979	0.00862	-0.00014	-0.00862	0.99996		-192.86529	-73.29172	0.06774	-0.25528	0.39467	-0.26294	0.22066	0.99997	0.00459	-0.00689	-0.00462	0.99998	-0.00446	0.00687	0.00449	0.99997	
73	0.36500	7.45219	-18.24006	0.91472	0.49647	0.00063	1.06492	1.08683	0.99983	-0.01859	-0.00001	0.01858	0.99979	0.00866	-0.00015	-0.00866	0.99996		-192.86764	-73.29213	0.08046	-0.25654	0.39309	-0.26545	0.22879	0.99997	0.00463	-0.00686	-0.00466	0.99998	-0.00448	0.00684	0.00451	0.99997	
74	0.37000	7.48859	-18.24921	0.91156	0.49430	-0.00116	1.07052	1.09217	0.99983	-0.01868	0.00002	0.01868	0.99979	0.00863	-0.00018	-0.00863	0.99996		-192.88519	-73.28118	0.06390	-0.25519	0.39508	-0.26189	0.21996	0.99997	0.00457	-0.00690	-0.00460	0.99998	-0.00445	0.00687	0.00449	0.99997	
75	0.37500	7.46773	-18.22827	0.91366	0.49670	0.00326	1.06747	1.09467	0.99983	-0.01863	-0.00006	0.01863	0.99979	0.00867	-0.00010	-0.00867	0.99996		-192.91392	-73.27611	0.06393	-0.25428	0.39699	-0.26505	0.21173	0.99997	0.00463	-0.00693	-0.00466	0.99998	-0.00444	0.00691	0.00447	0.99997	
76	0.38000	7.47317	-18.24848	0.90544	0.49451	-0.00017	1.06583	1.10102	0.99983	-0.01860	0.00000	0.01860	0.99979	0.00863	-0.00016	-0.00863	0.99996		-192.87168	-73.27832	0.06787	-0.25454	0.39189	-0.26558	0.21663	0.99997	0.00464	-0.00684	-0.00467	0.99998	-0.00444	0.00682	0.00447	0.99997	
77	0.38500	7.46312	-18.20942	0.91114	0.49881	0.00332	1.06868	1.10249	0.99983	-0.01865	-0.00006	0.01865	0.99979	0.00871	-0.00010	-0.00871	0.99996		-192.88127	-73.26839	0.07207	-0.25438	0.39448	-0.26293	0.21252	0.99997	0.00459	-0.00688	-0.00462	0.99998	-0.00444	0.00686	0.00447	0.99997	
78	0.39000	7.47137	-18.23680	0.89873	0.49726	-0.00298	1.06381	1.08926	0.99983	-0.01857	0.00005	0.01856	0.99979	0.00868	-0.00021	-0.00868	0.99996		-192.86629	-73.28904	0.05968	-0.25587	0.39274	-0.26102	0.22122	0.99997	0.00456	-0.00685	-0.00459	0.99998	-0.00447	0.00683	0.00450	0.99997	
79	0.39500	7.49707	-18.23284	0.90264	0.49791	-0.00466	1.06447	1.11261	0.99983	-0.01858	0.00008	0.01858	0.99979	0.00869	-0.00024	-0.00869	0.99996		-192.86120	-73.29824	0.07218	-0.25801	0.39162	-0.26033	0.19434	0.99997	0.00454	-0.00684	-0.00457	0.99998	-0.00450	0.00681	0.00453	0.99997	
80	0.40000	7.43743	-18.24300	0.91303	0.49672	0.00156	1.06913	1.09389	0.99983	-0.01866	-0.00003	0.01866	0.99979	0.00867	-0.00013	-0.00867	0.99996		-192.92886	-73.29360	0.06056	-0.25750	0.39786	-0.25814	0.21796	0.99997	0.00451	-0.00694	-0.00454	0.99998	-0.00449	0.00692	0.00453	0.99997	
81	0.40500	7.46547	-18.24131	0.90778	0.49353	0.00421	1.06817	1.10076	0.99983	-0.01864	-0.00007	0.01864	0.99979	0.00861	-0.00009	-0.00861	0.99996		-192.87231	-73.28322	0.05941	-0.25450	0.39417	-0.26293	0.21103	0.99997	0.00459	-0.00688	-0.00462	0.99998	-0.00444	0.00686	0.00447	0.99997	
82	0.41000	7.43350	-18.24761	0.91538	0.49522	0.00616	1.06914	1.09212	0.99983	-0.01866	-0.00011	0.01866	0.99979	0.00864	-0.00005	-0.00864	0.99996		-192.88117	-73.27573	0.06794	-0.25398	0.39417	-0.26198	0.21982	0.99997	0.00457	-0.00688	-0.00460	0.99998	-0.00443	0.00686	0.00446	0.99997	
83	0.41500	7.49533	-18.22730	0.90218	0.50074	-0.00703	1.06542	1.10435	0.99983	-0.01859	0.00012	0.01859	0.99979	0.00874	-0.00029	-0.00874	0.99996		-192.87508	-73.28360	0.08043	-0.25577	0.39275	-0.26548	0.21681	0.99997	0.00463	-0.00685	-0.00466	0.99998	-0.00446	0.00683	0.00450	0.99997	
84	0.42000	7.50091	-18.23115	0.89845	0.49846	-0.00661	1.06724	1.10784	0.99983	-0.01863	0.00012	0.01862	0.99979	0.00870	-0.00028	-0.00870	0.99996		-192.88264	-73.29292	0.06813	-0.25585	0.39388	-0.26292	0.22331	0.99997	0.00459	-0.00687	-0.00462	0.99998	-0.00447	0.00685	0.00450	0.99997	
85	0.42500	7.53227	-18.23305	0.90954	0.49766	-0.00914	1.06708	1.09535	0.99983	-0.01862	0.00016	0.01862	0.99979	0.00869	-0.00032	-0.00868	0.99996		-192.86919	-73.29154	0.06789	-0.25431	0.39300	-0.26472	0.22556	0.99997	0.00462	-0.00686	-0.00465	0.99998	-0.00444	0.00684	0.00447	0.99997	
86	0.43000	7.44482	-18.24814	0.89409	0.49593	0.00026	1.06688	1.10210	0.99983	-0.01862	-0.00000	0.01862	0.99979	0.00866	-0.00016	-0.00865	0.99996		-192.91933	-73.28077	0.06869	-0.25453	0.39573	-0.26290	0.22330	0.99997	0.00459	-0.00691	-0.00462	0.99998	-0.00444	0.00689	0.00447	0.99997	
87	0.43500	7.47496	-18.24033	0.90598	0.49613	-0.00072	1.06673	1.09873	0.99983	-0.01862	0.00001	0.01862	0.99979	0.00866	-0.00017	-0.00866	0.99996		-192.85213	-73.30513	0.05980	-0.25836	0.39158	-0.26107	0.22594	0.99997	0.00456	-0.00683	-0.00459	0.99998	-0.00451	0.00681	0.00454	0.99997	
88	0.44000	7.47532	-18.23843	0.91935	0.49782	0.00062	1.06724	1.10097	0.99983	-0.01863	-0.00001	0.01863	0.99979	0.00869	-0.00015	-0.00869	0.99996		-192.87754	-73.29434	0.06797	-0.25715	0.39521	-0.25803	0.19956	0.99997	0.00450	-0.00690	-0.00453	0.99998	-0.00449	0.00688	0.00452	0.99997	
89	0.44500	7.45067	-18.26337	0.91599	0.49417	0.00000	1.06832	1.10476	0.99983	-0.01864	-0.00000	0.01864	0.99979	0.00862	-0.00016	-0.00862	0.99996		-192.91639	-73.28033	0.06842	-0.25326	0.39720	-0.26036	0.21680	0.99997	0.00454	-0.00693	-0.00457	0.99998	-0.00442	0.00691	0.00445	0.99997	
90	0.45000	7.46923	-18.23324	0.89911	0.49908	-0.00188	1.06800	1.10631	0.99983	-0.01864	0.00003	0.01864	0.99979	0.00871	-0.00020	-0.00871	0.99996		-192.89960	-73.28182	0.06402	-0.25449	0.39574	-0.25934	0.21458	0.99997	0.00453	-0.00691	-0.00456	0.99998	-0.00444	0.00689	0.00447	0.99997	
91	0.45500	7.43510	-18.24013	0.90389	0.49603	0.00649	1.07092	1.09853	0.99983	-0.01869	-0.00011	0.01869	0.99979	0.00866	-0.00005	-0.00866	0.99996		-192.88149	-73.30219	0.07657	-0.25800	0.39371	-0.25966	0.21076	0.99997	0.00453	-0.00687	-0.00456	0.99998	-0.00450	0.00685	0.00453	0.99997	
92	0.46000	7.49734	-18.24800	0.90689	0.49665	-0.00563	1.06914	1.10154	0.99983	-0.01866	0.00010	0.01866	0.99979	0.00867	-0.00026	-0.00866	0.99996		-192.88652	-73.28630	0.05965	-0.25434	0.39477	-0.26321	0.22271	0.99997	0.00459	-0.00689	-0.00462	0.99998	-0.00444	0.00687	0.00447	0.99997	
93	0.46500	7.43959	-18.24159	0.90029	0.49655	0.00158	1.06993	1.11560	0.99983	-0.01867	-0.00003	0.01867	0.99979	0.00867	-0.00013	-0.00867	0.99996		-192.90156	-73.27235	0.07646	-0.25439	0.39656	-0.26224	0.22990	0.99997	0.00458	-0.00692	-0.00461	0.99998	-0.00444	0.00690	0.00447	0.99997	
94	0.47000	7.46874	-18.25779	0.91154	0.49486	-0.00255	1.06679	1.11331	0.99983	-0.01862	0.00004	0.01862	0.99979	0.00864	-0.00021	-0.00863	0.99996		-192.86915	-73.28424	0.05963	-0.25382	0.39084	-0.26454	0.21532	0.99997	0.00462	-0.00682	-0.00465	0.99998	-0.00443	0.00680	0.00446	0.99997	
95	0.47500	7.46469	-18.25506	0.91142	0.49656	0.00077	1.06283	1.10445	0.99983	-0.01855	-0.00001	0.01855	0.99979	0.00867	-0.00015	-0.00867	0.99996		-192.87139	-73.31998	0.05994	-0.25889	0.39288	-0.25784	0.21290	0.99997	0.00450	-0.00686	-0.00453	0.99998	-0.00452	0.00684	0.00455	0.99997	
96	0.48000	7.47967	-18.24154	0.90305	0.49763	-0.00472	1.06951	1.10206	0.99983	-0.01867	0.00008	0.01866	0.99979	0.00869	-0.00024	-0.00868	0.99996		-192.88652	-73.28642	0.05965	-0.25435	0.39474	-0.26322	0.22251	0.99997	0.00459	-0.00689	-0.00462	0.99998	-0.00444	0.00687	0.00447	0.99997	
97	0.48500	7.45343	-18.24481	0.90170	0.49611	0.00218	1.06746	1.10029	0.99983	-0.01863	-0.00004	0.01863	0.99979	0.00866	-0.00012	-0.00866	0.99996		-192.86170	-73.29459	0.06388	-0.25716	0.39155	-0.26222	0.20598	0.99997	0.00458	-0.00683	-0.00461	0.99998	-0.00449	0.00681	0.00452	0.99997	
98	0.49000	7.47686	-18.24387	0.90004	0.49681	-0.00337	1.06817	1.11503	0.99983	-0.01864	0.00006	0.01864	0.99979	0.00867	-0.00022	-0.00867	0.99996		-192.88179	-73.26864	0.06750	-0.25211	0.39888	-0.26084	0.21641	0.99997	0.00455	-0.00696	-0.00458	0.99998	-0.00440	0.00694	0.00443	0.99997	
99	0.49500	7.45563	-18.24038	0.91473	0.49910	-0.00403	1.06649	1.11125	0.99983	-0.01861	0.00007	0.01861	0.99979	0.00871	-0.00023	-0.00871	0.99996		-192.86588	-73.30037	0.07186	-0.25611	0.39680	-0.26005	0.20944	0.99997	0.00454	-0.00693	-0.00457	0.99998	-0.00447	0.00691	0.00450	0.99997	
100	0.50000	7.45316	-18.24954	0.91327	0.49581	0.00105	1.06918	1.11419	0.99983	-0.01866	-0.00002	0.01866	0.99979	0.00865	-0.00014	-0.00865	0.99996		-192.87363	-73.27586	0.06355	-0.25372	0.39686	-0.25929	0.21769	0.99997	0.00453	-0.00693	-0.00456	0.99998	-0.00443	0.00691	0.00446	0.99997	
101	0.50500	7.46262	-18.23857	0.91738	0.49933	-0.00236	1.06850	1.11710	0.99983	-0.01865	0.00004	0.01865	0.99979	0.00871	-0.00020	-0.00871	0.99996		-192.86784	-73.29245	0.05513	-0.25539	0.39522	-0.26453	0.21371	0.99997	0.00462	-0.00690	-0.00465	0.99998	-0.00446	0.00688	0.00449	0.99997	
102	0.51000	7.48181	-18.24131	0.92411	0.49730	-0.00185	1.07205	1.11362	0.99982	-0.01871	0.00003	0.01871	0.99979	0.00868	-0.00019	-0.00868	0.99996		-192.86307	-73.29235	0.07206	-0.25550	0.39402	-0.25825	0.20841	0.99997	0.00451	-0.00688	-0.00454	0.99998	-0.00446	0.00686	0.00449	0.99997	
103	0.51500	7.44240	-18.24527	0.92701	0.49822	-0.00056	1.06350	1.11791	0.99983	-0.01856	0.00001	0.01856	0.99979	0.00870	-0.00017	-0.00869	0.99996		-192.86090	-73.28972	0.06343	-0.25574	0.39601	-0.25995	0.20938	0.99997	0.00454	-0.00691	-0.00457	0.99998	-0.00446	0.00689	0.00449	0.99997	
104	0.52000	7.47846	-18.23725	0.91058	0.49788	-0.00283	1.06729	1.11754	0.99983	-0.01863	0.00005	0.01863	0.99979	0.00869	-0.00021	-0.00869	0.99996		-192.86178	-73.29705	0.05925	-0.25624	0.39830	-0.26016	0.21877	0.99997	0.00454	-0.00695	-0.00457	0.99998	-0.00447	0.00693	0.00450	0.99997	
105	0.52500	7.46839	-18.23165	0.91261	0.49822	-0.00467	1.07380	1.13143	0.99982	-0.01874	0.00008	0.01874	0.99979	0.00870	-0.00024	-0.00869	0.99996		-192.87267	-73.27867	0.06740	-0.25229	0.39637	-0.26349	0.21913	0.99997	0.00460	-0.00692	-0.00463	0.99998	-0.00440	0.00690	0.00443	0.99997	
106	0.53000	7.47964	-18.24105	0.90311	0.49674	-0.00341	1.06990	1.10494	0.99983	-0.01867	0.00006	0.01867	0.99979	0.00867	-0.00022	-0.00867	0.99996		-192.83925	-73.29748	0.06743	-0.25720	0.39579	-0.26249	0.22516	0.99997	0.00458	-0.00691	-0.00461	0.99998	-0.00449	0.00689	0.00452	0.99997	
107	0.53500	7.47106	-18.23561	0.90136	0.49784	-0.00237	1.07300	1.12125	0.99982	-0.01873	0.00004	0.01873	0.99979	0.00869	-0.00020	-0.00869	0.99996		-192.84425	-73.28668	0.06292	-0.25476	0.39668	-0.25949	0.21736	0.99997	0.00453	-0.00692	-0.00456	0.99998	-0.00445	0.00690	0.00448	0.99997	
108	0.54000	7.48970	-18.23687	0.90230	0.49717	-0.00491	1.07061	1.11336	0.99983	-0.01868	0.00009	0.01868	0.99979	0.00868	-0.00025	-0.00867	0.99996		-192.84323	-73.27408	0.07557	-0.25305	0.39457	-0.26586	0.22639	0.99997	0.00464	-0.00689	-0.00467	0.99998	-0.00442	0.00687	0.00445	0.99997	
109	0.54500	7.45442	-18.24503	0.90573	0.49714	0.00019	1.06942	1.11003	0.99983	-0.01866	-0.00000	0.01866	0.99979	0.00868	-0.00016	-0.00868	0.99996		-192.87254	-73.28442	0.06332	-0.25451	0.39861	-0.26330	0.22351	0.99997	0.00460	-0.00696	-0.00463	0.99998	-0.00444	0.00694	0.00447	0.99997	
110	0.55000	7.47583	-18.26281	0.91268	0.49510	-0.00373	1.07130	1.12762	0.99983	-0.01870	0.00007	0.01870	0.99979	0.00864	-0.00023	-0.00864	0.99996		-192.85906	-73.27902	0.05929	-0.25436	0.39360	-0.26741	0.22666	0.99997	0.00467	-0.00687	-0.00470	0.99998	-0.00444	0.00685	0.00447	0.99997	
111	0.55500	7.44701	-18.25378	0.91585	0.49510	0.00145	1.07113	1.12646	0.99983	-0.01869	-0.00003	0.01869	0.99979	0.00864	-0.00014	-0.00864	0.99996		-192.86094	-73.29702	0.07169	-0.25624	0.39816	-0.26013	0.21958	0.99997	0.00454	-0.00695	-0.00457	0.99998	-0.00447	0.00693	0.00450	0.99997	
112	0.56000	7.48439	-18.25713	0.89240	0.49580	-0.00536	1.07306	1.13506	0.99982	-0.01873	0.00009	0.01873	0.99979	0.00865	-0.00026	-0.00865	0.99996		-192.83921	-73.29018	0.05923	-0.25671	0.39363	-0.26232	0.21511	0.99997	0.00458	-0.00687	-0.00461	0.99998	-0.00448	0.00685	0.00451	0.99997	
113	0.56500	7.46123	-18.23465	0.90397	0.49956	-0.00227	1.07223	1.13058	0.99982	-0.01871	0.00004	0.01871	0.99979	0.00872	-0.00020	-0.00872	0.99996		-192.86044	-73.28488	0.05114	-0.25579	0.39369	-0.26259	0.21632	0.99997	0.00458	-0.00687	-0.00461	0.99998	-0.00446	0.00685	0.00450	0.99997	
114	0.57000	7.49100	-18.25239	0.89177	0.49603	-0.00483	1.07031	1.13472	0.99983	-0.01868	0.00008	0.01868	0.99979	0.00866	-0.00025	-0.00865	0.99996		-192.84552	-73.29651	0.07566	-0.25614	0.39452	-0.25912	0.20702	0.99997	0.00452	-0.00689	-0.00455	0.99998	-0.00447	0.00687	0.00450	0.99997	
115	0.57500	7.47270	-18.24384	0.90119	0.49835	-0.00488	1.06974	1.13767	0.99983	-0.01867	0.00009	0.01867	0.99979	0.00870	-0.00025	-0.00869	0.99996		-192.85321	-73.29814	0.06345	-0.25651	0.39636	-0.25993	0.22143	0.99997	0.00454	-0.00692	-0.00457	0.99998	-0.00448	0.00690	0.00451	0.99997	
116	0.58000	7.48548	-18.23562	0.90175	0.49883	-0.00588	1.07043	1.13201	0.99983	-0.01868	0.00010	0.01868	0.99979	0.00871	-0.00027	-0.00870	0.99996		-192.83586	-73.28058	0.06308	-0.25454	0.39265	-0.25911	0.20858	0.99997	0.00452	-0.00685	-0.00455	0.99998	-0.00444	0.00683	0.00447	0.99997	
117	0.58500	7.45858	-18.23495	0.89060	0.49697	0.00353	1.07798	1.12439	0.99982	-0.01881	-0.00006	0.01881	0.99979	0.00867	-0.00010	-0.00867	0.99996		-192.83353	-73.30454	0.06362	-0.25891	0.39431	-0.25754	0.21438	0.99997	0.00449	-0.00688	-0.00453	0.99998	-0.00452	0.00686	0.00455	0.99997	
118	0.59000	7.45989	-18.22302	0.90996	0.49910	-0.00215	1.07566	1.14093	0.99982	-0.01877	0.00004	0.01877	0.99979	0.00871	-0.00020	-0.00871	0.99996		-192.85240	-73.29242	0.06294	-0.25404	0.39822	-0.26148	0.20960	0.99997	0.00456	-0.00695	-0.00459	0.99998	-0.00443	0.00693	0.00447	0.99997	
119	0.59500	7.46096	-18.22495	0.91404	0.50003	-0.00076	1.07447	1.12797	0.99982	-0.01875	0.00001	0.01875	0.99979	0.00873	-0.00018	-0.00873	0.99996		-192.83967	-73.30483	0.05915	-0.25894	0.39562	-0.26153	0.20907	0.99997	0.00456	-0.00690	-0.00460	0.99998	-0.00452	0.00688	0.00455	0.99997	
120	0.60000	7.48116	-18.23760	0.91046	0.49663	-0.00300	1.07187	1.10993	0.99983	-0.01871	0.00005	0.01871	0.99979	0.00867	-0.00021	-0.00867	0.99996		-192.84112	-73.29159	0.06743	-0.25594	0.39607	-0.25812	0.21178	0.99997	0.00450	-0.00691	-0.00454	0.99998	-0.00447	0.00689	0.00450	0.99997	
121	0.60500	7.45136	-18.22836	0.91351	0.49816	0.00003	1.07289	1.12493	0.99982	-0.01872	-0.00000	0.01872	0.99979	0.00869	-0.00016	-0.00869	0.99996		-192.82523	-73.29037	0.06669	-0.25320	0.39675	-0.26586	0.21580	0.99997	0.00464	-0.00692	-0.00467	0.99998	-0.00442	0.00690	0.00445	0.99997	
122	0.61000	7.45992	-18.23302	0.90526	0.49937	-0.00267	1.07702	1.14224	0.99982	-0.01880	0.00005	0.01880	0.99979	0.00872	-0.00021	-0.00871	0.99996		-192.84299	-73.28364	0.06315	-0.25612	0.39695	-0.26374	0.21758	0.99997	0.00460	-0.00693	-0.00463	0.99998	-0.00447	0.00691	0.00450	0.99997	
123	0.61500	7.45019	-18.21988	0.91496	0.50038	0.00011	1.07167	1.12572	0.99983	-0.01870	-0.00000	0.01870	0.99979	0.00873	-0.00016	-0.00873	0.99996		-192.85722	-73.30467	0.06350	-0.25681	0.39946	-0.26067	0.21714	0.99997	0.00455	-0.00697	-0.00458	0.99998	-0.00448	0.00695	0.00451	0.99997	
124	0.62000	7.47069	-18.22367	0.90491	0.50138	-0.00390	1.07355	1.12690	0.99982	-0.01874	0.00007	0.01873	0.99979	0.00875	-0.00023	-0.00875	0.99996		-192.83984	-73.30613	0.07161	-0.25804	0.39789	-0.25961	0.21500	0.99997	0.00453	-0.00694	-0.00456	0.99998	-0.00450	0.00692	0.00454	0.99997	
125	0.62500	7.45627	-18.22827	0.89802	0.49933	0.00035	1.07428	1.12079	0.99982	-0.01875	-0.00001	0.01875	0.99979	0.00871	-0.00016	-0.00871	0.99996		-192.84024	-73.28609	0.07570	-0.25677	0.39624	-0.25791	0.21115	0.99997	0.00450	-0.00692	-0.00453	0.99998	-0.00448	0.00690	0.00451	0.99997	
126	0.63000	7.48370	-18.22416	0.89150	0.49958	-0.00367	1.07185	1.12482	0.99983	-0.01871	0.00006	0.01871	0.99979	0.00872	-0.00023	-0.00872	0.99996		-192.82750	-73.27655	0.06257	-0.25305	0.40015	-0.26167	0.23213	0.99997	0.00457	-0.00698	-0.00460	0.99998	-0.00442	0.00696	0.00445	0.99997	
127	0.63500	7.47494	-18.22542	0.90606	0.49880	-0.00202	1.07454	1.11466	0.99982	-0.01875	0.00004	0.01875	0.99979	0.00871	-0.00020	-0.00870	0.99996		-192.81572	-73.30335	0.05902	-0.25835	0.39475	-0.25866	0.21641	0.99997	0.00451	-0.00689	-0.00455	0.99998	-0.00451	0.00687	0.00454	0.99997	
128	0.64000	7.45724	-18.22797	0.89704	0.49953	-0.00015	1.07439	1.12337	0.99982	-0.01875	0.00000	0.01875	0.99979	0.00872	-0.00017	-0.00872	0.99996		-192.84507	-73.30876	0.06354	-0.25986	0.39695	-0.25764	0.21347	0.99997	0.00450	-0.00693	-0.00453	0.99998	-0.00454	0.00691	0.00457	0.99997	
129	0.64500	7.48703	-18.23235	0.89964	0.49997	-0.00568	1.07736	1.13078	0.99982	-0.01880	0.00010	0.01880	0.99979	0.00873	-0.00026	-0.00872	0.99996		-192.81414	-73.30600	0.07952	-0.25776	0.39657	-0.26054	0.21702	0.99997	0.00455	-0.00692	-0.00458	0.99998	-0.00450	0.00690	0.00453	0.99997	
130	0.65000	7.47085	-18.22685	0.90690	0.49834	-0.00034	1.07242	1.12136	0.99982	-0.01872	0.00001	0.01872	0.99979	0.00870	-0.00017	-0.00870	0.99996		-192.81913	-73.29738	0.07942	-0.25492	0.39522	-0.26088	0.20456	0.99997	0.00455	-0.00690	-0.00458	0.99998	-0.00445	0.00688	0.00448	0.99997	
131	0.65500	7.47691	-18.22007	0.88687	0.50036	-0.00548	1.07172	1.12941	0.99983	-0.01870	0.00010	0.01870	0.99979	0.00873	-0.00026	-0.00873	0.99996		-192.81240	-73.29764	0.06667	-0.25667	0.39874	-0.26360	0.21786	0.99997	0.00460	-0.00696	-0.00463	0.99998	-0.00448	0.00694	0.00451	0.99997	
132	0.66000	7.51422	-18.21788	0.87627	0.49967	-0.00468	1.06992	1.12183	0.99983	-0.01867	0.00008	0.01867	0.99979	0.00872	-0.00024	-0.00872	0.99996		-192.80302	-73.30925	0.07114	-0.25733	0.39612	-0.26065	0.22871	0.99997	0.00455	-0.00691	-0.00458	0.99998	-0.00449	0.00689	0.00452	0.99997	
133	0.66500	7.49566	-18.23305	0.88488	0.50075	-0.00804	1.07428	1.12572	0.99982	-0.01875	0.00014	0.01875	0.99979	0.00874	-0.00030	-0.00874	0.99996		-192.80795	-73.31259	0.07125	-0.25720	0.39476	-0.26055	0.21780	0.99997	0.00455	-0.00689	-0.00458	0.99998	-0.00449	0.00687	0.00452	0.99997	
134	0.67000	7.52482	-18.20512	0.87472	0.50388	-0.00964	1.07299	1.13390	0.99982	-0.01873	0.00017	0.01872	0.99979	0.00879	-0.00033	-0.00879	0.99996		-192.82428	-73.29646	0.07567	-0.25589	0.39433	-0.25964	0.21607	0.99997	0.00453	-0.00688	-0.00456	0.99998	-0.00447	0.00686	0.00450	0.99997	
135	0.67500	7.49702	-18.22122	0.88043	0.50123	-0.00794	1.07198	1.13835	0.99983	-0.01871	0.00014	0.01871	0.99979	0.00875	-0.00030	-0.00874	0.99996		-192.81049	-73.30060	0.06697	-0.25654	0.39570	-0.26069	0.21727	0.99997	0.00455	-0.00691	-0.00458	0.99998	-0.00448	0.00689	0.00451	0.99997	
136	0.68000	7.48637	-18.22378	0.89248	0.50066	-0.00575	1.07218	1.14477	0.99982	-0.01871	0.00010	0.01871	0.99979	0.00874	-0.00026	-0.00873	0.99996		-192.82120	-73.30480	0.07945	-0.25748	0.39823	-0.26073	0.21760	0.99997	0.00455	-0.00695	-0.00458	0.99998	-0.00449	0.00693	0.00453	0.99997	
137	0.68500	7.46059	-18.22141	0.89111	0.50081	-0.00400	1.07508	1.13275	0.99982	-0.01876	0.00007	0.01876	0.99979	0.00874	-0.00023	-0.00874	0.99996		-192.83993	-73.29150	0.06284	-0.25354	0.40003	-0.26219	0.21566	0.99997	0.00458	-0.00698	-0.00461	0.99998	-0.00443	0.00696	0.00446	0.99997	
138	0.69000	7.49089	-18.23060	0.88482	0.50020	-0.00538	1.07386	1.12852	0.99982	-0.01874	0.00009	0.01874	0.99979	0.00873	-0.00026	-0.00873	0.99996		-192.83604	-73.31521	0.07570	-0.25690	0.39884	-0.26167	0.21982	0.99997	0.00457	-0.00696	-0.00460	0.99998	-0.00448	0.00694	0.00452	0.99997	
