NO_OF_FRAMES	12027
NO_OF_CAMERAS	8
NO_OF_BODIES	2
FREQUENCY	200
NO_OF_ANALOG	0
ANALOG_FREQUENCY	0
DESCRIPTION	--
TIME_STAMP	2013-07-03, 16:27:28	28065.33458275
DATA_INCLUDED	6D
BODY_NAMES	Ice 1	Ice 2
Frame	Time	Ice 1 X	Y	Z	Roll	Pitch	Yaw	Residual	Rot[0]	Rot[1]	Rot[2]	Rot[3]	Rot[4]	Rot[5]	Rot[6]	Rot[7]	Rot[8]	Ice 2 X	Y	Z	Roll	Pitch	Yaw	Residual	Rot[0]	Rot[1]	Rot[2]	Rot[3]	Rot[4]	Rot[5]	Rot[6]	Rot[7]	Rot[8]	
1	0.00500	1507.82101	-731.08933	-2.91320	0.20403	-0.52987	-2.27734	3.97220	0.99917	0.03973	0.00925	-0.03977	0.99920	0.00356	-0.00910	-0.00393	0.99995		1241.99975	509.83781	-10.18867	-0.91314	0.95512	11.16474	0.06056	0.98094	-0.19360	-0.01667	0.19335	0.98100	-0.01593	0.01944	0.01241	0.99973	
2	0.01000	1507.53826	-731.15958	-2.97829	0.20124	-0.50293	-2.29238	4.00872	0.99916	0.04000	0.00878	-0.04003	0.99919	0.00351	-0.00863	-0.00386	0.99996		1241.89095	509.82614	-10.28433	-0.90042	0.93664	11.14023	0.06878	0.98103	-0.19319	-0.01635	0.19293	0.98109	-0.01571	0.01907	0.01226	0.99974	
3	0.01500	1507.50279	-731.20934	-3.05409	0.20484	-0.50415	-2.29998	4.01612	0.99916	0.04013	0.00880	-0.04016	0.99919	0.00357	-0.00865	-0.00393	0.99995		1241.91532	509.85955	-10.23793	-0.88454	0.92358	11.13613	0.05794	0.98104	-0.19312	-0.01612	0.19287	0.98110	-0.01544	0.01879	0.01203	0.99975	
4	0.02000	1507.34488	-731.23516	-3.15799	0.21254	-0.48957	-2.29935	4.07980	0.99916	0.04012	0.00854	-0.04015	0.99919	0.00371	-0.00839	-0.00405	0.99996		1241.70854	509.87767	-10.19898	-0.88092	0.96070	11.13026	0.03687	0.98105	-0.19301	-0.01677	0.19276	0.98112	-0.01537	0.01942	0.01185	0.99974	
5	0.02500	1507.34034	-731.28712	-3.23808	0.21384	-0.49332	-2.30360	4.08397	0.99915	0.04019	0.00861	-0.04023	0.99918	0.00373	-0.00845	-0.00408	0.99996		1241.66804	509.88310	-10.19752	-0.86685	0.96067	11.14013	0.04683	0.98102	-0.19318	-0.01677	0.19294	0.98109	-0.01513	0.01937	0.01160	0.99974	
6	0.03000	1507.19044	-731.32020	-3.26443	0.21865	-0.47349	-2.30952	4.09092	0.99915	0.04030	0.00826	-0.04033	0.99918	0.00382	-0.00810	-0.00415	0.99996		1241.65883	509.90193	-10.19341	-0.84858	0.95535	11.12488	0.06966	0.98107	-0.19292	-0.01667	0.19268	0.98115	-0.01481	0.01922	0.01132	0.99975	
7	0.03500	1507.19286	-731.37385	-3.32907	0.22055	-0.47859	-2.32341	4.08424	0.99914	0.04054	0.00835	-0.04057	0.99917	0.00385	-0.00819	-0.00418	0.99996		1241.53042	509.92710	-10.23806	-0.83003	0.94820	11.10796	0.02742	0.98113	-0.19263	-0.01655	0.19240	0.98121	-0.01448	0.01903	0.01103	0.99976	
8	0.04000	1506.84844	-731.49353	-3.48038	0.23469	-0.45543	-2.34948	4.02087	0.99913	0.04099	0.00795	-0.04103	0.99915	0.00410	-0.00777	-0.00442	0.99996		1241.40646	509.96237	-10.44824	-0.84791	0.99490	11.07731	0.13195	0.98122	-0.19210	-0.01736	0.19186	0.98131	-0.01480	0.01988	0.01119	0.99974	
9	0.04500	1506.81417	-731.56092	-3.58149	0.23318	-0.46756	-2.34761	4.04665	0.99913	0.04096	0.00816	-0.04099	0.99915	0.00407	-0.00799	-0.00440	0.99996		1241.46203	509.96303	-10.43953	-0.82846	0.98138	11.07683	0.04922	0.98123	-0.19210	-0.01713	0.19186	0.98132	-0.01446	0.01958	0.01090	0.99975	
10	0.05000	1506.68007	-731.62020	-3.63287	0.23425	-0.45441	-2.35658	4.05629	0.99912	0.04112	0.00793	-0.04115	0.99914	0.00409	-0.00776	-0.00441	0.99996		1241.45724	510.01751	-10.45418	-0.80487	0.97571	11.05948	0.08645	0.98129	-0.19180	-0.01703	0.19157	0.98138	-0.01405	0.01941	0.01052	0.99976	
11	0.05500	1506.73120	-731.75321	-3.70888	0.22797	-0.46110	-2.38284	3.93375	0.99910	0.04158	0.00805	-0.04161	0.99913	0.00398	-0.00788	-0.00431	0.99996		1241.39774	510.24348	-10.30978	-0.74410	0.98755	11.04124	0.05323	0.98134	-0.19149	-0.01724	0.19128	0.98145	-0.01298	0.01940	0.00945	0.99977	
12	0.06000	1506.64239	-731.80113	-3.74259	0.22978	-0.45317	-2.38728	3.94089	0.99910	0.04165	0.00791	-0.04169	0.99912	0.00401	-0.00774	-0.00434	0.99996		1241.38170	510.30109	-10.33301	-0.71535	0.98051	11.03505	0.05772	0.98137	-0.19138	-0.01711	0.19118	0.98147	-0.01248	0.01918	0.00898	0.99978	
13	0.06500	1506.58394	-731.84962	-3.81470	0.23114	-0.45371	-2.39254	3.93213	0.99910	0.04174	0.00792	-0.04178	0.99912	0.00403	-0.00774	-0.00436	0.99996		1241.36827	510.38858	-10.35178	-0.68272	0.97996	11.01538	0.07320	0.98143	-0.19104	-0.01710	0.19086	0.98155	-0.01191	0.01906	0.00843	0.99978	
14	0.07000	1506.46109	-731.90476	-3.84986	0.22977	-0.44266	-2.40066	3.91712	0.99909	0.04189	0.00773	-0.04192	0.99911	0.00401	-0.00755	-0.00433	0.99996		1241.56209	510.34691	-10.37255	-0.63997	0.91656	11.02990	0.06227	0.98140	-0.19130	-0.01600	0.19113	0.98150	-0.01117	0.01784	0.00790	0.99981	
15	0.07500	1506.39774	-731.94885	-3.88131	0.22741	-0.43580	-2.40359	3.90018	0.99909	0.04194	0.00761	-0.04197	0.99911	0.00397	-0.00743	-0.00428	0.99996		1241.50468	510.40920	-10.38643	-0.60922	0.91874	11.02120	0.04820	0.98143	-0.19115	-0.01603	0.19099	0.98153	-0.01063	0.01777	0.00737	0.99981	
16	0.08000	1506.31418	-731.97343	-3.89021	0.22729	-0.42742	-2.41248	3.87400	0.99909	0.04209	0.00746	-0.04212	0.99910	0.00397	-0.00729	-0.00428	0.99996		1241.42953	510.43677	-10.46203	-0.58551	0.92095	11.00097	0.06500	0.98150	-0.19080	-0.01607	0.19065	0.98160	-0.01022	0.01773	0.00696	0.99982	
17	0.08500	1506.20029	-732.02609	-3.91545	0.22404	-0.42082	-2.41901	3.85926	0.99908	0.04221	0.00734	-0.04224	0.99910	0.00391	-0.00717	-0.00422	0.99997		1241.41321	510.50709	-10.48256	-0.55590	0.91952	10.98937	0.08829	0.98154	-0.19060	-0.01605	0.19046	0.98165	-0.00970	0.01760	0.00647	0.99982	
18	0.09000	1506.13963	-732.07441	-3.93166	0.22215	-0.41617	-2.41385	3.86693	0.99909	0.04212	0.00726	-0.04215	0.99910	0.00388	-0.00709	-0.00418	0.99997		1241.45449	510.53630	-10.52869	-0.52544	0.91905	10.98064	0.06137	0.98157	-0.19045	-0.01604	0.19032	0.98168	-0.00917	0.01749	0.00595	0.99983	
19	0.09500	1506.03312	-732.10344	-3.96248	0.21869	-0.40472	-2.42376	3.85948	0.99908	0.04229	0.00706	-0.04232	0.99910	0.00382	-0.00690	-0.00411	0.99997		1241.60527	510.63290	-10.55788	-0.48242	0.90311	10.97009	0.03762	0.98160	-0.19027	-0.01576	0.19016	0.98172	-0.00842	0.01708	0.00527	0.99984	
20	0.10000	1505.91745	-732.15636	-3.97979	0.21561	-0.40088	-2.43301	3.83658	0.99907	0.04245	0.00700	-0.04248	0.99909	0.00376	-0.00683	-0.00406	0.99997		1241.51207	510.68984	-10.64136	-0.45710	0.92402	10.94899	0.06474	0.98167	-0.18991	-0.01613	0.18980	0.98179	-0.00798	0.01735	0.00477	0.99984	
21	0.10500	1505.84284	-732.17917	-3.98598	0.21616	-0.38749	-2.44514	3.77719	0.99907	0.04266	0.00676	-0.04269	0.99908	0.00377	-0.00660	-0.00406	0.99997		1241.46547	510.73060	-10.67535	-0.43138	0.92399	10.94169	0.05693	0.98169	-0.18979	-0.01613	0.18969	0.98182	-0.00753	0.01726	0.00433	0.99984	
22	0.11000	1505.71334	-732.20875	-3.97516	0.21415	-0.37065	-2.45164	3.78452	0.99906	0.04278	0.00647	-0.04280	0.99908	0.00374	-0.00630	-0.00401	0.99997		1241.42333	510.76128	-10.78949	-0.41276	0.95270	10.92674	0.07746	0.98173	-0.18953	-0.01663	0.18943	0.98187	-0.00720	0.01769	0.00392	0.99984	
23	0.11500	1505.59584	-732.23107	-3.97350	0.21375	-0.35547	-2.45432	3.76063	0.99906	0.04282	0.00620	-0.04285	0.99907	0.00373	-0.00604	-0.00399	0.99997		1241.48697	510.74707	-10.88938	-0.39426	0.95151	10.92137	0.03530	0.98175	-0.18944	-0.01661	0.18935	0.98189	-0.00688	0.01761	0.00361	0.99984	
24	0.12000	1505.56842	-732.26017	-3.97958	0.21174	-0.35520	-2.46140	3.74528	0.99906	0.04295	0.00620	-0.04297	0.99907	0.00370	-0.00603	-0.00396	0.99997		1241.50602	510.83779	-10.95359	-0.36222	0.96546	10.90183	0.06624	0.98181	-0.18910	-0.01685	0.18902	0.98195	-0.00632	0.01774	0.00302	0.99984	
25	0.12500	1505.38748	-732.27893	-3.94377	0.21204	-0.32810	-2.47641	3.71957	0.99905	0.04321	0.00573	-0.04323	0.99906	0.00370	-0.00556	-0.00394	0.99998		1241.51953	510.85942	-11.03890	-0.34845	0.98772	10.89206	0.06760	0.98184	-0.18893	-0.01724	0.18885	0.98199	-0.00608	0.01808	0.00271	0.99983	
26	0.13000	1505.22427	-732.29404	-3.94019	0.21053	-0.30961	-2.48059	3.71144	0.99905	0.04328	0.00540	-0.04330	0.99906	0.00367	-0.00524	-0.00390	0.99998		1241.51849	510.92698	-11.12772	-0.32118	1.00186	10.87208	0.07715	0.98190	-0.18859	-0.01748	0.18852	0.98205	-0.00560	0.01823	0.00221	0.99983	
27	0.13500	1505.09961	-732.31141	-3.90585	0.21099	-0.29216	-2.47894	3.69491	0.99905	0.04325	0.00510	-0.04327	0.99906	0.00368	-0.00494	-0.00390	0.99998		1241.51531	510.96109	-11.20867	-0.30365	1.02010	10.86203	0.07891	0.98193	-0.18841	-0.01780	0.18835	0.98209	-0.00530	0.01848	0.00185	0.99983	
28	0.14000	1504.98757	-732.31656	-3.88881	0.20805	-0.27541	-2.48132	3.67680	0.99905	0.04329	0.00481	-0.04331	0.99906	0.00363	-0.00465	-0.00384	0.99998		1241.52238	510.95771	-11.32042	-0.29291	1.04065	10.84355	0.07919	0.98198	-0.18810	-0.01816	0.18803	0.98215	-0.00511	0.01880	0.00160	0.99982	
29	0.14500	1504.89876	-732.33547	-3.86791	0.20777	-0.25851	-2.48053	3.66629	0.99905	0.04328	0.00451	-0.04330	0.99906	0.00363	-0.00435	-0.00382	0.99998		1241.45239	511.01760	-11.42240	-0.27933	1.06890	10.82388	0.12612	0.98204	-0.18776	-0.01865	0.18770	0.98221	-0.00487	0.01924	0.00129	0.99981	
30	0.15000	1504.81307	-732.33369	-3.84663	0.20823	-0.25141	-2.49370	3.64608	0.99904	0.04351	0.00439	-0.04353	0.99905	0.00363	-0.00423	-0.00382	0.99998		1241.61583	511.09130	-11.49008	-0.24846	1.07574	10.81099	0.06885	0.98208	-0.18754	-0.01877	0.18749	0.98226	-0.00434	0.01925	0.00074	0.99981	
31	0.15500	1504.64602	-732.33465	-3.80873	0.21035	-0.22411	-2.49628	3.64858	0.99904	0.04355	0.00391	-0.04357	0.99904	0.00367	-0.00375	-0.00384	0.99999		1241.50491	511.12543	-11.59294	-0.23961	1.10991	10.78842	0.09852	0.98214	-0.18715	-0.01937	0.18710	0.98233	-0.00418	0.01981	0.00048	0.99980	
32	0.16000	1504.51726	-732.35894	-3.75540	0.20719	-0.20198	-2.49351	3.61238	0.99905	0.04351	0.00353	-0.04352	0.99905	0.00362	-0.00336	-0.00377	0.99999		1241.48800	511.16731	-11.71195	-0.22931	1.13628	10.76694	0.11446	0.98220	-0.18678	-0.01983	0.18674	0.98240	-0.00400	0.02023	0.00023	0.99980	
33	0.16500	1504.41789	-732.33821	-3.72836	0.21420	-0.18443	-2.50135	3.61770	0.99904	0.04364	0.00322	-0.04365	0.99904	0.00374	-0.00305	-0.00388	0.99999		1241.50966	511.22646	-11.78652	-0.21764	1.16254	10.75243	0.13429	0.98224	-0.18653	-0.02029	0.18649	0.98245	-0.00380	0.02064	-0.00005	0.99979	
34	0.17000	1504.33310	-732.37508	-3.67356	0.21070	-0.16678	-2.50606	3.60674	0.99904	0.04372	0.00291	-0.04374	0.99904	0.00368	-0.00275	-0.00380	0.99999		1241.53910	511.25173	-11.90176	-0.20672	1.18683	10.72143	0.09444	0.98233	-0.18599	-0.02071	0.18596	0.98255	-0.00361	0.02102	-0.00031	0.99978	
35	0.17500	1504.17744	-732.37602	-3.62312	0.21219	-0.13923	-2.50499	3.58654	0.99904	0.04371	0.00243	-0.04372	0.99904	0.00370	-0.00227	-0.00381	0.99999		1241.55880	511.29744	-12.00649	-0.19297	1.20580	10.68337	0.12035	0.98245	-0.18534	-0.02104	0.18531	0.98267	-0.00337	0.02130	-0.00059	0.99977	
36	0.18000	1504.02096	-732.35645	-3.55579	0.21767	-0.11138	-2.51283	3.59596	0.99904	0.04384	0.00194	-0.04385	0.99903	0.00380	-0.00178	-0.00388	0.99999		1241.55194	511.33326	-12.12391	-0.18535	1.23448	10.66428	0.10850	0.98250	-0.18501	-0.02154	0.18498	0.98274	-0.00323	0.02177	-0.00081	0.99976	
37	0.18500	1503.89679	-732.35030	-3.50599	0.21839	-0.09081	-2.51379	3.59321	0.99904	0.04386	0.00159	-0.04387	0.99903	0.00381	-0.00142	-0.00388	0.99999		1241.72444	511.44542	-12.19056	-0.16234	1.25546	10.65308	0.07947	0.98253	-0.18482	-0.02191	0.18480	0.98277	-0.00283	0.02206	-0.00127	0.99976	
38	0.19000	1503.79369	-732.33107	-3.44155	0.22169	-0.07182	-2.51094	3.57851	0.99904	0.04381	0.00125	-0.04381	0.99903	0.00387	-0.00108	-0.00392	0.99999		1241.86476	511.51881	-12.23327	-0.13930	1.25555	10.61995	0.09437	0.98264	-0.18425	-0.02191	0.18424	0.98288	-0.00243	0.02198	-0.00165	0.99976	
39	0.19500	1503.67100	-732.35941	-3.35448	0.21810	-0.04863	-2.51539	3.57133	0.99904	0.04389	0.00085	-0.04389	0.99903	0.00381	-0.00068	-0.00384	0.99999		1241.63857	511.52405	-12.44646	-0.15095	1.30494	10.56176	0.12988	0.98280	-0.18325	-0.02277	0.18324	0.98307	-0.00263	0.02287	-0.00158	0.99974	
40	0.20000	1503.56252	-732.32535	-3.30192	0.22180	-0.02840	-2.51524	3.55399	0.99904	0.04389	0.00050	-0.04389	0.99903	0.00387	-0.00033	-0.00389	0.99999		1241.70867	511.56365	-12.54889	-0.14168	1.31960	10.53587	0.11980	0.98288	-0.18280	-0.02303	0.18279	0.98315	-0.00247	0.02309	-0.00178	0.99973	
41	0.20500	1503.44440	-732.31839	-3.21335	0.22229	-0.00797	-2.51204	3.57600	0.99904	0.04383	0.00014	-0.04383	0.99903	0.00388	0.00003	-0.00388	0.99999		1241.75225	511.64274	-12.63822	-0.12602	1.34070	10.49726	0.13011	0.98299	-0.18214	-0.02340	0.18214	0.98327	-0.00220	0.02341	-0.00210	0.99972	
42	0.21000	1503.31128	-732.32262	-3.13696	0.21982	0.01406	-2.51171	3.55552	0.99904	0.04382	-0.00025	-0.04382	0.99903	0.00384	0.00041	-0.00382	0.99999		1241.78488	511.67818	-12.74820	-0.12296	1.36269	10.46924	0.14520	0.98307	-0.18166	-0.02378	0.18166	0.98336	-0.00215	0.02378	-0.00221	0.99971	
43	0.21500	1503.24677	-732.28925	-3.04728	0.22200	0.02887	-2.51110	3.56224	0.99904	0.04381	-0.00050	-0.04381	0.99903	0.00387	0.00067	-0.00385	0.99999		1241.98170	511.76621	-12.79727	-0.09792	1.36234	10.43608	0.05126	0.98318	-0.18109	-0.02378	0.18110	0.98346	-0.00171	0.02369	-0.00263	0.99972	
44	0.22000	1503.07836	-732.32169	-2.94676	0.21481	0.05639	-2.51262	3.54853	0.99904	0.04384	-0.00098	-0.04384	0.99903	0.00375	0.00115	-0.00370	0.99999		1241.98247	511.81027	-12.93846	-0.08489	1.37593	10.39391	0.08447	0.98331	-0.18036	-0.02401	0.18038	0.98360	-0.00148	0.02389	-0.00287	0.99971	
45	0.22500	1502.97617	-732.27610	-2.84560	0.21629	0.07798	-2.51047	3.54410	0.99904	0.04380	-0.00136	-0.04380	0.99903	0.00377	0.00153	-0.00371	0.99999		1242.00123	511.91636	-13.04415	-0.06943	1.40388	10.36293	0.09481	0.98339	-0.17983	-0.02450	0.17985	0.98369	-0.00121	0.02432	-0.00322	0.99970	
46	0.23000	1502.89601	-732.29822	-2.76483	0.21362	0.09302	-2.51664	3.52307	0.99903	0.04391	-0.00162	-0.04390	0.99903	0.00373	0.00179	-0.00365	0.99999		1242.05216	511.97290	-13.14880	-0.05736	1.42099	10.32589	0.11333	0.98350	-0.17919	-0.02480	0.17922	0.98381	-0.00100	0.02458	-0.00346	0.99969	
47	0.23500	1502.76764	-732.31264	-2.66224	0.21008	0.11266	-2.51600	3.50947	0.99903	0.04390	-0.00197	-0.04389	0.99903	0.00367	0.00213	-0.00358	0.99999		1242.26548	512.01546	-13.21874	-0.03760	1.42093	10.29648	0.03942	0.98359	-0.17869	-0.02480	0.17873	0.98390	-0.00066	0.02452	-0.00379	0.99969	
48	0.24000	1502.62981	-732.27980	-2.57111	0.20839	0.13256	-2.51269	3.51489	0.99904	0.04384	-0.00231	-0.04383	0.99903	0.00364	0.00247	-0.00353	0.99999		1242.18567	512.07956	-13.32840	-0.02801	1.44253	10.25679	0.10547	0.98371	-0.17800	-0.02517	0.17805	0.98402	-0.00049	0.02486	-0.00400	0.99968	
49	0.24500	1502.49010	-732.28309	-2.46164	0.20395	0.15415	-2.51260	3.52423	0.99903	0.04384	-0.00269	-0.04383	0.99903	0.00356	0.00284	-0.00344	0.99999		1242.31190	512.12405	-13.39070	-0.01229	1.44822	10.22799	0.08765	0.98379	-0.17751	-0.02527	0.17756	0.98411	-0.00021	0.02491	-0.00428	0.99968	
50	0.25000	1502.37037	-732.29900	-2.34238	0.19430	0.17856	-2.51671	3.50676	0.99903	0.04391	-0.00312	-0.04390	0.99903	0.00339	0.00326	-0.00325	0.99999		1242.40674	512.14514	-13.49430	0.00263	1.46087	10.20556	0.06436	0.98386	-0.17712	-0.02549	0.17718	0.98418	0.00005	0.02508	-0.00456	0.99967	
51	0.25500	1502.24959	-732.28817	-2.27058	0.19154	0.18454	-2.51116	3.50672	0.99903	0.04381	-0.00322	-0.04380	0.99903	0.00334	0.00336	-0.00320	0.99999		1242.52241	512.15126	-13.56134	0.01107	1.46524	10.17947	0.06483	0.98394	-0.17667	-0.02557	0.17674	0.98426	0.00019	0.02513	-0.00471	0.99967	
52	0.26000	1502.15647	-732.26838	-2.17371	0.18433	0.19276	-2.51088	3.53819	0.99903	0.04381	-0.00336	-0.04380	0.99904	0.00322	0.00350	-0.00307	0.99999		1242.67401	512.16904	-13.62980	0.02913	1.46050	10.15602	0.06492	0.98401	-0.17627	-0.02549	0.17634	0.98433	0.00051	0.02500	-0.00499	0.99968	
53	0.26500	1501.98778	-732.27467	-2.07450	0.17444	0.21329	-2.50109	3.52187	0.99904	0.04364	-0.00372	-0.04363	0.99904	0.00304	0.00385	-0.00288	0.99999		1242.74036	512.23123	-13.68758	0.05010	1.46441	10.12750	0.07388	0.98410	-0.17578	-0.02556	0.17586	0.98441	0.00087	0.02500	-0.00535	0.99967	
54	0.27000	1501.93632	-732.24553	-1.96218	0.17158	0.22206	-2.50576	3.50754	0.99904	0.04372	-0.00388	-0.04371	0.99904	0.00299	0.00400	-0.00282	0.99999		1242.73845	512.22473	-13.78484	0.05314	1.47770	10.10464	0.09989	0.98416	-0.17539	-0.02579	0.17547	0.98448	0.00093	0.02523	-0.00544	0.99967	
55	0.27500	1501.78528	-732.29153	-1.85964	0.15457	0.23242	-2.50108	3.50838	0.99904	0.04364	-0.00406	-0.04363	0.99904	0.00270	0.00417	-0.00252	0.99999		1242.80415	512.21260	-13.87621	0.06299	1.48424	10.08415	0.07584	0.98422	-0.17504	-0.02590	0.17512	0.98455	0.00110	0.02531	-0.00562	0.99966	
56	0.28000	1501.69366	-732.25375	-1.77438	0.15273	0.23657	-2.50119	3.52596	0.99904	0.04364	-0.00413	-0.04363	0.99904	0.00267	0.00424	-0.00248	0.99999		1242.84039	512.23221	-13.95469	0.07655	1.49375	10.06444	0.10838	0.98428	-0.17470	-0.02607	0.17479	0.98460	0.00134	0.02543	-0.00587	0.99966	
57	0.28500	1501.59316	-732.27243	-1.66303	0.14254	0.24640	-2.50032	3.52066	0.99904	0.04362	-0.00430	-0.04361	0.99905	0.00249	0.00440	-0.00230	0.99999		1242.91103	512.21913	-14.05147	0.08571	1.48915	10.04420	0.16051	0.98434	-0.17435	-0.02599	0.17445	0.98467	0.00150	0.02533	-0.00601	0.99966	
58	0.29000	1501.43800	-732.26487	-1.55677	0.13466	0.25657	-2.50086	3.51983	0.99904	0.04363	-0.00448	-0.04362	0.99905	0.00235	0.00458	-0.00215	0.99999		1243.01934	512.18377	-14.10563	0.09088	1.50295	10.03700	0.09271	0.98436	-0.17422	-0.02623	0.17432	0.98469	0.00159	0.02555	-0.00613	0.99965	
59	0.29500	1501.30930	-732.26559	-1.45837	0.12512	0.26441	-2.49839	3.51598	0.99904	0.04359	-0.00461	-0.04358	0.99905	0.00218	0.00471	-0.00198	0.99999		1243.21294	512.18498	-14.15747	0.10936	1.48520	10.02274	0.08817	0.98441	-0.17398	-0.02592	0.17409	0.98473	0.00191	0.02519	-0.00639	0.99966	
60	0.30000	1501.27045	-732.25351	-1.35235	0.11573	0.26177	-2.49776	3.51730	0.99904	0.04358	-0.00457	-0.04357	0.99905	0.00202	0.00465	-0.00182	0.99999		1243.14460	512.18738	-14.26710	0.10662	1.50433	10.00409	0.17482	0.98446	-0.17366	-0.02625	0.17377	0.98479	0.00186	0.02553	-0.00639	0.99965	
61	0.30500	1501.09519	-732.26772	-1.25052	0.10698	0.26936	-2.49804	3.52397	0.99904	0.04358	-0.00470	-0.04358	0.99905	0.00187	0.00478	-0.00166	0.99999		1243.21745	512.12979	-14.35529	0.10687	1.50400	9.99582	0.19103	0.98448	-0.17352	-0.02625	0.17362	0.98481	0.00186	0.02552	-0.00639	0.99965	
62	0.31000	1501.06118	-732.24299	-1.13325	0.10299	0.26047	-2.49813	3.50437	0.99904	0.04359	-0.00455	-0.04358	0.99905	0.00180	0.00462	-0.00160	0.99999		1243.36891	512.09632	-14.36024	0.11259	1.50499	9.98238	0.13302	0.98452	-0.17329	-0.02626	0.17340	0.98485	0.00196	0.02553	-0.00649	0.99965	
63	0.31500	1500.89363	-732.26931	-1.00523	0.08941	0.26917	-2.49260	3.52506	0.99904	0.04349	-0.00470	-0.04348	0.99905	0.00156	0.00476	-0.00135	0.99999		1243.52636	512.06873	-14.40578	0.11808	1.49709	9.96971	0.08720	0.98456	-0.17307	-0.02613	0.17318	0.98489	0.00206	0.02537	-0.00655	0.99966	
64	0.32000	1500.89554	-732.31343	-0.88378	0.07470	0.25400	-2.49271	3.51308	0.99904	0.04349	-0.00443	-0.04349	0.99905	0.00130	0.00449	-0.00111	0.99999		1243.46443	511.98501	-14.49709	0.10132	1.50917	9.96969	0.13888	0.98456	-0.17307	-0.02634	0.17317	0.98489	0.00177	0.02563	-0.00630	0.99965	
65	0.32500	1500.73619	-732.28225	-0.77848	0.06900	0.25984	-2.49917	3.49325	0.99904	0.04360	-0.00454	-0.04360	0.99905	0.00120	0.00458	-0.00101	0.99999		1243.52772	511.92295	-14.58158	0.09161	1.51336	9.95423	0.16426	0.98460	-0.17280	-0.02641	0.17290	0.98494	0.00160	0.02574	-0.00614	0.99965	
66	0.33000	1500.62486	-732.31352	-0.67718	0.05752	0.25707	-2.49531	3.50507	0.99904	0.04354	-0.00449	-0.04353	0.99905	0.00100	0.00453	-0.00081	0.99999		1243.69149	511.87178	-14.60177	0.08918	1.50936	9.95767	0.08764	0.98459	-0.17286	-0.02634	0.17296	0.98493	0.00156	0.02567	-0.00609	0.99965	
67	0.33500	1500.62619	-732.32168	-0.56565	0.04942	0.24503	-2.49027	3.48896	0.99905	0.04345	-0.00428	-0.04345	0.99906	0.00086	0.00431	-0.00068	0.99999		1243.77361	511.82825	-14.64099	0.08536	1.50315	9.94916	0.08251	0.98462	-0.17271	-0.02623	0.17281	0.98495	0.00149	0.02558	-0.00600	0.99965	
68	0.34000	1500.53094	-732.32611	-0.44274	0.04036	0.23718	-2.49337	3.47646	0.99904	0.04350	-0.00414	-0.04350	0.99905	0.00070	0.00417	-0.00052	0.99999		1243.81870	511.73321	-14.71792	0.06407	1.51000	9.94161	0.07482	0.98464	-0.17258	-0.02635	0.17267	0.98498	0.00112	0.02576	-0.00565	0.99965	
69	0.34500	1500.38972	-732.33538	-0.36975	0.03499	0.23452	-2.49181	3.47744	0.99905	0.04348	-0.00409	-0.04347	0.99905	0.00061	0.00412	-0.00043	0.99999		1243.82863	511.68675	-14.77145	0.05198	1.50586	9.92001	0.14308	0.98471	-0.17221	-0.02628	0.17230	0.98504	0.00091	0.02573	-0.00542	0.99965	
70	0.35000	1500.34096	-732.30931	-0.27416	0.03437	0.22534	-2.48890	3.50423	0.99905	0.04343	-0.00393	-0.04342	0.99906	0.00060	0.00396	-0.00043	0.99999		1243.83524	511.63002	-14.82383	0.03578	1.50038	9.91359	0.22432	0.98473	-0.17210	-0.02618	0.17218	0.98507	0.00062	0.02569	-0.00512	0.99966	
71	0.35500	1500.26666	-732.31960	-0.18006	0.02856	0.21323	-2.48992	3.50289	0.99905	0.04344	-0.00372	-0.04344	0.99906	0.00050	0.00374	-0.00034	0.99999		1243.94764	511.57378	-14.86075	0.02177	1.49915	9.92326	0.17542	0.98470	-0.17227	-0.02616	0.17234	0.98504	0.00038	0.02571	-0.00488	0.99966	
72	0.36000	1500.17102	-732.29958	-0.08227	0.02664	0.20312	-2.48784	3.52881	0.99905	0.04341	-0.00355	-0.04341	0.99906	0.00046	0.00356	-0.00031	0.99999		1244.06719	511.44946	-14.88362	-0.00347	1.48480	9.90803	0.13792	0.98475	-0.17201	-0.02591	0.17207	0.98509	-0.00006	0.02554	-0.00440	0.99966	
73	0.36500	1500.08386	-732.34218	0.01253	0.01696	0.19378	-2.48810	3.50924	0.99905	0.04341	-0.00338	-0.04341	0.99906	0.00030	0.00339	-0.00015	0.99999		1244.15230	511.40064	-14.88232	-0.02070	1.47816	9.90295	0.12802	0.98477	-0.17192	-0.02580	0.17197	0.98510	-0.00036	0.02547	-0.00408	0.99967	
74	0.37000	1500.00448	-732.31991	0.11719	0.01814	0.18283	-2.48474	3.53661	0.99905	0.04335	-0.00319	-0.04335	0.99906	0.00032	0.00320	-0.00018	0.99999		1244.25807	511.40634	-14.89550	-0.02933	1.47234	9.89678	0.12874	0.98479	-0.17182	-0.02569	0.17186	0.98512	-0.00051	0.02540	-0.00391	0.99967	
75	0.37500	1499.86437	-732.35821	0.21016	0.00675	0.17411	-2.48355	3.53538	0.99906	0.04333	-0.00304	-0.04333	0.99906	0.00012	0.00304	0.00001	1.00000		1244.30561	511.28670	-14.94064	-0.06483	1.46683	9.89416	0.18892	0.98480	-0.17177	-0.02560	0.17180	0.98513	-0.00113	0.02541	-0.00328	0.99967	
76	0.38000	1499.89202	-732.35554	0.30758	0.00400	0.15106	-2.48586	3.54826	0.99906	0.04337	-0.00264	-0.04337	0.99906	0.00007	0.00264	0.00004	1.00000		1244.42039	511.23864	-14.96271	-0.08532	1.45933	9.88715	0.16029	0.98483	-0.17165	-0.02547	0.17167	0.98515	-0.00149	0.02534	-0.00291	0.99967	
77	0.38500	1499.81307	-732.39492	0.40187	-0.00474	0.13477	-2.47210	3.57268	0.99907	0.04313	-0.00235	-0.04313	0.99907	-0.00008	0.00235	0.00018	1.00000		1244.58660	511.18884	-14.92421	-0.10308	1.43574	9.88472	0.12977	0.98485	-0.17161	-0.02506	0.17162	0.98516	-0.00180	0.02499	-0.00253	0.99968	
78	0.39000	1499.71388	-732.39043	0.47196	-0.00772	0.12175	-2.48262	3.54363	0.99906	0.04332	-0.00213	-0.04332	0.99906	-0.00013	0.00212	0.00023	1.00000		1244.72829	511.13075	-14.95892	-0.12872	1.42404	9.87986	0.13445	0.98487	-0.17153	-0.02485	0.17153	0.98518	-0.00225	0.02487	-0.00205	0.99969	
79	0.39500	1499.65463	-732.39530	0.54178	-0.00859	0.10603	-2.48693	3.56672	0.99906	0.04339	-0.00185	-0.04339	0.99906	-0.00015	0.00184	0.00023	1.00000		1244.82749	511.09841	-14.92775	-0.14898	1.40073	9.87044	0.14212	0.98490	-0.17137	-0.02444	0.17136	0.98521	-0.00260	0.02453	-0.00163	0.99970	
80	0.40000	1499.58902	-732.42421	0.61296	-0.01331	0.08450	-2.48742	3.55357	0.99906	0.04340	-0.00147	-0.04340	0.99906	-0.00023	0.00146	0.00030	1.00000		1244.92530	511.02502	-14.93332	-0.17658	1.39525	9.87533	0.11863	0.98489	-0.17145	-0.02435	0.17143	0.98519	-0.00308	0.02452	-0.00114	0.99970	
81	0.40500	1499.54157	-732.49508	0.70193	-0.02227	0.06491	-2.48999	3.54416	0.99906	0.04344	-0.00113	-0.04345	0.99906	-0.00039	0.00111	0.00044	1.00000		1244.97924	510.97051	-14.94866	-0.20914	1.39013	9.87160	0.17686	0.98490	-0.17139	-0.02426	0.17135	0.98520	-0.00365	0.02453	-0.00056	0.99970	
82	0.41000	1499.53410	-732.50365	0.76498	-0.02270	0.04408	-2.48940	3.54728	0.99906	0.04343	-0.00077	-0.04343	0.99906	-0.00040	0.00075	0.00043	1.00000		1245.14161	510.93280	-14.90870	-0.22535	1.37009	9.87572	0.15113	0.98490	-0.17146	-0.02391	0.17142	0.98519	-0.00393	0.02423	-0.00023	0.99971	
83	0.41500	1499.39630	-732.50536	0.82929	-0.02432	0.03424	-2.48847	3.54727	0.99906	0.04342	-0.00060	-0.04342	0.99906	-0.00042	0.00058	0.00045	1.00000		1245.15136	510.85494	-14.94859	-0.26132	1.36426	9.86899	0.14782	0.98492	-0.17135	-0.02381	0.17129	0.98521	-0.00456	0.02424	0.00041	0.99971	
84	0.42000	1499.30882	-732.53098	0.87964	-0.02429	0.01127	-2.48351	3.57477	0.99906	0.04333	-0.00020	-0.04333	0.99906	-0.00042	0.00018	0.00043	1.00000		1245.23455	510.77134	-14.93051	-0.28894	1.35673	9.87403	0.14960	0.98491	-0.17143	-0.02368	0.17136	0.98520	-0.00504	0.02419	0.00091	0.99971	
85	0.42500	1499.28313	-732.51668	0.95194	-0.01981	-0.01093	-2.48679	3.56767	0.99906	0.04339	0.00019	-0.04339	0.99906	-0.00035	-0.00021	0.00034	1.00000		1245.44450	510.66514	-14.89598	-0.31814	1.32523	9.87220	0.15874	0.98493	-0.17141	-0.02313	0.17132	0.98520	-0.00555	0.02374	0.00151	0.99972	
86	0.43000	1499.17742	-732.53284	0.98321	-0.01991	-0.03371	-2.48943	3.57903	0.99906	0.04344	0.00059	-0.04343	0.99906	-0.00035	-0.00060	0.00032	1.00000		1245.64366	510.57982	-14.89127	-0.34548	1.30209	9.88977	0.12671	0.98489	-0.17171	-0.02272	0.17162	0.98515	-0.00603	0.02342	0.00204	0.99972	
87	0.43500	1499.08238	-732.54289	1.02424	-0.01606	-0.05279	-2.48885	3.59065	0.99906	0.04342	0.00092	-0.04342	0.99906	-0.00028	-0.00093	0.00024	1.00000		1245.73187	510.51813	-14.85187	-0.37115	1.28843	9.88086	0.15467	0.98492	-0.17156	-0.02249	0.17145	0.98517	-0.00648	0.02326	0.00252	0.99973	
88	0.44000	1498.97947	-732.55638	1.08421	-0.01473	-0.06415	-2.48781	3.60294	0.99906	0.04341	0.00112	-0.04341	0.99906	-0.00026	-0.00113	0.00021	1.00000		1245.81803	510.36836	-14.88019	-0.41060	1.28107	9.89874	0.12161	0.98487	-0.17186	-0.02236	0.17175	0.98512	-0.00716	0.02326	0.00322	0.99972	
89	0.44500	1498.91670	-732.55819	1.10148	-0.00971	-0.08481	-2.49050	3.59868	0.99905	0.04345	0.00148	-0.04345	0.99906	-0.00017	-0.00149	0.00010	1.00000		1245.96385	510.31285	-14.83046	-0.42965	1.25542	9.90351	0.14223	0.98486	-0.17195	-0.02191	0.17182	0.98510	-0.00750	0.02287	0.00362	0.99973	
90	0.45000	1498.86378	-732.56070	1.15752	-0.00581	-0.10786	-2.49054	3.60788	0.99905	0.04345	0.00188	-0.04345	0.99906	-0.00010	-0.00189	0.00002	1.00000		1246.12121	510.18450	-14.78941	-0.45666	1.23677	9.91559	0.13899	0.98483	-0.17216	-0.02158	0.17202	0.98506	-0.00797	0.02263	0.00413	0.99974	
91	0.45500	1498.78552	-732.57247	1.19796	-0.00141	-0.12604	-2.48852	3.61043	0.99905	0.04342	0.00220	-0.04342	0.99906	-0.00002	-0.00220	-0.00007	1.00000		1246.18947	510.05809	-14.77145	-0.49070	1.23055	9.92239	0.16808	0.98481	-0.17227	-0.02148	0.17213	0.98504	-0.00856	0.02263	0.00474	0.99973	
92	0.46000	1498.71990	-732.56353	1.23488	0.00483	-0.14308	-2.47826	3.61360	0.99906	0.04324	0.00250	-0.04324	0.99906	0.00008	-0.00249	-0.00019	1.00000		1246.39267	509.97031	-14.71494	-0.50970	1.19867	9.92869	0.14983	0.98481	-0.17238	-0.02092	0.17223	0.98502	-0.00889	0.02214	0.00516	0.99974	
93	0.46500	1498.67062	-732.54557	1.24930	0.01343	-0.16503	-2.47819	3.61196	0.99906	0.04324	0.00288	-0.04324	0.99906	0.00023	-0.00287	-0.00036	1.00000		1246.52177	509.80183	-14.70369	-0.54411	1.19191	9.95523	0.14409	0.98473	-0.17284	-0.02080	0.17268	0.98493	-0.00949	0.02213	0.00576	0.99974	
94	0.47000	1498.54426	-732.55622	1.28923	0.02077	-0.17925	-2.47643	3.61114	0.99906	0.04321	0.00313	-0.04321	0.99907	0.00036	-0.00311	-0.00050	1.00000		1246.25169	509.61198	-14.81036	-0.59732	1.20342	9.91993	0.14330	0.98483	-0.17223	-0.02100	0.17205	0.98503	-0.01042	0.02248	0.00665	0.99973	
95	0.47500	1498.54329	-732.56445	1.30914	0.03104	-0.20333	-2.48443	3.59768	0.99905	0.04335	0.00355	-0.04335	0.99906	0.00054	-0.00352	-0.00069	0.99999		1246.43130	509.49915	-14.77783	-0.61745	1.18080	9.94321	0.12344	0.98477	-0.17264	-0.02061	0.17244	0.98496	-0.01077	0.02216	0.00706	0.99973	
96	0.48000	1498.46709	-732.55152	1.34545	0.03812	-0.21751	-2.47482	3.60546	0.99906	0.04318	0.00380	-0.04318	0.99907	0.00067	-0.00376	-0.00083	0.99999		1246.58274	509.32674	-14.72206	-0.64339	1.16555	9.95698	0.06459	0.98473	-0.17287	-0.02034	0.17267	0.98492	-0.01123	0.02198	0.00754	0.99973	
97	0.48500	1498.44037	-732.56178	1.36353	0.04650	-0.23806	-2.47660	3.60808	0.99906	0.04321	0.00415	-0.04321	0.99907	0.00081	-0.00412	-0.00099	0.99999		1246.61710	509.20823	-14.72278	-0.67004	1.15851	9.97291	0.12186	0.98469	-0.17315	-0.02022	0.17294	0.98486	-0.01169	0.02194	0.00802	0.99973	
98	0.49000	1498.38981	-732.57435	1.38393	0.05437	-0.25042	-2.47706	3.59357	0.99906	0.04322	0.00437	-0.04322	0.99906	0.00095	-0.00433	-0.00114	0.99999		1246.73566	509.04645	-14.70744	-0.69949	1.14059	9.97780	0.09132	0.98468	-0.17323	-0.01991	0.17301	0.98484	-0.01221	0.02172	0.00857	0.99973	
99	0.49500	1498.33101	-732.57658	1.38339	0.06251	-0.26673	-2.47584	3.58762	0.99906	0.04320	0.00466	-0.04320	0.99907	0.00109	-0.00460	-0.00129	0.99999		1246.75311	508.91660	-14.68522	-0.72203	1.13402	9.98571	0.10768	0.98466	-0.17337	-0.01979	0.17314	0.98482	-0.01260	0.02167	0.00898	0.99972	
100	0.50000	1498.29707	-732.56644	1.38265	0.07478	-0.28883	-2.47764	3.60412	0.99905	0.04323	0.00504	-0.04324	0.99906	0.00131	-0.00498	-0.00152	0.99999		1246.99243	508.80873	-14.59232	-0.73501	1.10430	9.99735	0.05996	0.98463	-0.17357	-0.01927	0.17334	0.98478	-0.01283	0.02121	0.00929	0.99973	
101	0.50500	1498.24414	-732.57135	1.38930	0.08096	-0.30371	-2.47777	3.58767	0.99905	0.04323	0.00530	-0.04324	0.99906	0.00141	-0.00523	-0.00164	0.99998		1247.06803	508.64006	-14.58522	-0.76355	1.09155	10.00503	0.07398	0.98461	-0.17370	-0.01905	0.17347	0.98475	-0.01332	0.02107	0.00981	0.99973	
102	0.51000	1498.17902	-732.57427	1.38935	0.09028	-0.31636	-2.47989	3.57543	0.99905	0.04327	0.00552	-0.04328	0.99906	0.00158	-0.00545	-0.00181	0.99998		1246.95657	508.50413	-14.58930	-0.79241	1.10424	10.00030	0.16684	0.98462	-0.17362	-0.01927	0.17337	0.98476	-0.01383	0.02138	0.01027	0.99972	
103	0.51500	1498.12227	-732.58772	1.38117	0.09619	-0.32937	-2.47601	3.57096	0.99905	0.04320	0.00575	-0.04321	0.99906	0.00168	-0.00567	-0.00193	0.99998		1247.15860	508.30471	-14.55346	-0.82108	1.08404	10.01327	0.12994	0.98459	-0.17385	-0.01892	0.17359	0.98471	-0.01433	0.02112	0.01082	0.99972	
104	0.52000	1498.06422	-732.57524	1.39884	0.10678	-0.33957	-2.47576	3.61339	0.99905	0.04320	0.00593	-0.04321	0.99906	0.00186	-0.00584	-0.00212	0.99998		1247.23045	508.18405	-14.51668	-0.84453	1.07932	10.01355	0.15371	0.98459	-0.17385	-0.01884	0.17359	0.98471	-0.01474	0.02111	0.01124	0.99971	
105	0.52500	1497.99240	-732.60778	1.36903	0.10998	-0.34844	-2.48021	3.60158	0.99904	0.04327	0.00608	-0.04329	0.99906	0.00192	-0.00599	-0.00218	0.99998		1247.39319	508.03086	-14.46607	-0.85563	1.06397	10.02165	0.08470	0.98457	-0.17399	-0.01857	0.17373	0.98468	-0.01493	0.02088	0.01147	0.99972	
106	0.53000	1497.94521	-732.61125	1.34518	0.11542	-0.35927	-2.48051	3.59694	0.99904	0.04328	0.00627	-0.04329	0.99906	0.00201	-0.00618	-0.00228	0.99998		1247.39349	507.94939	-14.45857	-0.87041	1.05292	10.00985	0.19302	0.98461	-0.17379	-0.01838	0.17352	0.98471	-0.01519	0.02073	0.01177	0.99972	
107	0.53500	1497.89939	-732.61400	1.31548	0.12722	-0.37661	-2.47693	3.62897	0.99904	0.04322	0.00657	-0.04323	0.99906	0.00222	-0.00647	-0.00250	0.99998		1247.58317	507.83162	-14.39503	-0.87297	1.03353	10.01656	0.09105	0.98460	-0.17390	-0.01804	0.17364	0.98469	-0.01523	0.02041	0.01187	0.99972	
108	0.54000	1497.80677	-732.62049	1.31118	0.13357	-0.37576	-2.47696	3.63097	0.99904	0.04322	0.00656	-0.04323	0.99906	0.00233	-0.00645	-0.00261	0.99998		1247.58634	507.64526	-14.39676	-0.90158	1.03599	10.01669	0.15519	0.98460	-0.17391	-0.01808	0.17363	0.98468	-0.01573	0.02054	0.01235	0.99971	
109	0.54500	1497.75803	-732.61496	1.28274	0.14487	-0.38381	-2.48393	3.64438	0.99904	0.04334	0.00670	-0.04336	0.99906	0.00253	-0.00658	-0.00282	0.99997		1247.70265	507.56754	-14.33203	-0.90153	1.02879	10.01309	0.09181	0.98461	-0.17385	-0.01795	0.17357	0.98470	-0.01573	0.02041	0.01237	0.99972	
110	0.55000	1497.73545	-732.62537	1.25798	0.15488	-0.40087	-2.48960	3.65928	0.99903	0.04344	0.00700	-0.04346	0.99905	0.00270	-0.00687	-0.00300	0.99997		1247.74549	507.46042	-14.29940	-0.91433	1.01297	10.00872	0.14799	0.98463	-0.17377	-0.01768	0.17350	0.98470	-0.01595	0.02018	0.01264	0.99972	
111	0.55500	1497.65407	-732.62891	1.24420	0.16423	-0.39962	-2.49049	3.65386	0.99903	0.04345	0.00697	-0.04347	0.99905	0.00287	-0.00684	-0.00317	0.99997		1247.88179	507.30882	-14.26067	-0.92565	1.01043	10.01136	0.11033	0.98462	-0.17382	-0.01763	0.17354	0.98469	-0.01615	0.02017	0.01284	0.99971	
112	0.56000	1497.58474	-732.63619	1.19990	0.17132	-0.40679	-2.49927	3.68303	0.99902	0.04361	0.00710	-0.04363	0.99904	0.00299	-0.00696	-0.00330	0.99997		1248.01940	507.18351	-14.22117	-0.93068	0.99186	10.00774	0.08639	0.98464	-0.17376	-0.01731	0.17348	0.98470	-0.01624	0.01987	0.01299	0.99972	
113	0.56500	1497.53457	-732.68191	1.16450	0.17249	-0.41144	-2.49491	3.69214	0.99903	0.04353	0.00718	-0.04355	0.99905	0.00301	-0.00704	-0.00332	0.99997		1248.18076	507.14656	-14.15606	-0.92380	0.98931	10.00273	0.06509	0.98465	-0.17367	-0.01727	0.17340	0.98472	-0.01612	0.01980	0.01288	0.99972	
114	0.57000	1497.49921	-732.69099	1.13747	0.18117	-0.42208	-2.49998	3.68139	0.99902	0.04362	0.00737	-0.04364	0.99904	0.00316	-0.00722	-0.00348	0.99997		1248.24815	506.98750	-14.11712	-0.93608	0.99184	9.98679	0.07889	0.98470	-0.17340	-0.01731	0.17312	0.98477	-0.01633	0.01988	0.01309	0.99972	
115	0.57500	1497.39188	-732.69579	1.11399	0.19119	-0.41832	-2.50195	3.71840	0.99902	0.04365	0.00730	-0.04368	0.99904	0.00334	-0.00715	-0.00365	0.99997		1248.40525	506.92776	-14.06124	-0.93201	0.98368	9.98770	0.07803	0.98470	-0.17341	-0.01717	0.17314	0.98476	-0.01626	0.01973	0.01304	0.99972	
116	0.58000	1497.42682	-732.69658	1.02884	0.19979	-0.43840	-2.50487	3.71988	0.99902	0.04370	0.00765	-0.04373	0.99904	0.00349	-0.00749	-0.00382	0.99996		1248.42217	506.84967	-14.04186	-0.93441	0.98899	9.96776	0.09670	0.98476	-0.17307	-0.01726	0.17279	0.98482	-0.01631	0.01982	0.01307	0.99972	
117	0.58500	1497.31994	-732.74333	1.01354	0.20191	-0.43515	-2.50054	3.73553	0.99902	0.04363	0.00759	-0.04366	0.99904	0.00352	-0.00743	-0.00385	0.99996		1248.61948	506.73566	-14.00843	-0.93102	0.97165	9.96728	0.08904	0.98477	-0.17306	-0.01696	0.17279	0.98482	-0.01625	0.01951	0.01307	0.99972	
118	0.59000	1497.29488	-732.73487	0.96019	0.21376	-0.44160	-2.49798	3.74287	0.99902	0.04358	0.00771	-0.04361	0.99904	0.00373	-0.00754	-0.00406	0.99996		1248.73693	506.62741	-13.98035	-0.93135	0.97877	9.96224	0.06714	0.98478	-0.17297	-0.01708	0.17270	0.98484	-0.01625	0.01963	0.01305	0.99972	
119	0.59500	1497.25531	-732.78792	0.91189	0.21727	-0.44472	-2.50076	3.75946	0.99902	0.04363	0.00776	-0.04366	0.99904	0.00379	-0.00759	-0.00413	0.99996		1249.02846	506.59581	-13.86142	-0.90918	0.95074	9.95454	0.09700	0.98481	-0.17284	-0.01659	0.17259	0.98487	-0.01587	0.01908	0.01276	0.99974	
120	0.60000	1497.20057	-732.82650	0.87000	0.22454	-0.44859	-2.50158	3.73963	0.99902	0.04365	0.00783	-0.04368	0.99904	0.00392	-0.00765	-0.00426	0.99996		1249.17512	506.50747	-13.80471	-0.90526	0.95178	9.94606	0.11414	0.98483	-0.17270	-0.01661	0.17244	0.98489	-0.01580	0.01909	0.01269	0.99974	
121	0.60500	1497.15280	-732.87730	0.80357	0.23146	-0.45354	-2.49773	3.74078	0.99902	0.04358	0.00792	-0.04361	0.99904	0.00404	-0.00773	-0.00438	0.99996		1249.24086	506.41523	-13.82394	-0.90688	0.95903	9.93315	0.08790	0.98487	-0.17247	-0.01674	0.17222	0.98493	-0.01583	0.01921	0.01270	0.99973	
122	0.61000	1497.14217	-732.90935	0.75819	0.23752	-0.45749	-2.50099	3.73478	0.99902	0.04364	0.00798	-0.04367	0.99904	0.00415	-0.00780	-0.00449	0.99996		1249.25235	506.36561	-13.80490	-0.90108	0.97732	9.91423	0.09878	0.98492	-0.17215	-0.01706	0.17189	0.98499	-0.01572	0.01951	0.01256	0.99973	
123	0.61500	1497.08533	-732.96167	0.70633	0.24338	-0.45633	-2.49359	3.73736	0.99902	0.04351	0.00796	-0.04354	0.99904	0.00425	-0.00777	-0.00459	0.99996		1249.40532	506.27014	-13.75548	-0.89812	0.98026	9.91078	0.11162	0.98493	-0.17209	-0.01711	0.17183	0.98500	-0.01567	0.01955	0.01250	0.99973	
124	0.62000	1497.11524	-732.98349	0.64216	0.25174	-0.46161	-2.50109	3.69852	0.99902	0.04364	0.00806	-0.04367	0.99904	0.00439	-0.00786	-0.00474	0.99996		1249.51298	506.22794	-13.73253	-0.88417	0.98398	9.89931	0.10295	0.98497	-0.17189	-0.01717	0.17164	0.98504	-0.01543	0.01957	0.01225	0.99973	
125	0.62500	1497.05958	-733.02242	0.60942	0.26154	-0.46370	-2.49471	3.70907	0.99902	0.04353	0.00809	-0.04356	0.99904	0.00456	-0.00789	-0.00491	0.99996		1249.58398	506.16902	-13.68958	-0.87509	0.99561	9.88249	0.10582	0.98501	-0.17160	-0.01738	0.17135	0.98509	-0.01527	0.01974	0.01206	0.99973	
126	0.63000	1497.05127	-733.08201	0.52788	0.26624	-0.47339	-2.49337	3.69288	0.99902	0.04350	0.00826	-0.04354	0.99904	0.00465	-0.00805	-0.00500	0.99996		1249.75261	506.10749	-13.66120	-0.86764	0.99923	9.86688	0.10306	0.98506	-0.17133	-0.01744	0.17108	0.98514	-0.01514	0.01977	0.01193	0.99973	
127	0.63500	1496.95435	-733.14966	0.49586	0.27032	-0.46426	-2.48920	3.70907	0.99902	0.04343	0.00810	-0.04347	0.99904	0.00472	-0.00789	-0.00507	0.99996		1249.83526	506.05388	-13.59853	-0.85137	1.00622	9.84537	0.10172	0.98512	-0.17096	-0.01756	0.17071	0.98521	-0.01486	0.01984	0.01164	0.99974	
128	0.64000	1496.95431	-733.19739	0.44230	0.27664	-0.46601	-2.48813	3.69994	0.99902	0.04341	0.00813	-0.04345	0.99904	0.00483	-0.00792	-0.00518	0.99996		1250.00216	506.06404	-13.57120	-0.83516	1.02161	9.84092	0.15285	0.98513	-0.17089	-0.01783	0.17064	0.98523	-0.01457	0.02006	0.01131	0.99973	
129	0.64500	1496.89457	-733.26015	0.39561	0.28128	-0.46577	-2.48359	3.69362	0.99903	0.04333	0.00813	-0.04337	0.99905	0.00491	-0.00791	-0.00526	0.99995		1250.17297	506.00447	-13.51122	-0.82411	1.01959	9.82551	0.16305	0.98518	-0.17062	-0.01779	0.17038	0.98527	-0.01438	0.01999	0.01114	0.99974	
130	0.65000	1496.86145	-733.27603	0.33851	0.29229	-0.46753	-2.48175	3.71399	0.99903	0.04330	0.00816	-0.04334	0.99905	0.00510	-0.00793	-0.00545	0.99995		1250.16212	505.82588	-13.55559	-0.83452	1.03359	9.80158	0.10734	0.98524	-0.17021	-0.01804	0.16996	0.98534	-0.01456	0.02025	0.01128	0.99973	
131	0.65500	1496.78275	-733.35186	0.29367	0.29254	-0.46124	-2.47369	3.73819	0.99904	0.04316	0.00805	-0.04320	0.99905	0.00511	-0.00782	-0.00545	0.99995		1250.33305	505.88355	-13.50261	-0.80843	1.04224	9.77806	0.15317	0.98531	-0.16980	-0.01819	0.16956	0.98542	-0.01411	0.02032	0.01082	0.99974	
132	0.66000	1496.72223	-733.39692	0.22261	0.30051	-0.45549	-2.47522	3.75580	0.99904	0.04319	0.00795	-0.04323	0.99905	0.00524	-0.00772	-0.00558	0.99995		1250.37469	505.78038	-13.52132	-0.81083	1.05913	9.75576	0.14124	0.98537	-0.16942	-0.01848	0.16917	0.98548	-0.01415	0.02061	0.01081	0.99973	
133	0.66500	1496.71406	-733.48931	0.17010	0.30064	-0.45376	-2.47264	3.78837	0.99904	0.04314	0.00792	-0.04318	0.99905	0.00525	-0.00769	-0.00558	0.99995		1250.48075	505.78133	-13.52809	-0.79012	1.06581	9.73724	0.17335	0.98542	-0.16910	-0.01860	0.16886	0.98554	-0.01379	0.02066	0.01045	0.99973	
134	0.67000	1496.67242	-733.52746	0.10632	0.31082	-0.44943	-2.47238	3.79690	0.99904	0.04314	0.00784	-0.04318	0.99905	0.00542	-0.00760	-0.00576	0.99995		1250.63479	505.65234	-13.49560	-0.78983	1.07666	9.72933	0.12541	0.98544	-0.16896	-0.01879	0.16872	0.98557	-0.01378	0.02085	0.01041	0.99973	
135	0.67500	1496.62788	-733.59918	0.05015	0.31102	-0.45061	-2.47440	3.80534	0.99904	0.04317	0.00786	-0.04322	0.99905	0.00543	-0.00762	-0.00576	0.99995		1250.77764	505.61513	-13.48528	-0.77667	1.08205	9.69572	0.13650	0.98554	-0.16839	-0.01888	0.16815	0.98567	-0.01355	0.02090	0.01018	0.99973	
