NO_OF_FRAMES	12035
NO_OF_CAMERAS	8
NO_OF_BODIES	2
FREQUENCY	200
NO_OF_ANALOG	0
ANALOG_FREQUENCY	0
DESCRIPTION	--
TIME_STAMP	2013-07-02, 15:58:33	3296611.09957953
DATA_INCLUDED	6D
BODY_NAMES	Ice 1	Ice 2
Frame	Time	Ice 1 X	Y	Z	Roll	Pitch	Yaw	Residual	Rot[0]	Rot[1]	Rot[2]	Rot[3]	Rot[4]	Rot[5]	Rot[6]	Rot[7]	Rot[8]	Ice 2 X	Y	Z	Roll	Pitch	Yaw	Residual	Rot[0]	Rot[1]	Rot[2]	Rot[3]	Rot[4]	Rot[5]	Rot[6]	Rot[7]	Rot[8]	
1	0.00500	21.28216	-43.95199	-0.17726	0.49831	-0.06944	-0.48661	1.04570	0.99996	0.00849	0.00121	-0.00850	0.99993	0.00870	-0.00114	-0.00871	0.99996		-97.07042	-79.06355	-0.97534	-0.40420	0.35824	1.13439	0.06207	0.99978	-0.01980	-0.00625	0.01975	0.99978	-0.00705	0.00639	0.00693	0.99996	
2	0.01000	21.27094	-43.98110	-0.18691	0.49754	-0.07270	-0.49481	1.02727	0.99996	0.00864	0.00127	-0.00865	0.99992	0.00868	-0.00119	-0.00869	0.99996		-97.13262	-79.01037	-0.97610	-0.39370	0.36593	1.13032	0.05398	0.99979	-0.01973	-0.00639	0.01968	0.99978	-0.00687	0.00652	0.00674	0.99996	
3	0.01500	21.25707	-43.98287	-0.17206	0.49612	-0.06974	-0.48953	1.04130	0.99996	0.00854	0.00122	-0.00855	0.99993	0.00866	-0.00114	-0.00867	0.99996		-97.10731	-79.02762	-0.98467	-0.39607	0.36700	1.12606	0.04576	0.99979	-0.01965	-0.00641	0.01961	0.99978	-0.00691	0.00654	0.00679	0.99996	
4	0.02000	21.23504	-43.97766	-0.16676	0.49699	-0.06437	-0.49112	1.03618	0.99996	0.00857	0.00112	-0.00858	0.99993	0.00867	-0.00105	-0.00868	0.99996		-97.09280	-79.03444	-0.98886	-0.39756	0.36360	1.12565	0.05415	0.99979	-0.01964	-0.00635	0.01960	0.99978	-0.00694	0.00648	0.00681	0.99996	
5	0.02500	21.26996	-43.98665	-0.16693	0.49641	-0.06998	-0.49185	1.03018	0.99996	0.00858	0.00122	-0.00859	0.99993	0.00866	-0.00115	-0.00867	0.99996		-97.12395	-79.03187	-0.98026	-0.39831	0.36865	1.13092	0.03895	0.99978	-0.01974	-0.00643	0.01969	0.99978	-0.00695	0.00657	0.00682	0.99996	
6	0.03000	21.26043	-43.99699	-0.15315	0.49361	-0.06970	-0.49444	1.02668	0.99996	0.00863	0.00122	-0.00864	0.99993	0.00862	-0.00114	-0.00863	0.99996		-97.11055	-79.04590	-0.98868	-0.40033	0.36755	1.13030	0.04911	0.99978	-0.01973	-0.00641	0.01968	0.99978	-0.00699	0.00655	0.00686	0.99995	
7	0.03500	21.27564	-43.98350	-0.15451	0.49644	-0.07282	-0.49460	1.02304	0.99996	0.00863	0.00127	-0.00864	0.99993	0.00866	-0.00120	-0.00868	0.99996		-97.11902	-79.04101	-0.98869	-0.39919	0.36962	1.12925	0.04470	0.99978	-0.01971	-0.00645	0.01966	0.99978	-0.00697	0.00659	0.00684	0.99995	
8	0.04000	21.27865	-43.99024	-0.14685	0.49407	-0.07012	-0.48965	1.02438	0.99996	0.00855	0.00122	-0.00856	0.99993	0.00862	-0.00115	-0.00863	0.99996		-97.14409	-79.05005	-0.99249	-0.40042	0.37290	1.12840	0.03986	0.99978	-0.01969	-0.00651	0.01965	0.99978	-0.00699	0.00664	0.00686	0.99995	
9	0.04500	21.25757	-43.99402	-0.14252	0.49139	-0.06812	-0.49499	1.02898	0.99996	0.00864	0.00119	-0.00865	0.99993	0.00858	-0.00111	-0.00859	0.99996		-97.11610	-79.03244	-1.00589	-0.39810	0.37138	1.12507	0.05098	0.99979	-0.01963	-0.00648	0.01959	0.99978	-0.00695	0.00662	0.00682	0.99995	
10	0.05000	21.25158	-43.98270	-0.12220	0.49147	-0.06410	-0.49248	1.02775	0.99996	0.00860	0.00112	-0.00860	0.99993	0.00858	-0.00104	-0.00859	0.99996		-97.11517	-79.04024	-0.99715	-0.39989	0.37115	1.12631	0.04410	0.99979	-0.01966	-0.00648	0.01961	0.99978	-0.00698	0.00661	0.00685	0.99995	
11	0.05500	21.09720	-44.13573	0.00711	0.48604	-0.06597	-0.48015	1.09370	0.99996	0.00838	0.00115	-0.00839	0.99993	0.00848	-0.00108	-0.00849	0.99996		-97.12340	-79.04528	-1.00989	-0.39906	0.37264	1.12964	0.04899	0.99978	-0.01971	-0.00650	0.01967	0.99978	-0.00696	0.00664	0.00684	0.99995	
12	0.06000	21.04275	-44.16236	0.03651	0.48290	-0.06072	-0.48195	1.09587	0.99996	0.00841	0.00106	-0.00842	0.99993	0.00843	-0.00099	-0.00844	0.99996		-97.09643	-79.05362	-1.00995	-0.40264	0.37140	1.12591	0.04691	0.99979	-0.01965	-0.00648	0.01960	0.99978	-0.00703	0.00662	0.00690	0.99995	
13	0.06500	21.04166	-44.15503	0.02661	0.48360	-0.06766	-0.47629	1.10711	0.99996	0.00831	0.00118	-0.00832	0.99993	0.00844	-0.00111	-0.00845	0.99996		-97.13449	-79.03753	-1.00585	-0.40036	0.37806	1.13062	0.04007	0.99978	-0.01973	-0.00660	0.01969	0.99978	-0.00699	0.00673	0.00686	0.99995	
14	0.07000	21.03062	-44.17484	0.05912	0.48034	-0.06312	-0.47620	1.10008	0.99996	0.00831	0.00110	-0.00832	0.99993	0.00838	-0.00103	-0.00839	0.99996		-97.12870	-79.02359	-1.01052	-0.39804	0.37942	1.12745	0.03841	0.99978	-0.01968	-0.00662	0.01963	0.99978	-0.00695	0.00676	0.00682	0.99995	
15	0.07500	21.04080	-44.17856	0.07188	0.48170	-0.06697	-0.48123	1.10182	0.99996	0.00840	0.00117	-0.00841	0.99993	0.00841	-0.00110	-0.00842	0.99996		-97.10357	-79.04106	-1.01067	-0.39964	0.37786	1.12673	0.04132	0.99978	-0.01966	-0.00659	0.01962	0.99978	-0.00697	0.00673	0.00684	0.99995	
16	0.08000	21.06765	-44.17768	0.06937	0.47909	-0.06981	-0.47576	1.11505	0.99996	0.00830	0.00122	-0.00831	0.99993	0.00836	-0.00115	-0.00837	0.99996		-97.12867	-79.01703	-1.01884	-0.39551	0.37691	1.12246	0.04544	0.99979	-0.01959	-0.00658	0.01954	0.99979	-0.00690	0.00671	0.00677	0.99995	
17	0.08500	21.02407	-44.19664	0.09322	0.47487	-0.06701	-0.47547	1.11038	0.99996	0.00830	0.00117	-0.00831	0.99993	0.00829	-0.00110	-0.00830	0.99996		-97.12915	-79.03095	-1.02319	-0.39856	0.38157	1.12726	0.04129	0.99978	-0.01967	-0.00666	0.01963	0.99978	-0.00696	0.00680	0.00682	0.99995	
18	0.09000	20.98855	-44.21571	0.12143	0.47175	-0.06008	-0.47718	1.12709	0.99996	0.00833	0.00105	-0.00834	0.99993	0.00823	-0.00098	-0.00824	0.99997		-97.14351	-79.01339	-1.01928	-0.39667	0.38531	1.12379	0.04094	0.99979	-0.01961	-0.00672	0.01957	0.99978	-0.00692	0.00686	0.00679	0.99995	
19	0.09500	21.00527	-44.22761	0.12658	0.47202	-0.06163	-0.47451	1.12502	0.99997	0.00828	0.00108	-0.00829	0.99993	0.00824	-0.00101	-0.00825	0.99997		-97.12588	-79.04040	-1.02312	-0.39867	0.38030	1.12911	0.04486	0.99978	-0.01971	-0.00664	0.01966	0.99978	-0.00696	0.00677	0.00683	0.99995	
20	0.10000	20.97267	-44.22150	0.13931	0.46891	-0.05708	-0.47903	1.10106	0.99996	0.00836	0.00100	-0.00837	0.99993	0.00818	-0.00093	-0.00819	0.99997		-97.12267	-79.01971	-1.02797	-0.39484	0.38231	1.12566	0.05062	0.99978	-0.01964	-0.00667	0.01960	0.99978	-0.00689	0.00681	0.00676	0.99995	
21	0.10500	20.99784	-44.24568	0.14373	0.46604	-0.06017	-0.47442	1.11344	0.99997	0.00828	0.00105	-0.00829	0.99993	0.00813	-0.00098	-0.00814	0.99997		-97.12267	-79.01971	-1.02797	-0.39484	0.38231	1.12566	0.05062	0.99978	-0.01964	-0.00667	0.01960	0.99978	-0.00689	0.00681	0.00676	0.99995	
22	0.11000	20.96913	-44.24459	0.16828	0.46362	-0.05776	-0.47140	1.11161	0.99997	0.00823	0.00101	-0.00824	0.99993	0.00809	-0.00094	-0.00810	0.99997		-97.13218	-79.01361	-1.03670	-0.39236	0.38664	1.12486	0.04289	0.99978	-0.01963	-0.00675	0.01958	0.99978	-0.00685	0.00688	0.00671	0.99995	
23	0.11500	20.98193	-44.25128	0.16875	0.46373	-0.05887	-0.47295	1.11580	0.99997	0.00825	0.00103	-0.00826	0.99993	0.00809	-0.00096	-0.00810	0.99997		-97.11509	-79.00443	-1.02429	-0.39221	0.38314	1.12526	0.04880	0.99978	-0.01964	-0.00669	0.01959	0.99978	-0.00685	0.00682	0.00671	0.99995	
24	0.12000	20.97118	-44.28071	0.17710	0.45889	-0.06210	-0.47111	1.12268	0.99997	0.00822	0.00108	-0.00823	0.99993	0.00801	-0.00102	-0.00802	0.99997		-97.13034	-78.98898	-1.03710	-0.38967	0.38932	1.12252	0.04013	0.99979	-0.01959	-0.00679	0.01954	0.99979	-0.00680	0.00693	0.00667	0.99995	
25	0.12500	20.99034	-44.26425	0.20208	0.45912	-0.05907	-0.46770	1.12666	0.99997	0.00816	0.00103	-0.00817	0.99993	0.00801	-0.00097	-0.00802	0.99997		-97.12839	-78.98682	-1.04139	-0.38828	0.38621	1.12902	0.04470	0.99978	-0.01970	-0.00674	0.01966	0.99978	-0.00678	0.00687	0.00664	0.99995	
26	0.13000	20.97371	-44.28832	0.20337	0.45553	-0.05936	-0.47269	1.11804	0.99997	0.00825	0.00104	-0.00826	0.99993	0.00795	-0.00097	-0.00796	0.99997		-97.17233	-78.98180	-1.04954	-0.38748	0.39170	1.12478	0.04510	0.99978	-0.01963	-0.00684	0.01958	0.99979	-0.00676	0.00697	0.00663	0.99995	
27	0.13500	20.97035	-44.29980	0.21544	0.45228	-0.05645	-0.47611	1.10021	0.99997	0.00831	0.00099	-0.00832	0.99993	0.00789	-0.00092	-0.00790	0.99997		-97.12995	-78.97873	-1.03786	-0.38621	0.39142	1.12549	0.04721	0.99978	-0.01964	-0.00683	0.01960	0.99979	-0.00674	0.00696	0.00661	0.99995	
28	0.14000	20.95201	-44.31905	0.21322	0.44892	-0.05739	-0.47423	1.10704	0.99997	0.00828	0.00100	-0.00828	0.99993	0.00784	-0.00094	-0.00784	0.99997		-97.12718	-78.96163	-1.05905	-0.38226	0.39080	1.12495	0.03939	0.99978	-0.01963	-0.00682	0.01959	0.99979	-0.00667	0.00695	0.00654	0.99995	
29	0.14500	20.97271	-44.30339	0.22299	0.45059	-0.06031	-0.47067	1.12373	0.99997	0.00821	0.00105	-0.00822	0.99994	0.00786	-0.00099	-0.00787	0.99997		-97.15208	-78.96599	-1.05054	-0.38250	0.39390	1.12746	0.04848	0.99978	-0.01968	-0.00687	0.01963	0.99978	-0.00668	0.00700	0.00654	0.99995	
30	0.15000	20.96654	-44.31751	0.24225	0.44576	-0.05735	-0.46689	1.11976	0.99997	0.00815	0.00100	-0.00816	0.99994	0.00778	-0.00094	-0.00779	0.99997		-97.16375	-78.95778	-1.05920	-0.37949	0.39893	1.12301	0.03948	0.99978	-0.01960	-0.00696	0.01955	0.99979	-0.00662	0.00709	0.00649	0.99995	
31	0.15500	20.93900	-44.34937	0.26905	0.43808	-0.05394	-0.46403	1.12369	0.99997	0.00810	0.00094	-0.00811	0.99994	0.00765	-0.00088	-0.00765	0.99997		-97.16915	-78.95978	-1.05897	-0.37907	0.39753	1.12578	0.05000	0.99978	-0.01965	-0.00694	0.01960	0.99979	-0.00662	0.00707	0.00648	0.99995	
32	0.16000	20.94549	-44.33786	0.28024	0.44025	-0.05319	-0.47062	1.11772	0.99997	0.00821	0.00093	-0.00822	0.99994	0.00768	-0.00087	-0.00769	0.99997		-97.14551	-78.94646	-1.05956	-0.37474	0.39437	1.12721	0.03966	0.99978	-0.01967	-0.00688	0.01963	0.99979	-0.00654	0.00701	0.00640	0.99995	
33	0.16500	20.94328	-44.35702	0.27707	0.43557	-0.05456	-0.47206	1.12741	0.99997	0.00824	0.00095	-0.00825	0.99994	0.00760	-0.00089	-0.00761	0.99997		-97.14867	-78.92883	-1.06020	-0.37168	0.39771	1.12265	0.04519	0.99978	-0.01959	-0.00694	0.01955	0.99979	-0.00649	0.00707	0.00635	0.99995	
34	0.17000	20.96346	-44.36402	0.26803	0.43324	-0.05852	-0.46831	1.12082	0.99997	0.00817	0.00102	-0.00818	0.99994	0.00756	-0.00096	-0.00757	0.99997		-97.14030	-78.94080	-1.06011	-0.37324	0.39785	1.12684	0.04276	0.99978	-0.01967	-0.00694	0.01962	0.99979	-0.00651	0.00707	0.00638	0.99995	
35	0.17500	20.94955	-44.37512	0.29113	0.42984	-0.05373	-0.46907	1.11951	0.99997	0.00819	0.00094	-0.00819	0.99994	0.00750	-0.00088	-0.00751	0.99997		-97.17488	-78.92556	-1.07691	-0.36795	0.40092	1.12486	0.04543	0.99978	-0.01963	-0.00700	0.01959	0.99979	-0.00642	0.00712	0.00628	0.99995	
36	0.18000	20.94004	-44.38077	0.29773	0.42792	-0.05764	-0.46742	1.12996	0.99997	0.00816	0.00101	-0.00817	0.99994	0.00747	-0.00094	-0.00748	0.99997		-97.15374	-78.91162	-1.08579	-0.36656	0.40116	1.12375	0.04403	0.99978	-0.01961	-0.00700	0.01957	0.99979	-0.00640	0.00713	0.00626	0.99995	
37	0.18500	20.96720	-44.40153	0.31902	0.42371	-0.05624	-0.46865	1.12827	0.99997	0.00818	0.00098	-0.00819	0.99994	0.00740	-0.00092	-0.00740	0.99997		-97.16891	-78.89966	-1.08179	-0.36290	0.40230	1.12124	0.04265	0.99978	-0.01957	-0.00702	0.01952	0.99979	-0.00633	0.00714	0.00620	0.99996	
38	0.19000	20.94238	-44.39913	0.32253	0.42104	-0.05287	-0.46922	1.11630	0.99997	0.00819	0.00092	-0.00820	0.99994	0.00735	-0.00086	-0.00736	0.99997		-97.16877	-78.89245	-1.07797	-0.36016	0.40451	1.12353	0.04359	0.99978	-0.01961	-0.00706	0.01956	0.99979	-0.00629	0.00718	0.00615	0.99996	
39	0.19500	20.92252	-44.42269	0.33377	0.41704	-0.05284	-0.47094	1.11515	0.99997	0.00822	0.00092	-0.00823	0.99994	0.00728	-0.00086	-0.00729	0.99997		-97.12287	-78.89422	-1.07449	-0.35902	0.40071	1.12342	0.05075	0.99978	-0.01961	-0.00699	0.01956	0.99979	-0.00627	0.00711	0.00613	0.99996	
40	0.20000	20.94397	-44.42570	0.32280	0.41457	-0.05570	-0.46721	1.12099	0.99997	0.00815	0.00097	-0.00816	0.99994	0.00724	-0.00091	-0.00724	0.99997		-97.16611	-78.87055	-1.09118	-0.35399	0.40612	1.12245	0.03443	0.99978	-0.01959	-0.00709	0.01955	0.99979	-0.00618	0.00721	0.00604	0.99996	
41	0.20500	20.97193	-44.42772	0.32382	0.41361	-0.06025	-0.46872	1.11470	0.99997	0.00818	0.00105	-0.00819	0.99994	0.00722	-0.00099	-0.00723	0.99997		-97.14227	-78.87434	-1.09569	-0.35151	0.40247	1.12409	0.05046	0.99978	-0.01962	-0.00702	0.01957	0.99979	-0.00613	0.00714	0.00600	0.99996	
42	0.21000	20.90967	-44.46428	0.35322	0.40729	-0.05254	-0.46835	1.11465	0.99997	0.00817	0.00092	-0.00818	0.99994	0.00711	-0.00086	-0.00712	0.99997		-97.15761	-78.84296	-1.08785	-0.34554	0.40395	1.12020	0.05070	0.99978	-0.01955	-0.00705	0.01951	0.99979	-0.00603	0.00717	0.00589	0.99996	
43	0.21500	20.89811	-44.46320	0.36107	0.40642	-0.05105	-0.47050	1.11125	0.99997	0.00821	0.00089	-0.00822	0.99994	0.00709	-0.00083	-0.00710	0.99997		-97.15358	-78.83047	-1.09665	-0.34156	0.40529	1.12238	0.05052	0.99978	-0.01959	-0.00707	0.01955	0.99979	-0.00596	0.00719	0.00582	0.99996	
44	0.22000	20.96262	-44.47243	0.36449	0.40327	-0.05949	-0.47065	1.11245	0.99997	0.00821	0.00104	-0.00822	0.99994	0.00704	-0.00098	-0.00705	0.99997		-97.15111	-78.83049	-1.09252	-0.33948	0.40440	1.12204	0.05511	0.99978	-0.01958	-0.00706	0.01954	0.99979	-0.00592	0.00717	0.00579	0.99996	
45	0.22500	20.91336	-44.48499	0.37422	0.39997	-0.05546	-0.46780	1.11656	0.99997	0.00816	0.00097	-0.00817	0.99994	0.00698	-0.00091	-0.00699	0.99998		-97.13829	-78.81728	-1.10138	-0.33520	0.40377	1.11975	0.05197	0.99978	-0.01954	-0.00705	0.01950	0.99979	-0.00585	0.00716	0.00571	0.99996	
46	0.23000	20.93271	-44.48545	0.36857	0.39749	-0.05859	-0.46999	1.11727	0.99997	0.00820	0.00102	-0.00821	0.99994	0.00694	-0.00097	-0.00695	0.99998		-97.17679	-78.79838	-1.09704	-0.33033	0.40546	1.12076	0.05763	0.99978	-0.01956	-0.00708	0.01952	0.99979	-0.00577	0.00719	0.00563	0.99996	
47	0.23500	20.95180	-44.51100	0.38805	0.39281	-0.05791	-0.46572	1.13789	0.99997	0.00813	0.00101	-0.00813	0.99994	0.00686	-0.00095	-0.00686	0.99998		-97.17368	-78.78585	-1.09747	-0.32635	0.40694	1.12292	0.04837	0.99978	-0.01960	-0.00710	0.01956	0.99979	-0.00570	0.00721	0.00556	0.99996	
48	0.24000	20.92130	-44.51175	0.37822	0.39201	-0.05973	-0.46890	1.11944	0.99997	0.00818	0.00104	-0.00819	0.99994	0.00684	-0.00099	-0.00685	0.99998		-97.17494	-78.78415	-1.10577	-0.32499	0.40478	1.12287	0.05172	0.99978	-0.01960	-0.00706	0.01956	0.99979	-0.00567	0.00717	0.00553	0.99996	
49	0.24500	20.94246	-44.53477	0.40156	0.38641	-0.06328	-0.46723	1.11428	0.99997	0.00815	0.00110	-0.00816	0.99994	0.00674	-0.00105	-0.00675	0.99998		-97.18544	-78.76752	-1.10634	-0.31810	0.40900	1.12705	0.05065	0.99978	-0.01967	-0.00714	0.01963	0.99979	-0.00555	0.00725	0.00541	0.99996	
50	0.25000	20.93768	-44.54244	0.41720	0.38161	-0.05591	-0.46132	1.12111	0.99997	0.00805	0.00098	-0.00806	0.99995	0.00666	-0.00092	-0.00667	0.99998		-97.17366	-78.76354	-1.10633	-0.31717	0.40633	1.12715	0.04958	0.99978	-0.01967	-0.00709	0.01963	0.99979	-0.00554	0.00720	0.00540	0.99996	
51	0.25500	20.93416	-44.53034	0.40762	0.38422	-0.06107	-0.46477	1.12349	0.99997	0.00811	0.00107	-0.00812	0.99994	0.00671	-0.00101	-0.00671	0.99998		-97.14281	-78.74130	-1.10755	-0.31045	0.40632	1.12054	0.04326	0.99978	-0.01956	-0.00709	0.01952	0.99979	-0.00542	0.00720	0.00528	0.99996	
52	0.26000	20.94040	-44.55198	0.39963	0.37844	-0.05929	-0.46813	1.12477	0.99997	0.00817	0.00103	-0.00818	0.99994	0.00661	-0.00098	-0.00661	0.99998		-97.14863	-78.71816	-1.11594	-0.30546	0.40306	1.12177	0.04865	0.99978	-0.01958	-0.00703	0.01954	0.99979	-0.00533	0.00714	0.00519	0.99996	
53	0.26500	20.94715	-44.56054	0.41723	0.37707	-0.06175	-0.46668	1.12211	0.99997	0.00814	0.00108	-0.00815	0.99995	0.00658	-0.00102	-0.00659	0.99998		-97.14121	-78.73023	-1.11212	-0.30287	0.40269	1.12136	0.06562	0.99978	-0.01957	-0.00703	0.01953	0.99980	-0.00529	0.00713	0.00515	0.99996	
54	0.27000	20.93198	-44.57446	0.40906	0.37318	-0.05993	-0.46833	1.11540	0.99997	0.00817	0.00105	-0.00818	0.99995	0.00651	-0.00099	-0.00652	0.99998		-97.17929	-78.72067	-1.12808	-0.30119	0.40230	1.11956	0.05091	0.99978	-0.01954	-0.00702	0.01950	0.99980	-0.00526	0.00712	0.00512	0.99996	
55	0.27500	20.96356	-44.57615	0.42705	0.37010	-0.06662	-0.46527	1.12508	0.99997	0.00812	0.00116	-0.00813	0.99995	0.00646	-0.00111	-0.00647	0.99998		-97.16254	-78.69831	-1.12089	-0.29472	0.40532	1.12193	0.05710	0.99978	-0.01958	-0.00707	0.01954	0.99980	-0.00514	0.00717	0.00500	0.99996	
56	0.28000	20.93918	-44.59641	0.42079	0.36687	-0.06308	-0.46496	1.11343	0.99997	0.00811	0.00110	-0.00812	0.99995	0.00640	-0.00105	-0.00641	0.99998		-97.15844	-78.68374	-1.12512	-0.29039	0.40198	1.11972	0.05857	0.99978	-0.01954	-0.00702	0.01951	0.99980	-0.00507	0.00711	0.00493	0.99996	
57	0.28500	20.93939	-44.60112	0.43413	0.36298	-0.06205	-0.46433	1.11809	0.99997	0.00810	0.00108	-0.00811	0.99995	0.00634	-0.00103	-0.00634	0.99998		-97.17383	-78.66327	-1.13366	-0.28482	0.40316	1.11970	0.05214	0.99978	-0.01954	-0.00704	0.01951	0.99980	-0.00497	0.00713	0.00483	0.99996	
58	0.29000	20.92458	-44.60279	0.42445	0.36282	-0.06193	-0.46680	1.11762	0.99997	0.00815	0.00108	-0.00815	0.99995	0.00633	-0.00103	-0.00634	0.99998		-97.16212	-78.65219	-1.12561	-0.28112	0.40280	1.12206	0.04551	0.99978	-0.01958	-0.00703	0.01955	0.99980	-0.00491	0.00712	0.00477	0.99996	
59	0.29500	20.93908	-44.62385	0.42984	0.35872	-0.06317	-0.46268	1.12664	0.99997	0.00808	0.00110	-0.00808	0.99995	0.00626	-0.00105	-0.00627	0.99998		-97.17429	-78.64677	-1.12986	-0.27897	0.40310	1.11986	0.04356	0.99978	-0.01954	-0.00704	0.01951	0.99980	-0.00487	0.00713	0.00473	0.99996	
60	0.30000	20.95343	-44.61804	0.43832	0.35767	-0.06567	-0.46431	1.12366	0.99997	0.00810	0.00115	-0.00811	0.99995	0.00624	-0.00110	-0.00625	0.99998		-97.17962	-78.62546	-1.13446	-0.27112	0.40150	1.11982	0.05828	0.99978	-0.01954	-0.00701	0.01951	0.99980	-0.00473	0.00710	0.00459	0.99996	
61	0.30500	20.93635	-44.64259	0.43473	0.35463	-0.06785	-0.46636	1.11770	0.99997	0.00814	0.00118	-0.00815	0.99995	0.00619	-0.00113	-0.00620	0.99998		-97.18528	-78.61632	-1.12638	-0.26799	0.40505	1.12356	0.05011	0.99978	-0.01961	-0.00707	0.01958	0.99980	-0.00468	0.00716	0.00454	0.99996	
62	0.31000	20.90055	-44.65056	0.44365	0.35252	-0.06190	-0.47033	1.11191	0.99997	0.00821	0.00108	-0.00822	0.99995	0.00615	-0.00103	-0.00616	0.99998		-97.15358	-78.61244	-1.13910	-0.26578	0.39998	1.12196	0.04293	0.99978	-0.01958	-0.00698	0.01955	0.99980	-0.00464	0.00707	0.00450	0.99996	
63	0.31500	20.96816	-44.66218	0.42283	0.34868	-0.06840	-0.46635	1.11956	0.99997	0.00814	0.00119	-0.00815	0.99995	0.00609	-0.00114	-0.00610	0.99998		-97.20036	-78.59388	-1.13060	-0.26012	0.40101	1.12362	0.05751	0.99978	-0.01961	-0.00700	0.01958	0.99980	-0.00454	0.00709	0.00440	0.99997	
64	0.32000	20.91736	-44.66331	0.42798	0.34690	-0.06573	-0.46517	1.11342	0.99997	0.00812	0.00115	-0.00813	0.99995	0.00605	-0.00110	-0.00606	0.99998		-97.17261	-78.59773	-1.13515	-0.25742	0.40118	1.12133	0.05601	0.99978	-0.01957	-0.00700	0.01954	0.99980	-0.00449	0.00709	0.00435	0.99997	
65	0.32500	20.98063	-44.67183	0.42390	0.34591	-0.07361	-0.46504	1.11744	0.99997	0.00812	0.00128	-0.00812	0.99995	0.00604	-0.00124	-0.00605	0.99998		-97.16059	-78.58214	-1.12687	-0.25285	0.39609	1.12218	0.04612	0.99978	-0.01958	-0.00691	0.01955	0.99980	-0.00441	0.00700	0.00428	0.99997	
66	0.33000	20.94536	-44.67098	0.43452	0.34542	-0.06899	-0.46290	1.11570	0.99997	0.00808	0.00120	-0.00809	0.99995	0.00603	-0.00116	-0.00604	0.99998		-97.17381	-78.56741	-1.12735	-0.24749	0.39887	1.12107	0.04983	0.99978	-0.01956	-0.00696	0.01953	0.99980	-0.00432	0.00704	0.00418	0.99997	
67	0.33500	20.95428	-44.68788	0.43364	0.33955	-0.06534	-0.46929	1.11197	0.99997	0.00819	0.00114	-0.00820	0.99995	0.00593	-0.00109	-0.00594	0.99998		-97.16249	-78.56898	-1.14441	-0.24452	0.39815	1.12182	0.05523	0.99978	-0.01958	-0.00695	0.01955	0.99980	-0.00427	0.00703	0.00413	0.99997	
68	0.34000	20.95590	-44.69590	0.43915	0.33674	-0.06581	-0.46294	1.11449	0.99997	0.00808	0.00115	-0.00809	0.99995	0.00588	-0.00110	-0.00589	0.99998		-97.20366	-78.52772	-1.14847	-0.23772	0.39883	1.11873	0.05152	0.99979	-0.01952	-0.00696	0.01950	0.99980	-0.00415	0.00704	0.00401	0.99997	
69	0.34500	20.97358	-44.71129	0.42298	0.33561	-0.07151	-0.46678	1.11697	0.99997	0.00815	0.00125	-0.00815	0.99995	0.00586	-0.00120	-0.00587	0.99998		-97.17461	-78.51374	-1.14533	-0.22890	0.39842	1.11573	0.04799	0.99979	-0.01947	-0.00695	0.01944	0.99980	-0.00399	0.00703	0.00386	0.99997	
70	0.35000	20.96498	-44.71108	0.43853	0.33511	-0.06862	-0.46762	1.11530	0.99997	0.00816	0.00120	-0.00817	0.99995	0.00585	-0.00115	-0.00586	0.99998		-97.16965	-78.52954	-1.13641	-0.23252	0.39716	1.12019	0.04622	0.99978	-0.01955	-0.00693	0.01952	0.99980	-0.00406	0.00701	0.00392	0.99997	
71	0.35500	20.97486	-44.70264	0.41778	0.33498	-0.07326	-0.47263	1.10692	0.99997	0.00825	0.00128	-0.00826	0.99995	0.00585	-0.00123	-0.00586	0.99998		-97.19492	-78.51178	-1.12381	-0.22784	0.39595	1.11944	0.04421	0.99979	-0.01954	-0.00691	0.01951	0.99980	-0.00398	0.00699	0.00384	0.99997	
72	0.36000	20.96121	-44.71774	0.41492	0.33188	-0.07072	-0.47085	1.10957	0.99997	0.00822	0.00123	-0.00822	0.99995	0.00579	-0.00119	-0.00580	0.99998		-97.15440	-78.50790	-1.13257	-0.22454	0.39095	1.11833	0.04936	0.99979	-0.01952	-0.00682	0.01949	0.99980	-0.00392	0.00690	0.00378	0.99997	
73	0.36500	20.97509	-44.72632	0.41386	0.32925	-0.07364	-0.46658	1.11338	0.99997	0.00814	0.00129	-0.00815	0.99995	0.00575	-0.00124	-0.00576	0.99998		-97.16718	-78.47405	-1.14569	-0.21593	0.39149	1.11701	0.05737	0.99979	-0.01949	-0.00683	0.01947	0.99980	-0.00377	0.00690	0.00363	0.99997	
74	0.37000	20.96503	-44.72587	0.41750	0.32946	-0.07170	-0.46641	1.12042	0.99997	0.00814	0.00125	-0.00815	0.99995	0.00575	-0.00120	-0.00576	0.99998		-97.18911	-78.47347	-1.14149	-0.21375	0.39635	1.11819	0.04564	0.99979	-0.01951	-0.00692	0.01949	0.99980	-0.00373	0.00699	0.00359	0.99997	
75	0.37500	20.98144	-44.72510	0.38549	0.33046	-0.07664	-0.46587	1.12052	0.99997	0.00813	0.00134	-0.00814	0.99995	0.00577	-0.00129	-0.00578	0.99998		-97.16010	-78.47828	-1.13743	-0.21362	0.39182	1.11758	0.04688	0.99979	-0.01950	-0.00684	0.01948	0.99980	-0.00373	0.00691	0.00359	0.99997	
76	0.38000	20.97380	-44.73356	0.38635	0.32632	-0.07498	-0.46511	1.11558	0.99997	0.00812	0.00131	-0.00812	0.99995	0.00570	-0.00126	-0.00571	0.99998		-97.17185	-78.45521	-1.15443	-0.20540	0.39162	1.11903	0.06039	0.99979	-0.01953	-0.00684	0.01950	0.99980	-0.00358	0.00690	0.00345	0.99997	
77	0.38500	20.97686	-44.73150	0.39521	0.32636	-0.07156	-0.46550	1.12858	0.99997	0.00812	0.00125	-0.00813	0.99995	0.00570	-0.00120	-0.00571	0.99998		-97.17218	-78.46786	-1.14145	-0.20639	0.38678	1.11771	0.06049	0.99979	-0.01951	-0.00675	0.01948	0.99980	-0.00360	0.00682	0.00347	0.99997	
78	0.39000	20.96786	-44.75145	0.38580	0.32628	-0.07140	-0.46900	1.10514	0.99997	0.00819	0.00125	-0.00819	0.99995	0.00569	-0.00120	-0.00570	0.99998		-97.16396	-78.45251	-1.15054	-0.20058	0.38928	1.11780	0.05427	0.99979	-0.01951	-0.00679	0.01948	0.99980	-0.00350	0.00686	0.00337	0.99997	
79	0.39500	20.92825	-44.76076	0.38024	0.32141	-0.06967	-0.46556	1.11246	0.99997	0.00813	0.00122	-0.00813	0.99995	0.00561	-0.00117	-0.00562	0.99998		-97.18183	-78.42257	-1.15054	-0.19396	0.38897	1.11598	0.04010	0.99979	-0.01948	-0.00679	0.01945	0.99981	-0.00339	0.00685	0.00325	0.99997	
80	0.40000	20.93679	-44.74564	0.37693	0.32495	-0.07108	-0.46896	1.11588	0.99997	0.00818	0.00124	-0.00819	0.99995	0.00567	-0.00119	-0.00568	0.99998		-97.19579	-78.42141	-1.15868	-0.19190	0.38706	1.11854	0.05772	0.99979	-0.01952	-0.00676	0.01950	0.99980	-0.00335	0.00682	0.00322	0.99997	
81	0.40500	20.94688	-44.74707	0.37511	0.32254	-0.07024	-0.46783	1.10728	0.99997	0.00817	0.00123	-0.00817	0.99995	0.00563	-0.00118	-0.00564	0.99998		-97.17735	-78.41727	-1.15060	-0.19273	0.38795	1.11589	0.04441	0.99979	-0.01947	-0.00677	0.01945	0.99981	-0.00336	0.00684	0.00323	0.99997	
82	0.41000	20.98882	-44.75880	0.35973	0.32098	-0.07413	-0.46585	1.12650	0.99997	0.00813	0.00129	-0.00814	0.99995	0.00560	-0.00125	-0.00561	0.99998		-97.19639	-78.40463	-1.14242	-0.18698	0.38949	1.11756	0.05417	0.99979	-0.01950	-0.00680	0.01948	0.99980	-0.00326	0.00686	0.00313	0.99997	
83	0.41500	20.94862	-44.75639	0.35308	0.32055	-0.07032	-0.46838	1.11672	0.99997	0.00817	0.00123	-0.00818	0.99995	0.00559	-0.00118	-0.00560	0.99998		-97.18434	-78.41069	-1.15099	-0.18501	0.38864	1.11666	0.04378	0.99979	-0.01949	-0.00678	0.01947	0.99981	-0.00323	0.00684	0.00310	0.99997	
84	0.42000	20.95893	-44.75622	0.32869	0.31974	-0.07419	-0.46964	1.10972	0.99997	0.00820	0.00129	-0.00820	0.99995	0.00558	-0.00125	-0.00559	0.99998		-97.16501	-78.41752	-1.13372	-0.18770	0.38203	1.11931	0.04456	0.99979	-0.01953	-0.00667	0.01951	0.99980	-0.00328	0.00673	0.00315	0.99997	
85	0.42500	20.96162	-44.77595	0.34072	0.31796	-0.07385	-0.47342	1.11495	0.99997	0.00826	0.00129	-0.00827	0.99995	0.00555	-0.00124	-0.00556	0.99998		-97.16419	-78.40694	-1.14286	-0.18300	0.38612	1.11724	0.05677	0.99979	-0.01950	-0.00674	0.01948	0.99981	-0.00319	0.00680	0.00306	0.99997	
86	0.43000	20.99658	-44.76524	0.31509	0.31994	-0.07805	-0.47163	1.11088	0.99997	0.00823	0.00136	-0.00824	0.99995	0.00558	-0.00132	-0.00559	0.99998		-97.16509	-78.37877	-1.15557	-0.17881	0.38205	1.11876	0.06009	0.99979	-0.01952	-0.00667	0.01950	0.99980	-0.00312	0.00673	0.00299	0.99997	
87	0.43500	20.99732	-44.77524	0.31796	0.31731	-0.07111	-0.46960	1.11003	0.99997	0.00820	0.00124	-0.00820	0.99995	0.00554	-0.00120	-0.00555	0.99998		-97.18715	-78.38879	-1.14700	-0.17708	0.38642	1.11830	0.05866	0.99979	-0.01952	-0.00674	0.01950	0.99981	-0.00309	0.00680	0.00296	0.99997	
88	0.44000	20.97718	-44.77274	0.30281	0.31742	-0.07382	-0.46758	1.09915	0.99997	0.00816	0.00129	-0.00817	0.99995	0.00554	-0.00124	-0.00555	0.99998		-97.16544	-78.38972	-1.14711	-0.17806	0.38409	1.11590	0.04891	0.99979	-0.01947	-0.00670	0.01945	0.99981	-0.00311	0.00676	0.00298	0.99997	
89	0.44500	20.96302	-44.76806	0.29951	0.31943	-0.07218	-0.46781	1.11772	0.99997	0.00816	0.00126	-0.00817	0.99995	0.00558	-0.00121	-0.00559	0.99998		-97.18736	-78.38877	-1.14285	-0.17708	0.38650	1.11828	0.05590	0.99979	-0.01952	-0.00675	0.01950	0.99981	-0.00309	0.00680	0.00296	0.99997	
90	0.45000	20.99145	-44.76813	0.26331	0.31793	-0.07643	-0.46630	1.12161	0.99997	0.00814	0.00133	-0.00815	0.99995	0.00555	-0.00129	-0.00556	0.99998		-97.16575	-78.38225	-1.13907	-0.17529	0.38639	1.11818	0.04548	0.99979	-0.01951	-0.00674	0.01949	0.99981	-0.00306	0.00680	0.00293	0.99997	
91	0.45500	20.96275	-44.77220	0.29454	0.31756	-0.07053	-0.46772	1.11441	0.99997	0.00816	0.00123	-0.00817	0.99995	0.00554	-0.00119	-0.00555	0.99998		-97.15685	-78.39833	-1.12603	-0.17793	0.38187	1.11710	0.04866	0.99979	-0.01950	-0.00666	0.01948	0.99981	-0.00311	0.00672	0.00297	0.99997	
92	0.46000	21.00422	-44.76430	0.26341	0.32000	-0.07691	-0.46878	1.11772	0.99997	0.00818	0.00134	-0.00819	0.99995	0.00558	-0.00130	-0.00560	0.99998		-97.14192	-78.39830	-1.12194	-0.17887	0.38093	1.11916	0.04138	0.99979	-0.01953	-0.00665	0.01951	0.99980	-0.00312	0.00671	0.00299	0.99997	
93	0.46500	20.96693	-44.77563	0.24851	0.31972	-0.07405	-0.47419	1.10881	0.99996	0.00828	0.00129	-0.00828	0.99995	0.00558	-0.00125	-0.00559	0.99998		-97.15274	-78.37537	-1.14335	-0.17469	0.38119	1.11458	0.05408	0.99979	-0.01945	-0.00665	0.01943	0.99981	-0.00305	0.00671	0.00292	0.99997	
94	0.47000	20.97658	-44.75850	0.24515	0.32008	-0.07238	-0.46997	1.12097	0.99997	0.00820	0.00126	-0.00821	0.99995	0.00559	-0.00122	-0.00560	0.99998		-97.14930	-78.39967	-1.12597	-0.17821	0.38020	1.11728	0.04148	0.99979	-0.01950	-0.00664	0.01948	0.99981	-0.00311	0.00670	0.00298	0.99997	
95	0.47500	20.96191	-44.77210	0.22734	0.31958	-0.06957	-0.46914	1.11698	0.99997	0.00819	0.00121	-0.00819	0.99995	0.00558	-0.00117	-0.00559	0.99998		-97.14085	-78.36857	-1.13510	-0.17411	0.38101	1.11637	0.05183	0.99979	-0.01948	-0.00665	0.01946	0.99981	-0.00304	0.00671	0.00291	0.99997	
96	0.48000	20.98476	-44.76890	0.21294	0.31963	-0.07423	-0.46722	1.10901	0.99997	0.00815	0.00130	-0.00816	0.99995	0.00558	-0.00125	-0.00559	0.99998		-97.14827	-78.37468	-1.13514	-0.17342	0.38245	1.11719	0.05115	0.99979	-0.01950	-0.00667	0.01948	0.99981	-0.00303	0.00673	0.00290	0.99997	
97	0.48500	20.97811	-44.76772	0.20451	0.32012	-0.06916	-0.46908	1.11019	0.99997	0.00819	0.00121	-0.00819	0.99995	0.00559	-0.00116	-0.00560	0.99998		-97.14071	-78.36123	-1.13128	-0.17134	0.38322	1.11863	0.05092	0.99979	-0.01952	-0.00669	0.01950	0.99981	-0.00299	0.00675	0.00286	0.99997	
98	0.49000	20.97726	-44.75551	0.19915	0.32330	-0.07365	-0.46843	1.11330	0.99997	0.00818	0.00129	-0.00818	0.99995	0.00564	-0.00124	-0.00565	0.99998		-97.13814	-78.39212	-1.11778	-0.17855	0.37787	1.12003	0.04523	0.99979	-0.01955	-0.00660	0.01953	0.99980	-0.00312	0.00665	0.00299	0.99997	
99	0.49500	20.97701	-44.76421	0.17956	0.32416	-0.07348	-0.47068	1.11405	0.99997	0.00821	0.00128	-0.00822	0.99995	0.00566	-0.00124	-0.00567	0.99998		-97.15824	-78.37440	-1.13073	-0.17464	0.38237	1.11907	0.06254	0.99979	-0.01953	-0.00667	0.01951	0.99980	-0.00305	0.00673	0.00292	0.99997	
100	0.50000	20.97020	-44.74925	0.15376	0.32552	-0.07297	-0.47078	1.11042	0.99997	0.00822	0.00127	-0.00822	0.99995	0.00568	-0.00123	-0.00569	0.99998		-97.15262	-78.39751	-1.11759	-0.17983	0.38121	1.11639	0.05089	0.99979	-0.01948	-0.00665	0.01946	0.99981	-0.00314	0.00671	0.00301	0.99997	
101	0.50500	20.98021	-44.75361	0.15009	0.32636	-0.06778	-0.46990	1.10710	0.99997	0.00820	0.00118	-0.00821	0.99995	0.00570	-0.00114	-0.00571	0.99998		-97.14461	-78.37328	-1.13908	-0.17732	0.38211	1.11845	0.05648	0.99979	-0.01952	-0.00667	0.01950	0.99981	-0.00309	0.00673	0.00296	0.99997	
102	0.51000	20.96205	-44.73764	0.14704	0.32967	-0.06895	-0.47585	1.10639	0.99996	0.00831	0.00120	-0.00831	0.99995	0.00575	-0.00116	-0.00576	0.99998		-97.15732	-78.37638	-1.13452	-0.17824	0.38045	1.11807	0.05011	0.99979	-0.01951	-0.00664	0.01949	0.99981	-0.00311	0.00670	0.00298	0.99997	
103	0.51500	20.96273	-44.74126	0.14378	0.32877	-0.06674	-0.47158	1.10004	0.99997	0.00823	0.00116	-0.00824	0.99995	0.00574	-0.00112	-0.00575	0.99998		-97.14792	-78.38421	-1.13463	-0.17983	0.38291	1.11819	0.05136	0.99979	-0.01951	-0.00668	0.01949	0.99981	-0.00314	0.00674	0.00301	0.99997	
104	0.52000	20.99827	-44.74255	0.12809	0.33106	-0.06913	-0.46776	1.12045	0.99997	0.00816	0.00121	-0.00817	0.99995	0.00578	-0.00116	-0.00579	0.99998		-97.16140	-78.37362	-1.13016	-0.18186	0.38195	1.11919	0.05068	0.99979	-0.01953	-0.00667	0.01951	0.99980	-0.00317	0.00673	0.00304	0.99997	
105	0.52500	20.97066	-44.74732	0.12008	0.33175	-0.06721	-0.47424	1.11333	0.99997	0.00828	0.00117	-0.00828	0.99995	0.00579	-0.00113	-0.00580	0.99998		-97.15468	-78.38808	-1.11784	-0.18495	0.38495	1.11842	0.05917	0.99979	-0.01952	-0.00672	0.01950	0.99980	-0.00323	0.00678	0.00310	0.99997	
106	0.53000	20.95309	-44.72811	0.11192	0.33509	-0.06606	-0.47393	1.10230	0.99997	0.00827	0.00115	-0.00828	0.99995	0.00585	-0.00110	-0.00586	0.99998		-97.16091	-78.39229	-1.12602	-0.18591	0.38647	1.12229	0.04324	0.99979	-0.01959	-0.00675	0.01956	0.99980	-0.00324	0.00681	0.00311	0.99997	
107	0.53500	20.98376	-44.72446	0.08563	0.33677	-0.06556	-0.46805	1.12166	0.99997	0.00817	0.00114	-0.00818	0.99995	0.00588	-0.00110	-0.00589	0.99998		-97.10620	-78.40208	-1.10543	-0.19184	0.37935	1.11989	0.04898	0.99979	-0.01954	-0.00662	0.01952	0.99980	-0.00335	0.00668	0.00322	0.99997	
108	0.54000	20.99097	-44.70748	0.08764	0.33884	-0.06712	-0.47253	1.11396	0.99997	0.00825	0.00117	-0.00825	0.99995	0.00591	-0.00112	-0.00592	0.99998		-97.15394	-78.40882	-1.10863	-0.19499	0.38336	1.12194	0.04826	0.99979	-0.01958	-0.00669	0.01956	0.99980	-0.00340	0.00676	0.00327	0.99997	
109	0.54500	20.98354	-44.71948	0.06918	0.33852	-0.06532	-0.47221	1.11102	0.99997	0.00824	0.00114	-0.00825	0.99995	0.00591	-0.00109	-0.00592	0.99998		-97.13458	-78.42022	-1.10838	-0.19844	0.38137	1.12261	0.03791	0.99979	-0.01959	-0.00666	0.01957	0.99980	-0.00346	0.00672	0.00333	0.99997	
110	0.55000	20.97375	-44.71408	0.06431	0.34080	-0.06233	-0.47018	1.11349	0.99997	0.00821	0.00109	-0.00821	0.99995	0.00595	-0.00104	-0.00596	0.99998		-97.12036	-78.41216	-1.11737	-0.19637	0.38273	1.12123	0.04996	0.99979	-0.01957	-0.00668	0.01954	0.99980	-0.00343	0.00675	0.00330	0.99997	
111	0.55500	20.96960	-44.70393	0.04788	0.34446	-0.06294	-0.47330	1.11841	0.99997	0.00826	0.00110	-0.00827	0.99995	0.00601	-0.00105	-0.00602	0.99998		-97.11298	-78.43128	-1.10443	-0.20483	0.38169	1.11888	0.03949	0.99979	-0.01953	-0.00666	0.01950	0.99980	-0.00357	0.00673	0.00344	0.99997	
112	0.56000	20.96291	-44.67758	0.04174	0.34856	-0.06084	-0.46925	1.11962	0.99997	0.00819	0.00106	-0.00820	0.99995	0.00608	-0.00101	-0.00609	0.99998		-97.11689	-78.41741	-1.10048	-0.20375	0.38299	1.12038	0.04157	0.99979	-0.01955	-0.00668	0.01953	0.99980	-0.00356	0.00675	0.00342	0.99997	
113	0.56500	20.96249	-44.67852	0.03166	0.35036	-0.06552	-0.47435	1.09852	0.99997	0.00828	0.00114	-0.00829	0.99995	0.00611	-0.00109	-0.00612	0.99998		-97.13341	-78.41965	-1.11694	-0.20647	0.38704	1.12162	0.03758	0.99979	-0.01957	-0.00676	0.01955	0.99980	-0.00360	0.00682	0.00347	0.99997	
114	0.57000	20.98453	-44.65980	0.02980	0.35278	-0.06227	-0.47141	1.10997	0.99997	0.00823	0.00109	-0.00823	0.99995	0.00616	-0.00104	-0.00617	0.99998		-97.12404	-78.43660	-1.10396	-0.21351	0.38285	1.12262	0.05074	0.99979	-0.01959	-0.00668	0.01957	0.99980	-0.00373	0.00675	0.00359	0.99997	
115	0.57500	20.93571	-44.66071	0.01414	0.35380	-0.05764	-0.46951	1.11503	0.99997	0.00819	0.00101	-0.00820	0.99995	0.00617	-0.00096	-0.00618	0.99998		-97.13153	-78.43973	-1.08705	-0.21543	0.38242	1.12302	0.04564	0.99979	-0.01960	-0.00667	0.01957	0.99980	-0.00376	0.00675	0.00363	0.99997	
116	0.58000	20.95645	-44.65992	0.01675	0.35547	-0.05808	-0.46791	1.11138	0.99997	0.00817	0.00101	-0.00817	0.99995	0.00620	-0.00096	-0.00621	0.99998		-97.12912	-78.43978	-1.09146	-0.21941	0.38725	1.12404	0.04536	0.99978	-0.01962	-0.00676	0.01959	0.99980	-0.00383	0.00683	0.00370	0.99997	
117	0.58500	20.97713	-44.64233	-0.01259	0.36004	-0.06384	-0.46833	1.12177	0.99997	0.00817	0.00111	-0.00818	0.99995	0.00628	-0.00106	-0.00629	0.99998		-97.10523	-78.47044	-1.09937	-0.22510	0.38381	1.12347	0.03579	0.99979	-0.01961	-0.00670	0.01958	0.99980	-0.00393	0.00677	0.00380	0.99997	
118	0.59000	20.99766	-44.64283	0.00032	0.36264	-0.06089	-0.47195	1.13373	0.99997	0.00824	0.00106	-0.00824	0.99995	0.00633	-0.00101	-0.00634	0.99998		-97.12088	-78.47896	-1.08647	-0.23044	0.38543	1.12776	0.04767	0.99978	-0.01968	-0.00673	0.01965	0.99980	-0.00402	0.00680	0.00389	0.99997	
119	0.59500	20.95192	-44.64711	0.00192	0.36525	-0.05965	-0.47269	1.11752	0.99997	0.00825	0.00104	-0.00826	0.99995	0.00637	-0.00099	-0.00638	0.99998		-97.11781	-78.46754	-1.09098	-0.23076	0.38768	1.12202	0.03846	0.99979	-0.01958	-0.00677	0.01955	0.99980	-0.00403	0.00684	0.00389	0.99997	
120	0.60000	20.97990	-44.62402	-0.02597	0.36956	-0.06113	-0.47471	1.10141	0.99997	0.00829	0.00107	-0.00829	0.99994	0.00645	-0.00101	-0.00646	0.99998		-97.09328	-78.48070	-1.08210	-0.23573	0.38236	1.12034	0.04213	0.99979	-0.01955	-0.00667	0.01952	0.99980	-0.00411	0.00675	0.00398	0.99997	
121	0.60500	20.95261	-44.61613	-0.02188	0.37130	-0.05506	-0.47603	1.11068	0.99997	0.00831	0.00096	-0.00831	0.99994	0.00648	-0.00091	-0.00649	0.99998		-97.08795	-78.48347	-1.08251	-0.23825	0.38596	1.12304	0.04809	0.99979	-0.01960	-0.00674	0.01957	0.99980	-0.00416	0.00682	0.00403	0.99997	
122	0.61000	20.95645	-44.61442	-0.03047	0.37312	-0.05600	-0.47135	1.12028	0.99997	0.00823	0.00098	-0.00823	0.99994	0.00651	-0.00092	-0.00652	0.99998		-97.11579	-78.50706	-1.06909	-0.24605	0.38794	1.12228	0.04568	0.99979	-0.01959	-0.00677	0.01956	0.99980	-0.00429	0.00685	0.00416	0.99997	
123	0.61500	20.97330	-44.60917	-0.03022	0.37726	-0.05959	-0.47593	1.11474	0.99996	0.00831	0.00104	-0.00831	0.99994	0.00658	-0.00099	-0.00659	0.99998		-97.11002	-78.50900	-1.07725	-0.25064	0.38731	1.12209	0.03253	0.99979	-0.01958	-0.00676	0.01955	0.99980	-0.00437	0.00684	0.00424	0.99997	
124	0.62000	20.95315	-44.58222	-0.04664	0.38267	-0.05672	-0.47045	1.11792	0.99997	0.00821	0.00099	-0.00822	0.99994	0.00668	-0.00094	-0.00669	0.99998		-97.09843	-78.48913	-1.06928	-0.25109	0.38802	1.12122	0.02852	0.99979	-0.01957	-0.00677	0.01954	0.99980	-0.00438	0.00686	0.00425	0.99997	
125	0.62500	20.94024	-44.57792	-0.05824	0.38387	-0.05095	-0.47158	1.11867	0.99997	0.00823	0.00089	-0.00824	0.99994	0.00670	-0.00083	-0.00671	0.99998		-97.09252	-78.51828	-1.06906	-0.25869	0.38891	1.12028	0.04041	0.99979	-0.01955	-0.00679	0.01952	0.99980	-0.00451	0.00687	0.00438	0.99997	
126	0.63000	20.97485	-44.58603	-0.04498	0.38389	-0.05948	-0.47529	1.12021	0.99997	0.00830	0.00104	-0.00830	0.99994	0.00670	-0.00098	-0.00671	0.99998		-97.10679	-78.53036	-1.05969	-0.26496	0.38567	1.12424	0.03143	0.99978	-0.01962	-0.00673	0.01959	0.99980	-0.00462	0.00682	0.00449	0.99997	
127	0.63500	20.94159	-44.57076	-0.05789	0.38812	-0.05490	-0.47300	1.11306	0.99997	0.00826	0.00096	-0.00826	0.99994	0.00677	-0.00090	-0.00678	0.99998		-97.09583	-78.53224	-1.06002	-0.26724	0.38802	1.12240	0.04190	0.99979	-0.01959	-0.00677	0.01956	0.99980	-0.00466	0.00686	0.00453	0.99997	
128	0.64000	20.99168	-44.56039	-0.06182	0.39268	-0.06069	-0.47876	1.12730	0.99996	0.00836	0.00106	-0.00836	0.99994	0.00685	-0.00100	-0.00686	0.99998		-97.07264	-78.53951	-1.04755	-0.27270	0.38811	1.12224	0.04548	0.99979	-0.01959	-0.00677	0.01955	0.99980	-0.00476	0.00687	0.00463	0.99997	
129	0.64500	20.96119	-44.54182	-0.07312	0.39709	-0.05669	-0.47383	1.10122	0.99997	0.00827	0.00099	-0.00828	0.99994	0.00693	-0.00093	-0.00694	0.99998		-97.06891	-78.56727	-1.04695	-0.27910	0.38709	1.12345	0.03074	0.99978	-0.01961	-0.00676	0.01957	0.99980	-0.00487	0.00685	0.00474	0.99997	
130	0.65000	20.96389	-44.52750	-0.07431	0.39874	-0.05602	-0.47119	1.11934	0.99997	0.00822	0.00098	-0.00823	0.99994	0.00696	-0.00092	-0.00697	0.99998		-97.07949	-78.57116	-1.05076	-0.28228	0.38512	1.12126	0.04072	0.99979	-0.01957	-0.00672	0.01954	0.99980	-0.00493	0.00682	0.00479	0.99997	
131	0.65500	20.93765	-44.52644	-0.06306	0.40097	-0.05043	-0.47074	1.12108	0.99997	0.00822	0.00088	-0.00822	0.99994	0.00700	-0.00082	-0.00701	0.99998		-97.07934	-78.56782	-1.03789	-0.28781	0.38595	1.12450	0.04781	0.99978	-0.01962	-0.00674	0.01959	0.99980	-0.00502	0.00683	0.00489	0.99996	
132	0.66000	20.97267	-44.51724	-0.08010	0.40612	-0.05476	-0.47454	1.11278	0.99997	0.00828	0.00096	-0.00829	0.99994	0.00709	-0.00090	-0.00710	0.99997		-97.10823	-78.59398	-1.02885	-0.29298	0.39007	1.12413	0.04070	0.99978	-0.01962	-0.00681	0.01958	0.99980	-0.00511	0.00691	0.00498	0.99996	
133	0.66500	20.96901	-44.51226	-0.08563	0.40813	-0.06006	-0.47044	1.12072	0.99997	0.00821	0.00105	-0.00822	0.99994	0.00712	-0.00099	-0.00713	0.99997		-97.09675	-78.59329	-1.02895	-0.29575	0.39039	1.12185	0.03332	0.99979	-0.01958	-0.00681	0.01954	0.99980	-0.00516	0.00691	0.00503	0.99996	
134	0.67000	20.93818	-44.51706	-0.07479	0.40992	-0.05301	-0.47467	1.11953	0.99997	0.00828	0.00093	-0.00829	0.99994	0.00715	-0.00087	-0.00716	0.99997		-97.07559	-78.62008	-1.02000	-0.30396	0.38563	1.12612	0.04014	0.99978	-0.01965	-0.00673	0.01962	0.99979	-0.00530	0.00683	0.00517	0.99996	
135	0.67500	20.96222	-44.50409	-0.07815	0.41497	-0.05745	-0.47779	1.12613	0.99996	0.00834	0.00100	-0.00835	0.99994	0.00724	-0.00094	-0.00725	0.99997		-97.07856	-78.61316	-1.00779	-0.30539	0.38909	1.12506	0.05221	0.99978	-0.01963	-0.00679	0.01960	0.99979	-0.00533	0.00689	0.00520	0.99996	
136	0.68000	20.98488	-44.49292	-0.07859	0.41738	-0.05546	-0.47921	1.11476	0.99996	0.00836	0.00097	-0.00837	0.99994	0.00728	-0.00091	-0.00729	0.99997		-97.12267	-78.61499	-1.02361	-0.30841	0.39022	1.12173	0.04107	0.99979	-0.01958	-0.00681	0.01954	0.99979	-0.00538	0.00691	0.00525	0.99996	
137	0.68500	20.97399	-44.48052	-0.07817	0.41944	-0.05695	-0.47490	1.11455	0.99997	0.00829	0.00099	-0.00830	0.99994	0.00732	-0.00093	-0.00733	0.99997		-97.05662	-78.62998	-1.01140	-0.31328	0.38478	1.12566	0.03989	0.99978	-0.01964	-0.00672	0.01961	0.99979	-0.00547	0.00682	0.00533	0.99996	
