NO_OF_FRAMES	12035
NO_OF_CAMERAS	8
NO_OF_BODIES	2
FREQUENCY	200
NO_OF_ANALOG	0
ANALOG_FREQUENCY	0
DESCRIPTION	--
TIME_STAMP	2013-07-02, 15:28:55	3294832.72543923
DATA_INCLUDED	6D
BODY_NAMES	Ice 1	Ice 2
Frame	Time	Ice 1 X	Y	Z	Roll	Pitch	Yaw	Residual	Rot[0]	Rot[1]	Rot[2]	Rot[3]	Rot[4]	Rot[5]	Rot[6]	Rot[7]	Rot[8]	Ice 2 X	Y	Z	Roll	Pitch	Yaw	Residual	Rot[0]	Rot[1]	Rot[2]	Rot[3]	Rot[4]	Rot[5]	Rot[6]	Rot[7]	Rot[8]	
1	0.00500	-366.97833	588.24267	-1.34958	-0.18019	0.02736	1.68735	1.07594	0.99957	-0.02945	-0.00048	0.02944	0.99956	-0.00314	0.00057	0.00313	0.99999		0.00000	0.00000	0.00000	0.00000	0.00000	0.00000	-1.00000	0.00000	0.00000	0.00000	0.00000	0.00000	0.00000	0.00000	0.00000	0.00000	
2	0.01000	-367.05308	588.21090	-1.35704	-0.18566	0.03272	1.67998	1.04715	0.99957	-0.02932	-0.00057	0.02931	0.99956	-0.00324	0.00067	0.00322	0.99999		0.00000	0.00000	0.00000	0.00000	0.00000	0.00000	-1.00000	0.00000	0.00000	0.00000	0.00000	0.00000	0.00000	0.00000	0.00000	0.00000	
3	0.01500	-367.05183	588.20975	-1.34923	-0.18748	0.03424	1.68188	1.05772	0.99957	-0.02935	-0.00060	0.02935	0.99956	-0.00327	0.00069	0.00325	0.99999		0.00000	0.00000	0.00000	0.00000	0.00000	0.00000	-1.00000	0.00000	0.00000	0.00000	0.00000	0.00000	0.00000	0.00000	0.00000	0.00000	
4	0.02000	-367.07605	588.21190	-1.34404	-0.18910	0.03854	1.68236	1.04101	0.99957	-0.02936	-0.00067	0.02936	0.99956	-0.00330	0.00077	0.00328	0.99999		0.00000	0.00000	0.00000	0.00000	0.00000	0.00000	-1.00000	0.00000	0.00000	0.00000	0.00000	0.00000	0.00000	0.00000	0.00000	0.00000	
5	0.02500	-367.06488	588.22559	-1.34337	-0.18942	0.03656	1.67490	1.03662	0.99957	-0.02923	-0.00064	0.02923	0.99957	-0.00331	0.00073	0.00329	0.99999		0.00000	0.00000	0.00000	0.00000	0.00000	0.00000	-1.00000	0.00000	0.00000	0.00000	0.00000	0.00000	0.00000	0.00000	0.00000	0.00000	
6	0.03000	-367.08872	588.21094	-1.33158	-0.19379	0.03902	1.67750	1.03723	0.99957	-0.02927	-0.00068	0.02927	0.99957	-0.00338	0.00078	0.00336	0.99999		0.00000	0.00000	0.00000	0.00000	0.00000	0.00000	-1.00000	0.00000	0.00000	0.00000	0.00000	0.00000	0.00000	0.00000	0.00000	0.00000	
7	0.03500	-367.09876	588.20145	-1.32866	-0.19710	0.04374	1.67510	1.04204	0.99957	-0.02923	-0.00076	0.02923	0.99957	-0.00344	0.00086	0.00342	0.99999		0.00000	0.00000	0.00000	0.00000	0.00000	0.00000	-1.00000	0.00000	0.00000	0.00000	0.00000	0.00000	0.00000	0.00000	0.00000	0.00000	
8	0.04000	-367.04034	588.19886	-1.32971	-0.19689	0.03734	1.67605	1.04182	0.99957	-0.02925	-0.00065	0.02925	0.99957	-0.00344	0.00075	0.00342	0.99999		0.00000	0.00000	0.00000	0.00000	0.00000	0.00000	-1.00000	0.00000	0.00000	0.00000	0.00000	0.00000	0.00000	0.00000	0.00000	0.00000	
9	0.04500	-367.06419	588.21688	-1.32850	-0.19843	0.04037	1.67485	1.04839	0.99957	-0.02923	-0.00070	0.02922	0.99957	-0.00346	0.00081	0.00344	0.99999		0.00000	0.00000	0.00000	0.00000	0.00000	0.00000	-1.00000	0.00000	0.00000	0.00000	0.00000	0.00000	0.00000	0.00000	0.00000	0.00000	
10	0.05000	-367.07093	588.19132	-1.33040	-0.20320	0.04418	1.67535	1.03582	0.99957	-0.02924	-0.00077	0.02923	0.99957	-0.00355	0.00087	0.00352	0.99999		0.00000	0.00000	0.00000	0.00000	0.00000	0.00000	-1.00000	0.00000	0.00000	0.00000	0.00000	0.00000	0.00000	0.00000	0.00000	0.00000	
11	0.05500	-367.25650	588.07448	-1.17802	-0.20514	0.03819	1.68832	1.11701	0.99957	-0.02946	-0.00067	0.02946	0.99956	-0.00358	0.00077	0.00356	0.99999		0.00000	0.00000	0.00000	0.00000	0.00000	0.00000	-1.00000	0.00000	0.00000	0.00000	0.00000	0.00000	0.00000	0.00000	0.00000	0.00000	
12	0.06000	-367.31368	588.06566	-1.16637	-0.20912	0.04896	1.69045	1.11787	0.99956	-0.02950	-0.00085	0.02950	0.99956	-0.00365	0.00096	0.00362	0.99999		0.00000	0.00000	0.00000	0.00000	0.00000	0.00000	-1.00000	0.00000	0.00000	0.00000	0.00000	0.00000	0.00000	0.00000	0.00000	0.00000	
13	0.06500	-367.27492	588.05800	-1.16439	-0.21160	0.04373	1.69793	1.12733	0.99956	-0.02963	-0.00076	0.02963	0.99955	-0.00369	0.00087	0.00367	0.99999		0.00000	0.00000	0.00000	0.00000	0.00000	0.00000	-1.00000	0.00000	0.00000	0.00000	0.00000	0.00000	0.00000	0.00000	0.00000	0.00000	
14	0.07000	-367.28321	588.05762	-1.15242	-0.21105	0.04493	1.69555	1.12620	0.99956	-0.02959	-0.00078	0.02959	0.99956	-0.00368	0.00089	0.00366	0.99999		0.00000	0.00000	0.00000	0.00000	0.00000	0.00000	-1.00000	0.00000	0.00000	0.00000	0.00000	0.00000	0.00000	0.00000	0.00000	0.00000	
15	0.07500	-367.30140	588.04135	-1.14997	-0.21382	0.04740	1.69643	1.13055	0.99956	-0.02960	-0.00083	0.02960	0.99955	-0.00373	0.00094	0.00371	0.99999		0.00000	0.00000	0.00000	0.00000	0.00000	0.00000	-1.00000	0.00000	0.00000	0.00000	0.00000	0.00000	0.00000	0.00000	0.00000	0.00000	
16	0.08000	-367.34129	588.03438	-1.13991	-0.21582	0.05170	1.68941	1.13763	0.99956	-0.02948	-0.00090	0.02948	0.99956	-0.00377	0.00101	0.00374	0.99999		0.00000	0.00000	0.00000	0.00000	0.00000	0.00000	-1.00000	0.00000	0.00000	0.00000	0.00000	0.00000	0.00000	0.00000	0.00000	0.00000	
17	0.08500	-367.30658	588.04425	-1.12959	-0.21392	0.04788	1.69110	1.13964	0.99956	-0.02951	-0.00084	0.02951	0.99956	-0.00373	0.00095	0.00371	0.99999		0.00000	0.00000	0.00000	0.00000	0.00000	0.00000	-1.00000	0.00000	0.00000	0.00000	0.00000	0.00000	0.00000	0.00000	0.00000	0.00000	
18	0.09000	-367.33702	588.04066	-1.12114	-0.21438	0.05013	1.69194	1.13881	0.99956	-0.02953	-0.00087	0.02952	0.99956	-0.00374	0.00099	0.00371	0.99999		0.00000	0.00000	0.00000	0.00000	0.00000	0.00000	-1.00000	0.00000	0.00000	0.00000	0.00000	0.00000	0.00000	0.00000	0.00000	0.00000	
19	0.09500	-367.36370	588.02201	-1.11617	-0.21819	0.05499	1.69311	1.14184	0.99956	-0.02955	-0.00096	0.02954	0.99956	-0.00381	0.00107	0.00378	0.99999		0.00000	0.00000	0.00000	0.00000	0.00000	0.00000	-1.00000	0.00000	0.00000	0.00000	0.00000	0.00000	0.00000	0.00000	0.00000	0.00000	
20	0.10000	-367.35971	588.00741	-1.12587	-0.22033	0.05401	1.68895	1.14197	0.99957	-0.02947	-0.00094	0.02947	0.99956	-0.00385	0.00106	0.00382	0.99999		0.00000	0.00000	0.00000	0.00000	0.00000	0.00000	-1.00000	0.00000	0.00000	0.00000	0.00000	0.00000	0.00000	0.00000	0.00000	0.00000	
21	0.10500	-367.34927	588.02117	-1.10402	-0.21946	0.05627	1.69554	1.15911	0.99956	-0.02959	-0.00098	0.02958	0.99955	-0.00383	0.00109	0.00380	0.99999		0.00000	0.00000	0.00000	0.00000	0.00000	0.00000	-1.00000	0.00000	0.00000	0.00000	0.00000	0.00000	0.00000	0.00000	0.00000	0.00000	
22	0.11000	-367.34369	588.02245	-1.11904	-0.21786	0.04773	1.69224	1.14279	0.99956	-0.02953	-0.00083	0.02953	0.99956	-0.00380	0.00094	0.00378	0.99999		0.00000	0.00000	0.00000	0.00000	0.00000	0.00000	-1.00000	0.00000	0.00000	0.00000	0.00000	0.00000	0.00000	0.00000	0.00000	0.00000	
23	0.11500	-367.39078	588.02067	-1.11353	-0.21799	0.05356	1.69196	1.14697	0.99956	-0.02953	-0.00093	0.02952	0.99956	-0.00380	0.00105	0.00378	0.99999		0.00000	0.00000	0.00000	0.00000	0.00000	0.00000	-1.00000	0.00000	0.00000	0.00000	0.00000	0.00000	0.00000	0.00000	0.00000	0.00000	
24	0.12000	-367.35310	588.00690	-1.10957	-0.21857	0.05269	1.69115	1.15110	0.99956	-0.02951	-0.00092	0.02951	0.99956	-0.00381	0.00103	0.00379	0.99999		0.00000	0.00000	0.00000	0.00000	0.00000	0.00000	-1.00000	0.00000	0.00000	0.00000	0.00000	0.00000	0.00000	0.00000	0.00000	0.00000	
25	0.12500	-367.39116	588.01632	-1.10258	-0.21877	0.05608	1.69360	1.16035	0.99956	-0.02955	-0.00098	0.02955	0.99956	-0.00382	0.00109	0.00379	0.99999		0.00000	0.00000	0.00000	0.00000	0.00000	0.00000	-1.00000	0.00000	0.00000	0.00000	0.00000	0.00000	0.00000	0.00000	0.00000	0.00000	
26	0.13000	-367.41437	588.01645	-1.11942	-0.21757	0.05909	1.69393	1.15805	0.99956	-0.02956	-0.00103	0.02956	0.99956	-0.00380	0.00114	0.00377	0.99999		0.00000	0.00000	0.00000	0.00000	0.00000	0.00000	-1.00000	0.00000	0.00000	0.00000	0.00000	0.00000	0.00000	0.00000	0.00000	0.00000	
27	0.13500	-367.38474	588.01247	-1.12326	-0.21838	0.05698	1.69199	1.17385	0.99956	-0.02953	-0.00099	0.02952	0.99956	-0.00381	0.00111	0.00378	0.99999		0.00000	0.00000	0.00000	0.00000	0.00000	0.00000	-1.00000	0.00000	0.00000	0.00000	0.00000	0.00000	0.00000	0.00000	0.00000	0.00000	
28	0.14000	-367.41468	588.00866	-1.11322	-0.21899	0.05950	1.69164	1.15675	0.99956	-0.02952	-0.00104	0.02952	0.99956	-0.00382	0.00115	0.00379	0.99999		0.00000	0.00000	0.00000	0.00000	0.00000	0.00000	-1.00000	0.00000	0.00000	0.00000	0.00000	0.00000	0.00000	0.00000	0.00000	0.00000	
29	0.14500	-367.38869	588.01431	-1.12851	-0.21856	0.05714	1.69716	1.17183	0.99956	-0.02962	-0.00100	0.02961	0.99955	-0.00381	0.00111	0.00378	0.99999		0.00000	0.00000	0.00000	0.00000	0.00000	0.00000	-1.00000	0.00000	0.00000	0.00000	0.00000	0.00000	0.00000	0.00000	0.00000	0.00000	
30	0.15000	-367.41891	588.01193	-1.12483	-0.21782	0.06153	1.69639	1.16683	0.99956	-0.02960	-0.00107	0.02960	0.99955	-0.00380	0.00119	0.00377	0.99999		0.00000	0.00000	0.00000	0.00000	0.00000	0.00000	-1.00000	0.00000	0.00000	0.00000	0.00000	0.00000	0.00000	0.00000	0.00000	0.00000	
31	0.15500	-367.43950	588.00441	-1.11667	-0.21973	0.06031	1.69375	1.17171	0.99956	-0.02956	-0.00105	0.02955	0.99956	-0.00383	0.00117	0.00380	0.99999		0.00000	0.00000	0.00000	0.00000	0.00000	0.00000	-1.00000	0.00000	0.00000	0.00000	0.00000	0.00000	0.00000	0.00000	0.00000	0.00000	
32	0.16000	-367.39674	588.01384	-1.13638	-0.21587	0.06065	1.69904	1.17801	0.99956	-0.02965	-0.00106	0.02965	0.99955	-0.00377	0.00117	0.00373	0.99999		0.00000	0.00000	0.00000	0.00000	0.00000	0.00000	-1.00000	0.00000	0.00000	0.00000	0.00000	0.00000	0.00000	0.00000	0.00000	0.00000	
33	0.16500	-367.41264	588.01494	-1.13760	-0.21540	0.06031	1.68762	1.16844	0.99957	-0.02945	-0.00105	0.02945	0.99956	-0.00376	0.00116	0.00373	0.99999		0.00000	0.00000	0.00000	0.00000	0.00000	0.00000	-1.00000	0.00000	0.00000	0.00000	0.00000	0.00000	0.00000	0.00000	0.00000	0.00000	
34	0.17000	-367.45819	587.99899	-1.14325	-0.21564	0.06346	1.69262	1.17406	0.99956	-0.02954	-0.00111	0.02953	0.99956	-0.00376	0.00122	0.00373	0.99999		0.00000	0.00000	0.00000	0.00000	0.00000	0.00000	-1.00000	0.00000	0.00000	0.00000	0.00000	0.00000	0.00000	0.00000	0.00000	0.00000	
35	0.17500	-367.38677	587.99426	-1.14210	-0.21649	0.05826	1.69480	1.19336	0.99956	-0.02958	-0.00102	0.02957	0.99956	-0.00378	0.00113	0.00375	0.99999		0.00000	0.00000	0.00000	0.00000	0.00000	0.00000	-1.00000	0.00000	0.00000	0.00000	0.00000	0.00000	0.00000	0.00000	0.00000	0.00000	
36	0.18000	-367.36423	588.01198	-1.17148	-0.21321	0.05437	1.69491	1.17927	0.99956	-0.02958	-0.00095	0.02957	0.99956	-0.00372	0.00106	0.00369	0.99999		0.00000	0.00000	0.00000	0.00000	0.00000	0.00000	-1.00000	0.00000	0.00000	0.00000	0.00000	0.00000	0.00000	0.00000	0.00000	0.00000	
37	0.18500	-367.43502	587.99961	-1.17647	-0.21184	0.06086	1.69035	1.18208	0.99956	-0.02950	-0.00106	0.02949	0.99956	-0.00370	0.00117	0.00366	0.99999		0.00000	0.00000	0.00000	0.00000	0.00000	0.00000	-1.00000	0.00000	0.00000	0.00000	0.00000	0.00000	0.00000	0.00000	0.00000	0.00000	
38	0.19000	-367.40988	588.01095	-1.17036	-0.20994	0.05823	1.69564	1.17886	0.99956	-0.02959	-0.00102	0.02959	0.99956	-0.00366	0.00112	0.00363	0.99999		0.00000	0.00000	0.00000	0.00000	0.00000	0.00000	-1.00000	0.00000	0.00000	0.00000	0.00000	0.00000	0.00000	0.00000	0.00000	0.00000	
39	0.19500	-367.43647	588.00958	-1.17785	-0.20914	0.06155	1.69733	1.17885	0.99956	-0.02962	-0.00107	0.02962	0.99955	-0.00365	0.00118	0.00362	0.99999		0.00000	0.00000	0.00000	0.00000	0.00000	0.00000	-1.00000	0.00000	0.00000	0.00000	0.00000	0.00000	0.00000	0.00000	0.00000	0.00000	
40	0.20000	-367.40446	588.01928	-1.19390	-0.20750	0.05686	1.69396	1.18597	0.99956	-0.02956	-0.00099	0.02956	0.99956	-0.00362	0.00110	0.00359	0.99999		0.00000	0.00000	0.00000	0.00000	0.00000	0.00000	-1.00000	0.00000	0.00000	0.00000	0.00000	0.00000	0.00000	0.00000	0.00000	0.00000	
41	0.20500	-367.43441	588.02609	-1.21138	-0.20525	0.06039	1.69783	1.18738	0.99956	-0.02963	-0.00105	0.02962	0.99955	-0.00358	0.00116	0.00355	0.99999		0.00000	0.00000	0.00000	0.00000	0.00000	0.00000	-1.00000	0.00000	0.00000	0.00000	0.00000	0.00000	0.00000	0.00000	0.00000	0.00000	
42	0.21000	-367.40081	588.01949	-1.21923	-0.20370	0.05596	1.69765	1.18720	0.99956	-0.02963	-0.00098	0.02962	0.99955	-0.00356	0.00108	0.00352	0.99999		0.00000	0.00000	0.00000	0.00000	0.00000	0.00000	-1.00000	0.00000	0.00000	0.00000	0.00000	0.00000	0.00000	0.00000	0.00000	0.00000	
43	0.21500	-367.40736	588.01762	-1.22124	-0.20404	0.05816	1.69459	1.18904	0.99956	-0.02957	-0.00102	0.02957	0.99956	-0.00356	0.00112	0.00353	0.99999		0.00000	0.00000	0.00000	0.00000	0.00000	0.00000	-1.00000	0.00000	0.00000	0.00000	0.00000	0.00000	0.00000	0.00000	0.00000	0.00000	
44	0.22000	-367.43711	588.03691	-1.23437	-0.20156	0.06038	1.69276	1.18942	0.99956	-0.02954	-0.00105	0.02954	0.99956	-0.00352	0.00116	0.00349	0.99999		0.00000	0.00000	0.00000	0.00000	0.00000	0.00000	-1.00000	0.00000	0.00000	0.00000	0.00000	0.00000	0.00000	0.00000	0.00000	0.00000	
45	0.22500	-367.42906	588.02629	-1.24745	-0.20032	0.05954	1.69550	1.18938	0.99956	-0.02959	-0.00104	0.02958	0.99956	-0.00350	0.00114	0.00346	0.99999		0.00000	0.00000	0.00000	0.00000	0.00000	0.00000	-1.00000	0.00000	0.00000	0.00000	0.00000	0.00000	0.00000	0.00000	0.00000	0.00000	
46	0.23000	-367.41949	588.03480	-1.24969	-0.19679	0.05950	1.69123	1.19667	0.99956	-0.02951	-0.00104	0.02951	0.99956	-0.00343	0.00114	0.00340	0.99999		0.00000	0.00000	0.00000	0.00000	0.00000	0.00000	-1.00000	0.00000	0.00000	0.00000	0.00000	0.00000	0.00000	0.00000	0.00000	0.00000	
47	0.23500	-367.41705	588.04582	-1.25548	-0.19513	0.05880	1.69574	1.19309	0.99956	-0.02959	-0.00103	0.02959	0.99956	-0.00341	0.00113	0.00337	0.99999		0.00000	0.00000	0.00000	0.00000	0.00000	0.00000	-1.00000	0.00000	0.00000	0.00000	0.00000	0.00000	0.00000	0.00000	0.00000	0.00000	
48	0.24000	-367.41840	588.04039	-1.26302	-0.19426	0.06106	1.68988	1.19190	0.99956	-0.02949	-0.00107	0.02949	0.99956	-0.00339	0.00117	0.00336	0.99999		0.00000	0.00000	0.00000	0.00000	0.00000	0.00000	-1.00000	0.00000	0.00000	0.00000	0.00000	0.00000	0.00000	0.00000	0.00000	0.00000	
49	0.24500	-367.38778	588.04633	-1.29077	-0.19088	0.05520	1.69053	1.21097	0.99956	-0.02950	-0.00096	0.02950	0.99956	-0.00333	0.00106	0.00330	0.99999		0.00000	0.00000	0.00000	0.00000	0.00000	0.00000	-1.00000	0.00000	0.00000	0.00000	0.00000	0.00000	0.00000	0.00000	0.00000	0.00000	
50	0.25000	-367.40703	588.03397	-1.28247	-0.19154	0.05900	1.69271	1.21364	0.99956	-0.02954	-0.00103	0.02954	0.99956	-0.00334	0.00113	0.00331	0.99999		0.00000	0.00000	0.00000	0.00000	0.00000	0.00000	-1.00000	0.00000	0.00000	0.00000	0.00000	0.00000	0.00000	0.00000	0.00000	0.00000	
51	0.25500	-367.37681	588.04699	-1.30847	-0.18605	0.05536	1.69293	1.19163	0.99956	-0.02954	-0.00097	0.02954	0.99956	-0.00325	0.00106	0.00322	0.99999		0.00000	0.00000	0.00000	0.00000	0.00000	0.00000	-1.00000	0.00000	0.00000	0.00000	0.00000	0.00000	0.00000	0.00000	0.00000	0.00000	
52	0.26000	-367.41630	588.06567	-1.29902	-0.18464	0.05847	1.68818	1.20222	0.99957	-0.02946	-0.00102	0.02946	0.99956	-0.00322	0.00111	0.00319	0.99999		0.00000	0.00000	0.00000	0.00000	0.00000	0.00000	-1.00000	0.00000	0.00000	0.00000	0.00000	0.00000	0.00000	0.00000	0.00000	0.00000	
53	0.26500	-367.35678	588.06792	-1.31724	-0.18158	0.05139	1.69270	1.21865	0.99956	-0.02954	-0.00090	0.02954	0.99956	-0.00317	0.00099	0.00314	0.99999		0.00000	0.00000	0.00000	0.00000	0.00000	0.00000	-1.00000	0.00000	0.00000	0.00000	0.00000	0.00000	0.00000	0.00000	0.00000	0.00000	
54	0.27000	-367.32954	588.07236	-1.33637	-0.17787	0.04792	1.69475	1.22792	0.99956	-0.02957	-0.00084	0.02957	0.99956	-0.00310	0.00093	0.00308	0.99999		0.00000	0.00000	0.00000	0.00000	0.00000	0.00000	-1.00000	0.00000	0.00000	0.00000	0.00000	0.00000	0.00000	0.00000	0.00000	0.00000	
55	0.27500	-367.34676	588.07811	-1.32870	-0.17788	0.04630	1.69548	1.22389	0.99956	-0.02959	-0.00081	0.02958	0.99956	-0.00310	0.00090	0.00308	0.99999		0.00000	0.00000	0.00000	0.00000	0.00000	0.00000	-1.00000	0.00000	0.00000	0.00000	0.00000	0.00000	0.00000	0.00000	0.00000	0.00000	
56	0.28000	-367.35668	588.07333	-1.36420	-0.17457	0.04571	1.69394	1.20383	0.99956	-0.02956	-0.00080	0.02956	0.99956	-0.00305	0.00089	0.00302	1.00000		0.00000	0.00000	0.00000	0.00000	0.00000	0.00000	-1.00000	0.00000	0.00000	0.00000	0.00000	0.00000	0.00000	0.00000	0.00000	0.00000	
57	0.28500	-367.35189	588.07789	-1.35159	-0.17117	0.04513	1.69203	1.21487	0.99956	-0.02953	-0.00079	0.02952	0.99956	-0.00299	0.00088	0.00296	1.00000		0.00000	0.00000	0.00000	0.00000	0.00000	0.00000	-1.00000	0.00000	0.00000	0.00000	0.00000	0.00000	0.00000	0.00000	0.00000	0.00000	
58	0.29000	-367.37626	588.08639	-1.34704	-0.17033	0.04873	1.68963	1.20318	0.99956	-0.02949	-0.00085	0.02948	0.99956	-0.00297	0.00094	0.00295	1.00000		0.00000	0.00000	0.00000	0.00000	0.00000	0.00000	-1.00000	0.00000	0.00000	0.00000	0.00000	0.00000	0.00000	0.00000	0.00000	0.00000	
59	0.29500	-367.37736	588.08032	-1.38852	-0.16899	0.04822	1.69098	1.21483	0.99956	-0.02951	-0.00084	0.02951	0.99956	-0.00295	0.00093	0.00292	1.00000		0.00000	0.00000	0.00000	0.00000	0.00000	0.00000	-1.00000	0.00000	0.00000	0.00000	0.00000	0.00000	0.00000	0.00000	0.00000	0.00000	
60	0.30000	-367.35969	588.08734	-1.38477	-0.16550	0.04438	1.69305	1.21268	0.99956	-0.02954	-0.00077	0.02954	0.99956	-0.00289	0.00086	0.00286	1.00000		0.00000	0.00000	0.00000	0.00000	0.00000	0.00000	-1.00000	0.00000	0.00000	0.00000	0.00000	0.00000	0.00000	0.00000	0.00000	0.00000	
61	0.30500	-367.36500	588.09496	-1.40055	-0.16351	0.04418	1.69572	1.20412	0.99956	-0.02959	-0.00077	0.02959	0.99956	-0.00285	0.00086	0.00283	1.00000		0.00000	0.00000	0.00000	0.00000	0.00000	0.00000	-1.00000	0.00000	0.00000	0.00000	0.00000	0.00000	0.00000	0.00000	0.00000	0.00000	
62	0.31000	-367.37638	588.11258	-1.38927	-0.15827	0.04936	1.70063	1.21796	0.99956	-0.02968	-0.00086	0.02967	0.99956	-0.00276	0.00094	0.00274	1.00000		0.00000	0.00000	0.00000	0.00000	0.00000	0.00000	-1.00000	0.00000	0.00000	0.00000	0.00000	0.00000	0.00000	0.00000	0.00000	0.00000	
63	0.31500	-367.33596	588.11704	-1.41537	-0.15558	0.03952	1.69763	1.21605	0.99956	-0.02962	-0.00069	0.02962	0.99956	-0.00272	0.00077	0.00269	1.00000		0.00000	0.00000	0.00000	0.00000	0.00000	0.00000	-1.00000	0.00000	0.00000	0.00000	0.00000	0.00000	0.00000	0.00000	0.00000	0.00000	
64	0.32000	-367.39831	588.11001	-1.41519	-0.15569	0.04801	1.69317	1.19705	0.99956	-0.02955	-0.00084	0.02954	0.99956	-0.00272	0.00092	0.00269	1.00000		0.00000	0.00000	0.00000	0.00000	0.00000	0.00000	-1.00000	0.00000	0.00000	0.00000	0.00000	0.00000	0.00000	0.00000	0.00000	0.00000	
65	0.32500	-367.35393	588.10197	-1.41749	-0.15402	0.04346	1.69550	1.20291	0.99956	-0.02959	-0.00076	0.02959	0.99956	-0.00269	0.00084	0.00266	1.00000		0.00000	0.00000	0.00000	0.00000	0.00000	0.00000	-1.00000	0.00000	0.00000	0.00000	0.00000	0.00000	0.00000	0.00000	0.00000	0.00000	
66	0.33000	-367.34372	588.11402	-1.45191	-0.15015	0.04008	1.69319	1.19944	0.99956	-0.02955	-0.00070	0.02955	0.99956	-0.00262	0.00078	0.00260	1.00000		0.00000	0.00000	0.00000	0.00000	0.00000	0.00000	-1.00000	0.00000	0.00000	0.00000	0.00000	0.00000	0.00000	0.00000	0.00000	0.00000	
67	0.33500	-367.34545	588.11496	-1.45112	-0.14924	0.03969	1.69219	1.18770	0.99956	-0.02953	-0.00069	0.02953	0.99956	-0.00260	0.00077	0.00258	1.00000		0.00000	0.00000	0.00000	0.00000	0.00000	0.00000	-1.00000	0.00000	0.00000	0.00000	0.00000	0.00000	0.00000	0.00000	0.00000	0.00000	
68	0.34000	-367.35902	588.14220	-1.46143	-0.14412	0.04236	1.69518	1.17620	0.99956	-0.02958	-0.00074	0.02958	0.99956	-0.00252	0.00081	0.00249	1.00000		0.00000	0.00000	0.00000	0.00000	0.00000	0.00000	-1.00000	0.00000	0.00000	0.00000	0.00000	0.00000	0.00000	0.00000	0.00000	0.00000	
69	0.34500	-367.37818	588.11513	-1.46582	-0.14534	0.04304	1.69519	1.18623	0.99956	-0.02958	-0.00075	0.02958	0.99956	-0.00254	0.00083	0.00251	1.00000		0.00000	0.00000	0.00000	0.00000	0.00000	0.00000	-1.00000	0.00000	0.00000	0.00000	0.00000	0.00000	0.00000	0.00000	0.00000	0.00000	
70	0.35000	-367.38987	588.13514	-1.46438	-0.14276	0.04482	1.69377	1.18282	0.99956	-0.02956	-0.00078	0.02956	0.99956	-0.00249	0.00086	0.00247	1.00000		0.00000	0.00000	0.00000	0.00000	0.00000	0.00000	-1.00000	0.00000	0.00000	0.00000	0.00000	0.00000	0.00000	0.00000	0.00000	0.00000	
71	0.35500	-367.35118	588.14053	-1.49347	-0.13854	0.03855	1.69676	1.19441	0.99956	-0.02961	-0.00067	0.02961	0.99956	-0.00242	0.00074	0.00240	1.00000		0.00000	0.00000	0.00000	0.00000	0.00000	0.00000	-1.00000	0.00000	0.00000	0.00000	0.00000	0.00000	0.00000	0.00000	0.00000	0.00000	
72	0.36000	-367.39349	588.13304	-1.47932	-0.14089	0.04645	1.70145	1.18181	0.99956	-0.02969	-0.00081	0.02969	0.99956	-0.00246	0.00088	0.00243	1.00000		0.00000	0.00000	0.00000	0.00000	0.00000	0.00000	-1.00000	0.00000	0.00000	0.00000	0.00000	0.00000	0.00000	0.00000	0.00000	0.00000	
73	0.36500	-367.40580	588.12661	-1.48936	-0.13877	0.04583	1.69511	1.18943	0.99956	-0.02958	-0.00080	0.02958	0.99956	-0.00242	0.00087	0.00240	1.00000		0.00000	0.00000	0.00000	0.00000	0.00000	0.00000	-1.00000	0.00000	0.00000	0.00000	0.00000	0.00000	0.00000	0.00000	0.00000	0.00000	
74	0.37000	-367.40343	588.12934	-1.49078	-0.13842	0.04408	1.70022	1.17605	0.99956	-0.02967	-0.00077	0.02967	0.99956	-0.00242	0.00084	0.00239	1.00000		0.00000	0.00000	0.00000	0.00000	0.00000	0.00000	-1.00000	0.00000	0.00000	0.00000	0.00000	0.00000	0.00000	0.00000	0.00000	0.00000	
75	0.37500	-367.40016	588.13598	-1.49697	-0.13742	0.04513	1.69693	1.16691	0.99956	-0.02961	-0.00079	0.02961	0.99956	-0.00240	0.00086	0.00237	1.00000		0.00000	0.00000	0.00000	0.00000	0.00000	0.00000	-1.00000	0.00000	0.00000	0.00000	0.00000	0.00000	0.00000	0.00000	0.00000	0.00000	
76	0.38000	-367.38074	588.14104	-1.50103	-0.13482	0.04028	1.69236	1.16534	0.99956	-0.02953	-0.00070	0.02953	0.99956	-0.00235	0.00077	0.00233	1.00000		0.00000	0.00000	0.00000	0.00000	0.00000	0.00000	-1.00000	0.00000	0.00000	0.00000	0.00000	0.00000	0.00000	0.00000	0.00000	0.00000	
77	0.38500	-367.41225	588.14103	-1.50737	-0.13144	0.04134	1.69330	1.16665	0.99956	-0.02955	-0.00072	0.02955	0.99956	-0.00229	0.00079	0.00227	1.00000		0.00000	0.00000	0.00000	0.00000	0.00000	0.00000	-1.00000	0.00000	0.00000	0.00000	0.00000	0.00000	0.00000	0.00000	0.00000	0.00000	
78	0.39000	-367.43702	588.13510	-1.50678	-0.13235	0.04929	1.69262	1.15594	0.99956	-0.02954	-0.00086	0.02954	0.99956	-0.00231	0.00093	0.00228	1.00000		0.00000	0.00000	0.00000	0.00000	0.00000	0.00000	-1.00000	0.00000	0.00000	0.00000	0.00000	0.00000	0.00000	0.00000	0.00000	0.00000	
79	0.39500	-367.39232	588.14537	-1.51270	-0.12874	0.04689	1.69700	1.17440	0.99956	-0.02961	-0.00082	0.02961	0.99956	-0.00225	0.00088	0.00222	1.00000		0.00000	0.00000	0.00000	0.00000	0.00000	0.00000	-1.00000	0.00000	0.00000	0.00000	0.00000	0.00000	0.00000	0.00000	0.00000	0.00000	
80	0.40000	-367.39328	588.13387	-1.51235	-0.13114	0.04423	1.69544	1.16424	0.99956	-0.02959	-0.00077	0.02958	0.99956	-0.00229	0.00084	0.00226	1.00000		0.00000	0.00000	0.00000	0.00000	0.00000	0.00000	-1.00000	0.00000	0.00000	0.00000	0.00000	0.00000	0.00000	0.00000	0.00000	0.00000	
81	0.40500	-367.40718	588.14379	-1.51794	-0.12814	0.04489	1.69835	1.17130	0.99956	-0.02964	-0.00078	0.02964	0.99956	-0.00224	0.00085	0.00221	1.00000		0.00000	0.00000	0.00000	0.00000	0.00000	0.00000	-1.00000	0.00000	0.00000	0.00000	0.00000	0.00000	0.00000	0.00000	0.00000	0.00000	
82	0.41000	-367.39703	588.14814	-1.52376	-0.12698	0.04023	1.69509	1.16628	0.99956	-0.02958	-0.00070	0.02958	0.99956	-0.00222	0.00077	0.00219	1.00000		0.00000	0.00000	0.00000	0.00000	0.00000	0.00000	-1.00000	0.00000	0.00000	0.00000	0.00000	0.00000	0.00000	0.00000	0.00000	0.00000	
83	0.41500	-367.39079	588.14212	-1.53741	-0.12541	0.04002	1.68896	1.17463	0.99957	-0.02947	-0.00070	0.02947	0.99956	-0.00219	0.00076	0.00217	1.00000		0.00000	0.00000	0.00000	0.00000	0.00000	0.00000	-1.00000	0.00000	0.00000	0.00000	0.00000	0.00000	0.00000	0.00000	0.00000	0.00000	
84	0.42000	-367.38554	588.13689	-1.53171	-0.12445	0.03590	1.68844	1.17349	0.99957	-0.02946	-0.00063	0.02946	0.99956	-0.00217	0.00069	0.00215	1.00000		0.00000	0.00000	0.00000	0.00000	0.00000	0.00000	-1.00000	0.00000	0.00000	0.00000	0.00000	0.00000	0.00000	0.00000	0.00000	0.00000	
85	0.42500	-367.38512	588.13986	-1.52562	-0.12284	0.03833	1.68638	1.15382	0.99957	-0.02943	-0.00067	0.02943	0.99956	-0.00214	0.00073	0.00212	1.00000		0.00000	0.00000	0.00000	0.00000	0.00000	0.00000	-1.00000	0.00000	0.00000	0.00000	0.00000	0.00000	0.00000	0.00000	0.00000	0.00000	
86	0.43000	-367.38199	588.13088	-1.52870	-0.12212	0.03583	1.69166	1.16400	0.99956	-0.02952	-0.00063	0.02952	0.99956	-0.00213	0.00069	0.00211	1.00000		0.00000	0.00000	0.00000	0.00000	0.00000	0.00000	-1.00000	0.00000	0.00000	0.00000	0.00000	0.00000	0.00000	0.00000	0.00000	0.00000	
87	0.43500	-367.36633	588.14024	-1.53692	-0.12065	0.03298	1.69309	1.16861	0.99956	-0.02955	-0.00058	0.02954	0.99956	-0.00211	0.00064	0.00209	1.00000		0.00000	0.00000	0.00000	0.00000	0.00000	0.00000	-1.00000	0.00000	0.00000	0.00000	0.00000	0.00000	0.00000	0.00000	0.00000	0.00000	
88	0.44000	-367.37692	588.12241	-1.53812	-0.12193	0.03261	1.68883	1.16796	0.99957	-0.02947	-0.00057	0.02947	0.99956	-0.00213	0.00063	0.00211	1.00000		0.00000	0.00000	0.00000	0.00000	0.00000	0.00000	-1.00000	0.00000	0.00000	0.00000	0.00000	0.00000	0.00000	0.00000	0.00000	0.00000	
89	0.44500	-367.37944	588.12632	-1.52373	-0.12013	0.03259	1.68655	1.17657	0.99957	-0.02943	-0.00057	0.02943	0.99956	-0.00210	0.00063	0.00208	1.00000		0.00000	0.00000	0.00000	0.00000	0.00000	0.00000	-1.00000	0.00000	0.00000	0.00000	0.00000	0.00000	0.00000	0.00000	0.00000	0.00000	
90	0.45000	-367.36622	588.11359	-1.54358	-0.12101	0.03028	1.68796	1.17826	0.99957	-0.02946	-0.00053	0.02946	0.99956	-0.00211	0.00059	0.00210	1.00000		0.00000	0.00000	0.00000	0.00000	0.00000	0.00000	-1.00000	0.00000	0.00000	0.00000	0.00000	0.00000	0.00000	0.00000	0.00000	0.00000	
91	0.45500	-367.36368	588.12029	-1.53232	-0.11937	0.02911	1.68859	1.17853	0.99957	-0.02947	-0.00051	0.02947	0.99956	-0.00208	0.00057	0.00207	1.00000		0.00000	0.00000	0.00000	0.00000	0.00000	0.00000	-1.00000	0.00000	0.00000	0.00000	0.00000	0.00000	0.00000	0.00000	0.00000	0.00000	
92	0.46000	-367.39060	588.12310	-1.53305	-0.11825	0.02809	1.68567	1.17833	0.99957	-0.02942	-0.00049	0.02942	0.99957	-0.00206	0.00055	0.00205	1.00000		0.00000	0.00000	0.00000	0.00000	0.00000	0.00000	-1.00000	0.00000	0.00000	0.00000	0.00000	0.00000	0.00000	0.00000	0.00000	0.00000	
93	0.46500	-367.37388	588.13928	-1.54827	-0.11358	0.02528	1.68873	1.19205	0.99957	-0.02947	-0.00044	0.02947	0.99956	-0.00198	0.00050	0.00197	1.00000		0.00000	0.00000	0.00000	0.00000	0.00000	0.00000	-1.00000	0.00000	0.00000	0.00000	0.00000	0.00000	0.00000	0.00000	0.00000	0.00000	
94	0.47000	-367.33399	588.12480	-1.54889	-0.11727	0.01864	1.68801	1.19975	0.99957	-0.02946	-0.00033	0.02946	0.99956	-0.00205	0.00039	0.00204	1.00000		0.00000	0.00000	0.00000	0.00000	0.00000	0.00000	-1.00000	0.00000	0.00000	0.00000	0.00000	0.00000	0.00000	0.00000	0.00000	0.00000	
95	0.47500	-367.39293	588.12835	-1.54827	-0.11523	0.02772	1.69017	1.19669	0.99956	-0.02949	-0.00048	0.02949	0.99956	-0.00201	0.00054	0.00200	1.00000		0.00000	0.00000	0.00000	0.00000	0.00000	0.00000	-1.00000	0.00000	0.00000	0.00000	0.00000	0.00000	0.00000	0.00000	0.00000	0.00000	
96	0.48000	-367.33975	588.13104	-1.54501	-0.11365	0.01979	1.68723	1.19339	0.99957	-0.02944	-0.00035	0.02944	0.99956	-0.00198	0.00040	0.00197	1.00000		0.00000	0.00000	0.00000	0.00000	0.00000	0.00000	-1.00000	0.00000	0.00000	0.00000	0.00000	0.00000	0.00000	0.00000	0.00000	0.00000	
97	0.48500	-367.39259	588.13525	-1.53646	-0.11419	0.02635	1.68538	1.18721	0.99957	-0.02941	-0.00046	0.02941	0.99957	-0.00199	0.00052	0.00198	1.00000		0.00000	0.00000	0.00000	0.00000	0.00000	0.00000	-1.00000	0.00000	0.00000	0.00000	0.00000	0.00000	0.00000	0.00000	0.00000	0.00000	
98	0.49000	-367.34560	588.13039	-1.54989	-0.11466	0.02091	1.68047	1.19915	0.99957	-0.02933	-0.00036	0.02932	0.99957	-0.00200	0.00042	0.00199	1.00000		0.00000	0.00000	0.00000	0.00000	0.00000	0.00000	-1.00000	0.00000	0.00000	0.00000	0.00000	0.00000	0.00000	0.00000	0.00000	0.00000	
99	0.49500	-367.40603	588.13537	-1.55074	-0.11355	0.02367	1.67842	1.18737	0.99957	-0.02929	-0.00041	0.02929	0.99957	-0.00198	0.00047	0.00197	1.00000		0.00000	0.00000	0.00000	0.00000	0.00000	0.00000	-1.00000	0.00000	0.00000	0.00000	0.00000	0.00000	0.00000	0.00000	0.00000	0.00000	
100	0.50000	-367.36264	588.11732	-1.54628	-0.11419	0.02193	1.68415	1.19369	0.99957	-0.02939	-0.00038	0.02939	0.99957	-0.00199	0.00044	0.00198	1.00000		0.00000	0.00000	0.00000	0.00000	0.00000	0.00000	-1.00000	0.00000	0.00000	0.00000	0.00000	0.00000	0.00000	0.00000	0.00000	0.00000	
101	0.50500	-367.35563	588.12037	-1.55612	-0.11484	0.02285	1.68247	1.19668	0.99957	-0.02936	-0.00040	0.02936	0.99957	-0.00200	0.00046	0.00199	1.00000		0.00000	0.00000	0.00000	0.00000	0.00000	0.00000	-1.00000	0.00000	0.00000	0.00000	0.00000	0.00000	0.00000	0.00000	0.00000	0.00000	
102	0.51000	-367.35344	588.13144	-1.54873	-0.11263	0.02065	1.67758	1.19715	0.99957	-0.02928	-0.00036	0.02927	0.99957	-0.00197	0.00042	0.00195	1.00000		0.00000	0.00000	0.00000	0.00000	0.00000	0.00000	-1.00000	0.00000	0.00000	0.00000	0.00000	0.00000	0.00000	0.00000	0.00000	0.00000	
103	0.51500	-367.33388	588.13035	-1.56442	-0.11263	0.01895	1.68024	1.19247	0.99957	-0.02932	-0.00033	0.02932	0.99957	-0.00197	0.00039	0.00196	1.00000		0.00000	0.00000	0.00000	0.00000	0.00000	0.00000	-1.00000	0.00000	0.00000	0.00000	0.00000	0.00000	0.00000	0.00000	0.00000	0.00000	
104	0.52000	-367.33579	588.12810	-1.56624	-0.11358	0.01444	1.67731	1.20811	0.99957	-0.02927	-0.00025	0.02927	0.99957	-0.00198	0.00031	0.00197	1.00000		0.00000	0.00000	0.00000	0.00000	0.00000	0.00000	-1.00000	0.00000	0.00000	0.00000	0.00000	0.00000	0.00000	0.00000	0.00000	0.00000	
105	0.52500	-367.34155	588.12408	-1.56194	-0.11529	0.01841	1.68303	1.19580	0.99957	-0.02937	-0.00032	0.02937	0.99957	-0.00201	0.00038	0.00200	1.00000		0.00000	0.00000	0.00000	0.00000	0.00000	0.00000	-1.00000	0.00000	0.00000	0.00000	0.00000	0.00000	0.00000	0.00000	0.00000	0.00000	
106	0.53000	-367.34678	588.12893	-1.54396	-0.11707	0.02101	1.68032	1.19472	0.99957	-0.02932	-0.00037	0.02932	0.99957	-0.00204	0.00043	0.00203	1.00000		0.00000	0.00000	0.00000	0.00000	0.00000	0.00000	-1.00000	0.00000	0.00000	0.00000	0.00000	0.00000	0.00000	0.00000	0.00000	0.00000	
107	0.53500	-367.31736	588.13415	-1.56267	-0.11617	0.01576	1.67939	1.18955	0.99957	-0.02931	-0.00027	0.02931	0.99957	-0.00203	0.00033	0.00202	1.00000		0.00000	0.00000	0.00000	0.00000	0.00000	0.00000	-1.00000	0.00000	0.00000	0.00000	0.00000	0.00000	0.00000	0.00000	0.00000	0.00000	
108	0.54000	-367.31184	588.12746	-1.55837	-0.11693	0.01167	1.67528	1.20228	0.99957	-0.02923	-0.00020	0.02923	0.99957	-0.00204	0.00026	0.00203	1.00000		0.00000	0.00000	0.00000	0.00000	0.00000	0.00000	-1.00000	0.00000	0.00000	0.00000	0.00000	0.00000	0.00000	0.00000	0.00000	0.00000	
109	0.54500	-367.33887	588.10301	-1.53548	-0.11832	0.01712	1.67844	1.19177	0.99957	-0.02929	-0.00030	0.02929	0.99957	-0.00207	0.00036	0.00206	1.00000		0.00000	0.00000	0.00000	0.00000	0.00000	0.00000	-1.00000	0.00000	0.00000	0.00000	0.00000	0.00000	0.00000	0.00000	0.00000	0.00000	
110	0.55000	-367.27918	588.10866	-1.55994	-0.11932	0.00584	1.67575	1.18688	0.99957	-0.02924	-0.00010	0.02924	0.99957	-0.00208	0.00016	0.00208	1.00000		0.00000	0.00000	0.00000	0.00000	0.00000	0.00000	-1.00000	0.00000	0.00000	0.00000	0.00000	0.00000	0.00000	0.00000	0.00000	0.00000	
111	0.55500	-367.28460	588.11103	-1.54683	-0.12174	0.01059	1.67835	1.19951	0.99957	-0.02929	-0.00018	0.02929	0.99957	-0.00212	0.00025	0.00212	1.00000		0.00000	0.00000	0.00000	0.00000	0.00000	0.00000	-1.00000	0.00000	0.00000	0.00000	0.00000	0.00000	0.00000	0.00000	0.00000	0.00000	
112	0.56000	-367.31496	588.10459	-1.52335	-0.12175	0.01492	1.67664	1.19280	0.99957	-0.02926	-0.00026	0.02926	0.99957	-0.00212	0.00032	0.00212	1.00000		0.00000	0.00000	0.00000	0.00000	0.00000	0.00000	-1.00000	0.00000	0.00000	0.00000	0.00000	0.00000	0.00000	0.00000	0.00000	0.00000	
113	0.56500	-367.31956	588.10276	-1.52719	-0.12101	0.01430	1.67678	1.18793	0.99957	-0.02926	-0.00025	0.02926	0.99957	-0.00211	0.00031	0.00210	1.00000		0.00000	0.00000	0.00000	0.00000	0.00000	0.00000	-1.00000	0.00000	0.00000	0.00000	0.00000	0.00000	0.00000	0.00000	0.00000	0.00000	
114	0.57000	-367.32473	588.08314	-1.51898	-0.12554	0.01218	1.67761	1.19013	0.99957	-0.02928	-0.00021	0.02928	0.99957	-0.00219	0.00028	0.00218	1.00000		0.00000	0.00000	0.00000	0.00000	0.00000	0.00000	-1.00000	0.00000	0.00000	0.00000	0.00000	0.00000	0.00000	0.00000	0.00000	0.00000	
115	0.57500	-367.32181	588.07302	-1.50331	-0.12770	0.01213	1.67658	1.20324	0.99957	-0.02926	-0.00021	0.02926	0.99957	-0.00223	0.00028	0.00222	1.00000		0.00000	0.00000	0.00000	0.00000	0.00000	0.00000	-1.00000	0.00000	0.00000	0.00000	0.00000	0.00000	0.00000	0.00000	0.00000	0.00000	
116	0.58000	-367.30705	588.06795	-1.51086	-0.12872	0.00692	1.67287	1.19905	0.99957	-0.02919	-0.00012	0.02919	0.99957	-0.00225	0.00019	0.00224	1.00000		0.00000	0.00000	0.00000	0.00000	0.00000	0.00000	-1.00000	0.00000	0.00000	0.00000	0.00000	0.00000	0.00000	0.00000	0.00000	0.00000	
117	0.58500	-367.28624	588.06598	-1.50983	-0.12817	0.00988	1.67768	1.21359	0.99957	-0.02928	-0.00017	0.02928	0.99957	-0.00224	0.00024	0.00223	1.00000		0.00000	0.00000	0.00000	0.00000	0.00000	0.00000	-1.00000	0.00000	0.00000	0.00000	0.00000	0.00000	0.00000	0.00000	0.00000	0.00000	
118	0.59000	-367.30437	588.06856	-1.49543	-0.12862	0.01179	1.67746	1.21907	0.99957	-0.02927	-0.00021	0.02927	0.99957	-0.00224	0.00027	0.00224	1.00000		0.00000	0.00000	0.00000	0.00000	0.00000	0.00000	-1.00000	0.00000	0.00000	0.00000	0.00000	0.00000	0.00000	0.00000	0.00000	0.00000	
119	0.59500	-367.26655	588.04868	-1.49260	-0.13368	0.00492	1.67908	1.21074	0.99957	-0.02930	-0.00009	0.02930	0.99957	-0.00233	0.00015	0.00233	1.00000		0.00000	0.00000	0.00000	0.00000	0.00000	0.00000	-1.00000	0.00000	0.00000	0.00000	0.00000	0.00000	0.00000	0.00000	0.00000	0.00000	
120	0.60000	-367.31804	588.04730	-1.48574	-0.13426	0.00825	1.68216	1.22079	0.99957	-0.02935	-0.00014	0.02935	0.99957	-0.00234	0.00021	0.00234	1.00000		0.00000	0.00000	0.00000	0.00000	0.00000	0.00000	-1.00000	0.00000	0.00000	0.00000	0.00000	0.00000	0.00000	0.00000	0.00000	0.00000	
121	0.60500	-367.30556	588.03535	-1.48924	-0.13780	0.00480	1.67910	1.21877	0.99957	-0.02930	-0.00008	0.02930	0.99957	-0.00241	0.00015	0.00240	1.00000		0.00000	0.00000	0.00000	0.00000	0.00000	0.00000	-1.00000	0.00000	0.00000	0.00000	0.00000	0.00000	0.00000	0.00000	0.00000	0.00000	
122	0.61000	-367.30773	588.02367	-1.46825	-0.13871	0.00874	1.68173	1.22042	0.99957	-0.02935	-0.00015	0.02935	0.99957	-0.00242	0.00022	0.00242	1.00000		0.00000	0.00000	0.00000	0.00000	0.00000	0.00000	-1.00000	0.00000	0.00000	0.00000	0.00000	0.00000	0.00000	0.00000	0.00000	0.00000	
123	0.61500	-367.31009	588.03097	-1.46340	-0.13874	0.01091	1.68350	1.23992	0.99957	-0.02938	-0.00019	0.02938	0.99957	-0.00242	0.00026	0.00241	1.00000		0.00000	0.00000	0.00000	0.00000	0.00000	0.00000	-1.00000	0.00000	0.00000	0.00000	0.00000	0.00000	0.00000	0.00000	0.00000	0.00000	
124	0.62000	-367.34908	588.01640	-1.46564	-0.14149	0.01333	1.67825	1.22918	0.99957	-0.02929	-0.00023	0.02929	0.99957	-0.00247	0.00030	0.00246	1.00000		0.00000	0.00000	0.00000	0.00000	0.00000	0.00000	-1.00000	0.00000	0.00000	0.00000	0.00000	0.00000	0.00000	0.00000	0.00000	0.00000	
125	0.62500	-367.32231	588.03121	-1.45723	-0.14029	0.01082	1.67803	1.24276	0.99957	-0.02928	-0.00019	0.02928	0.99957	-0.00245	0.00026	0.00244	1.00000		0.00000	0.00000	0.00000	0.00000	0.00000	0.00000	-1.00000	0.00000	0.00000	0.00000	0.00000	0.00000	0.00000	0.00000	0.00000	0.00000	
126	0.63000	-367.33589	588.00603	-1.44729	-0.14616	0.01390	1.67948	1.23387	0.99957	-0.02931	-0.00024	0.02931	0.99957	-0.00255	0.00032	0.00254	1.00000		0.00000	0.00000	0.00000	0.00000	0.00000	0.00000	-1.00000	0.00000	0.00000	0.00000	0.00000	0.00000	0.00000	0.00000	0.00000	0.00000	
127	0.63500	-367.28832	587.99706	-1.45568	-0.14639	0.00829	1.68072	1.25237	0.99957	-0.02933	-0.00014	0.02933	0.99957	-0.00255	0.00022	0.00255	1.00000		0.00000	0.00000	0.00000	0.00000	0.00000	0.00000	-1.00000	0.00000	0.00000	0.00000	0.00000	0.00000	0.00000	0.00000	0.00000	0.00000	
128	0.64000	-367.29778	588.00519	-1.44815	-0.14786	0.00516	1.67966	1.25274	0.99957	-0.02931	-0.00009	0.02931	0.99957	-0.00258	0.00017	0.00258	1.00000		0.00000	0.00000	0.00000	0.00000	0.00000	0.00000	-1.00000	0.00000	0.00000	0.00000	0.00000	0.00000	0.00000	0.00000	0.00000	0.00000	
129	0.64500	-367.33812	587.99649	-1.44132	-0.15029	0.01411	1.67951	1.23860	0.99957	-0.02931	-0.00025	0.02931	0.99957	-0.00262	0.00032	0.00261	1.00000		0.00000	0.00000	0.00000	0.00000	0.00000	0.00000	-1.00000	0.00000	0.00000	0.00000	0.00000	0.00000	0.00000	0.00000	0.00000	0.00000	
130	0.65000	-367.33193	587.99334	-1.41146	-0.15289	0.01626	1.67731	1.23515	0.99957	-0.02927	-0.00028	0.02927	0.99957	-0.00267	0.00036	0.00266	1.00000		0.00000	0.00000	0.00000	0.00000	0.00000	0.00000	-1.00000	0.00000	0.00000	0.00000	0.00000	0.00000	0.00000	0.00000	0.00000	0.00000	
131	0.65500	-367.34385	587.98027	-1.43435	-0.15492	0.01430	1.67805	1.24096	0.99957	-0.02928	-0.00025	0.02928	0.99957	-0.00270	0.00033	0.00270	1.00000		0.00000	0.00000	0.00000	0.00000	0.00000	0.00000	-1.00000	0.00000	0.00000	0.00000	0.00000	0.00000	0.00000	0.00000	0.00000	0.00000	
132	0.66000	-367.27484	587.99522	-1.44433	-0.15435	0.00727	1.67868	1.25170	0.99957	-0.02929	-0.00013	0.02929	0.99957	-0.00269	0.00021	0.00269	1.00000		0.00000	0.00000	0.00000	0.00000	0.00000	0.00000	-1.00000	0.00000	0.00000	0.00000	0.00000	0.00000	0.00000	0.00000	0.00000	0.00000	
133	0.66500	-367.33054	587.99654	-1.41331	-0.15725	0.01489	1.68375	1.24302	0.99957	-0.02938	-0.00026	0.02938	0.99956	-0.00274	0.00034	0.00274	1.00000		0.00000	0.00000	0.00000	0.00000	0.00000	0.00000	-1.00000	0.00000	0.00000	0.00000	0.00000	0.00000	0.00000	0.00000	0.00000	0.00000	
134	0.67000	-367.29961	587.98967	-1.41274	-0.15963	0.01072	1.68104	1.23968	0.99957	-0.02934	-0.00019	0.02933	0.99957	-0.00279	0.00027	0.00278	1.00000		0.00000	0.00000	0.00000	0.00000	0.00000	0.00000	-1.00000	0.00000	0.00000	0.00000	0.00000	0.00000	0.00000	0.00000	0.00000	0.00000	
135	0.67500	-367.29351	587.97906	-1.41324	-0.16063	0.01049	1.68275	1.22509	0.99957	-0.02937	-0.00018	0.02936	0.99956	-0.00280	0.00027	0.00280	1.00000		0.00000	0.00000	0.00000	0.00000	0.00000	0.00000	-1.00000	0.00000	0.00000	0.00000	0.00000	0.00000	0.00000	0.00000	0.00000	0.00000	
136	0.68000	-367.28567	587.96753	-1.41027	-0.16519	0.01100	1.68669	1.24840	0.99957	-0.02943	-0.00019	0.02943	0.99956	-0.00288	0.00028	0.00288	1.00000		0.00000	0.00000	0.00000	0.00000	0.00000	0.00000	-1.00000	0.00000	0.00000	0.00000	0.00000	0.00000	0.00000	0.00000	0.00000	0.00000	
137	0.68500	-367.31398	587.96640	-1.41117	-0.16657	0.01680	1.68041	1.22910	0.99957	-0.02932	-0.00029	0.02932	0.99957	-0.00291	0.00038	0.00290	1.00000		0.00000	0.00000	0.00000	0.00000	0.00000	0.00000	-1.00000	0.00000	0.00000	0.00000	0.00000	0.00000	0.00000	0.00000	0.00000	0.00000	
138	0.69000	-367.32169	587.97287	-1.39923	-0.16719	0.01641	1.68552	1.23829	0.99957	-0.02941	-0.00029	0.02941	0.99956	-0.00292	0.00037	0.00291	1.00000		0.00000	0.00000	0.00000	0.00000	0.00000	0.00000	-1.00000	0.00000	0.00000	0.00000	0.00000	0.00000	0.00000	0.00000	0.00000	0.00000	
139	0.69500	-367.32068	587.95052	-1.37813	-0.17157	0.01912	1.68557	1.25042	0.99957	-0.02941	-0.00033	0.02941	0.99956	-0.00299	0.00042	0.00298	1.00000		0.00000	0.00000	0.00000	0.00000	0.00000	0.00000	-1.00000	0.00000	0.00000	0.00000	0.00000	0.00000	0.00000	0.00000	0.00000	0.00000	
140	0.70000	-367.31397	587.94503	-1.38300	-0.17361	0.01633	1.68330	1.23881	0.99957	-0.02937	-0.00029	0.02937	0.99956	-0.00303	0.00037	0.00302	1.00000		0.00000	0.00000	0.00000	0.00000	0.00000	0.00000	-1.00000	0.00000	0.00000	0.00000	0.00000	0.00000	0.00000	0.00000	0.00000	0.00000	
