NO_OF_FRAMES	12044
NO_OF_CAMERAS	8
NO_OF_BODIES	2
FREQUENCY	200
NO_OF_ANALOG	0
ANALOG_FREQUENCY	0
DESCRIPTION	--
TIME_STAMP	2013-07-04, 09:55:29	90944.72566003
DATA_INCLUDED	6D
BODY_NAMES	Ice 1	Ice 2
Frame	Time	Ice 1 X	Y	Z	Roll	Pitch	Yaw	Residual	Rot[0]	Rot[1]	Rot[2]	Rot[3]	Rot[4]	Rot[5]	Rot[6]	Rot[7]	Rot[8]	Ice 2 X	Y	Z	Roll	Pitch	Yaw	Residual	Rot[0]	Rot[1]	Rot[2]	Rot[3]	Rot[4]	Rot[5]	Rot[6]	Rot[7]	Rot[8]	
1	0.00500	81.09457	-109.43497	0.04111	0.66961	0.14733	9.02118	1.10326	0.98763	-0.15680	-0.00257	0.15682	0.98756	0.01169	0.00071	-0.01195	0.99993		-107.64985	-64.04267	-0.07225	-0.18693	0.32854	1.62001	0.42831	0.99958	-0.02827	-0.00573	0.02825	0.99960	-0.00326	0.00582	0.00310	0.99998	
2	0.01000	81.04957	-109.48354	0.05808	0.65173	0.16815	9.03156	1.08094	0.98760	-0.15698	-0.00293	0.15700	0.98753	0.01137	0.00111	-0.01169	0.99993		-107.74656	-64.01057	-0.07267	-0.17812	0.34623	1.61305	0.42088	0.99959	-0.02815	-0.00604	0.02813	0.99960	-0.00311	0.00613	0.00294	0.99998	
3	0.01500	81.04300	-109.46971	0.05949	0.65379	0.16820	9.02960	1.08212	0.98760	-0.15694	-0.00294	0.15697	0.98754	0.01141	0.00111	-0.01173	0.99993		-107.73862	-64.02057	-0.06880	-0.17721	0.34616	1.61484	0.39851	0.99958	-0.02818	-0.00604	0.02816	0.99960	-0.00309	0.00613	0.00292	0.99998	
4	0.02000	81.03886	-109.47997	0.06534	0.65112	0.16890	9.03138	1.07757	0.98760	-0.15697	-0.00295	0.15700	0.98753	0.01136	0.00113	-0.01169	0.99993		-107.74344	-64.02409	-0.08554	-0.17587	0.34697	1.61266	0.42032	0.99959	-0.02814	-0.00606	0.02812	0.99960	-0.00307	0.00614	0.00290	0.99998	
5	0.02500	81.03675	-109.45830	0.08274	0.65432	0.17135	9.03044	1.08632	0.98760	-0.15696	-0.00299	0.15698	0.98754	0.01142	0.00116	-0.01175	0.99993		-107.73461	-64.01231	-0.10285	-0.17407	0.34736	1.61318	0.42141	0.99959	-0.02815	-0.00606	0.02813	0.99960	-0.00304	0.00615	0.00287	0.99998	
6	0.03000	81.06538	-109.46397	0.08813	0.65128	0.17018	9.03479	1.08608	0.98759	-0.15703	-0.00297	0.15706	0.98752	0.01137	0.00115	-0.01169	0.99993		-107.75248	-64.01522	-0.10270	-0.17283	0.35122	1.61477	0.41157	0.99958	-0.02818	-0.00613	0.02816	0.99960	-0.00302	0.00621	0.00284	0.99998	
7	0.03500	81.04979	-109.46051	0.09313	0.65081	0.17253	9.02945	1.08921	0.98760	-0.15694	-0.00301	0.15697	0.98754	0.01136	0.00119	-0.01169	0.99993		-107.73551	-64.01248	-0.12415	-0.17185	0.35187	1.61527	0.42504	0.99958	-0.02819	-0.00614	0.02817	0.99960	-0.00300	0.00622	0.00282	0.99998	
8	0.04000	81.06301	-109.46614	0.10362	0.64840	0.17203	9.02692	1.08118	0.98761	-0.15690	-0.00300	0.15692	0.98755	0.01132	0.00119	-0.01165	0.99993		-107.77621	-63.99088	-0.12425	-0.16621	0.35902	1.61224	0.41648	0.99958	-0.02813	-0.00627	0.02812	0.99960	-0.00290	0.00635	0.00272	0.99998	
9	0.04500	81.05500	-109.46296	0.11754	0.64895	0.17373	9.02633	1.07834	0.98761	-0.15689	-0.00303	0.15691	0.98755	0.01133	0.00122	-0.01166	0.99993		-107.77896	-64.02297	-0.13232	-0.16941	0.35860	1.61446	0.42070	0.99958	-0.02817	-0.00626	0.02816	0.99960	-0.00296	0.00634	0.00278	0.99998	
10	0.05000	81.02373	-109.44456	0.12949	0.64865	0.17494	9.03058	1.08414	0.98760	-0.15696	-0.00305	0.15699	0.98754	0.01132	0.00124	-0.01166	0.99993		-107.78194	-63.99918	-0.15348	-0.16602	0.35996	1.61501	0.39524	0.99958	-0.02818	-0.00628	0.02817	0.99960	-0.00290	0.00636	0.00272	0.99998	
11	0.05500	81.02380	-109.46031	0.12720	0.64650	0.17663	9.02673	1.08377	0.98761	-0.15689	-0.00308	0.15692	0.98755	0.01128	0.00127	-0.01163	0.99993		-107.78509	-64.00905	-0.16203	-0.16722	0.36253	1.61676	0.41350	0.99958	-0.02821	-0.00633	0.02820	0.99960	-0.00292	0.00641	0.00274	0.99998	
12	0.06000	81.01290	-109.45814	0.14282	0.64473	0.17744	9.03084	1.08417	0.98760	-0.15697	-0.00310	0.15699	0.98754	0.01125	0.00129	-0.01160	0.99993		-107.79132	-64.03155	-0.16595	-0.17031	0.36347	1.61707	0.41258	0.99958	-0.02822	-0.00634	0.02820	0.99960	-0.00297	0.00643	0.00279	0.99998	
13	0.06500	80.98545	-109.44762	0.15486	0.64198	0.17992	9.02948	1.07484	0.98760	-0.15694	-0.00314	0.15697	0.98754	0.01120	0.00134	-0.01156	0.99993		-107.83203	-63.98109	-0.19171	-0.16422	0.37164	1.61093	0.41266	0.99958	-0.02811	-0.00649	0.02809	0.99960	-0.00287	0.00656	0.00268	0.99997	
14	0.07000	81.00666	-109.54579	0.21620	0.63544	0.16583	9.02370	1.08021	0.98762	-0.15684	-0.00289	0.15687	0.98756	0.01109	0.00112	-0.01141	0.99993		-107.82437	-64.01000	-0.18711	-0.16762	0.37147	1.61696	0.42431	0.99958	-0.02822	-0.00648	0.02820	0.99960	-0.00293	0.00656	0.00274	0.99997	
15	0.07500	80.95237	-109.56075	0.23671	0.63184	0.17057	9.01963	1.08248	0.98763	-0.15677	-0.00298	0.15680	0.98757	0.01103	0.00121	-0.01136	0.99993		-107.82543	-63.99451	-0.19600	-0.16500	0.37441	1.61360	0.41742	0.99958	-0.02816	-0.00653	0.02814	0.99960	-0.00288	0.00661	0.00269	0.99997	
16	0.08000	80.97854	-109.55166	0.24633	0.63160	0.16564	9.02108	1.08734	0.98763	-0.15680	-0.00289	0.15682	0.98757	0.01102	0.00113	-0.01134	0.99994		-107.83451	-64.01971	-0.21673	-0.16876	0.37572	1.61583	0.42297	0.99958	-0.02820	-0.00656	0.02818	0.99960	-0.00295	0.00664	0.00276	0.99997	
17	0.08500	80.97304	-109.56003	0.27056	0.62707	0.17244	9.01969	1.08768	0.98763	-0.15677	-0.00301	0.15680	0.98757	0.01094	0.00126	-0.01128	0.99994		-107.83346	-64.01690	-0.21265	-0.16698	0.37799	1.61472	0.40775	0.99958	-0.02818	-0.00660	0.02816	0.99960	-0.00291	0.00668	0.00273	0.99997	
18	0.09000	80.97165	-109.54212	0.26945	0.62929	0.16898	9.02081	1.09397	0.98763	-0.15679	-0.00295	0.15682	0.98757	0.01098	0.00119	-0.01131	0.99994		-107.85569	-64.01837	-0.24165	-0.17059	0.38090	1.61664	0.43625	0.99958	-0.02821	-0.00665	0.02819	0.99960	-0.00298	0.00673	0.00279	0.99997	
19	0.09500	80.93858	-109.56536	0.27883	0.62658	0.17080	9.02548	1.08128	0.98761	-0.15687	-0.00298	0.15690	0.98755	0.01094	0.00123	-0.01127	0.99994		-107.87846	-64.01562	-0.25435	-0.17107	0.38876	1.61434	0.41776	0.99958	-0.02817	-0.00679	0.02815	0.99960	-0.00299	0.00687	0.00279	0.99997	
20	0.10000	80.95269	-109.57469	0.30212	0.62459	0.16691	9.01853	1.08574	0.98763	-0.15675	-0.00291	0.15678	0.98757	0.01090	0.00117	-0.01122	0.99994		-107.87446	-64.02388	-0.25863	-0.17286	0.38770	1.61369	0.42951	0.99958	-0.02816	-0.00677	0.02814	0.99960	-0.00302	0.00685	0.00283	0.99997	
21	0.10500	81.00595	-109.56457	0.30722	0.62152	0.16323	9.02139	1.09265	0.98763	-0.15680	-0.00285	0.15682	0.98757	0.01085	0.00111	-0.01116	0.99994		-107.88654	-64.01042	-0.26718	-0.17205	0.39075	1.61688	0.42371	0.99958	-0.02822	-0.00682	0.02820	0.99960	-0.00300	0.00690	0.00281	0.99997	
22	0.11000	80.95662	-109.57107	0.32320	0.62003	0.16606	9.02151	1.08269	0.98763	-0.15680	-0.00290	0.15683	0.98757	0.01082	0.00117	-0.01114	0.99994		-107.88001	-64.02629	-0.27543	-0.17651	0.39162	1.61580	0.42093	0.99958	-0.02820	-0.00684	0.02818	0.99960	-0.00308	0.00692	0.00289	0.99997	
23	0.11500	80.97424	-109.57727	0.34584	0.61897	0.16342	9.01784	1.08841	0.98764	-0.15674	-0.00285	0.15676	0.98758	0.01080	0.00112	-0.01112	0.99994		-107.88857	-64.03925	-0.28387	-0.17633	0.39537	1.61362	0.43015	0.99958	-0.02816	-0.00690	0.02814	0.99960	-0.00308	0.00698	0.00288	0.99997	
24	0.12000	80.92368	-109.57855	0.35783	0.61563	0.16919	9.02127	1.09179	0.98763	-0.15680	-0.00295	0.15682	0.98757	0.01074	0.00123	-0.01107	0.99994		-107.86835	-64.04961	-0.30066	-0.18161	0.39328	1.61730	0.41116	0.99958	-0.02822	-0.00686	0.02820	0.99960	-0.00317	0.00695	0.00297	0.99997	
25	0.12500	80.94424	-109.57925	0.36232	0.61445	0.16394	9.02170	1.07915	0.98763	-0.15681	-0.00286	0.15683	0.98757	0.01072	0.00114	-0.01104	0.99994		-107.93801	-64.05018	-0.30841	-0.18444	0.40494	1.61863	0.42656	0.99958	-0.02825	-0.00707	0.02822	0.99960	-0.00322	0.00716	0.00302	0.99997	
26	0.13000	80.94756	-109.58299	0.38220	0.61214	0.16251	9.02016	1.08510	0.98763	-0.15678	-0.00284	0.15680	0.98757	0.01068	0.00113	-0.01100	0.99994		-107.93635	-64.06343	-0.32096	-0.18741	0.40435	1.61530	0.43400	0.99958	-0.02819	-0.00706	0.02817	0.99960	-0.00327	0.00715	0.00307	0.99997	
27	0.13500	80.97040	-109.58990	0.38190	0.60854	0.16116	9.01865	1.07779	0.98763	-0.15676	-0.00281	0.15678	0.98758	0.01062	0.00111	-0.01093	0.99994		-107.91860	-64.06129	-0.33410	-0.18860	0.40998	1.61698	0.42380	0.99958	-0.02822	-0.00716	0.02819	0.99960	-0.00329	0.00725	0.00309	0.99997	
28	0.14000	80.99234	-109.58993	0.40873	0.60617	0.15995	9.01928	1.07936	0.98763	-0.15677	-0.00279	0.15679	0.98758	0.01058	0.00110	-0.01089	0.99994		-107.95884	-64.07230	-0.33754	-0.19464	0.41259	1.61584	0.41995	0.99958	-0.02820	-0.00720	0.02817	0.99960	-0.00340	0.00729	0.00319	0.99997	
29	0.14500	80.96750	-109.62567	0.41256	0.60332	0.15542	9.01923	1.08414	0.98763	-0.15677	-0.00271	0.15679	0.98758	0.01053	0.00103	-0.01082	0.99994		-107.95092	-64.07284	-0.35444	-0.19667	0.41567	1.61773	0.42351	0.99958	-0.02823	-0.00725	0.02821	0.99960	-0.00343	0.00735	0.00323	0.99997	
30	0.15000	80.95389	-109.61394	0.44142	0.60036	0.16054	9.02209	1.08095	0.98762	-0.15681	-0.00280	0.15684	0.98757	0.01048	0.00112	-0.01079	0.99994		-107.95659	-64.07411	-0.35873	-0.20002	0.41981	1.61689	0.43643	0.99958	-0.02822	-0.00733	0.02819	0.99960	-0.00349	0.00742	0.00328	0.99997	
31	0.15500	80.94279	-109.60715	0.43924	0.59811	0.16109	9.02236	1.08542	0.98762	-0.15682	-0.00281	0.15684	0.98757	0.01044	0.00114	-0.01075	0.99994		-107.95750	-64.09586	-0.37123	-0.20383	0.42201	1.61736	0.40795	0.99957	-0.02822	-0.00737	0.02820	0.99960	-0.00356	0.00746	0.00335	0.99997	
32	0.16000	80.97776	-109.60358	0.46441	0.59670	0.15796	9.02079	1.07975	0.98763	-0.15679	-0.00276	0.15681	0.98757	0.01041	0.00109	-0.01072	0.99994		-107.97639	-64.09780	-0.37907	-0.20872	0.42221	1.61703	0.42238	0.99957	-0.02822	-0.00737	0.02819	0.99960	-0.00364	0.00747	0.00343	0.99997	
33	0.16500	80.95057	-109.61260	0.47609	0.59409	0.15651	9.02601	1.08641	0.98761	-0.15688	-0.00273	0.15690	0.98756	0.01037	0.00107	-0.01067	0.99994		-107.96542	-64.09421	-0.38777	-0.21184	0.42505	1.61643	0.40833	0.99957	-0.02821	-0.00742	0.02818	0.99960	-0.00370	0.00752	0.00349	0.99997	
34	0.17000	80.96253	-109.63210	0.48692	0.59231	0.15571	9.01928	1.07480	0.98763	-0.15677	-0.00272	0.15679	0.98758	0.01034	0.00106	-0.01064	0.99994		-107.98548	-64.12057	-0.40414	-0.21794	0.42937	1.61699	0.40869	0.99957	-0.02822	-0.00749	0.02819	0.99960	-0.00380	0.00760	0.00359	0.99996	
35	0.17500	80.99363	-109.61448	0.50118	0.59204	0.15195	9.02164	1.07809	0.98763	-0.15681	-0.00265	0.15683	0.98757	0.01033	0.00100	-0.01062	0.99994		-107.97606	-64.12718	-0.40438	-0.22338	0.43222	1.61734	0.42147	0.99957	-0.02822	-0.00754	0.02819	0.99959	-0.00390	0.00765	0.00368	0.99996	
36	0.18000	80.99615	-109.62098	0.50554	0.58904	0.14778	9.02143	1.07829	0.98763	-0.15680	-0.00258	0.15682	0.98757	0.01028	0.00094	-0.01056	0.99994		-108.00741	-64.10178	-0.43393	-0.22100	0.43764	1.61836	0.42617	0.99957	-0.02824	-0.00764	0.02821	0.99959	-0.00386	0.00774	0.00364	0.99996	
37	0.18500	80.96816	-109.65374	0.53636	0.58532	0.14581	9.01965	1.06504	0.98763	-0.15677	-0.00254	0.15679	0.98758	0.01022	0.00091	-0.01049	0.99994		-107.98471	-64.12552	-0.42134	-0.22916	0.43981	1.61850	0.42541	0.99957	-0.02824	-0.00768	0.02821	0.99959	-0.00400	0.00779	0.00378	0.99996	
38	0.19000	80.97778	-109.65615	0.55169	0.58101	0.14844	9.01890	1.06705	0.98763	-0.15676	-0.00259	0.15678	0.98758	0.01014	0.00097	-0.01042	0.99995		-107.97946	-64.14346	-0.43336	-0.23737	0.43899	1.61883	0.42596	0.99957	-0.02825	-0.00766	0.02822	0.99959	-0.00414	0.00778	0.00392	0.99996	
39	0.19500	80.99644	-109.63402	0.56540	0.58205	0.14338	9.02302	1.07177	0.98762	-0.15683	-0.00250	0.15685	0.98757	0.01016	0.00088	-0.01043	0.99995		-108.05083	-64.14470	-0.47051	-0.23820	0.45068	1.61817	0.42255	0.99957	-0.02824	-0.00787	0.02821	0.99959	-0.00416	0.00798	0.00393	0.99996	
40	0.20000	80.96365	-109.64791	0.56709	0.57835	0.14274	9.01643	1.05876	0.98764	-0.15672	-0.00249	0.15673	0.98759	0.01009	0.00088	-0.01036	0.99995		-107.98551	-64.17300	-0.46240	-0.24811	0.44540	1.61908	0.41271	0.99957	-0.02825	-0.00777	0.02822	0.99959	-0.00433	0.00789	0.00411	0.99996	
41	0.20500	80.97680	-109.66700	0.58049	0.57619	0.14016	9.01908	1.07110	0.98763	-0.15676	-0.00245	0.15678	0.98758	0.01006	0.00084	-0.01032	0.99995		-108.03579	-64.16302	-0.47845	-0.25158	0.45067	1.62073	0.44355	0.99957	-0.02828	-0.00787	0.02825	0.99959	-0.00439	0.00799	0.00417	0.99996	
42	0.21000	80.99861	-109.65356	0.58091	0.57633	0.13662	9.02038	1.06831	0.98763	-0.15679	-0.00238	0.15680	0.98758	0.01006	0.00078	-0.01031	0.99995		-108.03622	-64.17571	-0.47871	-0.25637	0.45575	1.61847	0.41054	0.99957	-0.02824	-0.00795	0.02821	0.99959	-0.00447	0.00808	0.00425	0.99996	
43	0.21500	81.00159	-109.67931	0.59914	0.57126	0.13503	9.02066	1.06376	0.98763	-0.15679	-0.00236	0.15681	0.98758	0.00997	0.00076	-0.01022	0.99995		-108.02353	-64.19032	-0.48255	-0.26265	0.45552	1.61839	0.42308	0.99957	-0.02824	-0.00795	0.02821	0.99959	-0.00458	0.00808	0.00436	0.99996	
44	0.22000	81.01431	-109.68498	0.61305	0.56815	0.13535	9.01839	1.05000	0.98764	-0.15675	-0.00236	0.15677	0.98759	0.00992	0.00078	-0.01016	0.99995		-108.04745	-64.19940	-0.49479	-0.26911	0.46140	1.62250	0.41917	0.99957	-0.02831	-0.00805	0.02828	0.99959	-0.00470	0.00818	0.00447	0.99996	
45	0.22500	81.02505	-109.67042	0.62023	0.56881	0.13115	9.01803	1.05516	0.98764	-0.15674	-0.00229	0.15676	0.98759	0.00993	0.00070	-0.01016	0.99995		-108.05217	-64.20082	-0.50280	-0.27468	0.46094	1.61957	0.42849	0.99957	-0.02826	-0.00804	0.02822	0.99959	-0.00479	0.00818	0.00456	0.99996	
46	0.23000	81.02316	-109.69692	0.64101	0.56489	0.12993	9.02683	1.06088	0.98761	-0.15690	-0.00227	0.15691	0.98756	0.00986	0.00069	-0.01009	0.99995		-108.03936	-64.20664	-0.50740	-0.27885	0.46522	1.62248	0.43361	0.99957	-0.02831	-0.00812	0.02827	0.99959	-0.00487	0.00825	0.00464	0.99996	
47	0.23500	81.04082	-109.69352	0.65076	0.56225	0.12671	9.01962	1.05274	0.98763	-0.15677	-0.00221	0.15679	0.98758	0.00981	0.00065	-0.01004	0.99995		-108.04879	-64.22898	-0.51495	-0.28711	0.46553	1.61737	0.43710	0.99957	-0.02822	-0.00813	0.02818	0.99959	-0.00501	0.00826	0.00478	0.99995	
48	0.24000	81.03782	-109.70228	0.66090	0.56249	0.12176	9.02026	1.05941	0.98763	-0.15678	-0.00213	0.15680	0.98758	0.00982	0.00056	-0.01003	0.99995		-108.07396	-64.23274	-0.51041	-0.29135	0.46943	1.62055	0.41577	0.99957	-0.02828	-0.00819	0.02824	0.99959	-0.00508	0.00833	0.00485	0.99995	
49	0.24500	81.04225	-109.70795	0.66551	0.56013	0.12192	9.02181	1.05225	0.98763	-0.15681	-0.00213	0.15682	0.98758	0.00978	0.00057	-0.00999	0.99995		-108.07074	-64.21845	-0.53172	-0.29202	0.47402	1.61649	0.42047	0.99957	-0.02821	-0.00827	0.02817	0.99959	-0.00510	0.00841	0.00486	0.99995	
50	0.25000	81.01195	-109.71819	0.66991	0.55903	0.12181	9.01437	1.04944	0.98765	-0.15668	-0.00213	0.15670	0.98760	0.00976	0.00057	-0.00997	0.99995		-108.06699	-64.22464	-0.53979	-0.30072	0.47183	1.61507	0.42005	0.99957	-0.02818	-0.00823	0.02814	0.99959	-0.00525	0.00838	0.00501	0.99995	
51	0.25500	81.04707	-109.70789	0.69726	0.55770	0.12200	9.01708	1.04676	0.98764	-0.15673	-0.00213	0.15674	0.98759	0.00973	0.00058	-0.00995	0.99995		-108.06561	-64.26105	-0.54360	-0.30691	0.47543	1.62307	0.42091	0.99956	-0.02832	-0.00830	0.02828	0.99959	-0.00536	0.00845	0.00512	0.99995	
52	0.26000	81.07070	-109.72102	0.70022	0.55500	0.11712	9.01984	1.04536	0.98763	-0.15678	-0.00204	0.15679	0.98758	0.00969	0.00050	-0.00989	0.99995		-108.06491	-64.24666	-0.54401	-0.30966	0.48101	1.61934	0.42698	0.99957	-0.02826	-0.00840	0.02821	0.99959	-0.00540	0.00854	0.00517	0.99995	
53	0.26500	81.05715	-109.72408	0.71025	0.55387	0.11440	9.01954	1.04135	0.98763	-0.15677	-0.00200	0.15678	0.98759	0.00967	0.00046	-0.00986	0.99995		-108.09333	-64.26773	-0.54702	-0.31806	0.48083	1.62055	0.41767	0.99956	-0.02828	-0.00839	0.02823	0.99959	-0.00555	0.00855	0.00531	0.99995	
54	0.27000	81.09265	-109.73013	0.71272	0.55285	0.11284	9.02243	1.04518	0.98763	-0.15682	-0.00197	0.15683	0.98758	0.00965	0.00043	-0.00984	0.99995		-108.07864	-64.26308	-0.55167	-0.32081	0.48274	1.61603	0.43370	0.99957	-0.02820	-0.00843	0.02815	0.99959	-0.00560	0.00858	0.00536	0.99995	
55	0.27500	81.06179	-109.73447	0.72838	0.55110	0.11271	9.02596	1.05758	0.98762	-0.15688	-0.00197	0.15689	0.98757	0.00962	0.00043	-0.00981	0.99995		-108.09513	-64.26761	-0.55927	-0.32730	0.48488	1.62139	0.43244	0.99956	-0.02829	-0.00846	0.02825	0.99958	-0.00571	0.00862	0.00547	0.99995	
56	0.28000	81.07618	-109.73832	0.71795	0.54969	0.10612	9.02187	1.05691	0.98763	-0.15681	-0.00185	0.15682	0.98758	0.00959	0.00032	-0.00977	0.99995		-108.05938	-64.28638	-0.57195	-0.33423	0.48401	1.62072	0.41928	0.99956	-0.02828	-0.00845	0.02823	0.99958	-0.00583	0.00861	0.00559	0.99995	
57	0.28500	81.02733	-109.74973	0.74117	0.54811	0.11016	9.02417	1.05032	0.98762	-0.15685	-0.00192	0.15686	0.98757	0.00957	0.00040	-0.00975	0.99995		-108.07489	-64.29324	-0.57541	-0.33925	0.48087	1.62065	0.42110	0.99956	-0.02828	-0.00839	0.02823	0.99958	-0.00592	0.00856	0.00568	0.99995	
58	0.29000	81.07594	-109.73934	0.74278	0.54977	0.10054	9.02171	1.05048	0.98763	-0.15681	-0.00175	0.15682	0.98758	0.00960	0.00023	-0.00975	0.99995		-108.06865	-64.30755	-0.59245	-0.34527	0.48661	1.61910	0.42821	0.99956	-0.02825	-0.00849	0.02820	0.99958	-0.00603	0.00866	0.00578	0.99995	
59	0.29500	81.10088	-109.74864	0.73075	0.54841	0.09814	9.02161	1.05435	0.98763	-0.15681	-0.00171	0.15682	0.98758	0.00957	0.00019	-0.00972	0.99995		-108.10862	-64.29855	-0.60003	-0.34886	0.48980	1.61577	0.43588	0.99957	-0.02820	-0.00855	0.02814	0.99959	-0.00609	0.00872	0.00585	0.99994	
60	0.30000	81.12016	-109.75868	0.75337	0.54736	0.09456	9.01597	1.03181	0.98764	-0.15671	-0.00165	0.15672	0.98760	0.00955	0.00013	-0.00969	0.99995		-108.12080	-64.31375	-0.59940	-0.35571	0.49047	1.62035	0.41950	0.99956	-0.02828	-0.00856	0.02822	0.99958	-0.00621	0.00873	0.00596	0.99994	
61	0.30500	81.09737	-109.75245	0.74549	0.54621	0.09787	9.01906	1.03993	0.98763	-0.15676	-0.00171	0.15677	0.98759	0.00953	0.00019	-0.00968	0.99995		-108.10261	-64.30972	-0.59138	-0.35869	0.49150	1.62045	0.43187	0.99956	-0.02828	-0.00858	0.02822	0.99958	-0.00626	0.00875	0.00602	0.99994	
62	0.31000	81.08706	-109.78186	0.77527	0.54218	0.09680	9.01825	1.03810	0.98764	-0.15675	-0.00169	0.15676	0.98759	0.00946	0.00019	-0.00961	0.99995		-108.11766	-64.32810	-0.60744	-0.36404	0.49282	1.61772	0.41405	0.99956	-0.02823	-0.00860	0.02818	0.99958	-0.00635	0.00878	0.00611	0.99994	
63	0.31500	81.10631	-109.77519	0.76124	0.54278	0.09244	9.01533	1.04739	0.98765	-0.15670	-0.00161	0.15671	0.98760	0.00947	0.00011	-0.00961	0.99995		-108.10199	-64.33654	-0.61578	-0.36897	0.49177	1.62288	0.41123	0.99956	-0.02832	-0.00858	0.02827	0.99958	-0.00644	0.00876	0.00619	0.99994	
64	0.32000	81.11520	-109.75733	0.75154	0.54543	0.09177	9.01928	1.04770	0.98763	-0.15677	-0.00160	0.15677	0.98759	0.00952	0.00009	-0.00965	0.99995		-108.10880	-64.34939	-0.61923	-0.37612	0.49381	1.62202	0.42392	0.99956	-0.02830	-0.00862	0.02825	0.99958	-0.00656	0.00880	0.00632	0.99994	
65	0.32500	81.11765	-109.79187	0.76519	0.54068	0.09368	9.01783	1.03795	0.98764	-0.15674	-0.00164	0.15675	0.98759	0.00944	0.00014	-0.00958	0.99995		-108.11130	-64.34865	-0.62775	-0.37801	0.49456	1.62018	0.43214	0.99956	-0.02827	-0.00863	0.02822	0.99958	-0.00660	0.00881	0.00635	0.99994	
66	0.33000	81.15358	-109.78228	0.77203	0.54004	0.08754	9.01961	1.04108	0.98763	-0.15677	-0.00153	0.15678	0.98759	0.00943	0.00003	-0.00955	0.99995		-108.10816	-64.34664	-0.63627	-0.38049	0.49675	1.61774	0.42832	0.99956	-0.02823	-0.00867	0.02817	0.99958	-0.00664	0.00885	0.00639	0.99994	
67	0.33500	81.09788	-109.73574	0.79881	0.55206	0.08532	9.00210	1.02938	0.98768	-0.15647	-0.00149	0.15648	0.98763	0.00964	-0.00004	-0.00975	0.99995		-108.11114	-64.35026	-0.63550	-0.38362	0.49312	1.62119	0.43569	0.99956	-0.02829	-0.00861	0.02823	0.99958	-0.00670	0.00879	0.00645	0.99994	
68	0.34000	81.17238	-109.79102	0.75852	0.54292	0.08231	9.01716	1.04367	0.98764	-0.15673	-0.00144	0.15674	0.98759	0.00948	-0.00007	-0.00958	0.99995		-108.11434	-64.37107	-0.63059	-0.39065	0.48923	1.62051	0.43644	0.99956	-0.02828	-0.00854	0.02822	0.99958	-0.00682	0.00873	0.00657	0.99994	
69	0.34500	81.16289	-109.80197	0.77132	0.53863	0.08221	9.02079	1.04601	0.98763	-0.15679	-0.00143	0.15680	0.98759	0.00940	-0.00006	-0.00951	0.99995		-108.11363	-64.36806	-0.63922	-0.39181	0.49418	1.61863	0.41647	0.99956	-0.02825	-0.00862	0.02819	0.99958	-0.00684	0.00881	0.00659	0.99994	
70	0.35000	81.15499	-109.80040	0.76857	0.53937	0.08094	9.01814	1.04862	0.98764	-0.15675	-0.00141	0.15675	0.98759	0.00941	-0.00008	-0.00952	0.99995		-108.11944	-64.37860	-0.64292	-0.39648	0.49552	1.62550	0.43103	0.99956	-0.02837	-0.00865	0.02831	0.99958	-0.00692	0.00884	0.00667	0.99994	
71	0.35500	81.14970	-109.80157	0.75695	0.54038	0.08233	9.02228	1.04289	0.98763	-0.15682	-0.00144	0.15683	0.98758	0.00943	-0.00006	-0.00954	0.99995		-108.11692	-64.38599	-0.65086	-0.40028	0.49055	1.62201	0.41128	0.99956	-0.02830	-0.00856	0.02825	0.99958	-0.00699	0.00876	0.00674	0.99994	
72	0.36000	81.16033	-109.80412	0.76172	0.54221	0.07582	9.01939	1.04615	0.98763	-0.15677	-0.00132	0.15677	0.98759	0.00946	-0.00018	-0.00955	0.99995		-108.08147	-64.37051	-0.64313	-0.40049	0.48798	1.61933	0.40723	0.99956	-0.02826	-0.00852	0.02820	0.99958	-0.00699	0.00871	0.00675	0.99994	
73	0.36500	81.14675	-109.80610	0.75295	0.54164	0.08160	9.01629	1.04721	0.98764	-0.15672	-0.00142	0.15672	0.98760	0.00945	-0.00007	-0.00956	0.99995		-108.09908	-64.36831	-0.65105	-0.40341	0.48986	1.62303	0.42788	0.99956	-0.02832	-0.00855	0.02826	0.99958	-0.00704	0.00875	0.00680	0.99994	
74	0.37000	81.15322	-109.74165	0.78197	0.55422	0.07170	9.00348	1.04538	0.98768	-0.15649	-0.00125	0.15650	0.98763	0.00967	-0.00028	-0.00975	0.99995		-108.09146	-64.39372	-0.65885	-0.40914	0.48796	1.62403	0.42996	0.99956	-0.02834	-0.00852	0.02828	0.99957	-0.00714	0.00872	0.00690	0.99994	
75	0.37500	81.14586	-109.76494	0.77187	0.55138	0.07261	9.00583	1.05013	0.98767	-0.15653	-0.00127	0.15654	0.98762	0.00962	-0.00025	-0.00970	0.99995		-108.08265	-64.39251	-0.65868	-0.41084	0.48619	1.62156	0.45174	0.99956	-0.02830	-0.00849	0.02824	0.99958	-0.00717	0.00868	0.00693	0.99994	
76	0.38000	81.19548	-109.76572	0.79088	0.55322	0.06070	8.99844	1.04534	0.98769	-0.15641	-0.00106	0.15641	0.98764	0.00966	-0.00046	-0.00970	0.99995		-108.08217	-64.39713	-0.65006	-0.41304	0.48389	1.62217	0.44030	0.99956	-0.02831	-0.00845	0.02825	0.99957	-0.00721	0.00865	0.00697	0.99994	
77	0.38500	81.19626	-109.75629	0.77306	0.55425	0.06650	9.00262	1.05131	0.98768	-0.15648	-0.00116	0.15648	0.98763	0.00967	-0.00037	-0.00974	0.99995		-108.08298	-64.40273	-0.64961	-0.41441	0.47940	1.61983	0.43507	0.99957	-0.02827	-0.00837	0.02821	0.99958	-0.00723	0.00857	0.00699	0.99994	
78	0.39000	81.19279	-109.81634	0.72740	0.54303	0.07161	9.02032	1.05374	0.98763	-0.15678	-0.00125	0.15679	0.98759	0.00948	-0.00025	-0.00956	0.99995		-108.05861	-64.39874	-0.66251	-0.41423	0.48095	1.62440	0.43167	0.99956	-0.02835	-0.00839	0.02829	0.99957	-0.00723	0.00860	0.00699	0.99994	
79	0.39500	81.17149	-109.77783	0.75213	0.55601	0.06595	9.00336	1.05364	0.98768	-0.15649	-0.00115	0.15650	0.98763	0.00970	-0.00038	-0.00976	0.99995		-108.06616	-64.40032	-0.65781	-0.41583	0.47586	1.62041	0.43776	0.99957	-0.02828	-0.00831	0.02822	0.99958	-0.00726	0.00851	0.00702	0.99994	
80	0.40000	81.15952	-109.76351	0.74957	0.55681	0.06770	9.00408	1.05752	0.98768	-0.15650	-0.00118	0.15651	0.98763	0.00972	-0.00035	-0.00978	0.99995		-108.05829	-64.41083	-0.66187	-0.41920	0.47638	1.62271	0.42864	0.99956	-0.02832	-0.00831	0.02826	0.99957	-0.00732	0.00852	0.00708	0.99994	
81	0.40500	81.18590	-109.77615	0.71438	0.55364	0.06375	9.00378	1.05877	0.98768	-0.15650	-0.00111	0.15650	0.98763	0.00966	-0.00041	-0.00972	0.99995		-108.04995	-64.41227	-0.65345	-0.41947	0.47449	1.62289	0.42945	0.99956	-0.02832	-0.00828	0.02826	0.99957	-0.00732	0.00849	0.00708	0.99994	
82	0.41000	81.19561	-109.77538	0.72942	0.55719	0.06465	8.99996	1.05358	0.98769	-0.15643	-0.00113	0.15644	0.98764	0.00972	-0.00041	-0.00978	0.99995		-108.06524	-64.42521	-0.64840	-0.42177	0.47070	1.62618	0.45069	0.99956	-0.02838	-0.00822	0.02832	0.99957	-0.00736	0.00842	0.00713	0.99994	
83	0.41500	81.18796	-109.78245	0.70129	0.55809	0.06549	9.00150	1.06351	0.98768	-0.15646	-0.00114	0.15646	0.98764	0.00974	-0.00040	-0.00980	0.99995		-108.01898	-64.41761	-0.64910	-0.41949	0.46486	1.62267	0.42931	0.99957	-0.02832	-0.00811	0.02826	0.99957	-0.00732	0.00832	0.00709	0.99994	
84	0.42000	81.20555	-109.77180	0.68399	0.56107	0.05871	9.00405	1.06060	0.98768	-0.15650	-0.00102	0.15651	0.98763	0.00979	-0.00052	-0.00983	0.99995		-107.99354	-64.43117	-0.64883	-0.42249	0.45877	1.62544	0.43850	0.99957	-0.02836	-0.00801	0.02831	0.99957	-0.00737	0.00821	0.00714	0.99994	
85	0.42500	81.25164	-109.76988	0.69135	0.56053	0.06105	9.00055	1.05762	0.98769	-0.15644	-0.00107	0.15645	0.98764	0.00978	-0.00048	-0.00983	0.99995		-108.03674	-64.41356	-0.64860	-0.41891	0.46439	1.62352	0.43235	0.99957	-0.02833	-0.00811	0.02827	0.99957	-0.00731	0.00831	0.00708	0.99994	
86	0.43000	81.25795	-109.83494	0.64648	0.54955	0.06069	9.01674	1.05780	0.98764	-0.15672	-0.00106	0.15673	0.98760	0.00959	-0.00046	-0.00964	0.99995		-108.00900	-64.41752	-0.65235	-0.42074	0.45585	1.62458	0.42266	0.99957	-0.02835	-0.00796	0.02829	0.99957	-0.00734	0.00816	0.00711	0.99994	
87	0.43500	81.25609	-109.82206	0.64332	0.55088	0.06578	9.01537	1.06787	0.98765	-0.15670	-0.00115	0.15670	0.98760	0.00961	-0.00037	-0.00968	0.99995		-107.98398	-64.41215	-0.64848	-0.41822	0.45241	1.62275	0.41880	0.99957	-0.02832	-0.00790	0.02826	0.99957	-0.00730	0.00810	0.00707	0.99994	
88	0.44000	81.25647	-109.84262	0.60871	0.55009	0.06280	9.02138	1.07254	0.98763	-0.15680	-0.00110	0.15681	0.98758	0.00960	-0.00042	-0.00965	0.99995		-107.97686	-64.41188	-0.64426	-0.41715	0.44810	1.62463	0.43637	0.99957	-0.02835	-0.00782	0.02829	0.99957	-0.00728	0.00802	0.00706	0.99994	
89	0.44500	81.26672	-109.82794	0.61193	0.55219	0.06357	9.01611	1.05998	0.98764	-0.15671	-0.00111	0.15672	0.98760	0.00964	-0.00041	-0.00969	0.99995		-107.99888	-64.41314	-0.64787	-0.41779	0.44856	1.62563	0.43956	0.99957	-0.02837	-0.00783	0.02831	0.99957	-0.00729	0.00803	0.00707	0.99994	
90	0.45000	81.28880	-109.82879	0.59207	0.55397	0.06055	9.01585	1.06784	0.98764	-0.15671	-0.00106	0.15671	0.98760	0.00967	-0.00047	-0.00971	0.99995		-107.95738	-64.42214	-0.63157	-0.41522	0.44308	1.62291	0.43342	0.99957	-0.02832	-0.00773	0.02826	0.99957	-0.00725	0.00794	0.00702	0.99994	
91	0.45500	81.26321	-109.83509	0.59186	0.55346	0.06453	9.01248	1.06369	0.98765	-0.15665	-0.00113	0.15665	0.98761	0.00966	-0.00040	-0.00972	0.99995		-107.92949	-64.40897	-0.61962	-0.41189	0.44147	1.62546	0.42399	0.99957	-0.02837	-0.00770	0.02831	0.99957	-0.00719	0.00791	0.00697	0.99994	
92	0.46000	81.27290	-109.83701	0.56489	0.55460	0.06279	9.01792	1.06576	0.98764	-0.15674	-0.00110	0.15675	0.98759	0.00968	-0.00043	-0.00973	0.99995		-107.92043	-64.40946	-0.61524	-0.41212	0.43477	1.62505	0.42688	0.99957	-0.02836	-0.00759	0.02830	0.99957	-0.00719	0.00779	0.00697	0.99995	
93	0.46500	81.26364	-109.83702	0.54967	0.55452	0.06711	9.01818	1.07110	0.98764	-0.15675	-0.00117	0.15675	0.98759	0.00968	-0.00036	-0.00974	0.99995		-107.91566	-64.39843	-0.61928	-0.40860	0.43132	1.62567	0.42650	0.99957	-0.02837	-0.00753	0.02832	0.99957	-0.00713	0.00773	0.00691	0.99995	
94	0.47000	81.29945	-109.82942	0.54197	0.55909	0.06140	9.01503	1.06228	0.98765	-0.15669	-0.00107	0.15670	0.98760	0.00976	-0.00047	-0.00981	0.99995		-107.90700	-64.39488	-0.61112	-0.40465	0.42658	1.62267	0.42178	0.99957	-0.02832	-0.00745	0.02826	0.99958	-0.00706	0.00764	0.00685	0.99995	
95	0.47500	81.26458	-109.83006	0.51718	0.55936	0.06394	9.01643	1.07142	0.98764	-0.15672	-0.00112	0.15672	0.98759	0.00976	-0.00043	-0.00982	0.99995		-107.89661	-64.39243	-0.59863	-0.40204	0.42385	1.62811	0.42047	0.99957	-0.02841	-0.00740	0.02836	0.99957	-0.00702	0.00759	0.00680	0.99995	
96	0.48000	81.30800	-109.82741	0.50110	0.56356	0.05895	9.01218	1.06609	0.98765	-0.15664	-0.00103	0.15665	0.98761	0.00984	-0.00052	-0.00988	0.99995		-107.87222	-64.39438	-0.59894	-0.40005	0.42272	1.62608	0.42791	0.99957	-0.02838	-0.00738	0.02832	0.99957	-0.00698	0.00757	0.00677	0.99995	
97	0.48500	81.29839	-109.83559	0.49957	0.56136	0.06571	9.01569	1.07306	0.98764	-0.15670	-0.00115	0.15671	0.98760	0.00980	-0.00040	-0.00986	0.99995		-107.88225	-64.37958	-0.59878	-0.39594	0.41794	1.62576	0.42898	0.99957	-0.02837	-0.00729	0.02832	0.99957	-0.00691	0.00749	0.00670	0.99995	
98	0.49000	81.28956	-109.81924	0.46987	0.56551	0.06484	9.01220	1.07398	0.98765	-0.15664	-0.00113	0.15665	0.98761	0.00987	-0.00043	-0.00993	0.99995		-107.89328	-64.37303	-0.58608	-0.39264	0.41546	1.62819	0.42018	0.99957	-0.02841	-0.00725	0.02836	0.99957	-0.00685	0.00744	0.00664	0.99995	
99	0.49500	81.31362	-109.84481	0.45298	0.56260	0.06447	9.01807	1.07314	0.98764	-0.15675	-0.00113	0.15675	0.98759	0.00982	-0.00043	-0.00987	0.99995		-107.84085	-64.36949	-0.56972	-0.38718	0.40773	1.62727	0.43171	0.99957	-0.02840	-0.00712	0.02835	0.99958	-0.00676	0.00731	0.00655	0.99995	
100	0.50000	81.29754	-109.83580	0.44549	0.56556	0.06691	9.01479	1.06283	0.98765	-0.15669	-0.00117	0.15669	0.98760	0.00987	-0.00039	-0.00993	0.99995		-107.85389	-64.36233	-0.56555	-0.38365	0.40585	1.62509	0.42723	0.99957	-0.02836	-0.00708	0.02831	0.99958	-0.00670	0.00727	0.00649	0.99995	
101	0.50500	81.33790	-109.84007	0.41631	0.56623	0.05919	9.01088	1.07428	0.98766	-0.15662	-0.00103	0.15662	0.98761	0.00988	-0.00053	-0.00992	0.99995		-107.81108	-64.36111	-0.55790	-0.37972	0.40261	1.62198	0.43440	0.99957	-0.02830	-0.00703	0.02826	0.99958	-0.00663	0.00721	0.00643	0.99995	
102	0.51000	81.31867	-109.83647	0.40811	0.56739	0.06288	9.01994	1.07548	0.98763	-0.15678	-0.00110	0.15678	0.98758	0.00990	-0.00047	-0.00995	0.99995		-107.81496	-64.36335	-0.54932	-0.37631	0.39820	1.62559	0.42893	0.99957	-0.02837	-0.00695	0.02832	0.99958	-0.00657	0.00713	0.00637	0.99995	
103	0.51500	81.31263	-109.83185	0.38030	0.57034	0.06609	9.01305	1.06376	0.98765	-0.15666	-0.00115	0.15666	0.98760	0.00995	-0.00042	-0.01001	0.99995		-107.82493	-64.34233	-0.55339	-0.37171	0.39605	1.62603	0.41557	0.99957	-0.02838	-0.00691	0.02833	0.99958	-0.00649	0.00709	0.00629	0.99996	
104	0.52000	81.31517	-109.82794	0.36091	0.57278	0.06964	9.01216	1.07670	0.98765	-0.15664	-0.00122	0.15665	0.98760	0.01000	-0.00037	-0.01006	0.99995		-107.78746	-64.32746	-0.53749	-0.36379	0.39165	1.62524	0.42977	0.99957	-0.02836	-0.00684	0.02832	0.99958	-0.00635	0.00701	0.00615	0.99996	
105	0.52500	81.32185	-109.83906	0.35439	0.57289	0.06721	9.01713	1.07783	0.98764	-0.15673	-0.00117	0.15673	0.98759	0.01000	-0.00041	-0.01006	0.99995		-107.80336	-64.33610	-0.52459	-0.36190	0.38989	1.62592	0.44317	0.99957	-0.02837	-0.00680	0.02833	0.99958	-0.00632	0.00698	0.00612	0.99996	
106	0.53000	81.36118	-109.83279	0.33308	0.57202	0.06353	9.01537	1.06761	0.98765	-0.15670	-0.00111	0.15670	0.98760	0.00998	-0.00047	-0.01003	0.99995		-107.77168	-64.33526	-0.53320	-0.35826	0.38463	1.62692	0.41810	0.99957	-0.02839	-0.00671	0.02835	0.99958	-0.00625	0.00689	0.00606	0.99996	
107	0.53500	81.36206	-109.84966	0.31973	0.57381	0.06340	9.01120	1.08053	0.98766	-0.15663	-0.00111	0.15663	0.98761	0.01001	-0.00048	-0.01006	0.99995		-107.77312	-64.33052	-0.50824	-0.35205	0.38194	1.62530	0.42698	0.99958	-0.02836	-0.00667	0.02832	0.99958	-0.00614	0.00684	0.00595	0.99996	
108	0.54000	81.30946	-109.84836	0.31238	0.57717	0.06954	9.00929	1.06178	0.98766	-0.15659	-0.00121	0.15660	0.98761	0.01007	-0.00038	-0.01014	0.99995		-107.78598	-64.31139	-0.50429	-0.34581	0.38009	1.62271	0.42217	0.99958	-0.02832	-0.00663	0.02828	0.99958	-0.00604	0.00680	0.00585	0.99996	
109	0.54500	81.35551	-109.83391	0.26702	0.57845	0.06547	9.01603	1.07075	0.98764	-0.15671	-0.00114	0.15671	0.98759	0.01010	-0.00045	-0.01015	0.99995		-107.76826	-64.30844	-0.49174	-0.34092	0.37544	1.62607	0.44286	0.99958	-0.02838	-0.00655	0.02834	0.99958	-0.00595	0.00672	0.00576	0.99996	
110	0.55000	81.35250	-109.84200	0.26471	0.57823	0.06749	9.01258	1.08113	0.98765	-0.15665	-0.00118	0.15666	0.98760	0.01009	-0.00042	-0.01015	0.99995		-107.73656	-64.29731	-0.48800	-0.33405	0.36769	1.62757	0.40809	0.99958	-0.02840	-0.00642	0.02836	0.99958	-0.00583	0.00658	0.00565	0.99996	
111	0.55500	81.34796	-109.83875	0.25526	0.57818	0.06868	9.01557	1.06804	0.98765	-0.15670	-0.00120	0.15671	0.98759	0.01009	-0.00040	-0.01015	0.99995		-107.71695	-64.29805	-0.47582	-0.32879	0.36489	1.62625	0.40445	0.99958	-0.02838	-0.00637	0.02834	0.99958	-0.00574	0.00653	0.00556	0.99996	
112	0.56000	81.35972	-109.82358	0.22870	0.58231	0.06592	9.01538	1.07554	0.98765	-0.15670	-0.00115	0.15670	0.98759	0.01016	-0.00046	-0.01022	0.99995		-107.73700	-64.28408	-0.47558	-0.32381	0.36456	1.62736	0.43183	0.99958	-0.02840	-0.00636	0.02836	0.99958	-0.00565	0.00652	0.00547	0.99996	
113	0.56500	81.35194	-109.83313	0.20622	0.58241	0.07155	9.00905	1.06763	0.98766	-0.15659	-0.00125	0.15659	0.98761	0.01016	-0.00036	-0.01023	0.99995		-107.72099	-64.28548	-0.45514	-0.31664	0.36238	1.62391	0.42489	0.99958	-0.02834	-0.00632	0.02830	0.99958	-0.00553	0.00648	0.00534	0.99996	
114	0.57000	81.31602	-109.83347	0.20512	0.58361	0.07384	9.00775	1.05770	0.98767	-0.15657	-0.00129	0.15657	0.98761	0.01019	-0.00032	-0.01026	0.99995		-107.70285	-64.26475	-0.45540	-0.31088	0.35567	1.62713	0.41841	0.99958	-0.02839	-0.00621	0.02836	0.99958	-0.00543	0.00636	0.00525	0.99997	
115	0.57500	81.35959	-109.83847	0.18210	0.58407	0.06881	9.01411	1.07895	0.98765	-0.15668	-0.00120	0.15668	0.98760	0.01019	-0.00041	-0.01026	0.99995		-107.71323	-64.26540	-0.43853	-0.30599	0.35517	1.62663	0.41717	0.99958	-0.02839	-0.00620	0.02835	0.99958	-0.00534	0.00635	0.00516	0.99997	
116	0.58000	81.35798	-109.83533	0.17436	0.58565	0.07106	9.01343	1.06664	0.98765	-0.15667	-0.00124	0.15667	0.98760	0.01022	-0.00038	-0.01029	0.99995		-107.65043	-64.24959	-0.43114	-0.29758	0.34492	1.62239	0.42323	0.99958	-0.02831	-0.00602	0.02828	0.99959	-0.00519	0.00616	0.00502	0.99997	
117	0.58500	81.36820	-109.82827	0.14360	0.58755	0.07295	9.00756	1.06297	0.98767	-0.15656	-0.00127	0.15657	0.98761	0.01025	-0.00035	-0.01033	0.99995		-107.67320	-64.24227	-0.42281	-0.29211	0.34487	1.62537	0.41697	0.99958	-0.02836	-0.00602	0.02833	0.99959	-0.00510	0.00616	0.00493	0.99997	
118	0.59000	81.37468	-109.84924	0.12633	0.58681	0.06782	9.00569	1.05581	0.98767	-0.15653	-0.00118	0.15654	0.98762	0.01024	-0.00043	-0.01030	0.99995		-107.66900	-64.22680	-0.41464	-0.28433	0.34365	1.61988	0.43103	0.99958	-0.02827	-0.00600	0.02824	0.99959	-0.00496	0.00614	0.00479	0.99997	
119	0.59500	81.38838	-109.83453	0.11296	0.58915	0.06848	9.00988	1.07517	0.98766	-0.15660	-0.00120	0.15661	0.98761	0.01028	-0.00043	-0.01034	0.99995		-107.66021	-64.21907	-0.39820	-0.27841	0.34112	1.62196	0.40750	0.99958	-0.02830	-0.00595	0.02828	0.99959	-0.00486	0.00609	0.00469	0.99997	
120	0.60000	81.39428	-109.84445	0.10394	0.58817	0.07102	9.01236	1.07807	0.98765	-0.15665	-0.00124	0.15665	0.98760	0.01027	-0.00038	-0.01033	0.99995		-107.64287	-64.20709	-0.38964	-0.27163	0.33199	1.62548	0.40300	0.99958	-0.02837	-0.00579	0.02834	0.99959	-0.00474	0.00593	0.00457	0.99997	
121	0.60500	81.35684	-109.85736	0.08695	0.58875	0.07427	9.00798	1.07622	0.98767	-0.15657	-0.00130	0.15658	0.98761	0.01028	-0.00033	-0.01035	0.99995		-107.65157	-64.20754	-0.37755	-0.26649	0.33555	1.62639	0.41725	0.99958	-0.02838	-0.00586	0.02835	0.99959	-0.00465	0.00599	0.00448	0.99997	
122	0.61000	81.38249	-109.85185	0.07555	0.58868	0.07096	9.01054	1.07016	0.98766	-0.15662	-0.00124	0.15662	0.98761	0.01027	-0.00039	-0.01034	0.99995		-107.60061	-64.19828	-0.37364	-0.26089	0.32578	1.62532	0.41587	0.99958	-0.02836	-0.00569	0.02834	0.99959	-0.00455	0.00581	0.00439	0.99997	
123	0.61500	81.40209	-109.86120	0.04733	0.58756	0.06974	9.00852	1.06399	0.98766	-0.15658	-0.00122	0.15659	0.98761	0.01025	-0.00040	-0.01032	0.99995		-107.61174	-64.17953	-0.36574	-0.25144	0.32553	1.61849	0.42760	0.99958	-0.02824	-0.00568	0.02822	0.99959	-0.00439	0.00580	0.00423	0.99997	
124	0.62000	81.36864	-109.84721	0.04058	0.58914	0.07699	9.00951	1.06905	0.98766	-0.15660	-0.00134	0.15660	0.98761	0.01028	-0.00028	-0.01037	0.99995		-107.59870	-64.17956	-0.35351	-0.24615	0.32404	1.62161	0.41874	0.99958	-0.02830	-0.00566	0.02827	0.99959	-0.00430	0.00577	0.00413	0.99997	
125	0.62500	81.41818	-109.85005	0.03449	0.58989	0.07214	9.01141	1.06402	0.98766	-0.15663	-0.00126	0.15664	0.98760	0.01030	-0.00037	-0.01037	0.99995		-107.61421	-64.16657	-0.33255	-0.23938	0.32244	1.62616	0.42992	0.99958	-0.02838	-0.00563	0.02835	0.99959	-0.00418	0.00574	0.00402	0.99998	
126	0.63000	81.39483	-109.86156	0.02376	0.58947	0.07405	9.01007	1.06306	0.98766	-0.15661	-0.00129	0.15661	0.98761	0.01029	-0.00033	-0.01036	0.99995		-107.58008	-64.15778	-0.32455	-0.23293	0.31415	1.62136	0.42169	0.99958	-0.02829	-0.00548	0.02827	0.99959	-0.00407	0.00560	0.00391	0.99998	
127	0.63500	81.40286	-109.84564	0.00519	0.58989	0.07574	9.01187	1.06881	0.98766	-0.15664	-0.00132	0.15664	0.98760	0.01030	-0.00031	-0.01038	0.99995		-107.55364	-64.13162	-0.30451	-0.22661	0.31313	1.61607	0.40883	0.99959	-0.02820	-0.00547	0.02818	0.99960	-0.00396	0.00557	0.00380	0.99998	
128	0.64000	81.40870	-109.84396	-0.02220	0.59212	0.07342	9.00806	1.07429	0.98767	-0.15657	-0.00128	0.15658	0.98761	0.01033	-0.00035	-0.01041	0.99995		-107.56197	-64.13308	-0.30413	-0.22195	0.31195	1.62018	0.40355	0.99959	-0.02827	-0.00544	0.02825	0.99959	-0.00387	0.00555	0.00372	0.99998	
129	0.64500	81.36690	-109.86331	-0.02123	0.59089	0.08069	9.00371	1.05787	0.98768	-0.15650	-0.00141	0.15650	0.98762	0.01031	-0.00022	-0.01041	0.99995		-107.56339	-64.14154	-0.28328	-0.21878	0.30913	1.62558	0.40374	0.99958	-0.02837	-0.00540	0.02835	0.99959	-0.00382	0.00550	0.00366	0.99998	
130	0.65000	81.36474	-109.87326	-0.03283	0.58868	0.08014	9.00735	1.06042	0.98767	-0.15656	-0.00140	0.15657	0.98761	0.01027	-0.00023	-0.01037	0.99995		-107.53213	-64.12638	-0.27973	-0.21079	0.30614	1.62274	0.40847	0.99958	-0.02832	-0.00534	0.02830	0.99959	-0.00368	0.00545	0.00353	0.99998	
131	0.65500	81.37344	-109.86616	-0.04186	0.59155	0.07818	9.00328	1.05617	0.98768	-0.15649	-0.00136	0.15650	0.98762	0.01032	-0.00027	-0.01041	0.99995		-107.53684	-64.10964	-0.25930	-0.20290	0.30677	1.62539	0.38672	0.99958	-0.02836	-0.00535	0.02835	0.99959	-0.00354	0.00545	0.00339	0.99998	
132	0.66000	81.40646	-109.86574	-0.05926	0.59040	0.07647	9.00433	1.06140	0.98768	-0.15651	-0.00133	0.15651	0.98762	0.01030	-0.00029	-0.01039	0.99995		-107.51819	-64.10539	-0.25512	-0.19969	0.30227	1.62338	0.40862	0.99958	-0.02833	-0.00528	0.02831	0.99959	-0.00349	0.00537	0.00333	0.99998	
133	0.66500	81.38365	-109.84894	-0.07720	0.59458	0.07960	9.00662	1.06455	0.98767	-0.15655	-0.00139	0.15655	0.98761	0.01038	-0.00025	-0.01047	0.99995		-107.51484	-64.10064	-0.24265	-0.19447	0.30102	1.62087	0.40394	0.99959	-0.02829	-0.00525	0.02827	0.99959	-0.00339	0.00535	0.00324	0.99998	
134	0.67000	81.39017	-109.83774	-0.07621	0.59139	0.08087	9.01228	1.06239	0.98765	-0.15665	-0.00141	0.15665	0.98760	0.01032	-0.00022	-0.01042	0.99995		-107.50210	-64.09766	-0.24288	-0.18942	0.29766	1.61789	0.41147	0.99959	-0.02823	-0.00520	0.02822	0.99960	-0.00331	0.00529	0.00316	0.99998	
135	0.67500	81.37951	-109.85333	-0.09475	0.59034	0.08410	9.00532	1.06628	0.98767	-0.15653	-0.00147	0.15653	0.98762	0.01030	-0.00016	-0.01041	0.99995		-107.51762	-64.09726	-0.23019	-0.18340	0.29567	1.62087	0.40438	0.99959	-0.02829	-0.00516	0.02827	0.99960	-0.00320	0.00525	0.00305	0.99998	
136	0.68000	81.37508	-109.86637	-0.11755	0.59180	0.07917	9.00909	1.06722	0.98766	-0.15659	-0.00138	0.15660	0.98761	0.01033	-0.00025	-0.01042	0.99995		-107.49696	-64.07666	-0.21851	-0.17845	0.29565	1.62087	0.41729	0.99959	-0.02829	-0.00516	0.02827	0.99960	-0.00311	0.00525	0.00297	0.99998	
137	0.68500	81.43208	-109.86239	-0.11784	0.59191	0.08006	9.00148	1.04296	0.98768	-0.15646	-0.00140	0.15647	0.98763	0.01033	-0.00024	-0.01042	0.99995		-107.50075	-64.06166	-0.20192	-0.17296	0.29651	1.61743	0.40838	0.99959	-0.02823	-0.00518	0.02821	0.99960	-0.00302	0.00526	0.00287	0.99998	
