NO_OF_FRAMES	12033
NO_OF_CAMERAS	8
NO_OF_BODIES	2
FREQUENCY	200
NO_OF_ANALOG	0
ANALOG_FREQUENCY	0
DESCRIPTION	--
TIME_STAMP	2013-07-02, 16:32:28	3298645.88008714
DATA_INCLUDED	6D
BODY_NAMES	Ice 1	Ice 2
Frame	Time	Ice 1 X	Y	Z	Roll	Pitch	Yaw	Residual	Rot[0]	Rot[1]	Rot[2]	Rot[3]	Rot[4]	Rot[5]	Rot[6]	Rot[7]	Rot[8]	Ice 2 X	Y	Z	Roll	Pitch	Yaw	Residual	Rot[0]	Rot[1]	Rot[2]	Rot[3]	Rot[4]	Rot[5]	Rot[6]	Rot[7]	Rot[8]	
1	0.00500	110.96158	-9.23178	0.35409	0.40754	-0.08469	-0.95097	1.04271	0.99986	0.01660	0.00148	-0.01661	0.99984	0.00711	-0.00136	-0.00714	0.99997		-75.00115	-123.70564	-0.95297	-0.26149	0.40347	1.01430	0.14125	0.99982	-0.01770	-0.00704	0.01767	0.99983	-0.00456	0.00712	0.00444	0.99996	
2	0.01000	110.94141	-9.26797	0.34895	0.39703	-0.07675	-0.94716	1.05246	0.99986	0.01653	0.00134	-0.01654	0.99984	0.00693	-0.00122	-0.00695	0.99998		-75.04636	-123.68792	-0.92880	-0.25646	0.41618	1.01077	0.12986	0.99982	-0.01764	-0.00726	0.01761	0.99983	-0.00448	0.00734	0.00435	0.99996	
3	0.01500	111.01784	-9.26575	0.33739	0.39854	-0.08445	-0.94719	1.05331	0.99986	0.01653	0.00147	-0.01654	0.99984	0.00696	-0.00136	-0.00698	0.99997		-75.02358	-123.68095	-0.93352	-0.25357	0.41323	1.00682	0.11380	0.99982	-0.01757	-0.00721	0.01754	0.99984	-0.00443	0.00729	0.00430	0.99996	
4	0.02000	110.96552	-9.27035	0.33653	0.39820	-0.08119	-0.94675	1.05560	0.99986	0.01652	0.00142	-0.01653	0.99984	0.00695	-0.00130	-0.00697	0.99997		-74.99868	-123.69707	-0.93367	-0.25692	0.41193	1.00926	0.11914	0.99982	-0.01761	-0.00719	0.01758	0.99984	-0.00448	0.00727	0.00436	0.99996	
5	0.02500	110.97538	-9.28619	0.33029	0.39872	-0.08202	-0.94778	1.05194	0.99986	0.01654	0.00143	-0.01655	0.99984	0.00696	-0.00132	-0.00698	0.99997		-75.02360	-123.69416	-0.94184	-0.25541	0.41519	1.00799	0.12502	0.99982	-0.01759	-0.00725	0.01756	0.99984	-0.00446	0.00732	0.00433	0.99996	
6	0.03000	110.94481	-9.26671	0.32950	0.40042	-0.07617	-0.94485	1.05199	0.99986	0.01649	0.00133	-0.01650	0.99984	0.00699	-0.00121	-0.00701	0.99997		-75.02511	-123.70398	-0.92898	-0.25677	0.41301	1.00834	0.11321	0.99982	-0.01760	-0.00721	0.01757	0.99984	-0.00448	0.00729	0.00435	0.99996	
7	0.03500	110.96502	-9.26032	0.33128	0.40198	-0.07702	-0.94585	1.05735	0.99986	0.01651	0.00134	-0.01652	0.99984	0.00702	-0.00123	-0.00704	0.99997		-75.04203	-123.68051	-0.92092	-0.25563	0.41772	1.00391	0.12302	0.99982	-0.01752	-0.00729	0.01749	0.99984	-0.00446	0.00737	0.00433	0.99996	
8	0.04000	110.95188	-9.29114	0.34621	0.39795	-0.07551	-0.94276	1.04323	0.99986	0.01645	0.00132	-0.01646	0.99984	0.00695	-0.00120	-0.00697	0.99998		-75.02724	-123.69931	-0.92922	-0.25664	0.41605	1.00810	0.12416	0.99982	-0.01759	-0.00726	0.01756	0.99984	-0.00448	0.00734	0.00435	0.99996	
9	0.04500	110.95014	-9.27577	0.33733	0.40145	-0.07345	-0.94999	1.05380	0.99986	0.01658	0.00128	-0.01659	0.99984	0.00701	-0.00117	-0.00703	0.99997		-75.06677	-123.71884	-0.91994	-0.25853	0.41746	1.01023	0.11773	0.99982	-0.01763	-0.00729	0.01760	0.99983	-0.00451	0.00736	0.00438	0.99996	
10	0.05000	110.96544	-9.26888	0.33624	0.40285	-0.07739	-0.94749	1.05745	0.99986	0.01654	0.00135	-0.01655	0.99984	0.00703	-0.00123	-0.00705	0.99997		-75.06906	-123.71556	-0.93702	-0.25865	0.42058	1.00724	0.11954	0.99982	-0.01758	-0.00734	0.01755	0.99984	-0.00451	0.00742	0.00438	0.99996	
11	0.05500	110.75408	-9.40528	0.43209	0.40209	-0.07881	-0.93844	1.12457	0.99986	0.01638	0.00138	-0.01639	0.99984	0.00702	-0.00126	-0.00704	0.99997		-75.02693	-123.72727	-0.92896	-0.26097	0.41539	1.00782	0.10420	0.99982	-0.01759	-0.00725	0.01756	0.99984	-0.00455	0.00733	0.00443	0.99996	
12	0.06000	110.81162	-9.40756	0.44079	0.40587	-0.08701	-0.93920	1.14614	0.99986	0.01639	0.00152	-0.01640	0.99984	0.00708	-0.00140	-0.00711	0.99997		-75.01775	-123.71534	-0.93377	-0.25793	0.41815	1.00431	0.11240	0.99982	-0.01753	-0.00730	0.01749	0.99984	-0.00450	0.00738	0.00437	0.99996	
13	0.06500	110.79865	-9.42709	0.45035	0.40369	-0.08691	-0.93885	1.14869	0.99986	0.01639	0.00152	-0.01640	0.99984	0.00705	-0.00140	-0.00707	0.99997		-75.05550	-123.72964	-0.92451	-0.26069	0.41952	1.00666	0.10946	0.99982	-0.01757	-0.00732	0.01754	0.99984	-0.00455	0.00740	0.00442	0.99996	
14	0.07000	110.72650	-9.42200	0.46142	0.40521	-0.08246	-0.93843	1.14535	0.99986	0.01638	0.00144	-0.01639	0.99984	0.00707	-0.00132	-0.00709	0.99997		-75.04026	-123.73709	-0.92870	-0.26121	0.41821	1.00973	0.11034	0.99982	-0.01762	-0.00730	0.01759	0.99983	-0.00456	0.00738	0.00443	0.99996	
15	0.07500	110.72922	-9.43210	0.45685	0.40718	-0.08302	-0.93628	1.15417	0.99987	0.01634	0.00145	-0.01635	0.99984	0.00711	-0.00133	-0.00713	0.99997		-75.04798	-123.73099	-0.92866	-0.26096	0.41778	1.00685	0.11038	0.99982	-0.01757	-0.00729	0.01754	0.99984	-0.00455	0.00737	0.00443	0.99996	
16	0.08000	110.70963	-9.43629	0.46033	0.40667	-0.08307	-0.93530	1.14897	0.99987	0.01632	0.00145	-0.01633	0.99984	0.00710	-0.00133	-0.00712	0.99997		-75.06357	-123.73098	-0.92445	-0.26004	0.41888	1.00475	0.11740	0.99982	-0.01753	-0.00731	0.01750	0.99984	-0.00454	0.00739	0.00441	0.99996	
17	0.08500	110.70221	-9.42465	0.45385	0.41134	-0.08486	-0.93562	1.15941	0.99987	0.01633	0.00148	-0.01634	0.99984	0.00718	-0.00136	-0.00720	0.99997		-75.02686	-123.73936	-0.92874	-0.26370	0.41537	1.00823	0.10529	0.99982	-0.01760	-0.00725	0.01756	0.99984	-0.00460	0.00733	0.00447	0.99996	
18	0.09000	110.72490	-9.43410	0.46910	0.41009	-0.08367	-0.93657	1.14930	0.99987	0.01635	0.00146	-0.01636	0.99984	0.00716	-0.00134	-0.00718	0.99997		-75.03261	-123.74855	-0.92818	-0.26606	0.41184	1.00872	0.10688	0.99982	-0.01760	-0.00719	0.01757	0.99983	-0.00464	0.00727	0.00452	0.99996	
19	0.09500	110.71774	-9.45177	0.46129	0.40940	-0.08334	-0.93569	1.14614	0.99987	0.01633	0.00145	-0.01634	0.99984	0.00715	-0.00134	-0.00717	0.99997		-75.04316	-123.75157	-0.92839	-0.26656	0.41910	1.00758	0.12290	0.99982	-0.01758	-0.00731	0.01755	0.99984	-0.00465	0.00740	0.00452	0.99996	
20	0.10000	110.72480	-9.45636	0.47068	0.40963	-0.08653	-0.93604	1.16886	0.99987	0.01634	0.00151	-0.01635	0.99984	0.00715	-0.00139	-0.00717	0.99997		-75.04079	-123.75636	-0.92815	-0.26671	0.41605	1.00783	0.11195	0.99982	-0.01759	-0.00726	0.01756	0.99984	-0.00465	0.00734	0.00453	0.99996	
21	0.10500	110.70364	-9.46384	0.47993	0.40875	-0.08316	-0.93534	1.15765	0.99987	0.01632	0.00145	-0.01633	0.99984	0.00713	-0.00133	-0.00716	0.99997		-75.06881	-123.75022	-0.93210	-0.26773	0.41809	1.00666	0.10955	0.99982	-0.01757	-0.00730	0.01753	0.99984	-0.00467	0.00738	0.00454	0.99996	
22	0.11000	110.71238	-9.45288	0.47903	0.41200	-0.08417	-0.93218	1.14987	0.99987	0.01627	0.00147	-0.01628	0.99984	0.00719	-0.00135	-0.00721	0.99997		-75.06393	-123.76726	-0.93203	-0.26929	0.42137	1.00704	0.13224	0.99982	-0.01757	-0.00735	0.01754	0.99984	-0.00470	0.00744	0.00457	0.99996	
23	0.11500	110.65229	-9.42546	0.49697	0.41742	-0.08523	-0.94296	1.14738	0.99986	0.01646	0.00149	-0.01647	0.99984	0.00729	-0.00137	-0.00731	0.99997		-75.03535	-123.75181	-0.92815	-0.26774	0.41525	1.00702	0.11597	0.99982	-0.01757	-0.00725	0.01754	0.99984	-0.00467	0.00733	0.00454	0.99996	
24	0.12000	110.71598	-9.45607	0.46950	0.41370	-0.08818	-0.93290	1.17133	0.99987	0.01628	0.00154	-0.01629	0.99984	0.00722	-0.00142	-0.00724	0.99997		-75.04230	-123.75709	-0.93223	-0.27103	0.41716	1.00744	0.11760	0.99982	-0.01758	-0.00728	0.01755	0.99983	-0.00473	0.00736	0.00460	0.99996	
25	0.12500	110.70757	-9.46412	0.47762	0.41429	-0.08964	-0.93306	1.17134	0.99987	0.01628	0.00156	-0.01630	0.99984	0.00723	-0.00145	-0.00726	0.99997		-75.05560	-123.76494	-0.93167	-0.27311	0.41530	1.00777	0.11727	0.99982	-0.01759	-0.00725	0.01755	0.99983	-0.00477	0.00733	0.00464	0.99996	
26	0.13000	110.62607	-9.44884	0.50490	0.41899	-0.08457	-0.94762	1.13263	0.99986	0.01654	0.00148	-0.01655	0.99984	0.00731	-0.00135	-0.00734	0.99997		-75.07110	-123.77763	-0.92309	-0.27399	0.41862	1.00515	0.12776	0.99982	-0.01754	-0.00731	0.01751	0.99984	-0.00478	0.00739	0.00465	0.99996	
27	0.13500	110.69387	-9.46384	0.47869	0.41599	-0.08786	-0.93799	1.16574	0.99986	0.01637	0.00153	-0.01638	0.99984	0.00726	-0.00141	-0.00728	0.99997		-75.05147	-123.76684	-0.93140	-0.27465	0.41217	1.00538	0.12171	0.99982	-0.01755	-0.00719	0.01751	0.99984	-0.00479	0.00728	0.00467	0.99996	
28	0.14000	110.67237	-9.44545	0.49365	0.42105	-0.09004	-0.94581	1.14968	0.99986	0.01651	0.00157	-0.01652	0.99984	0.00735	-0.00145	-0.00737	0.99997		-75.05577	-123.77678	-0.93145	-0.27583	0.41528	1.00818	0.11839	0.99982	-0.01759	-0.00725	0.01756	0.99983	-0.00481	0.00733	0.00469	0.99996	
29	0.14500	110.67199	-9.43328	0.49830	0.42507	-0.09121	-0.94905	1.14880	0.99986	0.01656	0.00159	-0.01657	0.99984	0.00742	-0.00147	-0.00744	0.99997		-75.04622	-123.79158	-0.93118	-0.28033	0.41076	1.00728	0.08767	0.99982	-0.01758	-0.00717	0.01754	0.99983	-0.00489	0.00725	0.00477	0.99996	
30	0.15000	110.67062	-9.46903	0.49626	0.41877	-0.08974	-0.93436	1.17329	0.99987	0.01631	0.00157	-0.01632	0.99984	0.00731	-0.00145	-0.00733	0.99997		-75.07619	-123.77766	-0.91835	-0.27846	0.41568	1.00682	0.11101	0.99982	-0.01757	-0.00726	0.01754	0.99983	-0.00486	0.00734	0.00473	0.99996	
31	0.15500	110.65900	-9.44770	0.51156	0.42297	-0.09201	-0.94169	1.15874	0.99986	0.01643	0.00161	-0.01645	0.99984	0.00738	-0.00148	-0.00741	0.99997		-75.06110	-123.78807	-0.93492	-0.28077	0.41192	1.01100	0.10397	0.99982	-0.01764	-0.00719	0.01761	0.99983	-0.00490	0.00727	0.00477	0.99996	
32	0.16000	110.64696	-9.44174	0.51707	0.42402	-0.08950	-0.94040	1.15581	0.99986	0.01641	0.00156	-0.01642	0.99984	0.00740	-0.00144	-0.00743	0.99997		-75.05828	-123.78369	-0.92671	-0.28065	0.41421	1.00453	0.11869	0.99982	-0.01753	-0.00723	0.01750	0.99983	-0.00490	0.00731	0.00477	0.99996	
33	0.16500	110.66592	-9.44444	0.51519	0.42460	-0.09473	-0.94276	1.16648	0.99986	0.01645	0.00165	-0.01647	0.99984	0.00741	-0.00153	-0.00744	0.99997		-75.04944	-123.78732	-0.91408	-0.28354	0.41228	1.00872	0.11158	0.99982	-0.01760	-0.00720	0.01757	0.99983	-0.00495	0.00728	0.00482	0.99996	
34	0.17000	110.64019	-9.45253	0.50527	0.42285	-0.09157	-0.94545	1.16032	0.99986	0.01650	0.00160	-0.01651	0.99984	0.00738	-0.00148	-0.00741	0.99997		-75.06885	-123.80526	-0.92565	-0.28703	0.40955	1.01040	0.10825	0.99982	-0.01763	-0.00715	0.01760	0.99983	-0.00501	0.00723	0.00488	0.99996	
35	0.17500	110.70161	-9.46823	0.50261	0.42124	-0.09273	-0.93528	1.18278	0.99987	0.01632	0.00162	-0.01633	0.99984	0.00735	-0.00150	-0.00738	0.99997		-75.05356	-123.79730	-0.92177	-0.28815	0.40882	1.00853	0.11594	0.99982	-0.01760	-0.00714	0.01757	0.99983	-0.00503	0.00722	0.00490	0.99996	
36	0.18000	110.64970	-9.46760	0.53090	0.42314	-0.09253	-0.94312	1.16577	0.99986	0.01646	0.00161	-0.01647	0.99984	0.00739	-0.00149	-0.00741	0.99997		-75.07268	-123.79558	-0.93407	-0.28692	0.41071	1.00743	0.11843	0.99982	-0.01758	-0.00717	0.01755	0.99983	-0.00501	0.00725	0.00488	0.99996	
37	0.18500	110.68945	-9.47912	0.50453	0.42135	-0.09468	-0.93217	1.19163	0.99987	0.01627	0.00165	-0.01628	0.99984	0.00735	-0.00153	-0.00738	0.99997		-75.05800	-123.80972	-0.93415	-0.28893	0.40941	1.00683	0.11255	0.99982	-0.01757	-0.00715	0.01754	0.99983	-0.00504	0.00723	0.00492	0.99996	
38	0.19000	110.61151	-9.44703	0.52936	0.42637	-0.09348	-0.94206	1.16504	0.99986	0.01644	0.00163	-0.01645	0.99984	0.00744	-0.00151	-0.00747	0.99997		-75.05930	-123.81568	-0.93363	-0.29143	0.40756	1.00834	0.12603	0.99982	-0.01760	-0.00711	0.01756	0.99983	-0.00509	0.00720	0.00496	0.99996	
39	0.19500	110.63985	-9.45228	0.54428	0.42583	-0.09615	-0.94492	1.15841	0.99986	0.01649	0.00168	-0.01650	0.99984	0.00743	-0.00156	-0.00746	0.99997		-75.07205	-123.81952	-0.93321	-0.29464	0.40611	1.00614	0.11724	0.99982	-0.01756	-0.00709	0.01752	0.99983	-0.00514	0.00718	0.00502	0.99996	
40	0.20000	110.64406	-9.44406	0.55507	0.42737	-0.09434	-0.94090	1.16953	0.99986	0.01642	0.00165	-0.01643	0.99984	0.00746	-0.00152	-0.00748	0.99997		-75.07752	-123.81886	-0.94574	-0.29458	0.40714	1.01066	0.10721	0.99982	-0.01764	-0.00711	0.01760	0.99983	-0.00514	0.00720	0.00502	0.99996	
41	0.20500	110.66003	-9.46501	0.55406	0.42527	-0.09805	-0.94001	1.16898	0.99986	0.01641	0.00171	-0.01642	0.99984	0.00742	-0.00159	-0.00745	0.99997		-75.07572	-123.81958	-0.93306	-0.29684	0.40722	1.00996	0.10879	0.99982	-0.01763	-0.00711	0.01759	0.99983	-0.00518	0.00720	0.00505	0.99996	
42	0.21000	110.61910	-9.46781	0.55489	0.42668	-0.09367	-0.94730	1.15914	0.99986	0.01653	0.00163	-0.01654	0.99984	0.00745	-0.00151	-0.00747	0.99997		-75.06149	-123.82484	-0.94567	-0.29885	0.40644	1.00871	0.11825	0.99982	-0.01760	-0.00709	0.01757	0.99983	-0.00522	0.00718	0.00509	0.99996	
43	0.21500	110.62468	-9.45180	0.54059	0.42800	-0.09644	-0.94318	1.16613	0.99986	0.01646	0.00168	-0.01647	0.99984	0.00747	-0.00156	-0.00750	0.99997		-75.05384	-123.83788	-0.94136	-0.30079	0.40209	1.00824	0.10973	0.99982	-0.01760	-0.00702	0.01756	0.99983	-0.00525	0.00711	0.00513	0.99996	
44	0.22000	110.64672	-9.46274	0.55283	0.42751	-0.09890	-0.94835	1.16843	0.99986	0.01655	0.00173	-0.01656	0.99983	0.00746	-0.00160	-0.00749	0.99997		-75.07449	-123.83815	-0.92844	-0.30315	0.40723	1.01097	0.11396	0.99982	-0.01764	-0.00711	0.01761	0.99983	-0.00529	0.00720	0.00516	0.99996	
45	0.22500	110.64391	-9.44661	0.57105	0.42965	-0.09810	-0.94353	1.16612	0.99986	0.01647	0.00171	-0.01648	0.99984	0.00750	-0.00159	-0.00753	0.99997		-75.06845	-123.81947	-0.94130	-0.30087	0.40632	1.00510	0.11853	0.99982	-0.01754	-0.00709	0.01750	0.99983	-0.00525	0.00718	0.00513	0.99996	
46	0.23000	110.63975	-9.46070	0.56107	0.42729	-0.09759	-0.94487	1.16671	0.99986	0.01649	0.00170	-0.01650	0.99984	0.00746	-0.00158	-0.00748	0.99997		-75.06769	-123.83620	-0.93662	-0.30581	0.40393	1.00611	0.11491	0.99982	-0.01756	-0.00705	0.01752	0.99983	-0.00534	0.00714	0.00521	0.99996	
47	0.23500	110.63655	-9.44655	0.58141	0.42802	-0.09858	-0.93926	1.16847	0.99986	0.01639	0.00172	-0.01640	0.99984	0.00747	-0.00160	-0.00750	0.99997		-75.07763	-123.83141	-0.93655	-0.30389	0.40357	1.00858	0.11077	0.99982	-0.01760	-0.00704	0.01756	0.99983	-0.00530	0.00714	0.00518	0.99996	
48	0.24000	110.66426	-9.47688	0.57280	0.42454	-0.10095	-0.94265	1.16593	0.99986	0.01645	0.00176	-0.01646	0.99984	0.00741	-0.00164	-0.00744	0.99997		-75.09040	-123.85258	-0.93590	-0.30896	0.40169	1.00660	0.10285	0.99982	-0.01757	-0.00701	0.01753	0.99983	-0.00539	0.00710	0.00527	0.99996	
49	0.24500	110.64683	-9.47069	0.57580	0.42666	-0.10294	-0.93884	1.16484	0.99986	0.01639	0.00180	-0.01640	0.99984	0.00745	-0.00167	-0.00748	0.99997		-75.05196	-123.85551	-0.94859	-0.31223	0.40049	1.00634	0.11331	0.99982	-0.01756	-0.00699	0.01752	0.99983	-0.00545	0.00708	0.00533	0.99996	
50	0.25000	110.62527	-9.47499	0.58202	0.42560	-0.09707	-0.94241	1.16675	0.99986	0.01645	0.00169	-0.01646	0.99984	0.00743	-0.00157	-0.00745	0.99997		-75.08107	-123.84469	-0.94436	-0.31013	0.40252	1.00572	0.11432	0.99982	-0.01755	-0.00703	0.01751	0.99983	-0.00541	0.00712	0.00529	0.99996	
51	0.25500	110.66745	-9.47344	0.59742	0.42523	-0.10237	-0.93979	1.17370	0.99986	0.01640	0.00179	-0.01641	0.99984	0.00742	-0.00166	-0.00745	0.99997		-75.07225	-123.84505	-0.94052	-0.31109	0.40288	1.00658	0.10785	0.99982	-0.01757	-0.00703	0.01753	0.99983	-0.00543	0.00713	0.00531	0.99996	
52	0.26000	110.65627	-9.46986	0.59865	0.42483	-0.09980	-0.94565	1.16573	0.99986	0.01650	0.00174	-0.01652	0.99984	0.00741	-0.00162	-0.00744	0.99997		-75.07247	-123.86006	-0.93974	-0.31572	0.40077	1.00861	0.10230	0.99982	-0.01760	-0.00699	0.01756	0.99983	-0.00551	0.00709	0.00539	0.99996	
53	0.26500	110.66500	-9.46324	0.58765	0.42702	-0.10744	-0.94255	1.17250	0.99986	0.01645	0.00188	-0.01646	0.99984	0.00745	-0.00175	-0.00748	0.99997		-75.08689	-123.85658	-0.94776	-0.31616	0.40182	1.01232	0.12108	0.99982	-0.01767	-0.00701	0.01763	0.99983	-0.00552	0.00711	0.00539	0.99996	
54	0.27000	110.63325	-9.48434	0.61823	0.42274	-0.10109	-0.94118	1.17462	0.99986	0.01643	0.00176	-0.01644	0.99984	0.00738	-0.00164	-0.00741	0.99997		-75.08900	-123.85324	-0.94390	-0.31629	0.40498	1.00935	0.12109	0.99982	-0.01762	-0.00707	0.01758	0.99983	-0.00552	0.00716	0.00539	0.99996	
55	0.27500	110.62845	-9.47678	0.62303	0.42375	-0.10147	-0.94464	1.16770	0.99986	0.01649	0.00177	-0.01650	0.99984	0.00740	-0.00165	-0.00742	0.99997		-75.04254	-123.85982	-0.95268	-0.31737	0.39885	1.00980	0.10882	0.99982	-0.01762	-0.00696	0.01758	0.99983	-0.00554	0.00706	0.00542	0.99996	
56	0.28000	110.64132	-9.46999	0.61729	0.42399	-0.10335	-0.94200	1.17080	0.99986	0.01644	0.00180	-0.01645	0.99984	0.00740	-0.00168	-0.00743	0.99997		-75.06830	-123.86871	-0.95226	-0.31859	0.40224	1.00894	0.11299	0.99982	-0.01761	-0.00702	0.01757	0.99983	-0.00556	0.00712	0.00544	0.99996	
57	0.28500	110.66639	-9.48706	0.61712	0.42057	-0.10572	-0.94123	1.16107	0.99986	0.01643	0.00185	-0.01644	0.99984	0.00734	-0.00172	-0.00737	0.99997		-75.06774	-123.87352	-0.96452	-0.32081	0.39993	1.00954	0.10861	0.99982	-0.01762	-0.00698	0.01758	0.99983	-0.00560	0.00708	0.00548	0.99996	
58	0.29000	110.62475	-9.48116	0.62825	0.42222	-0.10349	-0.94390	1.17234	0.99986	0.01647	0.00181	-0.01649	0.99984	0.00737	-0.00168	-0.00740	0.99997		-75.06136	-123.85955	-0.95668	-0.32064	0.40126	1.00916	0.09354	0.99982	-0.01761	-0.00700	0.01757	0.99983	-0.00560	0.00710	0.00547	0.99996	
59	0.29500	110.63789	-9.47109	0.65012	0.42029	-0.10087	-0.94077	1.17341	0.99986	0.01642	0.00176	-0.01643	0.99984	0.00734	-0.00164	-0.00736	0.99997		-75.07590	-123.86400	-0.96448	-0.32290	0.40240	1.01035	0.10920	0.99982	-0.01763	-0.00702	0.01759	0.99983	-0.00564	0.00712	0.00551	0.99996	
60	0.30000	110.65375	-9.49906	0.63857	0.41634	-0.10411	-0.93886	1.17818	0.99986	0.01639	0.00182	-0.01640	0.99984	0.00727	-0.00170	-0.00730	0.99997		-75.08900	-123.87673	-0.95989	-0.32495	0.40269	1.01335	0.10876	0.99982	-0.01768	-0.00703	0.01765	0.99983	-0.00567	0.00713	0.00555	0.99996	
61	0.30500	110.63461	-9.49323	0.64577	0.41693	-0.10253	-0.93938	1.16817	0.99986	0.01639	0.00179	-0.01641	0.99984	0.00728	-0.00167	-0.00731	0.99997		-75.07243	-123.86743	-0.95205	-0.32455	0.40427	1.00768	0.11290	0.99982	-0.01759	-0.00706	0.01755	0.99983	-0.00566	0.00715	0.00554	0.99996	
62	0.31000	110.62839	-9.48161	0.65352	0.41953	-0.10401	-0.94268	1.16024	0.99986	0.01645	0.00182	-0.01646	0.99984	0.00732	-0.00169	-0.00735	0.99997		-75.07784	-123.88384	-0.95605	-0.32625	0.40495	1.00893	0.11203	0.99982	-0.01761	-0.00707	0.01757	0.99983	-0.00569	0.00717	0.00557	0.99996	
63	0.31500	110.62942	-9.48253	0.65242	0.41781	-0.10555	-0.94174	1.16966	0.99986	0.01644	0.00184	-0.01645	0.99984	0.00729	-0.00172	-0.00732	0.99997		-75.08203	-123.88185	-0.96426	-0.32694	0.40377	1.00920	0.10478	0.99982	-0.01761	-0.00705	0.01757	0.99983	-0.00571	0.00715	0.00558	0.99996	
64	0.32000	110.63368	-9.48476	0.65363	0.41486	-0.10622	-0.94145	1.16322	0.99986	0.01643	0.00185	-0.01644	0.99984	0.00724	-0.00173	-0.00727	0.99997		-75.06429	-123.87125	-0.96480	-0.32421	0.40455	1.00593	0.11503	0.99982	-0.01756	-0.00706	0.01752	0.99983	-0.00566	0.00716	0.00553	0.99996	
65	0.32500	110.61038	-9.49390	0.67630	0.41293	-0.10092	-0.94174	1.17610	0.99986	0.01644	0.00176	-0.01645	0.99984	0.00721	-0.00164	-0.00723	0.99997		-75.06576	-123.88565	-0.96871	-0.32968	0.40484	1.01380	0.09523	0.99982	-0.01769	-0.00707	0.01765	0.99983	-0.00575	0.00717	0.00563	0.99996	
66	0.33000	110.67013	-9.49632	0.68702	0.41221	-0.10561	-0.94511	1.16627	0.99986	0.01649	0.00184	-0.01651	0.99984	0.00719	-0.00172	-0.00722	0.99997		-75.08032	-123.86090	-0.97325	-0.32604	0.40886	1.00931	0.12427	0.99982	-0.01761	-0.00714	0.01757	0.99983	-0.00569	0.00723	0.00556	0.99996	
67	0.33500	110.65128	-9.48138	0.68689	0.41432	-0.10739	-0.94317	1.17888	0.99986	0.01646	0.00187	-0.01647	0.99984	0.00723	-0.00175	-0.00726	0.99997		-75.06135	-123.88510	-0.96863	-0.32946	0.40390	1.01198	0.11679	0.99982	-0.01766	-0.00705	0.01762	0.99983	-0.00575	0.00715	0.00562	0.99996	
68	0.34000	110.68215	-9.49201	0.68157	0.41337	-0.11033	-0.93912	1.17285	0.99986	0.01639	0.00193	-0.01640	0.99984	0.00721	-0.00181	-0.00725	0.99997		-75.06083	-123.88230	-0.96888	-0.32982	0.40623	1.01372	0.10795	0.99982	-0.01769	-0.00709	0.01765	0.99983	-0.00576	0.00719	0.00563	0.99996	
69	0.34500	110.65169	-9.47991	0.68916	0.41402	-0.10616	-0.94488	1.17981	0.99986	0.01649	0.00185	-0.01650	0.99984	0.00723	-0.00173	-0.00726	0.99997		-75.05906	-123.87369	-0.97765	-0.32871	0.40850	1.01061	0.10732	0.99982	-0.01764	-0.00713	0.01760	0.99983	-0.00574	0.00723	0.00561	0.99996	
70	0.35000	110.61817	-9.49442	0.70738	0.40927	-0.10723	-0.94250	1.17266	0.99986	0.01645	0.00187	-0.01646	0.99984	0.00714	-0.00175	-0.00717	0.99997		-75.06984	-123.87901	-0.97303	-0.32817	0.40580	1.01347	0.09374	0.99982	-0.01769	-0.00708	0.01765	0.99983	-0.00573	0.00718	0.00560	0.99996	
71	0.35500	110.65388	-9.49509	0.71287	0.40760	-0.10627	-0.94017	1.18265	0.99986	0.01641	0.00185	-0.01642	0.99984	0.00711	-0.00174	-0.00714	0.99997		-75.06020	-123.88490	-0.97749	-0.32919	0.40824	1.01172	0.10766	0.99982	-0.01766	-0.00713	0.01762	0.99983	-0.00575	0.00723	0.00562	0.99996	
72	0.36000	110.65673	-9.50356	0.72260	0.40509	-0.10689	-0.93599	1.16757	0.99986	0.01634	0.00187	-0.01635	0.99984	0.00707	-0.00175	-0.00710	0.99997		-75.08397	-123.86436	-0.96515	-0.32873	0.41476	1.00371	0.12861	0.99982	-0.01752	-0.00724	0.01748	0.99983	-0.00574	0.00734	0.00561	0.99996	
73	0.36500	110.63495	-9.47872	0.71721	0.40953	-0.10995	-0.94118	1.17654	0.99986	0.01643	0.00192	-0.01644	0.99984	0.00715	-0.00180	-0.00718	0.99997		-75.05223	-123.88627	-0.98579	-0.32947	0.40640	1.01192	0.10980	0.99982	-0.01766	-0.00709	0.01762	0.99983	-0.00575	0.00719	0.00562	0.99996	
74	0.37000	110.60672	-9.49665	0.73976	0.40427	-0.10442	-0.94299	1.17637	0.99986	0.01646	0.00182	-0.01647	0.99984	0.00706	-0.00171	-0.00708	0.99997		-75.07066	-123.86570	-0.97789	-0.32693	0.41120	1.01010	0.10492	0.99982	-0.01763	-0.00718	0.01759	0.99983	-0.00571	0.00728	0.00558	0.99996	
75	0.37500	110.63484	-9.50130	0.73178	0.40374	-0.10740	-0.94354	1.17658	0.99986	0.01647	0.00187	-0.01648	0.99984	0.00705	-0.00176	-0.00708	0.99997		-75.05607	-123.86752	-0.98252	-0.32699	0.41267	1.00557	0.11070	0.99982	-0.01755	-0.00720	0.01751	0.99983	-0.00571	0.00730	0.00558	0.99996	
76	0.38000	110.63885	-9.49924	0.74987	0.40332	-0.10722	-0.94282	1.17428	0.99986	0.01645	0.00187	-0.01647	0.99984	0.00704	-0.00176	-0.00707	0.99997		-75.08591	-123.88054	-0.99445	-0.32917	0.41678	1.00754	0.12636	0.99982	-0.01758	-0.00727	0.01754	0.99983	-0.00574	0.00737	0.00562	0.99996	
77	0.38500	110.64646	-9.49956	0.74384	0.40174	-0.10698	-0.94086	1.17811	0.99986	0.01642	0.00187	-0.01643	0.99984	0.00701	-0.00175	-0.00704	0.99997		-75.08298	-123.87309	-0.97771	-0.32658	0.41372	1.00739	0.11387	0.99982	-0.01758	-0.00722	0.01754	0.99983	-0.00570	0.00732	0.00557	0.99996	
78	0.39000	110.64431	-9.50611	0.75912	0.40034	-0.10559	-0.94415	1.17493	0.99986	0.01648	0.00184	-0.01649	0.99984	0.00699	-0.00173	-0.00702	0.99997		-75.04129	-123.87070	-0.99111	-0.32655	0.41119	1.01203	0.10020	0.99982	-0.01766	-0.00718	0.01762	0.99983	-0.00570	0.00728	0.00557	0.99996	
79	0.39500	110.63556	-9.50731	0.76306	0.39643	-0.10695	-0.93760	1.18723	0.99986	0.01636	0.00187	-0.01638	0.99984	0.00692	-0.00175	-0.00695	0.99997		-75.05279	-123.86243	-0.97877	-0.32353	0.41627	1.00755	0.11336	0.99982	-0.01758	-0.00727	0.01754	0.99983	-0.00565	0.00736	0.00552	0.99996	
80	0.40000	110.64012	-9.49093	0.76005	0.39674	-0.10615	-0.93916	1.17104	0.99986	0.01639	0.00185	-0.01640	0.99984	0.00692	-0.00174	-0.00695	0.99997		-75.05660	-123.86765	-0.98709	-0.32474	0.41712	1.00764	0.11402	0.99982	-0.01759	-0.00728	0.01754	0.99983	-0.00567	0.00738	0.00554	0.99996	
81	0.40500	110.58697	-9.50886	0.77627	0.39472	-0.09970	-0.94268	1.17836	0.99986	0.01645	0.00174	-0.01646	0.99984	0.00689	-0.00163	-0.00692	0.99997		-75.05127	-123.85442	-0.98735	-0.32475	0.41878	1.00949	0.10889	0.99982	-0.01762	-0.00731	0.01758	0.99983	-0.00567	0.00741	0.00554	0.99996	
82	0.41000	110.66346	-9.49401	0.77845	0.39609	-0.11277	-0.94518	1.16860	0.99986	0.01650	0.00197	-0.01651	0.99984	0.00691	-0.00185	-0.00694	0.99997		-75.04501	-123.87843	-0.98282	-0.32514	0.41387	1.00974	0.10387	0.99982	-0.01762	-0.00722	0.01758	0.99983	-0.00567	0.00732	0.00555	0.99996	
83	0.41500	110.63685	-9.49028	0.78819	0.39543	-0.10506	-0.94435	1.16588	0.99986	0.01648	0.00183	-0.01649	0.99984	0.00690	-0.00172	-0.00693	0.99997		-75.04856	-123.85251	-0.98750	-0.32009	0.41754	1.00687	0.12164	0.99982	-0.01757	-0.00729	0.01753	0.99983	-0.00559	0.00738	0.00546	0.99996	
84	0.42000	110.66293	-9.47402	0.78327	0.39580	-0.10948	-0.94464	1.18003	0.99986	0.01649	0.00191	-0.01650	0.99984	0.00691	-0.00180	-0.00694	0.99997		-75.07406	-123.86164	-0.98288	-0.32255	0.41850	1.00995	0.10882	0.99982	-0.01763	-0.00730	0.01758	0.99983	-0.00563	0.00740	0.00550	0.99996	
85	0.42500	110.65739	-9.49077	0.79915	0.39248	-0.10900	-0.94273	1.18402	0.99986	0.01645	0.00190	-0.01647	0.99984	0.00685	-0.00179	-0.00688	0.99997		-75.04330	-123.85785	-0.99180	-0.32132	0.41618	1.00625	0.10346	0.99982	-0.01756	-0.00726	0.01752	0.99983	-0.00561	0.00736	0.00548	0.99996	
86	0.43000	110.62216	-9.49009	0.79720	0.39087	-0.10663	-0.93956	1.18321	0.99986	0.01640	0.00186	-0.01641	0.99984	0.00682	-0.00175	-0.00685	0.99998		-75.05593	-123.84091	-0.98369	-0.31844	0.42171	1.00628	0.12955	0.99982	-0.01756	-0.00736	0.01752	0.99983	-0.00556	0.00746	0.00543	0.99996	
87	0.43500	110.64502	-9.48769	0.79170	0.39219	-0.11107	-0.94502	1.17290	0.99986	0.01649	0.00194	-0.01651	0.99984	0.00685	-0.00183	-0.00688	0.99997		-75.06090	-123.84488	-0.98798	-0.31632	0.42005	1.00439	0.10895	0.99982	-0.01753	-0.00733	0.01749	0.99983	-0.00552	0.00743	0.00539	0.99996	
88	0.44000	110.66038	-9.49673	0.79936	0.38823	-0.10995	-0.93746	1.19216	0.99986	0.01636	0.00192	-0.01637	0.99984	0.00678	-0.00181	-0.00681	0.99998		-75.04804	-123.84777	-0.99234	-0.31670	0.42177	1.00718	0.11957	0.99982	-0.01758	-0.00736	0.01754	0.99983	-0.00553	0.00746	0.00540	0.99996	
89	0.44500	110.61540	-9.51207	0.81811	0.38509	-0.10636	-0.94004	1.18447	0.99986	0.01641	0.00186	-0.01642	0.99984	0.00672	-0.00175	-0.00675	0.99998		-75.03433	-123.84323	-0.99637	-0.31566	0.41862	1.00892	0.12661	0.99982	-0.01761	-0.00731	0.01757	0.99983	-0.00551	0.00740	0.00538	0.99996	
90	0.45000	110.61841	-9.47991	0.82130	0.38820	-0.10524	-0.93946	1.19043	0.99986	0.01640	0.00184	-0.01641	0.99984	0.00678	-0.00173	-0.00680	0.99998		-75.04116	-123.84482	-0.99253	-0.31601	0.42005	1.01074	0.10712	0.99982	-0.01764	-0.00733	0.01760	0.99983	-0.00552	0.00743	0.00539	0.99996	
91	0.45500	110.66894	-9.49274	0.81735	0.38571	-0.10927	-0.94006	1.18457	0.99986	0.01641	0.00191	-0.01642	0.99984	0.00673	-0.00180	-0.00676	0.99998		-75.03690	-123.83950	-0.98837	-0.31479	0.41911	1.01064	0.10773	0.99982	-0.01764	-0.00731	0.01760	0.99983	-0.00549	0.00741	0.00536	0.99996	
92	0.46000	110.61624	-9.48081	0.83100	0.38538	-0.10765	-0.93903	1.17733	0.99986	0.01639	0.00188	-0.01640	0.99984	0.00673	-0.00177	-0.00676	0.99998		-75.04595	-123.83622	-0.99679	-0.31314	0.41860	1.01041	0.09664	0.99982	-0.01763	-0.00731	0.01759	0.99983	-0.00547	0.00740	0.00534	0.99996	
93	0.46500	110.65315	-9.46567	0.81821	0.38788	-0.11064	-0.94179	1.17729	0.99986	0.01644	0.00193	-0.01645	0.99984	0.00677	-0.00182	-0.00680	0.99998		-75.03753	-123.84938	-0.98858	-0.31174	0.42080	1.00921	0.11891	0.99982	-0.01761	-0.00734	0.01757	0.99983	-0.00544	0.00744	0.00531	0.99996	
94	0.47000	110.63740	-9.47933	0.84343	0.38367	-0.10555	-0.93985	1.18249	0.99986	0.01640	0.00184	-0.01641	0.99984	0.00670	-0.00173	-0.00673	0.99998		-75.05364	-123.84659	-0.99291	-0.31118	0.42443	1.00883	0.11591	0.99982	-0.01761	-0.00741	0.01757	0.99983	-0.00543	0.00750	0.00530	0.99996	
95	0.47500	110.60384	-9.49195	0.83170	0.38215	-0.10368	-0.93896	1.18327	0.99986	0.01639	0.00181	-0.01640	0.99984	0.00667	-0.00170	-0.00670	0.99998		-75.06929	-123.80324	-0.98516	-0.30247	0.42625	1.00560	0.11339	0.99982	-0.01755	-0.00744	0.01751	0.99983	-0.00528	0.00753	0.00515	0.99996	
96	0.48000	110.66062	-9.46877	0.82688	0.38489	-0.11265	-0.93929	1.17933	0.99986	0.01639	0.00197	-0.01641	0.99984	0.00672	-0.00186	-0.00675	0.99998		-75.03185	-123.82398	-0.99779	-0.30470	0.42190	1.00361	0.11011	0.99982	-0.01751	-0.00736	0.01748	0.99983	-0.00532	0.00746	0.00519	0.99996	
97	0.48500	110.63264	-9.45727	0.83409	0.38467	-0.10340	-0.93713	1.17764	0.99986	0.01636	0.00180	-0.01637	0.99984	0.00671	-0.00169	-0.00674	0.99998		-75.04585	-123.82201	-0.98066	-0.30464	0.42029	1.00819	0.10530	0.99982	-0.01759	-0.00734	0.01756	0.99983	-0.00532	0.00743	0.00519	0.99996	
98	0.49000	110.62062	-9.47110	0.83832	0.38161	-0.10337	-0.93876	1.18101	0.99986	0.01638	0.00180	-0.01640	0.99984	0.00666	-0.00169	-0.00669	0.99998		-75.02487	-123.81638	-0.99408	-0.30182	0.42232	1.00659	0.10530	0.99982	-0.01757	-0.00737	0.01753	0.99983	-0.00527	0.00746	0.00514	0.99996	
99	0.49500	110.66268	-9.45731	0.85002	0.38360	-0.10833	-0.93663	1.18411	0.99986	0.01635	0.00189	-0.01636	0.99984	0.00669	-0.00178	-0.00672	0.99998		-75.00558	-123.81363	-0.99821	-0.30114	0.41789	1.00687	0.10752	0.99982	-0.01757	-0.00729	0.01753	0.99983	-0.00526	0.00738	0.00513	0.99996	
100	0.50000	110.62309	-9.44262	0.83911	0.38386	-0.10485	-0.94061	1.15998	0.99986	0.01642	0.00183	-0.01643	0.99984	0.00670	-0.00172	-0.00673	0.99998		-75.04191	-123.81465	-0.98962	-0.30058	0.42376	1.00552	0.11112	0.99982	-0.01755	-0.00740	0.01751	0.99983	-0.00525	0.00749	0.00512	0.99996	
101	0.50500	110.60139	-9.46389	0.86024	0.38035	-0.09963	-0.93517	1.18145	0.99987	0.01632	0.00174	-0.01633	0.99984	0.00664	-0.00163	-0.00667	0.99998		-75.02356	-123.81030	-0.99405	-0.29631	0.42147	1.00785	0.10755	0.99982	-0.01759	-0.00736	0.01755	0.99983	-0.00517	0.00745	0.00504	0.99996	
102	0.51000	110.59648	-9.44898	0.86081	0.38099	-0.10449	-0.93709	1.18830	0.99986	0.01635	0.00182	-0.01637	0.99984	0.00665	-0.00171	-0.00668	0.99998		-75.04263	-123.78155	-0.99002	-0.29203	0.42188	1.00366	0.11971	0.99982	-0.01752	-0.00736	0.01748	0.99983	-0.00510	0.00745	0.00497	0.99996	
103	0.51500	110.64251	-9.43589	0.85804	0.38310	-0.10668	-0.93673	1.19071	0.99986	0.01635	0.00186	-0.01636	0.99984	0.00669	-0.00175	-0.00672	0.99998		-75.04901	-123.78353	-0.99021	-0.28936	0.42500	1.00855	0.12019	0.99982	-0.01760	-0.00742	0.01756	0.99983	-0.00505	0.00751	0.00492	0.99996	
104	0.52000	110.65250	-9.45415	0.84800	0.37934	-0.10537	-0.93690	1.18416	0.99986	0.01635	0.00184	-0.01636	0.99984	0.00662	-0.00173	-0.00665	0.99998		-75.06491	-123.77593	-0.97765	-0.28884	0.42649	1.00546	0.11689	0.99982	-0.01755	-0.00744	0.01751	0.99983	-0.00504	0.00753	0.00491	0.99996	
105	0.52500	110.60684	-9.44110	0.85691	0.38063	-0.10027	-0.93652	1.18696	0.99986	0.01634	0.00175	-0.01636	0.99984	0.00664	-0.00164	-0.00667	0.99998		-75.02381	-123.79381	-0.99447	-0.29044	0.42132	1.00801	0.11282	0.99982	-0.01759	-0.00735	0.01755	0.99983	-0.00507	0.00744	0.00494	0.99996	
106	0.53000	110.64262	-9.43290	0.84958	0.38219	-0.10653	-0.94118	1.17474	0.99986	0.01643	0.00186	-0.01644	0.99984	0.00667	-0.00175	-0.00670	0.99998		-75.05631	-123.76548	-0.99038	-0.28639	0.42461	1.00523	0.11986	0.99982	-0.01754	-0.00741	0.01751	0.99983	-0.00500	0.00750	0.00487	0.99996	
107	0.53500	110.64044	-9.44332	0.85824	0.38042	-0.10378	-0.93875	1.20020	0.99986	0.01638	0.00181	-0.01640	0.99984	0.00664	-0.00170	-0.00667	0.99998		-75.01819	-123.78409	-0.98233	-0.28618	0.41954	1.01094	0.09700	0.99982	-0.01764	-0.00732	0.01761	0.99983	-0.00499	0.00741	0.00486	0.99996	
108	0.54000	110.59536	-9.42649	0.85136	0.38306	-0.10014	-0.93817	1.17993	0.99986	0.01637	0.00175	-0.01638	0.99984	0.00669	-0.00164	-0.00671	0.99998		-75.00458	-123.77403	-0.97832	-0.28376	0.41669	1.00620	0.10810	0.99982	-0.01756	-0.00727	0.01752	0.99983	-0.00495	0.00736	0.00482	0.99996	
109	0.54500	110.62146	-9.40583	0.84622	0.38497	-0.10218	-0.93831	1.19322	0.99986	0.01638	0.00178	-0.01639	0.99984	0.00672	-0.00167	-0.00675	0.99998		-75.01240	-123.77647	-0.97410	-0.28221	0.41827	1.00335	0.11691	0.99982	-0.01751	-0.00730	0.01747	0.99984	-0.00493	0.00739	0.00480	0.99996	
110	0.55000	110.59989	-9.40963	0.84970	0.38483	-0.10269	-0.93545	1.20168	0.99987	0.01633	0.00179	-0.01634	0.99984	0.00672	-0.00168	-0.00674	0.99998		-74.98781	-123.76281	-0.97891	-0.27877	0.41726	1.00362	0.11811	0.99982	-0.01752	-0.00728	0.01748	0.99984	-0.00487	0.00737	0.00474	0.99996	
111	0.55500	110.62477	-9.41325	0.84740	0.38426	-0.10431	-0.93722	1.19464	0.99986	0.01636	0.00182	-0.01637	0.99984	0.00671	-0.00171	-0.00674	0.99998		-75.01919	-123.77174	-0.97821	-0.27822	0.41684	1.00554	0.11237	0.99982	-0.01755	-0.00728	0.01751	0.99983	-0.00486	0.00736	0.00473	0.99996	
112	0.56000	110.65978	-9.41877	0.83901	0.38315	-0.10684	-0.94309	1.18648	0.99986	0.01646	0.00186	-0.01647	0.99984	0.00669	-0.00175	-0.00672	0.99998		-75.02464	-123.73994	-0.98656	-0.27324	0.41393	1.00609	0.11501	0.99982	-0.01756	-0.00722	0.01752	0.99984	-0.00477	0.00731	0.00464	0.99996	
113	0.56500	110.61326	-9.41775	0.84858	0.38347	-0.10209	-0.93695	1.19900	0.99986	0.01635	0.00178	-0.01636	0.99984	0.00669	-0.00167	-0.00672	0.99998		-74.98567	-123.76675	-0.97867	-0.27574	0.41136	1.00577	0.10931	0.99982	-0.01755	-0.00718	0.01752	0.99983	-0.00481	0.00726	0.00469	0.99996	
114	0.57000	110.61365	-9.41116	0.85374	0.38508	-0.09763	-0.94251	1.17879	0.99986	0.01645	0.00170	-0.01646	0.99984	0.00672	-0.00159	-0.00675	0.99998		-75.05130	-123.74696	-0.97827	-0.27086	0.41927	1.00897	0.11962	0.99982	-0.01761	-0.00732	0.01757	0.99983	-0.00473	0.00740	0.00460	0.99996	
115	0.57500	110.62830	-9.39622	0.85013	0.38785	-0.10124	-0.93910	1.18477	0.99986	0.01639	0.00177	-0.01640	0.99984	0.00677	-0.00166	-0.00680	0.99998		-74.99591	-123.74283	-0.99154	-0.27028	0.41383	1.00568	0.12220	0.99982	-0.01755	-0.00722	0.01752	0.99984	-0.00472	0.00730	0.00459	0.99996	
116	0.58000	110.61961	-9.40759	0.83851	0.38723	-0.10088	-0.94310	1.18856	0.99986	0.01646	0.00176	-0.01647	0.99984	0.00676	-0.00165	-0.00679	0.99998		-75.00211	-123.73915	-0.97868	-0.26763	0.41033	1.00829	0.11523	0.99982	-0.01760	-0.00716	0.01756	0.99983	-0.00467	0.00724	0.00454	0.99996	
117	0.58500	110.62818	-9.40273	0.83301	0.38639	-0.10033	-0.94219	1.17543	0.99986	0.01644	0.00175	-0.01646	0.99984	0.00674	-0.00164	-0.00677	0.99998		-74.99241	-123.72976	-0.97482	-0.26545	0.40810	1.00426	0.10648	0.99982	-0.01753	-0.00712	0.01749	0.99984	-0.00463	0.00720	0.00451	0.99996	
118	0.59000	110.62577	-9.40361	0.83757	0.38761	-0.10158	-0.94276	1.18991	0.99986	0.01645	0.00177	-0.01647	0.99984	0.00677	-0.00166	-0.00679	0.99998		-74.99766	-123.72175	-0.97480	-0.26367	0.40944	1.00774	0.11501	0.99982	-0.01759	-0.00715	0.01755	0.99984	-0.00460	0.00723	0.00448	0.99996	
119	0.59500	110.65329	-9.39139	0.82567	0.38893	-0.10338	-0.93905	1.20405	0.99986	0.01639	0.00180	-0.01640	0.99984	0.00679	-0.00169	-0.00682	0.99998		-74.99021	-123.71113	-0.97917	-0.26122	0.40773	1.00754	0.11497	0.99982	-0.01758	-0.00712	0.01755	0.99984	-0.00456	0.00720	0.00443	0.99996	
120	0.60000	110.59362	-9.36190	0.82592	0.39363	-0.09853	-0.94013	1.19731	0.99986	0.01641	0.00172	-0.01642	0.99984	0.00687	-0.00161	-0.00690	0.99997		-74.99043	-123.72153	-0.98750	-0.25937	0.40713	1.00086	0.11134	0.99982	-0.01747	-0.00711	0.01744	0.99984	-0.00453	0.00718	0.00440	0.99996	
121	0.60500	110.59692	-9.36906	0.82479	0.39222	-0.09908	-0.94109	1.18220	0.99986	0.01642	0.00173	-0.01644	0.99984	0.00685	-0.00162	-0.00687	0.99998		-74.96720	-123.71121	-0.97099	-0.25788	0.40436	1.00552	0.11486	0.99982	-0.01755	-0.00706	0.01752	0.99984	-0.00450	0.00714	0.00438	0.99996	
122	0.61000	110.62735	-9.35183	0.81658	0.39552	-0.10078	-0.94553	1.18183	0.99986	0.01650	0.00176	-0.01651	0.99984	0.00690	-0.00164	-0.00693	0.99997		-74.98857	-123.72960	-0.98315	-0.25921	0.40624	1.00655	0.10815	0.99982	-0.01757	-0.00709	0.01753	0.99984	-0.00452	0.00717	0.00440	0.99996	
123	0.61500	110.61891	-9.37270	0.80124	0.39339	-0.09899	-0.94423	1.17832	0.99986	0.01648	0.00173	-0.01649	0.99984	0.00687	-0.00161	-0.00689	0.99997		-75.00213	-123.70620	-0.98305	-0.25409	0.40487	1.00502	0.12505	0.99982	-0.01754	-0.00707	0.01751	0.99984	-0.00443	0.00714	0.00431	0.99997	
124	0.62000	110.64503	-9.35282	0.80434	0.39696	-0.09951	-0.93532	1.18998	0.99987	0.01632	0.00174	-0.01634	0.99984	0.00693	-0.00162	-0.00696	0.99997		-74.97782	-123.69486	-0.98737	-0.25348	0.39958	1.00783	0.11887	0.99982	-0.01759	-0.00697	0.01756	0.99984	-0.00442	0.00705	0.00430	0.99997	
125	0.62500	110.59124	-9.35779	0.81331	0.39860	-0.09395	-0.94133	1.18317	0.99986	0.01643	0.00164	-0.01644	0.99984	0.00696	-0.00153	-0.00698	0.99997		-74.97063	-123.70145	-0.99186	-0.25173	0.39975	1.00874	0.10886	0.99982	-0.01760	-0.00698	0.01757	0.99984	-0.00439	0.00705	0.00427	0.99997	
126	0.63000	110.59515	-9.33251	0.78838	0.40168	-0.09835	-0.94189	1.18913	0.99986	0.01644	0.00172	-0.01645	0.99984	0.00701	-0.00160	-0.00704	0.99997		-74.98333	-123.68976	-0.98313	-0.24934	0.39818	1.00485	0.11763	0.99982	-0.01754	-0.00695	0.01751	0.99984	-0.00435	0.00702	0.00423	0.99997	
127	0.63500	110.59376	-9.34355	0.78294	0.40238	-0.09543	-0.94231	1.17705	0.99986	0.01645	0.00167	-0.01646	0.99984	0.00702	-0.00155	-0.00705	0.99997		-74.96288	-123.69349	-0.98340	-0.24893	0.39558	1.00679	0.11722	0.99982	-0.01757	-0.00690	0.01754	0.99984	-0.00434	0.00698	0.00422	0.99997	
128	0.64000	110.65675	-9.34586	0.76033	0.40431	-0.10333	-0.93886	1.18941	0.99986	0.01639	0.00180	-0.01640	0.99984	0.00706	-0.00169	-0.00709	0.99997		-74.97915	-123.67151	-0.98340	-0.24629	0.39506	1.00528	0.11414	0.99982	-0.01754	-0.00689	0.01751	0.99984	-0.00430	0.00697	0.00418	0.99997	
129	0.64500	110.65957	-9.34897	0.77357	0.40221	-0.10062	-0.94246	1.18624	0.99986	0.01645	0.00176	-0.01646	0.99984	0.00702	-0.00164	-0.00705	0.99997		-74.96696	-123.68685	-0.98772	-0.24742	0.39654	1.00649	0.11572	0.99982	-0.01757	-0.00692	0.01754	0.99984	-0.00432	0.00700	0.00420	0.99997	
130	0.65000	110.60262	-9.33013	0.77980	0.40688	-0.09391	-0.93963	1.18653	0.99986	0.01640	0.00164	-0.01641	0.99984	0.00710	-0.00152	-0.00713	0.99997		-74.96701	-123.69233	-0.98350	-0.24657	0.39625	1.00630	0.11570	0.99982	-0.01756	-0.00692	0.01753	0.99984	-0.00430	0.00699	0.00418	0.99997	
131	0.65500	110.62605	-9.33295	0.75315	0.40668	-0.09570	-0.94147	1.18403	0.99986	0.01643	0.00167	-0.01644	0.99984	0.00710	-0.00155	-0.00712	0.99997		-74.98509	-123.69060	-0.98745	-0.24534	0.39793	1.00522	0.12006	0.99982	-0.01754	-0.00695	0.01751	0.99984	-0.00428	0.00702	0.00416	0.99997	
132	0.66000	110.61348	-9.32137	0.75588	0.41111	-0.09992	-0.93993	1.19012	0.99986	0.01640	0.00174	-0.01642	0.99984	0.00718	-0.00163	-0.00720	0.99997		-74.95868	-123.66697	-0.99639	-0.24281	0.39470	1.00300	0.12602	0.99982	-0.01750	-0.00689	0.01748	0.99984	-0.00424	0.00696	0.00412	0.99997	
133	0.66500	110.61917	-9.30264	0.73672	0.41545	-0.09773	-0.94311	1.18742	0.99986	0.01646	0.00171	-0.01647	0.99984	0.00725	-0.00159	-0.00728	0.99997		-74.96039	-123.66501	-1.00048	-0.24144	0.39262	1.00295	0.11267	0.99982	-0.01750	-0.00685	0.01747	0.99984	-0.00421	0.00693	0.00409	0.99997	
134	0.67000	110.60277	-9.31150	0.73132	0.41331	-0.09469	-0.93926	1.19525	0.99986	0.01639	0.00165	-0.01640	0.99984	0.00721	-0.00153	-0.00724	0.99997		-74.97753	-123.67084	-0.99599	-0.23981	0.39385	1.00284	0.12710	0.99982	-0.01750	-0.00687	0.01747	0.99984	-0.00419	0.00695	0.00406	0.99997	
135	0.67500	110.59628	-9.28009	0.73699	0.42011	-0.09238	-0.94483	1.17341	0.99986	0.01649	0.00161	-0.01650	0.99984	0.00733	-0.00149	-0.00736	0.99997		-74.97632	-123.68358	-1.00402	-0.24279	0.39327	1.00795	0.11719	0.99982	-0.01759	-0.00686	0.01756	0.99984	-0.00424	0.00694	0.00412	0.99997	
136	0.68000	110.58904	-9.29603	0.72541	0.41800	-0.09236	-0.93434	1.18866	0.99987	0.01631	0.00161	-0.01632	0.99984	0.00730	-0.00149	-0.00732	0.99997		-74.96570	-123.65653	-1.00882	-0.23764	0.38886	1.00379	0.10444	0.99982	-0.01752	-0.00679	0.01749	0.99984	-0.00415	0.00686	0.00403	0.99997	
137	0.68500	110.58383	-9.28885	0.70603	0.42134	-0.09144	-0.94319	1.18654	0.99986	0.01646	0.00160	-0.01647	0.99984	0.00735	-0.00147	-0.00738	0.99997		-74.94959	-123.65932	-1.00449	-0.23821	0.38523	1.00418	0.10721	0.99982	-0.01752	-0.00672	0.01750	0.99984	-0.00416	0.00680	0.00404	0.99997	
