NO_OF_FRAMES	12057
NO_OF_CAMERAS	8
NO_OF_BODIES	2
FREQUENCY	200
NO_OF_ANALOG	0
ANALOG_FREQUENCY	0
DESCRIPTION	--
TIME_STAMP	2013-07-04, 10:13:41	92036.55583704
DATA_INCLUDED	6D
BODY_NAMES	Ice 1	Ice 2
Frame	Time	Ice 1 X	Y	Z	Roll	Pitch	Yaw	Residual	Rot[0]	Rot[1]	Rot[2]	Rot[3]	Rot[4]	Rot[5]	Rot[6]	Rot[7]	Rot[8]	Ice 2 X	Y	Z	Roll	Pitch	Yaw	Residual	Rot[0]	Rot[1]	Rot[2]	Rot[3]	Rot[4]	Rot[5]	Rot[6]	Rot[7]	Rot[8]	
1	0.00500	77.24575	-57.85295	0.53754	0.38483	0.01516	8.48415	0.92576	0.98906	-0.14754	-0.00026	0.14753	0.98903	0.00672	-0.00073	-0.00668	0.99998		-95.20084	-159.89723	-0.19869	-0.26291	0.40228	0.84132	0.35116	0.99987	-0.01468	-0.00702	0.01465	0.99988	-0.00459	0.00709	0.00449	0.99996	
2	0.01000	77.17223	-57.81186	0.56799	0.38927	0.02812	8.47997	0.93900	0.98907	-0.14746	-0.00049	0.14746	0.98904	0.00679	-0.00052	-0.00679	0.99998		-95.27351	-159.84376	-0.19613	-0.25380	0.42230	0.83224	0.31563	0.99987	-0.01452	-0.00737	0.01449	0.99989	-0.00443	0.00743	0.00432	0.99996	
3	0.01500	77.15940	-57.81938	0.57262	0.39132	0.03142	8.48068	0.93274	0.98907	-0.14748	-0.00055	0.14748	0.98904	0.00683	-0.00046	-0.00684	0.99998		-95.26839	-159.84190	-0.20008	-0.25246	0.41853	0.83508	0.32081	0.99987	-0.01457	-0.00730	0.01454	0.99988	-0.00441	0.00737	0.00430	0.99996	
4	0.02000	77.17357	-57.80934	0.56654	0.39466	0.02887	8.47663	0.92993	0.98908	-0.14741	-0.00050	0.14741	0.98905	0.00689	-0.00052	-0.00689	0.99998		-95.26416	-159.85574	-0.19568	-0.25568	0.41745	0.83753	0.30284	0.99987	-0.01462	-0.00729	0.01458	0.99988	-0.00446	0.00735	0.00436	0.99996	
5	0.02500	77.25491	-57.81266	0.33156	0.39569	0.00254	8.47740	1.18277	0.98907	-0.14742	-0.00004	0.14742	0.98905	0.00691	-0.00097	-0.00684	0.99998		-95.25238	-159.85383	-0.19157	-0.25611	0.41726	0.83761	0.31320	0.99987	-0.01462	-0.00728	0.01459	0.99988	-0.00447	0.00735	0.00436	0.99996	
6	0.03000	77.17377	-57.80400	0.57530	0.39824	0.03661	8.47976	0.92276	0.98907	-0.14746	-0.00064	0.14746	0.98904	0.00695	-0.00039	-0.00697	0.99998		-95.25852	-159.83763	-0.19547	-0.25675	0.41492	0.83334	0.30350	0.99987	-0.01454	-0.00724	0.01451	0.99988	-0.00448	0.00731	0.00438	0.99996	
7	0.03500	77.19090	-57.81361	0.56880	0.40236	0.03803	8.47841	0.92909	0.98907	-0.14744	-0.00066	0.14744	0.98905	0.00702	-0.00038	-0.00704	0.99998		-95.24883	-159.84497	-0.19150	-0.25726	0.41478	0.83244	0.30358	0.99987	-0.01453	-0.00724	0.01450	0.99988	-0.00449	0.00730	0.00438	0.99996	
8	0.04000	77.16544	-57.80400	0.58749	0.40373	0.04354	8.47770	0.92503	0.98907	-0.14742	-0.00076	0.14743	0.98905	0.00705	-0.00029	-0.00708	0.99997		-95.20499	-159.84554	-0.20418	-0.25812	0.40714	0.83396	0.30766	0.99987	-0.01455	-0.00711	0.01452	0.99988	-0.00450	0.00717	0.00440	0.99996	
9	0.04500	77.15990	-57.80058	0.58127	0.40640	0.04553	8.47564	0.92969	0.98908	-0.14739	-0.00079	0.14739	0.98905	0.00709	-0.00026	-0.00713	0.99997		-95.23691	-159.85521	-0.20805	-0.26041	0.41450	0.83294	0.31591	0.99987	-0.01454	-0.00723	0.01450	0.99988	-0.00454	0.00730	0.00444	0.99996	
10	0.05000	77.29454	-57.79925	0.34581	0.41200	0.01450	8.47762	1.18581	0.98907	-0.14742	-0.00025	0.14742	0.98905	0.00719	-0.00081	-0.00715	0.99997		-95.20630	-159.85163	-0.20403	-0.26159	0.40768	0.83223	0.33537	0.99987	-0.01452	-0.00712	0.01449	0.99988	-0.00457	0.00718	0.00446	0.99996	
11	0.05500	76.99059	-57.89727	0.64582	0.41240	0.05243	8.48845	0.96443	0.98905	-0.14761	-0.00092	0.14761	0.98902	0.00720	-0.00016	-0.00725	0.99997		-95.20594	-159.84370	-0.20417	-0.26281	0.41067	0.83527	0.29747	0.99987	-0.01458	-0.00717	0.01454	0.99988	-0.00459	0.00723	0.00448	0.99996	
12	0.06000	76.95093	-57.90070	0.64011	0.41472	0.05594	8.48870	0.96404	0.98904	-0.14761	-0.00098	0.14762	0.98902	0.00724	-0.00010	-0.00730	0.99997		-95.25246	-159.82997	-0.21593	-0.26237	0.41248	0.83411	0.30832	0.99987	-0.01456	-0.00720	0.01452	0.99988	-0.00458	0.00726	0.00447	0.99996	
13	0.06500	77.00350	-57.90620	0.65397	0.42074	0.05652	8.48400	0.96572	0.98906	-0.14753	-0.00099	0.14754	0.98903	0.00734	-0.00011	-0.00741	0.99997		-95.16448	-159.85912	-0.21276	-0.26384	0.40540	0.83318	0.29306	0.99987	-0.01454	-0.00708	0.01451	0.99988	-0.00460	0.00714	0.00450	0.99996	
14	0.07000	76.96963	-57.92395	0.67950	0.41845	0.06456	8.49094	0.96329	0.98904	-0.14765	-0.00113	0.14766	0.98901	0.00730	0.00004	-0.00739	0.99997		-95.20237	-159.85760	-0.22046	-0.26707	0.40755	0.83329	0.30723	0.99987	-0.01454	-0.00711	0.01451	0.99988	-0.00466	0.00718	0.00456	0.99996	
15	0.07500	76.92679	-57.92265	0.67388	0.42344	0.06433	8.48956	0.97979	0.98904	-0.14763	-0.00112	0.14763	0.98901	0.00739	0.00002	-0.00748	0.99997		-95.17661	-159.84798	-0.22442	-0.27009	0.40015	0.83402	0.32524	0.99987	-0.01456	-0.00698	0.01452	0.99988	-0.00471	0.00705	0.00461	0.99996	
16	0.08000	77.14280	-57.91553	0.31658	0.43259	0.00040	8.48854	1.36120	0.98905	-0.14761	-0.00001	0.14761	0.98902	0.00755	-0.00111	-0.00747	0.99997		-95.12102	-159.87333	-0.21636	-0.27116	0.39591	0.83650	0.30418	0.99987	-0.01460	-0.00691	0.01457	0.99988	-0.00473	0.00698	0.00463	0.99996	
17	0.08500	77.02660	-57.90019	0.45269	0.43620	0.04118	8.48808	1.20599	0.98905	-0.14760	-0.00072	0.14760	0.98902	0.00761	-0.00041	-0.00764	0.99997		-95.15534	-159.83688	-0.24146	-0.26834	0.39790	0.83121	0.31848	0.99987	-0.01451	-0.00694	0.01447	0.99988	-0.00468	0.00701	0.00458	0.99996	
18	0.09000	76.94567	-57.88502	0.67230	0.43775	0.07630	8.49189	0.98612	0.98904	-0.14767	-0.00133	0.14768	0.98901	0.00764	0.00019	-0.00775	0.99997		-95.15101	-159.84352	-0.23708	-0.26984	0.39694	0.83150	0.31924	0.99987	-0.01451	-0.00693	0.01448	0.99988	-0.00471	0.00700	0.00461	0.99996	
19	0.09500	76.93857	-57.89471	0.67950	0.44245	0.07685	8.48616	0.96668	0.98905	-0.14757	-0.00134	0.14758	0.98902	0.00772	0.00019	-0.00784	0.99997		-95.13003	-159.84919	-0.22906	-0.27295	0.39699	0.83458	0.31449	0.99987	-0.01457	-0.00693	0.01453	0.99988	-0.00476	0.00700	0.00466	0.99996	
20	0.10000	77.06837	-57.88172	0.37243	0.44964	0.03244	8.48906	1.29100	0.98904	-0.14762	-0.00057	0.14762	0.98901	0.00785	-0.00060	-0.00785	0.99997		-95.13892	-159.86557	-0.24078	-0.27695	0.39437	0.83473	0.29950	0.99987	-0.01457	-0.00688	0.01453	0.99988	-0.00483	0.00695	0.00473	0.99996	
21	0.10500	76.95119	-57.87817	0.67669	0.45101	0.08211	8.49074	0.98249	0.98904	-0.14765	-0.00143	0.14766	0.98901	0.00787	0.00026	-0.00800	0.99997		-95.12636	-159.85868	-0.24096	-0.27634	0.39401	0.83653	0.29075	0.99987	-0.01460	-0.00688	0.01457	0.99988	-0.00482	0.00695	0.00472	0.99996	
22	0.11000	77.00674	-57.87047	0.46656	0.45589	0.06621	8.48988	1.19470	0.98904	-0.14763	-0.00116	0.14764	0.98901	0.00796	-0.00003	-0.00804	0.99997		-95.10482	-159.85242	-0.24536	-0.27777	0.39184	0.83483	0.31397	0.99987	-0.01457	-0.00684	0.01454	0.99988	-0.00485	0.00691	0.00475	0.99996	
23	0.11500	76.89421	-57.86319	0.67478	0.45961	0.09485	8.48957	0.97413	0.98904	-0.14763	-0.00166	0.14764	0.98901	0.00802	0.00045	-0.00818	0.99997		-95.09933	-159.84056	-0.25362	-0.27827	0.38887	0.83419	0.30119	0.99987	-0.01456	-0.00679	0.01453	0.99988	-0.00486	0.00686	0.00476	0.99997	
24	0.12000	76.92005	-57.86710	0.68811	0.46402	0.09491	8.49362	0.98514	0.98903	-0.14770	-0.00166	0.14771	0.98900	0.00810	0.00044	-0.00825	0.99997		-95.09365	-159.86254	-0.26550	-0.28237	0.38487	0.83785	0.30954	0.99987	-0.01462	-0.00672	0.01459	0.99988	-0.00493	0.00679	0.00483	0.99997	
25	0.12500	76.91337	-57.87037	0.68844	0.46692	0.10322	8.49225	0.97500	0.98903	-0.14768	-0.00180	0.14769	0.98900	0.00815	0.00058	-0.00833	0.99997		-95.05494	-159.87214	-0.26157	-0.28416	0.38071	0.83471	0.30419	0.99987	-0.01457	-0.00664	0.01453	0.99988	-0.00496	0.00672	0.00486	0.99997	
26	0.13000	77.00452	-57.84504	0.44498	0.47418	0.06592	8.49248	1.22959	0.98903	-0.14768	-0.00115	0.14768	0.98900	0.00828	-0.00008	-0.00836	0.99997		-95.07228	-159.87055	-0.26522	-0.28612	0.38041	0.83317	0.31217	0.99987	-0.01454	-0.00664	0.01451	0.99988	-0.00499	0.00671	0.00490	0.99997	
27	0.13500	77.01036	-57.84996	0.45986	0.48013	0.07622	8.48733	1.18698	0.98905	-0.14759	-0.00133	0.14760	0.98901	0.00838	0.00008	-0.00848	0.99996		-95.05227	-159.86466	-0.27840	-0.28443	0.38046	0.83029	0.30645	0.99987	-0.01449	-0.00664	0.01446	0.99988	-0.00496	0.00671	0.00487	0.99997	
28	0.14000	76.91019	-57.84088	0.67683	0.48192	0.10861	8.49185	0.98287	0.98904	-0.14767	-0.00190	0.14768	0.98900	0.00841	0.00063	-0.00860	0.99996		-95.05025	-159.87872	-0.27349	-0.28791	0.37528	0.83293	0.30173	0.99987	-0.01454	-0.00655	0.01450	0.99988	-0.00502	0.00662	0.00493	0.99997	
29	0.14500	76.92508	-57.82161	0.68723	0.48664	0.10786	8.49600	0.99337	0.98902	-0.14774	-0.00188	0.14775	0.98899	0.00849	0.00061	-0.00868	0.99996		-95.05929	-159.85652	-0.28599	-0.28606	0.37562	0.83076	0.31973	0.99987	-0.01450	-0.00656	0.01447	0.99988	-0.00499	0.00663	0.00490	0.99997	
30	0.15000	76.96768	-57.83829	0.47877	0.48961	0.08873	8.49031	1.18552	0.98904	-0.14764	-0.00155	0.14765	0.98900	0.00855	0.00027	-0.00868	0.99996		-95.01903	-159.88621	-0.29416	-0.29040	0.37058	0.83369	0.31389	0.99987	-0.01455	-0.00647	0.01452	0.99988	-0.00507	0.00654	0.00497	0.99997	
31	0.15500	76.97197	-57.81598	0.46304	0.49635	0.08465	8.48975	1.20666	0.98904	-0.14763	-0.00148	0.14764	0.98900	0.00866	0.00018	-0.00879	0.99996		-95.03987	-159.87795	-0.28963	-0.29087	0.37112	0.83186	0.32173	0.99987	-0.01452	-0.00648	0.01449	0.99988	-0.00508	0.00655	0.00498	0.99997	
32	0.16000	76.98497	-57.82573	0.44500	0.49917	0.08680	8.48958	1.19889	0.98904	-0.14763	-0.00151	0.14764	0.98900	0.00871	0.00021	-0.00884	0.99996		-95.01789	-159.88347	-0.31066	-0.29301	0.36842	0.83336	0.30127	0.99987	-0.01454	-0.00643	0.01451	0.99988	-0.00511	0.00650	0.00502	0.99997	
33	0.16500	76.91731	-57.79254	0.66499	0.50557	0.12095	8.49365	0.97725	0.98903	-0.14770	-0.00211	0.14771	0.98899	0.00882	0.00078	-0.00904	0.99996		-94.99737	-159.88243	-0.31076	-0.29266	0.36372	0.83258	0.31504	0.99987	-0.01453	-0.00635	0.01450	0.99988	-0.00511	0.00642	0.00502	0.99997	
34	0.17000	76.94373	-57.79362	0.44926	0.50953	0.09451	8.49075	1.19595	0.98904	-0.14765	-0.00165	0.14766	0.98900	0.00889	0.00032	-0.00904	0.99996		-95.00178	-159.88359	-0.31030	-0.29498	0.36531	0.83214	0.29606	0.99987	-0.01452	-0.00638	0.01449	0.99988	-0.00515	0.00645	0.00506	0.99997	
35	0.17500	77.03066	-57.77066	0.40964	0.51791	0.08152	8.49065	1.23336	0.98904	-0.14765	-0.00142	0.14765	0.98900	0.00904	0.00007	-0.00915	0.99996		-94.98170	-159.88979	-0.32295	-0.29635	0.36032	0.83237	0.31499	0.99987	-0.01453	-0.00629	0.01449	0.99988	-0.00517	0.00636	0.00508	0.99997	
36	0.18000	76.88904	-57.78900	0.65183	0.51565	0.12872	8.49755	0.99316	0.98902	-0.14777	-0.00225	0.14778	0.98898	0.00900	0.00089	-0.00923	0.99996		-95.00278	-159.89254	-0.32681	-0.29726	0.36046	0.83234	0.33032	0.99987	-0.01453	-0.00629	0.01449	0.99988	-0.00519	0.00637	0.00510	0.99997	
37	0.18500	76.94763	-57.75946	0.45161	0.52263	0.10260	8.49198	1.18126	0.98903	-0.14767	-0.00179	0.14768	0.98899	0.00912	0.00042	-0.00929	0.99996		-94.97759	-159.86926	-0.33544	-0.29577	0.36028	0.83224	0.32495	0.99987	-0.01452	-0.00629	0.01449	0.99988	-0.00516	0.00636	0.00507	0.99997	
38	0.19000	76.99738	-57.73674	0.42413	0.53072	0.09452	8.48937	1.20726	0.98904	-0.14763	-0.00165	0.14763	0.98900	0.00926	0.00026	-0.00940	0.99996		-94.95318	-159.88210	-0.34353	-0.29771	0.35210	0.83227	0.30225	0.99988	-0.01453	-0.00615	0.01449	0.99988	-0.00520	0.00622	0.00511	0.99997	
39	0.19500	76.98397	-57.73572	0.38547	0.53357	0.09225	8.49296	1.23402	0.98903	-0.14769	-0.00161	0.14770	0.98899	0.00931	0.00022	-0.00945	0.99996		-94.95749	-159.89484	-0.33937	-0.29946	0.35519	0.83221	0.31511	0.99988	-0.01452	-0.00620	0.01449	0.99988	-0.00523	0.00627	0.00514	0.99997	
40	0.20000	76.99470	-57.73198	0.42384	0.53728	0.10223	8.48975	1.19650	0.98904	-0.14763	-0.00178	0.14764	0.98900	0.00938	0.00038	-0.00954	0.99995		-94.95312	-159.89419	-0.34331	-0.30044	0.35207	0.83270	0.30316	0.99988	-0.01453	-0.00614	0.01450	0.99988	-0.00524	0.00622	0.00515	0.99997	
41	0.20500	76.97300	-57.72733	0.40247	0.54009	0.09566	8.49315	1.21972	0.98903	-0.14769	-0.00167	0.14770	0.98899	0.00943	0.00026	-0.00957	0.99995		-94.94598	-159.89558	-0.36412	-0.30071	0.35036	0.83287	0.30333	0.99988	-0.01454	-0.00611	0.01450	0.99988	-0.00525	0.00619	0.00516	0.99997	
42	0.21000	76.89342	-57.71971	0.62759	0.54391	0.14063	8.49145	0.99017	0.98903	-0.14766	-0.00245	0.14768	0.98899	0.00949	0.00103	-0.00975	0.99995		-94.94182	-159.89309	-0.36818	-0.29914	0.34695	0.83104	0.31305	0.99988	-0.01450	-0.00606	0.01447	0.99988	-0.00522	0.00613	0.00513	0.99997	
43	0.21500	76.89852	-57.71377	0.61750	0.54890	0.13634	8.48921	0.98796	0.98904	-0.14762	-0.00238	0.14764	0.98899	0.00958	0.00094	-0.00983	0.99995		-94.94559	-159.89356	-0.38048	-0.30040	0.34560	0.82846	0.32189	0.99988	-0.01446	-0.00603	0.01443	0.99988	-0.00524	0.00611	0.00516	0.99997	
44	0.22000	77.02213	-57.69765	0.39065	0.55418	0.10266	8.48817	1.20987	0.98904	-0.14760	-0.00179	0.14762	0.98900	0.00967	0.00034	-0.00983	0.99995		-94.93829	-159.89501	-0.38041	-0.30069	0.34394	0.82866	0.32166	0.99988	-0.01446	-0.00600	0.01443	0.99988	-0.00525	0.00608	0.00516	0.99997	
45	0.22500	76.98165	-57.66711	0.42085	0.55995	0.11258	8.49077	1.18695	0.98904	-0.14765	-0.00196	0.14766	0.98899	0.00977	0.00050	-0.00996	0.99995		-94.91521	-159.90111	-0.38467	-0.30185	0.34327	0.83362	0.30420	0.99988	-0.01455	-0.00599	0.01452	0.99988	-0.00527	0.00607	0.00518	0.99997	
46	0.23000	76.93208	-57.68388	0.56257	0.55908	0.13735	8.49506	1.04395	0.98903	-0.14772	-0.00240	0.14774	0.98898	0.00976	0.00093	-0.01000	0.99995		-94.92629	-159.89794	-0.40138	-0.30227	0.34359	0.83374	0.29212	0.99988	-0.01455	-0.00600	0.01452	0.99988	-0.00528	0.00607	0.00519	0.99997	
47	0.23500	76.95110	-57.67831	0.56868	0.56268	0.13765	8.49143	1.03286	0.98904	-0.14766	-0.00240	0.14768	0.98899	0.00982	0.00093	-0.01007	0.99995		-94.91178	-159.89593	-0.39307	-0.30063	0.34248	0.83350	0.30375	0.99988	-0.01455	-0.00598	0.01452	0.99988	-0.00525	0.00605	0.00516	0.99997	
48	0.24000	76.86405	-57.67754	0.56230	0.56582	0.14479	8.48893	1.02865	0.98904	-0.14762	-0.00253	0.14764	0.98899	0.00988	0.00104	-0.01014	0.99995		-94.90322	-159.90720	-0.40080	-0.30331	0.33582	0.82967	0.32361	0.99988	-0.01448	-0.00586	0.01445	0.99988	-0.00529	0.00594	0.00521	0.99997	
49	0.24500	76.92762	-57.63567	0.59873	0.57408	0.14564	8.48902	0.98898	0.98904	-0.14762	-0.00254	0.14764	0.98899	0.01002	0.00103	-0.01028	0.99995		-94.92463	-159.91604	-0.40475	-0.30451	0.33807	0.83538	0.30929	0.99988	-0.01458	-0.00590	0.01455	0.99988	-0.00531	0.00598	0.00523	0.99997	
50	0.25000	76.93829	-57.62268	0.55903	0.57561	0.13862	8.49426	1.04897	0.98903	-0.14771	-0.00242	0.14773	0.98898	0.01005	0.00091	-0.01029	0.99995		-94.89634	-159.91612	-0.40937	-0.30216	0.33585	0.83414	0.32174	0.99988	-0.01456	-0.00586	0.01453	0.99988	-0.00527	0.00594	0.00519	0.99997	
51	0.25500	76.94505	-57.63986	0.54521	0.57866	0.13557	8.49209	1.04082	0.98903	-0.14767	-0.00237	0.14769	0.98898	0.01010	0.00085	-0.01034	0.99995		-94.88707	-159.89796	-0.41383	-0.30090	0.33677	0.82942	0.30776	0.99988	-0.01448	-0.00588	0.01444	0.99988	-0.00525	0.00595	0.00517	0.99997	
52	0.26000	76.93794	-57.63923	0.54300	0.58071	0.13913	8.48907	1.04396	0.98904	-0.14762	-0.00243	0.14764	0.98899	0.01014	0.00091	-0.01038	0.99995		-94.90943	-159.92132	-0.41731	-0.30244	0.33639	0.83337	0.31807	0.99988	-0.01454	-0.00587	0.01451	0.99988	-0.00528	0.00595	0.00519	0.99997	
53	0.26500	76.90847	-57.56244	0.61903	0.59423	0.14420	8.48006	0.99635	0.98906	-0.14746	-0.00252	0.14748	0.98901	0.01037	0.00096	-0.01063	0.99994		-94.89610	-159.91151	-0.41757	-0.30221	0.33358	0.83144	0.33011	0.99988	-0.01451	-0.00582	0.01448	0.99988	-0.00527	0.00590	0.00519	0.99997	
54	0.27000	76.90125	-57.60460	0.53362	0.58763	0.14350	8.48928	1.03632	0.98904	-0.14762	-0.00250	0.14764	0.98899	0.01026	0.00096	-0.01051	0.99994		-94.88708	-159.92461	-0.42602	-0.30279	0.33610	0.82900	0.30667	0.99988	-0.01447	-0.00587	0.01444	0.99988	-0.00528	0.00594	0.00520	0.99997	
55	0.27500	76.91230	-57.54788	0.54423	0.60259	0.13144	8.47838	1.03646	0.98907	-0.14744	-0.00229	0.14745	0.98901	0.01052	0.00072	-0.01074	0.99994		-94.91061	-159.92660	-0.43358	-0.30385	0.33193	0.83106	0.31502	0.99988	-0.01450	-0.00579	0.01447	0.99988	-0.00530	0.00587	0.00522	0.99997	
56	0.28000	76.94534	-57.58697	0.53234	0.59419	0.14143	8.48927	1.02438	0.98904	-0.14762	-0.00247	0.14764	0.98899	0.01037	0.00091	-0.01062	0.99994		-94.89681	-159.91983	-0.43011	-0.30088	0.33566	0.83151	0.31243	0.99988	-0.01451	-0.00586	0.01448	0.99988	-0.00525	0.00593	0.00517	0.99997	
57	0.28500	76.89047	-57.53760	0.56268	0.60825	0.13189	8.47580	1.04039	0.98908	-0.14739	-0.00230	0.14741	0.98902	0.01062	0.00071	-0.01084	0.99994		-94.91526	-159.92277	-0.44192	-0.30199	0.33049	0.82902	0.32396	0.99988	-0.01447	-0.00577	0.01444	0.99988	-0.00527	0.00584	0.00519	0.99997	
58	0.29000	76.89171	-57.52280	0.55093	0.61134	0.13168	8.47584	1.03936	0.98908	-0.14739	-0.00230	0.14741	0.98902	0.01067	0.00070	-0.01089	0.99994		-94.90580	-159.93856	-0.45019	-0.30437	0.33041	0.82768	0.32039	0.99988	-0.01444	-0.00577	0.01441	0.99988	-0.00531	0.00584	0.00523	0.99997	
59	0.29500	76.93345	-57.54127	0.55859	0.61215	0.13103	8.47253	1.02623	0.98908	-0.14733	-0.00229	0.14735	0.98903	0.01068	0.00069	-0.01090	0.99994		-94.87716	-159.93362	-0.45092	-0.30183	0.33065	0.83105	0.30152	0.99988	-0.01450	-0.00577	0.01447	0.99988	-0.00527	0.00585	0.00518	0.99997	
60	0.30000	76.87567	-57.51704	0.59751	0.61588	0.14197	8.47322	0.97717	0.98908	-0.14735	-0.00248	0.14736	0.98902	0.01075	0.00087	-0.01100	0.99994		-94.89897	-159.93284	-0.46308	-0.30188	0.33101	0.83014	0.31099	0.99988	-0.01449	-0.00578	0.01446	0.99988	-0.00527	0.00585	0.00518	0.99997	
61	0.30500	76.91506	-57.51086	0.55038	0.61789	0.13429	8.47300	1.02279	0.98908	-0.14734	-0.00234	0.14736	0.98902	0.01078	0.00073	-0.01101	0.99994		-94.87859	-159.94364	-0.45918	-0.30198	0.33058	0.82911	0.32361	0.99988	-0.01447	-0.00577	0.01444	0.99988	-0.00527	0.00585	0.00519	0.99997	
62	0.31000	76.96644	-57.50621	0.53298	0.62058	0.12290	8.47489	1.03896	0.98908	-0.14738	-0.00214	0.14739	0.98902	0.01083	0.00053	-0.01103	0.99994		-94.89950	-159.91625	-0.46782	-0.29694	0.33340	0.82914	0.32142	0.99988	-0.01447	-0.00582	0.01444	0.99988	-0.00518	0.00589	0.00510	0.99997	
63	0.31500	76.91300	-57.49378	0.53796	0.62264	0.13071	8.47608	1.02300	0.98907	-0.14740	-0.00228	0.14741	0.98902	0.01087	0.00065	-0.01108	0.99994		-94.86095	-159.92591	-0.48476	-0.29872	0.32922	0.82600	0.31660	0.99988	-0.01442	-0.00575	0.01439	0.99988	-0.00521	0.00582	0.00513	0.99997	
64	0.32000	76.93723	-57.49917	0.53950	0.62222	0.12843	8.47564	1.02423	0.98908	-0.14739	-0.00224	0.14740	0.98902	0.01086	0.00062	-0.01107	0.99994		-94.86892	-159.92442	-0.47646	-0.29843	0.33106	0.82581	0.31623	0.99988	-0.01441	-0.00578	0.01438	0.99988	-0.00521	0.00585	0.00512	0.99997	
65	0.32500	76.96543	-57.49083	0.52782	0.62622	0.12168	8.47368	1.02905	0.98908	-0.14735	-0.00212	0.14737	0.98902	0.01093	0.00049	-0.01112	0.99994		-94.87106	-159.93296	-0.48442	-0.29952	0.32882	0.82891	0.32305	0.99988	-0.01447	-0.00574	0.01444	0.99988	-0.00523	0.00581	0.00514	0.99997	
66	0.33000	76.94399	-57.48726	0.52682	0.62765	0.12395	8.47445	1.03763	0.98908	-0.14737	-0.00216	0.14738	0.98902	0.01095	0.00053	-0.01115	0.99994		-94.86209	-159.93700	-0.48460	-0.29920	0.32896	0.82714	0.31778	0.99988	-0.01444	-0.00574	0.01441	0.99988	-0.00522	0.00582	0.00514	0.99997	
67	0.33500	76.91300	-57.49840	0.53390	0.62738	0.12734	8.47763	1.03790	0.98907	-0.14742	-0.00222	0.14744	0.98901	0.01095	0.00058	-0.01116	0.99994		-94.83758	-159.94714	-0.48464	-0.30028	0.32539	0.82661	0.31864	0.99988	-0.01443	-0.00568	0.01440	0.99988	-0.00524	0.00575	0.00516	0.99997	
68	0.34000	76.92506	-57.48473	0.51539	0.63077	0.12260	8.47070	1.02875	0.98909	-0.14730	-0.00214	0.14732	0.98903	0.01101	0.00049	-0.01120	0.99994		-94.87065	-159.93567	-0.48887	-0.29891	0.33093	0.82697	0.31720	0.99988	-0.01443	-0.00578	0.01440	0.99988	-0.00522	0.00585	0.00513	0.99997	
69	0.34500	76.92366	-57.47188	0.52120	0.63208	0.12159	8.47123	1.03004	0.98909	-0.14731	-0.00212	0.14733	0.98903	0.01103	0.00047	-0.01122	0.99994		-94.87365	-159.93346	-0.50130	-0.29837	0.33181	0.82329	0.30792	0.99988	-0.01437	-0.00579	0.01434	0.99988	-0.00521	0.00587	0.00512	0.99997	
70	0.35000	76.92076	-57.48174	0.51003	0.63070	0.12180	8.46825	1.02305	0.98910	-0.14726	-0.00213	0.14728	0.98903	0.01101	0.00048	-0.01120	0.99994		-94.87551	-159.92927	-0.49776	-0.29516	0.33633	0.82875	0.31982	0.99988	-0.01446	-0.00587	0.01443	0.99988	-0.00515	0.00594	0.00507	0.99997	
71	0.35500	76.93121	-57.47758	0.55872	0.63306	0.12681	8.47181	0.97977	0.98909	-0.14732	-0.00221	0.14734	0.98902	0.01105	0.00056	-0.01125	0.99994		-94.85027	-159.95129	-0.50601	-0.29895	0.33256	0.82863	0.32216	0.99988	-0.01446	-0.00580	0.01443	0.99988	-0.00522	0.00588	0.00513	0.99997	
72	0.36000	76.91696	-57.48389	0.50971	0.63386	0.11898	8.47316	1.02706	0.98908	-0.14735	-0.00208	0.14736	0.98902	0.01106	0.00042	-0.01125	0.99994		-94.86743	-159.94985	-0.51827	-0.29773	0.33407	0.82755	0.31806	0.99988	-0.01444	-0.00583	0.01441	0.99988	-0.00520	0.00590	0.00511	0.99997	
73	0.36500	76.93886	-57.47917	0.56123	0.63443	0.12335	8.47304	0.98172	0.98908	-0.14734	-0.00215	0.14736	0.98902	0.01107	0.00050	-0.01127	0.99994		-94.85958	-159.95165	-0.51003	-0.29604	0.33198	0.82577	0.30025	0.99988	-0.01441	-0.00579	0.01438	0.99988	-0.00517	0.00587	0.00508	0.99997	
74	0.37000	76.97592	-57.48915	0.49745	0.63440	0.11202	8.46956	1.02088	0.98909	-0.14728	-0.00196	0.14730	0.98903	0.01107	0.00030	-0.01124	0.99994		-94.83572	-159.94137	-0.50665	-0.29631	0.33412	0.82366	0.30961	0.99988	-0.01437	-0.00583	0.01434	0.99988	-0.00517	0.00591	0.00509	0.99997	
75	0.37500	76.92367	-57.47564	0.49542	0.63453	0.11254	8.47503	1.03332	0.98908	-0.14738	-0.00196	0.14739	0.98902	0.01107	0.00031	-0.01124	0.99994		-94.85846	-159.95364	-0.51845	-0.29739	0.33420	0.82579	0.31271	0.99988	-0.01441	-0.00583	0.01438	0.99988	-0.00519	0.00591	0.00511	0.99997	
76	0.38000	76.98425	-57.46960	0.48654	0.63728	0.10417	8.47619	1.04778	0.98908	-0.14740	-0.00182	0.14741	0.98901	0.01112	0.00016	-0.01127	0.99994		-94.84203	-159.95544	-0.50662	-0.29637	0.33722	0.82896	0.31993	0.99988	-0.01447	-0.00589	0.01444	0.99988	-0.00517	0.00596	0.00509	0.99997	
77	0.38500	76.94166	-57.47404	0.50230	0.63349	0.11124	8.47352	1.02451	0.98908	-0.14735	-0.00194	0.14736	0.98902	0.01106	0.00029	-0.01122	0.99994		-94.85423	-159.96651	-0.51491	-0.29689	0.33958	0.82708	0.31643	0.99988	-0.01443	-0.00593	0.01440	0.99988	-0.00518	0.00600	0.00510	0.99997	
78	0.39000	76.98344	-57.47996	0.53762	0.63588	0.10835	8.47323	0.99034	0.98908	-0.14735	-0.00189	0.14736	0.98902	0.01110	0.00023	-0.01126	0.99994		-94.87887	-159.96104	-0.52291	-0.29801	0.34094	0.82821	0.30400	0.99988	-0.01445	-0.00595	0.01442	0.99988	-0.00520	0.00602	0.00511	0.99997	
79	0.39500	77.01609	-57.47177	0.50672	0.63373	0.09860	8.47463	1.03994	0.98908	-0.14737	-0.00172	0.14738	0.98902	0.01106	0.00007	-0.01119	0.99994		-94.86932	-159.94906	-0.51100	-0.29499	0.34364	0.82473	0.30934	0.99988	-0.01439	-0.00600	0.01436	0.99988	-0.00515	0.00607	0.00506	0.99997	
80	0.40000	76.97269	-57.46586	0.54251	0.63347	0.10565	8.47227	0.98971	0.98909	-0.14733	-0.00184	0.14734	0.98902	0.01106	0.00019	-0.01121	0.99994		-94.83272	-159.96294	-0.51942	-0.29689	0.33710	0.82804	0.32076	0.99988	-0.01445	-0.00588	0.01442	0.99988	-0.00518	0.00596	0.00510	0.99997	
81	0.40500	77.01055	-57.47674	0.47317	0.63226	0.09448	8.47413	1.03535	0.98908	-0.14736	-0.00165	0.14737	0.98902	0.01103	0.00000	-0.01116	0.99994		-94.86022	-159.95655	-0.51959	-0.29550	0.34360	0.82381	0.30931	0.99988	-0.01438	-0.00600	0.01435	0.99988	-0.00516	0.00607	0.00507	0.99997	
82	0.41000	76.99186	-57.48459	0.48341	0.63152	0.09431	8.47641	1.03873	0.98908	-0.14740	-0.00165	0.14741	0.98901	0.01102	0.00000	-0.01114	0.99994		-94.86612	-159.96582	-0.50688	-0.29561	0.34448	0.82641	0.32825	0.99988	-0.01442	-0.00601	0.01439	0.99988	-0.00516	0.00609	0.00507	0.99997	
83	0.41500	76.96395	-57.47975	0.50084	0.63149	0.09475	8.47273	1.02775	0.98908	-0.14734	-0.00165	0.14735	0.98902	0.01102	0.00001	-0.01114	0.99994		-94.85967	-159.96127	-0.50304	-0.29546	0.34565	0.82651	0.30154	0.99988	-0.01442	-0.00603	0.01439	0.99988	-0.00516	0.00611	0.00507	0.99997	
84	0.42000	76.95751	-57.49688	0.48968	0.62785	0.08952	8.47262	1.03444	0.98909	-0.14734	-0.00156	0.14734	0.98902	0.01096	-0.00007	-0.01107	0.99994		-94.88706	-159.95966	-0.51107	-0.29639	0.34961	0.82899	0.31868	0.99988	-0.01447	-0.00610	0.01444	0.99988	-0.00517	0.00618	0.00508	0.99997	
85	0.42500	76.95641	-57.47225	0.53316	0.62917	0.09751	8.47373	0.99156	0.98908	-0.14736	-0.00170	0.14737	0.98902	0.01098	0.00007	-0.01111	0.99994		-94.87866	-159.95696	-0.50351	-0.29332	0.35214	0.82102	0.31554	0.99988	-0.01433	-0.00615	0.01430	0.99988	-0.00512	0.00622	0.00503	0.99997	
86	0.43000	77.01325	-57.50161	0.48408	0.62403	0.08272	8.47688	1.03501	0.98907	-0.14741	-0.00144	0.14742	0.98901	0.01089	-0.00018	-0.01099	0.99994		-94.87810	-159.95439	-0.49956	-0.29370	0.35453	0.82275	0.30570	0.99988	-0.01436	-0.00619	0.01433	0.99988	-0.00513	0.00626	0.00504	0.99997	
87	0.43500	77.01772	-57.50254	0.47328	0.62559	0.07911	8.47301	1.03136	0.98908	-0.14734	-0.00138	0.14735	0.98902	0.01092	-0.00024	-0.01100	0.99994		-94.87184	-159.95804	-0.50356	-0.29456	0.35307	0.82757	0.30329	0.99988	-0.01444	-0.00616	0.01441	0.99988	-0.00514	0.00624	0.00505	0.99997	
88	0.44000	77.03033	-57.49148	0.48826	0.62603	0.07443	8.47264	1.04334	0.98909	-0.14734	-0.00130	0.14734	0.98903	0.01093	-0.00033	-0.01100	0.99994		-94.86227	-159.96362	-0.48708	-0.29557	0.35557	0.82584	0.30971	0.99988	-0.01441	-0.00621	0.01438	0.99988	-0.00516	0.00628	0.00507	0.99997	
89	0.44500	76.97810	-57.49597	0.55491	0.62195	0.08486	8.47351	0.98904	0.98908	-0.14735	-0.00148	0.14736	0.98902	0.01085	-0.00013	-0.01095	0.99994		-94.87646	-159.94913	-0.48744	-0.29228	0.35893	0.82507	0.30901	0.99988	-0.01440	-0.00626	0.01437	0.99988	-0.00510	0.00634	0.00501	0.99997	
90	0.45000	77.01013	-57.51770	0.49240	0.61814	0.07414	8.47352	1.03217	0.98908	-0.14735	-0.00129	0.14736	0.98902	0.01079	-0.00031	-0.01086	0.99994		-94.90004	-159.97029	-0.49525	-0.29540	0.35900	0.82827	0.30421	0.99988	-0.01446	-0.00627	0.01442	0.99988	-0.00516	0.00634	0.00506	0.99997	
91	0.45500	76.99205	-57.51788	0.49273	0.61732	0.07329	8.47810	1.04234	0.98907	-0.14743	-0.00128	0.14744	0.98901	0.01077	-0.00032	-0.01084	0.99994		-94.88530	-159.97083	-0.48303	-0.29520	0.36038	0.82641	0.31142	0.99988	-0.01442	-0.00629	0.01439	0.99988	-0.00515	0.00636	0.00506	0.99997	
92	0.46000	77.02509	-57.51141	0.54868	0.61607	0.07122	8.47247	0.98868	0.98909	-0.14733	-0.00124	0.14734	0.98903	0.01075	-0.00035	-0.01082	0.99994		-94.90530	-159.95757	-0.47522	-0.29317	0.36760	0.82440	0.32032	0.99988	-0.01439	-0.00642	0.01436	0.99988	-0.00512	0.00649	0.00502	0.99997	
93	0.46500	77.03440	-57.51486	0.50797	0.61341	0.06253	8.47757	1.03537	0.98907	-0.14742	-0.00109	0.14743	0.98902	0.01071	-0.00050	-0.01075	0.99994		-94.90893	-159.95095	-0.48370	-0.29166	0.36846	0.82410	0.31988	0.99988	-0.01438	-0.00643	0.01435	0.99988	-0.00509	0.00650	0.00500	0.99997	
94	0.47000	77.05987	-57.52959	0.48876	0.60817	0.06073	8.47370	1.03697	0.98908	-0.14736	-0.00106	0.14736	0.98903	0.01061	-0.00052	-0.01065	0.99994		-94.90447	-159.95754	-0.46265	-0.29317	0.36745	0.82442	0.32066	0.99988	-0.01439	-0.00641	0.01436	0.99988	-0.00512	0.00649	0.00502	0.99997	
95	0.47500	77.04497	-57.52555	0.50579	0.60825	0.05927	8.47598	1.03193	0.98908	-0.14739	-0.00103	0.14740	0.98902	0.01062	-0.00054	-0.01065	0.99994		-94.92147	-159.97252	-0.45393	-0.29463	0.37106	0.82644	0.31001	0.99988	-0.01442	-0.00648	0.01439	0.99988	-0.00514	0.00655	0.00505	0.99997	
96	0.48000	77.04164	-57.53695	0.50297	0.60314	0.05772	8.47294	1.02559	0.98909	-0.14734	-0.00101	0.14734	0.98903	0.01053	-0.00055	-0.01056	0.99994		-94.90772	-159.95063	-0.45441	-0.29166	0.36827	0.82412	0.32044	0.99988	-0.01438	-0.00643	0.01435	0.99988	-0.00509	0.00650	0.00500	0.99997	
97	0.48500	77.08699	-57.52110	0.52573	0.60302	0.05125	8.47638	1.03358	0.98908	-0.14740	-0.00089	0.14740	0.98902	0.01052	-0.00067	-0.01054	0.99994		-94.90157	-159.94986	-0.45061	-0.29118	0.37154	0.82209	0.32724	0.99988	-0.01435	-0.00648	0.01431	0.99988	-0.00508	0.00656	0.00499	0.99997	
98	0.49000	77.06386	-57.54230	0.52367	0.59935	0.04763	8.47481	1.03393	0.98908	-0.14737	-0.00083	0.14738	0.98903	0.01046	-0.00072	-0.01047	0.99994		-94.88197	-159.98005	-0.44635	-0.29480	0.36875	0.82475	0.30834	0.99988	-0.01439	-0.00644	0.01436	0.99988	-0.00515	0.00651	0.00505	0.99997	
99	0.49500	77.03061	-57.57054	0.50903	0.59397	0.04534	8.48030	1.04754	0.98907	-0.14747	-0.00079	0.14747	0.98901	0.01037	-0.00075	-0.01037	0.99995		-94.89859	-159.96017	-0.45506	-0.29250	0.37283	0.82766	0.30342	0.99987	-0.01444	-0.00651	0.01441	0.99988	-0.00510	0.00658	0.00501	0.99997	
100	0.50000	76.98560	-57.57215	0.56162	0.58807	0.05821	8.48210	0.98599	0.98906	-0.14750	-0.00102	0.14750	0.98901	0.01026	-0.00051	-0.01030	0.99995		-94.90993	-159.96650	-0.42560	-0.29307	0.37302	0.82584	0.31306	0.99987	-0.01441	-0.00651	0.01438	0.99988	-0.00511	0.00658	0.00502	0.99997	
101	0.50500	77.02786	-57.58880	0.51307	0.58590	0.03942	8.47808	1.03626	0.98907	-0.14743	-0.00069	0.14743	0.98902	0.01023	-0.00083	-0.01022	0.99995		-94.88789	-159.96463	-0.42163	-0.29441	0.37309	0.82515	0.29752	0.99988	-0.01440	-0.00651	0.01437	0.99988	-0.00514	0.00658	0.00504	0.99997	
102	0.51000	77.06281	-57.57981	0.53284	0.58277	0.03535	8.48319	1.04834	0.98906	-0.14752	-0.00062	0.14752	0.98901	0.01017	-0.00089	-0.01015	0.99995		-94.89263	-159.95697	-0.41777	-0.28941	0.37612	0.82163	0.29961	0.99988	-0.01434	-0.00656	0.01431	0.99988	-0.00505	0.00664	0.00496	0.99997	
103	0.51500	77.07899	-57.60517	0.53541	0.57673	0.03295	8.48312	1.04727	0.98906	-0.14752	-0.00058	0.14752	0.98901	0.01007	-0.00092	-0.01004	0.99995		-94.89489	-159.94898	-0.40947	-0.29082	0.37476	0.81991	0.29832	0.99988	-0.01431	-0.00654	0.01428	0.99989	-0.00508	0.00661	0.00498	0.99997	
104	0.52000	77.03410	-57.59283	0.54541	0.57459	0.03401	8.48243	1.03419	0.98906	-0.14751	-0.00059	0.14750	0.98901	0.01003	-0.00089	-0.01001	0.99995		-94.91233	-159.94199	-0.40520	-0.28936	0.37887	0.82025	0.32381	0.99988	-0.01432	-0.00661	0.01428	0.99989	-0.00505	0.00668	0.00496	0.99997	
105	0.52500	77.04535	-57.61258	0.55148	0.57270	0.02652	8.47731	1.04442	0.98907	-0.14742	-0.00046	0.14741	0.98902	0.01000	-0.00102	-0.00995	0.99995		-94.89964	-159.94704	-0.39693	-0.29045	0.37589	0.82140	0.31619	0.99988	-0.01434	-0.00656	0.01430	0.99988	-0.00507	0.00663	0.00497	0.99997	
106	0.53000	77.06030	-57.61039	0.59876	0.56639	0.03184	8.48324	1.00118	0.98906	-0.14752	-0.00056	0.14752	0.98901	0.00989	-0.00091	-0.00986	0.99995		-94.88707	-159.96220	-0.38459	-0.29158	0.37731	0.82264	0.30284	0.99988	-0.01436	-0.00659	0.01432	0.99988	-0.00509	0.00666	0.00499	0.99997	
107	0.53500	77.03609	-57.61824	0.56040	0.56248	0.02561	8.48043	1.04037	0.98907	-0.14747	-0.00045	0.14747	0.98902	0.00982	-0.00101	-0.00978	0.99995		-94.91370	-159.96315	-0.38383	-0.29121	0.37621	0.82178	0.31357	0.99988	-0.01434	-0.00657	0.01431	0.99988	-0.00508	0.00664	0.00499	0.99997	
108	0.54000	77.09706	-57.62057	0.56642	0.56164	0.01656	8.48023	1.05908	0.98907	-0.14747	-0.00029	0.14746	0.98902	0.00980	-0.00116	-0.00974	0.99995		-94.90137	-159.94996	-0.36339	-0.29019	0.37388	0.81803	0.30852	0.99988	-0.01428	-0.00653	0.01424	0.99989	-0.00506	0.00660	0.00497	0.99997	
109	0.54500	77.11767	-57.63233	0.58097	0.55537	0.01357	8.48240	1.05828	0.98906	-0.14751	-0.00024	0.14750	0.98901	0.00969	-0.00120	-0.00962	0.99995		-94.92395	-159.96217	-0.35433	-0.29127	0.37399	0.82017	0.31121	0.99988	-0.01431	-0.00653	0.01428	0.99989	-0.00508	0.00660	0.00499	0.99997	
110	0.55000	77.06384	-57.71319	0.56794	0.53651	0.02632	8.49584	1.05488	0.98903	-0.14774	-0.00046	0.14774	0.98898	0.00936	-0.00093	-0.00933	0.99996		-94.91796	-159.96002	-0.34199	-0.29167	0.37526	0.81735	0.30507	0.99988	-0.01426	-0.00655	0.01423	0.99989	-0.00509	0.00662	0.00500	0.99997	
111	0.55500	77.05020	-57.64757	0.59913	0.54894	0.01347	8.47856	1.05269	0.98907	-0.14744	-0.00024	0.14743	0.98903	0.00958	-0.00118	-0.00951	0.99995		-94.89342	-159.95573	-0.33433	-0.29134	0.37677	0.81978	0.31096	0.99988	-0.01431	-0.00658	0.01427	0.99989	-0.00508	0.00665	0.00499	0.99997	
112	0.56000	77.10759	-57.71267	0.56327	0.53152	0.01340	8.49729	1.06568	0.98902	-0.14776	-0.00023	0.14776	0.98898	0.00928	-0.00114	-0.00921	0.99996		-94.92348	-159.96913	-0.31256	-0.29178	0.37610	0.81999	0.32409	0.99988	-0.01431	-0.00656	0.01428	0.99989	-0.00509	0.00664	0.00500	0.99997	
113	0.56500	77.06941	-57.72889	0.62420	0.52566	0.02271	8.49832	1.02508	0.98902	-0.14778	-0.00040	0.14778	0.98898	0.00917	-0.00096	-0.00913	0.99996		-94.91756	-159.96919	-0.30480	-0.29251	0.38207	0.82162	0.29974	0.99987	-0.01434	-0.00667	0.01431	0.99988	-0.00511	0.00674	0.00501	0.99996	
114	0.57000	77.06370	-57.73615	0.60406	0.52064	0.01562	8.50062	1.05851	0.98901	-0.14782	-0.00027	0.14782	0.98897	0.00909	-0.00107	-0.00903	0.99996		-94.92114	-159.97506	-0.28357	-0.29202	0.37771	0.81889	0.32431	0.99988	-0.01429	-0.00659	0.01426	0.99989	-0.00510	0.00666	0.00500	0.99997	
115	0.57500	77.08136	-57.74183	0.60040	0.51923	0.01400	8.50042	1.06186	0.98901	-0.14782	-0.00024	0.14781	0.98897	0.00906	-0.00110	-0.00900	0.99996		-94.93904	-159.96611	-0.27924	-0.29121	0.37973	0.81961	0.32291	0.99988	-0.01430	-0.00663	0.01427	0.99989	-0.00508	0.00670	0.00499	0.99997	
116	0.58000	77.07062	-57.77207	0.62095	0.51096	0.01357	8.50090	1.06157	0.98901	-0.14782	-0.00024	0.14782	0.98897	0.00892	-0.00108	-0.00885	0.99996		-94.93672	-159.97626	-0.27496	-0.29242	0.38122	0.82528	0.33327	0.99987	-0.01440	-0.00665	0.01437	0.99988	-0.00510	0.00673	0.00501	0.99996	
117	0.58500	77.09831	-57.75866	0.61437	0.51182	0.00548	8.49769	1.06674	0.98902	-0.14777	-0.00010	0.14776	0.98898	0.00893	-0.00123	-0.00885	0.99996		-94.94337	-159.95670	-0.25824	-0.29033	0.37861	0.82127	0.32815	0.99988	-0.01433	-0.00661	0.01430	0.99988	-0.00507	0.00668	0.00497	0.99997	
118	0.59000	77.06606	-57.77632	0.68061	0.50426	0.01018	8.49667	1.01916	0.98902	-0.14775	-0.00018	0.14775	0.98899	0.00880	-0.00112	-0.00873	0.99996		-94.95792	-159.95851	-0.24139	-0.29197	0.37986	0.82149	0.31629	0.99988	-0.01434	-0.00663	0.01430	0.99988	-0.00510	0.00670	0.00500	0.99997	
119	0.59500	77.10674	-57.76231	0.64299	0.50503	0.00132	8.49691	1.07319	0.98902	-0.14776	-0.00002	0.14775	0.98899	0.00881	-0.00128	-0.00872	0.99996		-94.95813	-159.96941	-0.21621	-0.29122	0.38182	0.81868	0.31975	0.99988	-0.01429	-0.00666	0.01425	0.99989	-0.00508	0.00674	0.00499	0.99996	
120	0.60000	77.09162	-57.78006	0.70566	0.49928	0.00690	8.49924	1.03208	0.98902	-0.14780	-0.00012	0.14779	0.98898	0.00871	-0.00117	-0.00864	0.99996		-94.96100	-159.95178	-0.21227	-0.29048	0.38072	0.82121	0.31549	0.99988	-0.01433	-0.00664	0.01430	0.99988	-0.00507	0.00672	0.00497	0.99997	
121	0.60500	77.06656	-57.79179	0.69749	0.49501	0.00260	8.49583	1.03172	0.98903	-0.14774	-0.00005	0.14773	0.98899	0.00864	-0.00123	-0.00855	0.99996		-94.95997	-159.95687	-0.19560	-0.28950	0.38016	0.81755	0.31995	0.99988	-0.01427	-0.00663	0.01423	0.99989	-0.00505	0.00671	0.00496	0.99997	
122	0.61000	77.06720	-57.79065	0.71587	0.49233	0.00268	8.49734	1.02224	0.98902	-0.14776	-0.00005	0.14776	0.98899	0.00859	-0.00122	-0.00851	0.99996		-94.93946	-159.96361	-0.18293	-0.29194	0.37795	0.81993	0.31132	0.99988	-0.01431	-0.00660	0.01428	0.99989	-0.00510	0.00667	0.00500	0.99997	
123	0.61500	77.03887	-57.80144	0.72839	0.48708	0.00535	8.49624	1.02678	0.98903	-0.14774	-0.00009	0.14774	0.98899	0.00850	-0.00116	-0.00842	0.99996		-94.95845	-159.95398	-0.16236	-0.28986	0.38237	0.81928	0.31061	0.99988	-0.01430	-0.00667	0.01426	0.99989	-0.00506	0.00675	0.00496	0.99996	
124	0.62000	77.06908	-57.80781	0.69990	0.48453	-0.00123	8.49976	1.07004	0.98902	-0.14781	0.00002	0.14780	0.98898	0.00846	-0.00127	-0.00836	0.99996		-94.97332	-159.96370	-0.14079	-0.29128	0.38334	0.82025	0.32453	0.99988	-0.01432	-0.00669	0.01428	0.99989	-0.00508	0.00676	0.00499	0.99996	
125	0.62500	77.06046	-57.81689	0.71509	0.48037	-0.00600	8.50146	1.08262	0.98901	-0.14783	0.00010	0.14783	0.98898	0.00838	-0.00134	-0.00828	0.99996		-94.96817	-159.95094	-0.13244	-0.28953	0.38010	0.82034	0.31208	0.99988	-0.01432	-0.00663	0.01428	0.99989	-0.00505	0.00671	0.00496	0.99997	
126	0.63000	77.06833	-57.81882	0.73591	0.47843	0.00000	8.50120	1.06866	0.98901	-0.14783	-0.00000	0.14783	0.98898	0.00835	-0.00123	-0.00826	0.99997		-94.98703	-159.95869	-0.12421	-0.28921	0.38410	0.81640	0.31570	0.99988	-0.01425	-0.00670	0.01421	0.99989	-0.00505	0.00677	0.00495	0.99996	
127	0.63500	77.04226	-57.83705	0.78635	0.47401	0.00056	8.50226	1.02533	0.98901	-0.14785	-0.00001	0.14784	0.98898	0.00827	-0.00121	-0.00818	0.99997		-95.02139	-159.94968	-0.10267	-0.28987	0.38306	0.81636	0.31715	0.99988	-0.01425	-0.00669	0.01421	0.99989	-0.00506	0.00676	0.00496	0.99996	
128	0.64000	77.06085	-57.83996	0.73370	0.47283	-0.01398	8.50016	1.09395	0.98902	-0.14781	0.00024	0.14781	0.98898	0.00825	-0.00146	-0.00813	0.99997		-94.97850	-159.96176	-0.09027	-0.29324	0.38034	0.81801	0.32139	0.99988	-0.01428	-0.00664	0.01424	0.99989	-0.00512	0.00671	0.00502	0.99996	
129	0.64500	77.02969	-57.83120	0.80675	0.47004	0.00090	8.49871	1.02949	0.98902	-0.14779	-0.00002	0.14778	0.98899	0.00820	-0.00120	-0.00812	0.99997		-94.99354	-159.96562	-0.06964	-0.28797	0.38266	0.81897	0.32227	0.99988	-0.01429	-0.00668	0.01426	0.99989	-0.00503	0.00675	0.00493	0.99997	
130	0.65000	77.07155	-57.82511	0.75291	0.46826	-0.01343	8.49876	1.10233	0.98902	-0.14779	0.00023	0.14778	0.98899	0.00817	-0.00144	-0.00805	0.99997		-94.99831	-159.96284	-0.06045	-0.29303	0.37764	0.82263	0.32128	0.99988	-0.01436	-0.00659	0.01432	0.99988	-0.00511	0.00666	0.00502	0.99997	
131	0.65500	77.00340	-57.83005	0.84235	0.46524	0.00492	8.50131	1.03473	0.98901	-0.14783	-0.00009	0.14783	0.98898	0.00812	-0.00112	-0.00804	0.99997		-94.99675	-159.97011	-0.03578	-0.29238	0.38165	0.82335	0.30720	0.99987	-0.01437	-0.00666	0.01434	0.99988	-0.00510	0.00673	0.00501	0.99996	
132	0.66000	77.03429	-57.85472	0.81230	0.46330	-0.00547	8.49953	1.07386	0.98902	-0.14780	0.00010	0.14780	0.98898	0.00809	-0.00129	-0.00798	0.99997		-95.01708	-159.94391	-0.03155	-0.28787	0.37956	0.81983	0.32952	0.99988	-0.01431	-0.00662	0.01427	0.99989	-0.00502	0.00670	0.00493	0.99997	
133	0.66500	77.01547	-57.85931	0.80741	0.45851	-0.00560	8.50145	1.06784	0.98901	-0.14783	0.00010	0.14783	0.98898	0.00800	-0.00128	-0.00790	0.99997		-94.99546	-159.95787	-0.01880	-0.29192	0.37709	0.82087	0.30314	0.99988	-0.01433	-0.00658	0.01429	0.99988	-0.00509	0.00665	0.00500	0.99997	
134	0.67000	77.04849	-57.85232	0.85994	0.46029	-0.00366	8.50382	1.03759	0.98901	-0.14788	0.00006	0.14787	0.98897	0.00803	-0.00125	-0.00794	0.99997		-95.01614	-159.96154	-0.00178	-0.29192	0.37943	0.81989	0.29901	0.99988	-0.01431	-0.00662	0.01428	0.99989	-0.00509	0.00669	0.00500	0.99997	
135	0.67500	77.02957	-57.84431	0.83170	0.45962	0.00022	8.50142	1.06472	0.98901	-0.14783	-0.00000	0.14783	0.98898	0.00802	-0.00118	-0.00793	0.99997		-95.03339	-159.95870	0.00275	-0.29158	0.37875	0.81973	0.31370	0.99988	-0.01431	-0.00661	0.01427	0.99989	-0.00509	0.00668	0.00499	0.99997	
136	0.68000	77.00129	-57.86298	0.89520	0.45784	0.00342	8.49559	1.03432	0.98903	-0.14773	-0.00006	0.14773	0.98900	0.00799	-0.00112	-0.00791	0.99997		-95.01827	-159.95604	0.02716	-0.29069	0.37995	0.81857	0.31238	0.99988	-0.01429	-0.00663	0.01425	0.99989	-0.00507	0.00670	0.00498	0.99997	
137	0.68500	76.99729	-57.86178	0.90594	0.45447	0.00650	8.50292	1.04123	0.98901	-0.14786	-0.00011	0.14786	0.98898	0.00793	-0.00106	-0.00786	0.99997		-95.01390	-159.95794	0.02743	-0.29224	0.37682	0.81619	0.32117	0.99988	-0.01424	-0.00658	0.01421	0.99989	-0.00510	0.00665	0.00501	0.99997	
138	0.69000	76.99239	-57.86153	0.90440	0.45376	0.01184	8.49833	1.03400	0.98902	-0.14778	-0.00021	0.14778	0.98899	0.00792	-0.00097	-0.00786	0.99997		-95.03642	-159.95717	0.04891	-0.29152	0.37467	0.81881	0.34338	0.99988	-0.01429	-0.00654	0.01426	0.99989	-0.00509	0.00661	0.00499	0.99997	
