NO_OF_FRAMES	12028
NO_OF_CAMERAS	8
NO_OF_BODIES	2
FREQUENCY	200
NO_OF_ANALOG	0
ANALOG_FREQUENCY	0
DESCRIPTION	--
TIME_STAMP	2013-07-02, 15:50:19	3296117.14521861
DATA_INCLUDED	6D
BODY_NAMES	Ice 1	Ice 2
Frame	Time	Ice 1 X	Y	Z	Roll	Pitch	Yaw	Residual	Rot[0]	Rot[1]	Rot[2]	Rot[3]	Rot[4]	Rot[5]	Rot[6]	Rot[7]	Rot[8]	Ice 2 X	Y	Z	Roll	Pitch	Yaw	Residual	Rot[0]	Rot[1]	Rot[2]	Rot[3]	Rot[4]	Rot[5]	Rot[6]	Rot[7]	Rot[8]	
1	0.00500	0.14750	-7.41371	-0.08933	0.48534	-0.04718	-0.18966	1.05202	0.99999	0.00331	0.00082	-0.00332	0.99996	0.00847	-0.00080	-0.00847	0.99996		1.22222	-6.56677	-2.21370	-0.40150	0.38437	0.07203	0.23868	0.99998	-0.00126	-0.00671	0.00121	0.99997	-0.00701	0.00672	0.00700	0.99995	
2	0.01000	0.03497	-7.47571	-0.07410	0.47374	-0.02917	-0.20130	1.00892	0.99999	0.00351	0.00051	-0.00352	0.99996	0.00827	-0.00048	-0.00827	0.99997		1.16958	-6.50571	-2.22420	-0.38557	0.39586	0.07539	0.17053	0.99998	-0.00132	-0.00691	0.00127	0.99998	-0.00673	0.00692	0.00672	0.99995	
3	0.01500	0.02885	-7.49945	-0.08035	0.46533	-0.02925	-0.20158	1.01749	0.99999	0.00352	0.00051	-0.00352	0.99996	0.00812	-0.00048	-0.00812	0.99997		1.18748	-6.49748	-2.19965	-0.38140	0.39617	0.07365	0.16838	0.99998	-0.00129	-0.00691	0.00124	0.99998	-0.00666	0.00692	0.00665	0.99995	
4	0.02000	0.01972	-7.49800	-0.07316	0.46096	-0.02855	-0.19608	1.02430	0.99999	0.00342	0.00050	-0.00343	0.99996	0.00805	-0.00047	-0.00805	0.99997		1.17284	-6.48684	-2.18742	-0.37476	0.39898	0.07266	0.18055	0.99997	-0.00127	-0.00696	0.00122	0.99998	-0.00654	0.00697	0.00653	0.99995	
5	0.02500	0.04499	-7.51403	-0.08194	0.45808	-0.03625	-0.20153	1.01560	0.99999	0.00352	0.00063	-0.00352	0.99996	0.00799	-0.00060	-0.00800	0.99997		1.18088	-6.47125	-2.15841	-0.36916	0.39698	0.07301	0.18346	0.99998	-0.00127	-0.00693	0.00123	0.99998	-0.00644	0.00694	0.00643	0.99996	
6	0.03000	0.00051	-7.54316	-0.08317	0.44857	-0.03008	-0.20773	0.99958	0.99999	0.00363	0.00052	-0.00363	0.99996	0.00783	-0.00050	-0.00783	0.99997		1.15708	-6.46963	-2.14523	-0.36614	0.39480	0.07472	0.17582	0.99998	-0.00130	-0.00689	0.00126	0.99998	-0.00639	0.00690	0.00638	0.99996	
7	0.03500	0.01337	-7.55568	-0.08847	0.44302	-0.03805	-0.20810	1.01061	0.99999	0.00363	0.00066	-0.00364	0.99996	0.00773	-0.00064	-0.00773	0.99997		1.17425	-6.44235	-2.12524	-0.35967	0.39561	0.07438	0.17581	0.99998	-0.00130	-0.00690	0.00125	0.99998	-0.00628	0.00691	0.00627	0.99996	
8	0.04000	0.04005	-7.56118	-0.08717	0.43789	-0.03589	-0.20286	1.01153	0.99999	0.00354	0.00063	-0.00355	0.99996	0.00764	-0.00060	-0.00764	0.99997		1.19475	-6.43735	-2.10461	-0.35525	0.39291	0.07324	0.18392	0.99998	-0.00128	-0.00686	0.00124	0.99998	-0.00620	0.00687	0.00619	0.99996	
9	0.04500	0.03186	-7.58829	-0.07831	0.43024	-0.03468	-0.20140	1.00894	0.99999	0.00352	0.00061	-0.00352	0.99997	0.00751	-0.00058	-0.00751	0.99997		1.20210	-6.41614	-2.07988	-0.35050	0.39122	0.07507	0.17100	0.99998	-0.00131	-0.00683	0.00127	0.99998	-0.00612	0.00684	0.00611	0.99996	
10	0.05000	0.05253	-7.63387	-0.09026	0.42282	-0.04243	-0.21140	0.99583	0.99999	0.00369	0.00074	-0.00370	0.99997	0.00738	-0.00071	-0.00738	0.99997		1.17437	-6.41338	-2.07162	-0.34271	0.39407	0.07489	0.17571	0.99998	-0.00131	-0.00688	0.00127	0.99998	-0.00598	0.00689	0.00597	0.99996	
11	0.05500	-0.18637	-7.78853	0.04852	0.41197	-0.03996	-0.19550	1.07397	0.99999	0.00341	0.00070	-0.00342	0.99997	0.00719	-0.00067	-0.00719	0.99997		1.18785	-6.37626	-2.04308	-0.33519	0.39373	0.07105	0.17405	0.99998	-0.00124	-0.00687	0.00120	0.99998	-0.00585	0.00688	0.00584	0.99996	
12	0.06000	-0.19155	-7.83108	0.04741	0.40374	-0.03928	-0.19638	1.06985	0.99999	0.00343	0.00069	-0.00343	0.99997	0.00705	-0.00066	-0.00705	0.99997		1.21277	-6.35350	-2.02302	-0.32667	0.38993	0.06715	0.17816	0.99998	-0.00117	-0.00681	0.00113	0.99998	-0.00570	0.00681	0.00569	0.99996	
13	0.06500	-0.22458	-7.86456	0.05325	0.39635	-0.03816	-0.19627	1.08385	0.99999	0.00343	0.00067	-0.00343	0.99997	0.00692	-0.00064	-0.00692	0.99998		1.18057	-6.36284	-2.00168	-0.32384	0.39412	0.07122	0.17105	0.99998	-0.00124	-0.00688	0.00120	0.99998	-0.00565	0.00689	0.00564	0.99996	
14	0.07000	-0.22213	-7.87418	0.04789	0.38929	-0.03795	-0.19544	1.09656	0.99999	0.00341	0.00066	-0.00342	0.99997	0.00679	-0.00064	-0.00680	0.99998		1.16292	-6.31574	-1.97666	-0.31448	0.39147	0.06621	0.19063	0.99998	-0.00116	-0.00683	0.00112	0.99998	-0.00549	0.00684	0.00548	0.99996	
15	0.07500	-0.20524	-7.90420	0.05952	0.38329	-0.03919	-0.19304	1.09147	0.99999	0.00337	0.00068	-0.00337	0.99997	0.00669	-0.00066	-0.00669	0.99998		1.16591	-6.30838	-1.95192	-0.30963	0.39275	0.06823	0.18240	0.99998	-0.00119	-0.00685	0.00115	0.99998	-0.00540	0.00686	0.00540	0.99996	
16	0.08000	-0.24482	-7.91483	0.07172	0.37877	-0.03726	-0.19285	1.09714	0.99999	0.00337	0.00065	-0.00337	0.99997	0.00661	-0.00063	-0.00661	0.99998		1.15081	-6.30028	-1.93138	-0.30157	0.39512	0.06882	0.18082	0.99998	-0.00120	-0.00690	0.00116	0.99999	-0.00526	0.00690	0.00526	0.99996	
17	0.08500	-0.19425	-7.93353	0.07024	0.37199	-0.04587	-0.19622	1.09830	0.99999	0.00342	0.00080	-0.00343	0.99997	0.00649	-0.00078	-0.00650	0.99998		1.18784	-6.28198	-1.91518	-0.29501	0.39133	0.06633	0.19760	0.99998	-0.00116	-0.00683	0.00112	0.99999	-0.00515	0.00684	0.00514	0.99996	
18	0.09000	-0.25696	-7.96454	0.06609	0.36438	-0.04190	-0.19279	1.09418	0.99999	0.00336	0.00073	-0.00337	0.99997	0.00636	-0.00071	-0.00636	0.99998		1.21637	-6.27641	-1.86916	-0.29168	0.38442	0.06817	0.18543	0.99998	-0.00119	-0.00671	0.00116	0.99999	-0.00509	0.00672	0.00508	0.99996	
19	0.09500	-0.24234	-7.99754	0.06678	0.35745	-0.04132	-0.19310	1.09387	0.99999	0.00337	0.00072	-0.00337	0.99997	0.00624	-0.00070	-0.00624	0.99998		1.16737	-6.27116	-1.86927	-0.28554	0.39235	0.07145	0.17488	0.99998	-0.00125	-0.00685	0.00121	0.99999	-0.00498	0.00685	0.00498	0.99996	
20	0.10000	-0.25277	-8.00966	0.08488	0.35164	-0.04379	-0.19360	1.10779	0.99999	0.00338	0.00076	-0.00338	0.99998	0.00614	-0.00074	-0.00614	0.99998		1.16244	-6.23574	-1.84908	-0.27540	0.39332	0.07089	0.17237	0.99998	-0.00124	-0.00686	0.00120	0.99999	-0.00481	0.00687	0.00480	0.99996	
21	0.10500	-0.21848	-8.02988	0.07560	0.34602	-0.04894	-0.19292	1.10390	0.99999	0.00337	0.00085	-0.00337	0.99998	0.00604	-0.00083	-0.00604	0.99998		1.19240	-6.22304	-1.82048	-0.26925	0.38826	0.06816	0.16316	0.99998	-0.00119	-0.00678	0.00116	0.99999	-0.00470	0.00678	0.00469	0.99997	
22	0.11000	-0.22460	-8.03921	0.07230	0.33953	-0.05127	-0.19191	1.10402	0.99999	0.00335	0.00089	-0.00335	0.99998	0.00593	-0.00087	-0.00593	0.99998		1.15157	-6.21532	-1.81176	-0.26358	0.39229	0.06630	0.19388	0.99998	-0.00116	-0.00685	0.00113	0.99999	-0.00460	0.00685	0.00459	0.99997	
23	0.11500	-0.21194	-8.07263	0.08537	0.33280	-0.04813	-0.18962	1.10531	0.99999	0.00331	0.00084	-0.00331	0.99998	0.00581	-0.00082	-0.00581	0.99998		1.19381	-6.18593	-1.77513	-0.25546	0.38978	0.06614	0.18264	0.99998	-0.00115	-0.00680	0.00112	0.99999	-0.00446	0.00681	0.00445	0.99997	
24	0.12000	-0.22882	-8.10190	0.09518	0.32467	-0.04822	-0.18866	1.11777	0.99999	0.00329	0.00084	-0.00330	0.99998	0.00567	-0.00082	-0.00567	0.99998		1.15482	-6.18714	-1.76218	-0.25091	0.39081	0.06375	0.18411	0.99998	-0.00111	-0.00682	0.00108	0.99999	-0.00438	0.00683	0.00437	0.99997	
25	0.12500	-0.24341	-8.13677	0.08072	0.31715	-0.05015	-0.19239	1.11415	0.99999	0.00336	0.00088	-0.00336	0.99998	0.00554	-0.00086	-0.00554	0.99998		1.18576	-6.17988	-1.75457	-0.24368	0.38995	0.06447	0.17477	0.99998	-0.00113	-0.00681	0.00110	0.99999	-0.00425	0.00681	0.00425	0.99997	
26	0.13000	-0.25343	-8.15148	0.08440	0.31261	-0.05125	-0.19657	1.10719	0.99999	0.00343	0.00089	-0.00344	0.99998	0.00546	-0.00088	-0.00546	0.99998		1.14512	-6.14651	-1.73830	-0.23420	0.39439	0.06011	0.18025	0.99998	-0.00105	-0.00688	0.00102	0.99999	-0.00409	0.00689	0.00408	0.99997	
27	0.13500	-0.22495	-8.16405	0.09707	0.30680	-0.05374	-0.19187	1.11249	0.99999	0.00335	0.00094	-0.00335	0.99998	0.00535	-0.00092	-0.00536	0.99999		1.17112	-6.14989	-1.71768	-0.23152	0.39507	0.06540	0.18062	0.99998	-0.00114	-0.00690	0.00111	0.99999	-0.00404	0.00690	0.00403	0.99997	
28	0.14000	-0.20882	-8.20746	0.09404	0.29856	-0.05575	-0.18816	1.11474	0.99999	0.00328	0.00097	-0.00329	0.99998	0.00521	-0.00096	-0.00521	0.99999		1.15671	-6.12424	-1.70543	-0.22273	0.39542	0.06485	0.19003	0.99998	-0.00113	-0.00690	0.00111	0.99999	-0.00389	0.00691	0.00388	0.99997	
29	0.14500	-0.24670	-8.21745	0.09525	0.29302	-0.05172	-0.19158	1.11254	0.99999	0.00334	0.00090	-0.00335	0.99998	0.00511	-0.00089	-0.00512	0.99999		1.15207	-6.11837	-1.68472	-0.21722	0.39595	0.06491	0.18992	0.99998	-0.00113	-0.00691	0.00111	0.99999	-0.00379	0.00691	0.00378	0.99997	
30	0.15000	-0.24199	-8.23309	0.09230	0.28766	-0.05629	-0.19085	1.10856	0.99999	0.00333	0.00098	-0.00334	0.99998	0.00502	-0.00097	-0.00502	0.99999		1.15403	-6.09442	-1.66833	-0.21095	0.39283	0.06774	0.16924	0.99998	-0.00118	-0.00686	0.00116	0.99999	-0.00368	0.00686	0.00367	0.99997	
31	0.15500	-0.24485	-8.24479	0.10456	0.28359	-0.05521	-0.19547	1.10616	0.99999	0.00341	0.00096	-0.00342	0.99998	0.00495	-0.00095	-0.00495	0.99999		1.16084	-6.09480	-1.63927	-0.20452	0.39521	0.06797	0.18427	0.99998	-0.00119	-0.00690	0.00116	0.99999	-0.00357	0.00690	0.00356	0.99997	
32	0.16000	-0.26066	-8.25582	0.09817	0.27762	-0.05345	-0.19409	1.10958	0.99999	0.00339	0.00093	-0.00339	0.99998	0.00485	-0.00092	-0.00485	0.99999		1.14039	-6.06685	-1.62313	-0.19611	0.39963	0.06626	0.17551	0.99998	-0.00116	-0.00697	0.00113	0.99999	-0.00342	0.00698	0.00341	0.99997	
33	0.16500	-0.24741	-8.27619	0.10119	0.27113	-0.05557	-0.18475	1.11764	0.99999	0.00322	0.00097	-0.00323	0.99998	0.00473	-0.00095	-0.00474	0.99999		1.12378	-6.05765	-1.61076	-0.19102	0.40065	0.06641	0.16546	0.99997	-0.00116	-0.00699	0.00114	0.99999	-0.00333	0.00700	0.00333	0.99997	
34	0.17000	-0.24414	-8.30273	0.11178	0.26594	-0.05404	-0.19296	1.11378	0.99999	0.00337	0.00094	-0.00337	0.99998	0.00464	-0.00093	-0.00464	0.99999		1.14993	-6.05065	-1.58987	-0.18617	0.39648	0.06699	0.17705	0.99998	-0.00117	-0.00692	0.00115	0.99999	-0.00325	0.00692	0.00324	0.99997	
35	0.17500	-0.26991	-8.31501	0.10727	0.26354	-0.05524	-0.19384	1.11734	0.99999	0.00338	0.00096	-0.00339	0.99998	0.00460	-0.00095	-0.00460	0.99999		1.14745	-6.03925	-1.58604	-0.17943	0.39644	0.06695	0.17658	0.99998	-0.00117	-0.00692	0.00115	0.99999	-0.00313	0.00692	0.00312	0.99997	
36	0.18000	-0.25624	-8.34367	0.10963	0.25417	-0.05538	-0.18490	1.13016	0.99999	0.00323	0.00097	-0.00323	0.99998	0.00444	-0.00095	-0.00444	0.99999		1.15842	-6.00867	-1.55344	-0.17121	0.39620	0.06285	0.18014	0.99998	-0.00110	-0.00691	0.00108	0.99999	-0.00299	0.00692	0.00298	0.99997	
37	0.18500	-0.23501	-8.33329	0.10692	0.25400	-0.06175	-0.18974	1.11733	0.99999	0.00331	0.00108	-0.00332	0.99998	0.00443	-0.00106	-0.00444	0.99999		1.12785	-5.99239	-1.52834	-0.16458	0.40047	0.06067	0.17747	0.99998	-0.00106	-0.00699	0.00104	1.00000	-0.00287	0.00699	0.00287	0.99997	
38	0.19000	-0.23019	-8.36639	0.12358	0.24673	-0.06047	-0.18358	1.13932	0.99999	0.00320	0.00106	-0.00321	0.99999	0.00431	-0.00104	-0.00431	0.99999		1.12455	-5.97509	-1.51610	-0.15656	0.40051	0.06505	0.16518	0.99997	-0.00114	-0.00699	0.00112	1.00000	-0.00273	0.00699	0.00272	0.99997	
39	0.19500	-0.28941	-8.37042	0.13394	0.24448	-0.05357	-0.19153	1.11883	0.99999	0.00334	0.00094	-0.00335	0.99999	0.00427	-0.00092	-0.00427	0.99999		1.13737	-5.96892	-1.51225	-0.15185	0.39952	0.06374	0.17201	0.99998	-0.00111	-0.00697	0.00109	1.00000	-0.00265	0.00698	0.00264	0.99997	
40	0.20000	-0.27574	-8.39360	0.11985	0.23887	-0.05918	-0.18942	1.12628	0.99999	0.00331	0.00103	-0.00331	0.99999	0.00417	-0.00102	-0.00417	0.99999		1.12066	-5.95226	-1.49568	-0.14718	0.40084	0.06293	0.15783	0.99997	-0.00110	-0.00700	0.00108	1.00000	-0.00257	0.00700	0.00256	0.99997	
41	0.20500	-0.30292	-8.40314	0.13641	0.23643	-0.05622	-0.18865	1.12627	0.99999	0.00329	0.00098	-0.00330	0.99999	0.00413	-0.00097	-0.00413	0.99999		1.13170	-5.93896	-1.48348	-0.14087	0.40029	0.06299	0.16853	0.99998	-0.00110	-0.00699	0.00108	1.00000	-0.00246	0.00699	0.00245	0.99997	
42	0.21000	-0.26032	-8.40467	0.13965	0.23237	-0.05936	-0.18925	1.14090	0.99999	0.00330	0.00104	-0.00331	0.99999	0.00406	-0.00102	-0.00406	0.99999		1.13061	-5.92010	-1.47126	-0.13453	0.40023	0.06194	0.16399	0.99998	-0.00108	-0.00699	0.00106	1.00000	-0.00235	0.00699	0.00234	0.99997	
43	0.21500	-0.30294	-8.40320	0.14709	0.23194	-0.05355	-0.18661	1.12506	0.99999	0.00326	0.00093	-0.00326	0.99999	0.00405	-0.00092	-0.00405	0.99999		1.12299	-5.89736	-1.45894	-0.12840	0.39952	0.05919	0.16966	0.99998	-0.00103	-0.00697	0.00102	1.00000	-0.00224	0.00698	0.00223	0.99997	
44	0.22000	-0.29924	-8.42390	0.16474	0.22636	-0.05223	-0.18632	1.11789	0.99999	0.00325	0.00091	-0.00326	0.99999	0.00395	-0.00090	-0.00395	0.99999		1.14570	-5.88984	-1.44260	-0.12227	0.39843	0.05947	0.16679	0.99998	-0.00104	-0.00695	0.00102	1.00000	-0.00213	0.00696	0.00213	0.99997	
45	0.22500	-0.30221	-8.43743	0.15440	0.22437	-0.05839	-0.19060	1.11897	0.99999	0.00333	0.00102	-0.00333	0.99999	0.00392	-0.00101	-0.00392	0.99999		1.15909	-5.90110	-1.42564	-0.12166	0.39717	0.06507	0.17086	0.99998	-0.00114	-0.00693	0.00112	1.00000	-0.00212	0.00693	0.00212	0.99997	
46	0.23000	-0.28186	-8.43861	0.15595	0.22240	-0.05813	-0.18568	1.12880	0.99999	0.00324	0.00101	-0.00324	0.99999	0.00388	-0.00100	-0.00388	0.99999		1.12934	-5.88234	-1.42571	-0.11770	0.39911	0.06418	0.16940	0.99998	-0.00112	-0.00697	0.00111	1.00000	-0.00205	0.00697	0.00205	0.99997	
47	0.23500	-0.29474	-8.44543	0.16559	0.21963	-0.05689	-0.18504	1.12853	0.99999	0.00323	0.00099	-0.00323	0.99999	0.00383	-0.00098	-0.00384	0.99999		1.09053	-5.85317	-1.41730	-0.11036	0.40090	0.06204	0.17075	0.99997	-0.00108	-0.00700	0.00107	1.00000	-0.00193	0.00700	0.00192	0.99997	
48	0.24000	-0.29747	-8.44516	0.17969	0.21814	-0.05606	-0.18957	1.12188	0.99999	0.00331	0.00098	-0.00331	0.99999	0.00381	-0.00097	-0.00381	0.99999		1.11297	-5.86164	-1.40525	-0.10665	0.40221	0.05795	0.16625	0.99997	-0.00101	-0.00702	0.00100	1.00000	-0.00186	0.00702	0.00185	0.99997	
49	0.24500	-0.26916	-8.46353	0.17841	0.21433	-0.05914	-0.18725	1.12827	0.99999	0.00327	0.00103	-0.00327	0.99999	0.00374	-0.00102	-0.00374	0.99999		1.12764	-5.86222	-1.40097	-0.10590	0.39619	0.06000	0.16811	0.99998	-0.00105	-0.00691	0.00103	1.00000	-0.00185	0.00692	0.00184	0.99997	
50	0.25000	-0.29300	-8.46597	0.18171	0.21499	-0.05649	-0.18511	1.12731	0.99999	0.00323	0.00099	-0.00323	0.99999	0.00375	-0.00097	-0.00376	0.99999		1.08879	-5.85027	-1.39655	-0.10228	0.40273	0.06205	0.17569	0.99997	-0.00108	-0.00703	0.00107	1.00000	-0.00179	0.00703	0.00178	0.99997	
51	0.25500	-0.29128	-8.46640	0.18684	0.21438	-0.06144	-0.18908	1.13119	0.99999	0.00330	0.00107	-0.00330	0.99999	0.00374	-0.00106	-0.00375	0.99999		1.08935	-5.83328	-1.38818	-0.09959	0.40045	0.05894	0.17938	0.99998	-0.00103	-0.00699	0.00102	1.00000	-0.00174	0.00699	0.00173	0.99997	
52	0.26000	-0.30865	-8.46661	0.19773	0.21357	-0.06104	-0.18578	1.12622	0.99999	0.00324	0.00107	-0.00325	0.99999	0.00373	-0.00105	-0.00373	0.99999		1.07582	-5.82586	-1.38394	-0.09607	0.39852	0.05666	0.17514	0.99998	-0.00099	-0.00696	0.00098	1.00000	-0.00168	0.00696	0.00167	0.99997	
53	0.26500	-0.31471	-8.47340	0.21929	0.21296	-0.05632	-0.19016	1.13040	0.99999	0.00332	0.00098	-0.00332	0.99999	0.00372	-0.00097	-0.00372	0.99999		1.06845	-5.81257	-1.38417	-0.09304	0.40022	0.05609	0.17228	0.99998	-0.00098	-0.00699	0.00097	1.00000	-0.00162	0.00699	0.00162	0.99997	
54	0.27000	-0.31155	-8.47329	0.22741	0.21171	-0.05662	-0.18463	1.12525	0.99999	0.00322	0.00099	-0.00323	0.99999	0.00369	-0.00098	-0.00370	0.99999		1.10869	-5.80605	-1.37218	-0.09013	0.39788	0.05943	0.17211	0.99998	-0.00104	-0.00694	0.00103	1.00000	-0.00157	0.00695	0.00157	0.99997	
55	0.27500	-0.31390	-8.48001	0.22895	0.21084	-0.05448	-0.18182	1.12726	0.99999	0.00317	0.00095	-0.00318	0.99999	0.00368	-0.00094	-0.00368	0.99999		1.08718	-5.80987	-1.36766	-0.09011	0.40038	0.05847	0.17706	0.99998	-0.00102	-0.00699	0.00101	1.00000	-0.00157	0.00699	0.00157	0.99997	
56	0.28000	-0.36107	-8.49432	0.21945	0.20805	-0.05057	-0.18519	1.13272	0.99999	0.00323	0.00088	-0.00324	0.99999	0.00363	-0.00087	-0.00363	0.99999		1.10011	-5.81480	-1.35939	-0.09123	0.39739	0.05962	0.16260	0.99998	-0.00104	-0.00694	0.00103	1.00000	-0.00159	0.00694	0.00158	0.99997	
57	0.28500	-0.32266	-8.47200	0.24608	0.21122	-0.05606	-0.18691	1.12056	0.99999	0.00326	0.00098	-0.00327	0.99999	0.00369	-0.00097	-0.00369	0.99999		1.07875	-5.80666	-1.35924	-0.08848	0.39981	0.05824	0.16569	0.99998	-0.00102	-0.00698	0.00101	1.00000	-0.00154	0.00698	0.00154	0.99997	
58	0.29000	-0.31876	-8.48566	0.23264	0.21152	-0.05741	-0.18859	1.12750	0.99999	0.00329	0.00100	-0.00330	0.99999	0.00369	-0.00099	-0.00369	0.99999		1.05308	-5.80921	-1.35872	-0.08841	0.39833	0.05629	0.17481	0.99998	-0.00098	-0.00695	0.00097	1.00000	-0.00154	0.00695	0.00154	0.99997	
59	0.29500	-0.31778	-8.46714	0.25069	0.21147	-0.05429	-0.18072	1.13968	0.99999	0.00315	0.00095	-0.00316	0.99999	0.00369	-0.00094	-0.00369	0.99999		1.06115	-5.80786	-1.35885	-0.08906	0.39900	0.05825	0.16691	0.99998	-0.00102	-0.00696	0.00101	1.00000	-0.00155	0.00697	0.00155	0.99997	
60	0.30000	-0.31990	-8.48399	0.27128	0.20975	-0.05576	-0.18239	1.14248	0.99999	0.00318	0.00097	-0.00319	0.99999	0.00366	-0.00096	-0.00366	0.99999		1.06881	-5.80200	-1.35911	-0.08655	0.39946	0.06074	0.16147	0.99998	-0.00106	-0.00697	0.00105	1.00000	-0.00151	0.00697	0.00150	0.99997	
61	0.30500	-0.34480	-8.47035	0.27418	0.21398	-0.05085	-0.18968	1.11844	0.99999	0.00331	0.00089	-0.00331	0.99999	0.00373	-0.00088	-0.00374	0.99999		1.03878	-5.79997	-1.36297	-0.08632	0.40166	0.05963	0.17860	0.99997	-0.00104	-0.00701	0.00103	1.00000	-0.00151	0.00701	0.00150	0.99997	
62	0.31000	-0.36305	-8.46712	0.27557	0.21692	-0.05091	-0.18747	1.13183	0.99999	0.00327	0.00089	-0.00328	0.99999	0.00379	-0.00088	-0.00379	0.99999		1.03620	-5.79054	-1.36713	-0.08745	0.40039	0.05896	0.16688	0.99998	-0.00103	-0.00699	0.00102	1.00000	-0.00153	0.00699	0.00152	0.99997	
63	0.31500	-0.36852	-8.46198	0.31075	0.21807	-0.04683	-0.18673	1.12695	0.99999	0.00326	0.00082	-0.00326	0.99999	0.00381	-0.00080	-0.00381	0.99999		1.06115	-5.80786	-1.35885	-0.08906	0.39899	0.05823	0.16696	0.99998	-0.00102	-0.00696	0.00101	1.00000	-0.00155	0.00697	0.00155	0.99997	
64	0.32000	-0.33058	-8.45781	0.30193	0.21933	-0.05119	-0.18961	1.13402	0.99999	0.00331	0.00089	-0.00331	0.99999	0.00383	-0.00088	-0.00383	0.99999		1.02683	-5.79869	-1.36257	-0.09052	0.40031	0.06116	0.16274	0.99998	-0.00107	-0.00699	0.00106	1.00000	-0.00158	0.00699	0.00157	0.99997	
65	0.32500	-0.36775	-8.45343	0.31837	0.22062	-0.04479	-0.18646	1.14127	0.99999	0.00325	0.00078	-0.00326	0.99999	0.00385	-0.00077	-0.00385	0.99999		1.04728	-5.81065	-1.37930	-0.09199	0.39775	0.05986	0.17101	0.99998	-0.00104	-0.00694	0.00103	1.00000	-0.00161	0.00694	0.00160	0.99997	
66	0.33000	-0.37340	-8.45272	0.31580	0.22297	-0.04653	-0.18790	1.12949	0.99999	0.00328	0.00081	-0.00328	0.99999	0.00389	-0.00080	-0.00389	0.99999		1.01216	-5.79593	-1.37089	-0.09099	0.40145	0.05633	0.18571	0.99997	-0.00098	-0.00701	0.00097	1.00000	-0.00159	0.00701	0.00158	0.99997	
67	0.33500	-0.37709	-8.43833	0.33120	0.22546	-0.04520	-0.18738	1.13496	0.99999	0.00327	0.00079	-0.00327	0.99999	0.00394	-0.00078	-0.00394	0.99999		1.02059	-5.79938	-1.37912	-0.09388	0.39985	0.05887	0.16964	0.99998	-0.00103	-0.00698	0.00102	1.00000	-0.00164	0.00698	0.00163	0.99997	
68	0.34000	-0.33672	-8.43519	0.35211	0.22780	-0.05019	-0.18472	1.13116	0.99999	0.00322	0.00088	-0.00323	0.99999	0.00398	-0.00086	-0.00398	0.99999		1.03804	-5.80807	-1.37930	-0.09468	0.39793	0.05814	0.16061	0.99998	-0.00101	-0.00695	0.00100	1.00000	-0.00165	0.00695	0.00165	0.99997	
69	0.34500	-0.35663	-8.42266	0.33560	0.23354	-0.04630	-0.18833	1.13779	0.99999	0.00329	0.00081	-0.00329	0.99999	0.00408	-0.00079	-0.00408	0.99999		0.99132	-5.82133	-1.39518	-0.09909	0.40180	0.05582	0.18116	0.99997	-0.00097	-0.00701	0.00096	1.00000	-0.00173	0.00701	0.00172	0.99997	
70	0.35000	-0.38234	-8.42288	0.36003	0.23726	-0.04532	-0.19273	1.13060	0.99999	0.00336	0.00079	-0.00337	0.99999	0.00414	-0.00078	-0.00414	0.99999		0.99651	-5.81496	-1.39988	-0.09854	0.40304	0.05639	0.17451	0.99997	-0.00098	-0.00703	0.00097	1.00000	-0.00172	0.00704	0.00171	0.99997	
71	0.35500	-0.37253	-8.39942	0.36348	0.23995	-0.04744	-0.19315	1.12786	0.99999	0.00337	0.00083	-0.00337	0.99999	0.00419	-0.00081	-0.00419	0.99999		1.03480	-5.84632	-1.40779	-0.10875	0.39702	0.06109	0.16164	0.99998	-0.00107	-0.00693	0.00105	1.00000	-0.00190	0.00693	0.00189	0.99997	
72	0.36000	-0.38635	-8.39753	0.38068	0.24220	-0.04157	-0.18987	1.13125	0.99999	0.00331	0.00073	-0.00332	0.99999	0.00423	-0.00071	-0.00423	0.99999		1.00582	-5.83445	-1.42016	-0.10837	0.39933	0.06196	0.15995	0.99998	-0.00108	-0.00697	0.00107	1.00000	-0.00189	0.00697	0.00188	0.99997	
73	0.36500	-0.39168	-8.37490	0.39332	0.24820	-0.04498	-0.19234	1.13135	0.99999	0.00336	0.00079	-0.00336	0.99998	0.00433	-0.00077	-0.00433	0.99999		1.00252	-5.81966	-1.43294	-0.11002	0.40336	0.05911	0.17976	0.99997	-0.00103	-0.00704	0.00102	1.00000	-0.00192	0.00704	0.00191	0.99997	
74	0.37000	-0.41169	-8.37191	0.42113	0.25205	-0.03884	-0.19325	1.13109	0.99999	0.00337	0.00068	-0.00338	0.99998	0.00440	-0.00066	-0.00440	0.99999		1.01356	-5.85107	-1.42848	-0.11510	0.40049	0.06017	0.16771	0.99998	-0.00105	-0.00699	0.00104	1.00000	-0.00201	0.00699	0.00200	0.99997	
75	0.37500	-0.39060	-8.35861	0.41930	0.25641	-0.04104	-0.18605	1.12306	0.99999	0.00325	0.00072	-0.00325	0.99998	0.00448	-0.00070	-0.00448	0.99999		0.96134	-5.85887	-1.43988	-0.11951	0.40325	0.05967	0.18256	0.99997	-0.00104	-0.00704	0.00103	1.00000	-0.00209	0.00704	0.00208	0.99997	
76	0.38000	-0.38850	-8.33725	0.42132	0.26216	-0.04254	-0.18915	1.14400	0.99999	0.00330	0.00074	-0.00330	0.99998	0.00458	-0.00073	-0.00458	0.99999		0.99327	-5.86784	-1.46117	-0.12453	0.39873	0.05962	0.15860	0.99998	-0.00104	-0.00696	0.00103	1.00000	-0.00217	0.00696	0.00217	0.99997	
77	0.38500	-0.38858	-8.35134	0.44785	0.26444	-0.03822	-0.18452	1.14147	0.99999	0.00322	0.00067	-0.00322	0.99998	0.00462	-0.00065	-0.00462	0.99999		0.95582	-5.87460	-1.46079	-0.12818	0.40774	0.06155	0.17509	0.99997	-0.00107	-0.00712	0.00106	1.00000	-0.00224	0.00712	0.00223	0.99997	
78	0.39000	-0.38399	-8.32564	0.43855	0.27006	-0.03810	-0.18990	1.13225	0.99999	0.00331	0.00066	-0.00332	0.99998	0.00471	-0.00065	-0.00472	0.99999		0.95003	-5.87725	-1.47685	-0.13231	0.40244	0.06149	0.16897	0.99997	-0.00107	-0.00702	0.00106	1.00000	-0.00231	0.00703	0.00230	0.99997	
79	0.39500	-0.40469	-8.31764	0.43941	0.27299	-0.03327	-0.18687	1.14367	0.99999	0.00326	0.00058	-0.00326	0.99998	0.00476	-0.00057	-0.00477	0.99999		0.95185	-5.89587	-1.48920	-0.13955	0.40474	0.06137	0.17902	0.99997	-0.00107	-0.00706	0.00105	1.00000	-0.00244	0.00707	0.00243	0.99997	
80	0.40000	-0.39247	-8.28464	0.46093	0.28005	-0.03526	-0.19043	1.14940	0.99999	0.00332	0.00062	-0.00333	0.99998	0.00489	-0.00060	-0.00489	0.99999		0.92739	-5.90630	-1.50557	-0.14428	0.40591	0.06377	0.16510	0.99997	-0.00111	-0.00708	0.00110	1.00000	-0.00252	0.00709	0.00251	0.99997	
81	0.40500	-0.42794	-8.28020	0.48280	0.28348	-0.02858	-0.18865	1.15162	0.99999	0.00329	0.00050	-0.00329	0.99998	0.00495	-0.00048	-0.00495	0.99999		0.93156	-5.91494	-1.51816	-0.14715	0.40740	0.06409	0.17760	0.99997	-0.00112	-0.00711	0.00110	1.00000	-0.00257	0.00711	0.00256	0.99997	
82	0.41000	-0.38032	-8.24500	0.47681	0.29130	-0.03555	-0.19088	1.16175	0.99999	0.00333	0.00062	-0.00333	0.99998	0.00508	-0.00060	-0.00509	0.99999		0.92668	-5.92892	-1.52198	-0.15353	0.40681	0.05951	0.17717	0.99997	-0.00104	-0.00710	0.00102	1.00000	-0.00268	0.00710	0.00267	0.99997	
83	0.41500	-0.44689	-8.23943	0.49491	0.29554	-0.02572	-0.19238	1.15116	0.99999	0.00336	0.00045	-0.00336	0.99998	0.00516	-0.00043	-0.00516	0.99999		0.93863	-5.95357	-1.53824	-0.16121	0.40429	0.05985	0.17921	0.99997	-0.00104	-0.00706	0.00102	1.00000	-0.00281	0.00706	0.00281	0.99997	
84	0.42000	-0.43973	-8.22173	0.49924	0.30239	-0.02650	-0.18843	1.14322	0.99999	0.00329	0.00046	-0.00329	0.99998	0.00528	-0.00045	-0.00528	0.99999		0.90700	-5.95375	-1.55459	-0.16565	0.40748	0.06141	0.18232	0.99997	-0.00107	-0.00711	0.00105	1.00000	-0.00289	0.00711	0.00288	0.99997	
85	0.42500	-0.43532	-8.20762	0.50641	0.30717	-0.02698	-0.18833	1.15819	0.99999	0.00329	0.00047	-0.00329	0.99998	0.00536	-0.00045	-0.00536	0.99999		0.93171	-5.96971	-1.58007	-0.17114	0.40660	0.06565	0.15623	0.99997	-0.00115	-0.00710	0.00112	0.99999	-0.00299	0.00710	0.00298	0.99997	
86	0.43000	-0.40803	-8.19161	0.51303	0.31324	-0.02925	-0.19113	1.15498	0.99999	0.00334	0.00051	-0.00334	0.99998	0.00547	-0.00049	-0.00547	0.99998		0.89884	-5.98551	-1.59991	-0.17820	0.40765	0.06407	0.18041	0.99997	-0.00112	-0.00711	0.00110	0.99999	-0.00311	0.00712	0.00310	0.99997	
87	0.43500	-0.44147	-8.18249	0.50325	0.32073	-0.02795	-0.18863	1.14946	0.99999	0.00329	0.00049	-0.00329	0.99998	0.00560	-0.00047	-0.00560	0.99998		0.91572	-5.99556	-1.60862	-0.18227	0.40883	0.05979	0.17010	0.99997	-0.00104	-0.00714	0.00102	0.99999	-0.00318	0.00714	0.00317	0.99997	
88	0.44000	-0.46422	-8.16372	0.52511	0.32654	-0.01906	-0.19053	1.15185	0.99999	0.00333	0.00033	-0.00333	0.99998	0.00570	-0.00031	-0.00570	0.99998		0.88031	-6.01330	-1.63679	-0.18989	0.41039	0.06288	0.18634	0.99997	-0.00110	-0.00716	0.00107	0.99999	-0.00331	0.00717	0.00331	0.99997	
89	0.44500	-0.42149	-8.14319	0.51927	0.33290	-0.02578	-0.18575	1.17112	0.99999	0.00324	0.00045	-0.00324	0.99998	0.00581	-0.00043	-0.00581	0.99998		0.87451	-6.02312	-1.64086	-0.19531	0.40974	0.06166	0.17791	0.99997	-0.00108	-0.00715	0.00105	0.99999	-0.00341	0.00715	0.00340	0.99997	
90	0.45000	-0.42372	-8.12354	0.52536	0.33942	-0.02238	-0.18547	1.16466	0.99999	0.00324	0.00039	-0.00324	0.99998	0.00592	-0.00037	-0.00593	0.99998		0.89338	-6.03631	-1.66966	-0.20250	0.40593	0.06375	0.18614	0.99997	-0.00111	-0.00708	0.00109	0.99999	-0.00353	0.00709	0.00353	0.99997	
91	0.45500	-0.44853	-8.09721	0.53219	0.34874	-0.01908	-0.18814	1.15748	0.99999	0.00328	0.00033	-0.00329	0.99998	0.00609	-0.00031	-0.00609	0.99998		0.90288	-6.04723	-1.68264	-0.20675	0.40882	0.06047	0.17958	0.99997	-0.00106	-0.00714	0.00103	0.99999	-0.00361	0.00714	0.00360	0.99997	
92	0.46000	-0.48032	-8.07321	0.54387	0.35375	-0.01935	-0.18761	1.15670	0.99999	0.00327	0.00034	-0.00328	0.99998	0.00617	-0.00032	-0.00618	0.99998		0.88219	-6.06044	-1.71131	-0.21211	0.40913	0.05953	0.17376	0.99997	-0.00104	-0.00714	0.00101	0.99999	-0.00370	0.00714	0.00369	0.99997	
93	0.46500	-0.47632	-8.05133	0.55652	0.36175	-0.01724	-0.19260	1.16300	0.99999	0.00336	0.00030	-0.00336	0.99997	0.00631	-0.00028	-0.00631	0.99998		0.89548	-6.07972	-1.72332	-0.22065	0.40668	0.06009	0.17781	0.99997	-0.00105	-0.00710	0.00102	0.99999	-0.00385	0.00710	0.00384	0.99997	
94	0.47000	-0.49326	-8.03586	0.56598	0.36903	-0.01338	-0.19146	1.15725	0.99999	0.00334	0.00023	-0.00334	0.99997	0.00644	-0.00021	-0.00644	0.99998		0.90422	-6.09210	-1.73611	-0.22435	0.40707	0.06135	0.17463	0.99997	-0.00107	-0.00710	0.00104	0.99999	-0.00392	0.00711	0.00391	0.99997	
95	0.47500	-0.47652	-8.02353	0.56669	0.37304	-0.01261	-0.19115	1.17402	0.99999	0.00334	0.00022	-0.00334	0.99997	0.00651	-0.00020	-0.00651	0.99998		0.86929	-6.11289	-1.75988	-0.23380	0.40614	0.06549	0.18851	0.99997	-0.00114	-0.00709	0.00111	0.99999	-0.00408	0.00709	0.00407	0.99997	
96	0.48000	-0.47433	-8.00787	0.54079	0.38052	-0.01573	-0.19247	1.15572	0.99999	0.00336	0.00027	-0.00336	0.99997	0.00664	-0.00025	-0.00664	0.99998		0.85588	-6.12395	-1.76774	-0.23957	0.40748	0.06179	0.18435	0.99997	-0.00108	-0.00711	0.00105	0.99999	-0.00418	0.00712	0.00417	0.99997	
97	0.48500	-0.50397	-7.98824	0.56514	0.38793	-0.01168	-0.19072	1.16632	0.99999	0.00333	0.00020	-0.00333	0.99997	0.00677	-0.00018	-0.00677	0.99998		0.83010	-6.12978	-1.80536	-0.24206	0.41106	0.06359	0.17764	0.99997	-0.00111	-0.00717	0.00108	0.99999	-0.00422	0.00718	0.00422	0.99997	
98	0.49000	-0.49676	-7.96173	0.56647	0.39528	-0.00650	-0.18920	1.17004	0.99999	0.00330	0.00011	-0.00330	0.99997	0.00690	-0.00009	-0.00690	0.99998		0.84024	-6.14500	-1.82151	-0.24872	0.40684	0.06208	0.18954	0.99997	-0.00108	-0.00710	0.00105	0.99999	-0.00434	0.00711	0.00433	0.99997	
99	0.49500	-0.51395	-7.95092	0.57682	0.39900	-0.00502	-0.18998	1.16448	0.99999	0.00332	0.00009	-0.00332	0.99997	0.00696	-0.00006	-0.00696	0.99998		0.86216	-6.15904	-1.83373	-0.25702	0.40509	0.06442	0.18556	0.99997	-0.00112	-0.00707	0.00109	0.99999	-0.00449	0.00708	0.00448	0.99996	
100	0.50000	-0.52568	-7.91704	0.57663	0.40853	-0.00084	-0.18576	1.16905	0.99999	0.00324	0.00001	-0.00324	0.99997	0.00713	0.00001	-0.00713	0.99997		0.84650	-6.18304	-1.85423	-0.26154	0.40606	0.06032	0.18621	0.99997	-0.00105	-0.00709	0.00102	0.99999	-0.00456	0.00709	0.00456	0.99996	
101	0.50500	-0.52826	-7.89924	0.56208	0.41560	-0.00329	-0.18166	1.16161	0.99999	0.00317	0.00006	-0.00317	0.99997	0.00725	-0.00003	-0.00725	0.99997		0.85634	-6.19743	-1.87947	-0.26782	0.40646	0.06396	0.16613	0.99997	-0.00112	-0.00709	0.00108	0.99999	-0.00467	0.00710	0.00467	0.99996	
102	0.51000	-0.49662	-7.88719	0.57204	0.42099	-0.00648	-0.18511	1.16354	0.99999	0.00323	0.00011	-0.00323	0.99997	0.00735	-0.00009	-0.00735	0.99997		0.80928	-6.21012	-1.90768	-0.27421	0.41066	0.06363	0.19321	0.99997	-0.00111	-0.00717	0.00108	0.99999	-0.00479	0.00717	0.00478	0.99996	
103	0.51500	-0.52046	-7.85996	0.55757	0.42759	-0.00506	-0.18974	1.16492	0.99999	0.00331	0.00009	-0.00331	0.99997	0.00746	-0.00006	-0.00746	0.99997		0.85509	-6.22622	-1.92058	-0.27956	0.40507	0.06008	0.19550	0.99997	-0.00105	-0.00707	0.00101	0.99999	-0.00488	0.00707	0.00487	0.99996	
104	0.52000	-0.57211	-7.86414	0.57540	0.43365	0.00252	-0.19061	1.17041	0.99999	0.00333	-0.00004	-0.00333	0.99997	0.00757	0.00007	-0.00757	0.99997		0.83248	-6.24109	-1.94123	-0.28501	0.41069	0.05889	0.18414	0.99997	-0.00103	-0.00717	0.00099	0.99999	-0.00497	0.00717	0.00497	0.99996	
105	0.52500	-0.53678	-7.84606	0.54871	0.43834	-0.00106	-0.18613	1.15833	0.99999	0.00325	0.00002	-0.00325	0.99997	0.00765	0.00001	-0.00765	0.99997		0.82112	-6.26993	-1.96540	-0.29193	0.40831	0.06460	0.18062	0.99997	-0.00113	-0.00713	0.00109	0.99999	-0.00509	0.00713	0.00509	0.99996	
106	0.53000	-0.56421	-7.82135	0.55839	0.44591	0.00155	-0.18757	1.17007	0.99999	0.00327	-0.00003	-0.00327	0.99996	0.00778	0.00005	-0.00778	0.99997		0.79738	-6.27842	-1.98588	-0.29713	0.41186	0.06340	0.18443	0.99997	-0.00111	-0.00719	0.00107	0.99999	-0.00519	0.00719	0.00518	0.99996	
107	0.53500	-0.52242	-7.81142	0.55889	0.45290	-0.00362	-0.19092	1.16748	0.99999	0.00333	0.00006	-0.00333	0.99996	0.00790	-0.00004	-0.00790	0.99997		0.78808	-6.28785	-2.00189	-0.30157	0.40966	0.06531	0.18991	0.99997	-0.00114	-0.00715	0.00110	0.99999	-0.00526	0.00716	0.00526	0.99996	
108	0.54000	-0.52302	-7.77440	0.53598	0.46054	-0.00359	-0.19070	1.16092	0.99999	0.00333	0.00006	-0.00333	0.99996	0.00804	-0.00004	-0.00804	0.99997		0.80828	-6.29507	-2.02761	-0.30582	0.41258	0.06369	0.19813	0.99997	-0.00111	-0.00720	0.00107	0.99999	-0.00534	0.00721	0.00533	0.99996	
109	0.54500	-0.58191	-7.76110	0.55475	0.46628	0.00532	-0.19450	1.17724	0.99999	0.00339	-0.00009	-0.00339	0.99996	0.00814	0.00012	-0.00814	0.99997		0.78909	-6.32890	-2.04353	-0.31380	0.41222	0.06034	0.19213	0.99997	-0.00105	-0.00719	0.00101	0.99998	-0.00548	0.00720	0.00547	0.99996	
110	0.55000	-0.57308	-7.73280	0.55603	0.47361	0.00544	-0.18676	1.16446	0.99999	0.00326	-0.00009	-0.00326	0.99996	0.00827	0.00012	-0.00827	0.99997		0.78178	-6.36196	-2.07200	-0.32258	0.41140	0.06809	0.17991	0.99997	-0.00119	-0.00718	0.00115	0.99998	-0.00563	0.00719	0.00562	0.99996	
111	0.55500	-0.53816	-7.73146	0.54505	0.47813	0.00021	-0.19261	1.15968	0.99999	0.00336	-0.00000	-0.00336	0.99996	0.00834	0.00003	-0.00834	0.99997		0.77595	-6.36742	-2.08866	-0.32589	0.41307	0.06853	0.18276	0.99997	-0.00120	-0.00721	0.00115	0.99998	-0.00569	0.00722	0.00568	0.99996	
112	0.56000	-0.54547	-7.70844	0.55830	0.48302	0.00699	-0.18860	1.17591	0.99999	0.00329	-0.00012	-0.00329	0.99996	0.00843	0.00015	-0.00843	0.99996		0.75973	-6.38163	-2.10510	-0.32905	0.41685	0.06516	0.19025	0.99997	-0.00114	-0.00728	0.00110	0.99998	-0.00574	0.00728	0.00573	0.99996	
113	0.56500	-0.55400	-7.68410	0.54402	0.49060	0.00624	-0.19351	1.15802	0.99999	0.00338	-0.00011	-0.00338	0.99996	0.00856	0.00014	-0.00856	0.99996		0.79744	-6.39181	-2.13472	-0.33407	0.41561	0.06867	0.19075	0.99997	-0.00120	-0.00725	0.00116	0.99998	-0.00583	0.00726	0.00582	0.99996	
114	0.57000	-0.55151	-7.66509	0.53346	0.49631	0.00357	-0.19416	1.15814	0.99999	0.00339	-0.00006	-0.00339	0.99996	0.00866	0.00009	-0.00866	0.99996		0.75600	-6.41526	-2.14202	-0.34087	0.41822	0.06754	0.19723	0.99997	-0.00118	-0.00730	0.00114	0.99998	-0.00595	0.00731	0.00594	0.99996	
115	0.57500	-0.59189	-7.65929	0.53183	0.50162	0.00809	-0.19035	1.16880	0.99999	0.00332	-0.00014	-0.00332	0.99996	0.00875	0.00017	-0.00875	0.99996		0.77343	-6.42866	-2.16708	-0.34391	0.41408	0.06738	0.18052	0.99997	-0.00118	-0.00723	0.00113	0.99998	-0.00600	0.00723	0.00599	0.99996	
116	0.58000	-0.55822	-7.63359	0.52350	0.50644	0.00803	-0.18941	1.17351	0.99999	0.00331	-0.00014	-0.00330	0.99996	0.00884	0.00017	-0.00884	0.99996		0.74046	-6.43688	-2.18327	-0.34805	0.41724	0.06585	0.19609	0.99997	-0.00115	-0.00728	0.00110	0.99998	-0.00607	0.00729	0.00607	0.99996	
117	0.58500	-0.58520	-7.63094	0.50626	0.51056	0.00532	-0.19001	1.17693	0.99999	0.00332	-0.00009	-0.00332	0.99995	0.00891	0.00012	-0.00891	0.99996		0.75798	-6.46236	-2.20391	-0.35384	0.41318	0.06611	0.18120	0.99997	-0.00115	-0.00721	0.00111	0.99998	-0.00618	0.00722	0.00617	0.99995	
118	0.59000	-0.57573	-7.61502	0.50039	0.51490	0.00657	-0.19532	1.17236	0.99999	0.00341	-0.00011	-0.00341	0.99995	0.00899	0.00015	-0.00899	0.99996		0.72092	-6.46443	-2.22424	-0.35661	0.41739	0.06652	0.19848	0.99997	-0.00116	-0.00728	0.00112	0.99998	-0.00622	0.00729	0.00622	0.99995	
119	0.59500	-0.57861	-7.59687	0.50586	0.52225	0.00778	-0.19351	1.17187	0.99999	0.00338	-0.00014	-0.00338	0.99995	0.00911	0.00017	-0.00911	0.99996		0.74980	-6.49777	-2.24518	-0.36281	0.41742	0.06822	0.19223	0.99997	-0.00119	-0.00729	0.00114	0.99998	-0.00633	0.00729	0.00632	0.99995	
120	0.60000	-0.54970	-7.59177	0.46932	0.52497	0.00617	-0.19446	1.16597	0.99999	0.00339	-0.00011	-0.00339	0.99995	0.00916	0.00014	-0.00916	0.99996		0.74665	-6.52011	-2.26139	-0.36902	0.41598	0.06935	0.18722	0.99997	-0.00121	-0.00726	0.00116	0.99998	-0.00644	0.00727	0.00643	0.99995	
121	0.60500	-0.57243	-7.56313	0.47549	0.53075	0.00699	-0.19184	1.16361	0.99999	0.00335	-0.00012	-0.00335	0.99995	0.00926	0.00015	-0.00926	0.99996		0.74106	-6.51856	-2.26104	-0.36893	0.41250	0.06672	0.18228	0.99997	-0.00116	-0.00720	0.00112	0.99998	-0.00644	0.00721	0.00643	0.99995	
122	0.61000	-0.57242	-7.56283	0.46585	0.53144	0.00845	-0.18843	1.15669	0.99999	0.00329	-0.00015	-0.00329	0.99995	0.00928	0.00018	-0.00927	0.99996		0.76642	-6.53079	-2.30326	-0.37138	0.41122	0.06614	0.18337	0.99997	-0.00115	-0.00718	0.00111	0.99998	-0.00648	0.00718	0.00647	0.99995	
123	0.61500	-0.59317	-7.52043	0.47674	0.54347	0.00464	-0.20183	1.14433	0.99999	0.00352	-0.00008	-0.00352	0.99995	0.00949	0.00011	-0.00948	0.99996		0.74988	-6.52676	-2.30284	-0.37279	0.41069	0.06749	0.18725	0.99997	-0.00118	-0.00717	0.00113	0.99998	-0.00651	0.00718	0.00650	0.99995	
124	0.62000	-0.60390	-7.51525	0.46040	0.54694	0.00127	-0.20565	1.15611	0.99999	0.00359	-0.00002	-0.00359	0.99995	0.00955	0.00006	-0.00955	0.99995		0.72848	-6.55509	-2.33139	-0.37952	0.41068	0.07136	0.17913	0.99997	-0.00125	-0.00717	0.00120	0.99998	-0.00662	0.00718	0.00661	0.99995	
125	0.62500	-0.58368	-7.47539	0.46494	0.55331	0.00521	-0.20181	1.14621	0.99999	0.00352	-0.00009	-0.00352	0.99995	0.00966	0.00013	-0.00966	0.99995		0.70175	-6.55632	-2.34375	-0.38091	0.41480	0.06480	0.19074	0.99997	-0.00113	-0.00724	0.00108	0.99998	-0.00665	0.00725	0.00664	0.99995	
126	0.63000	-0.63593	-7.49612	0.46515	0.55421	0.00638	-0.20650	1.15397	0.99999	0.00360	-0.00011	-0.00360	0.99995	0.00967	0.00015	-0.00967	0.99995		0.71113	-6.58996	-2.35984	-0.38651	0.41212	0.07151	0.18758	0.99997	-0.00125	-0.00719	0.00120	0.99998	-0.00675	0.00720	0.00674	0.99995	
127	0.63500	-0.58407	-7.46184	0.44329	0.55902	0.00426	-0.20249	1.13166	0.99999	0.00353	-0.00007	-0.00353	0.99995	0.00976	0.00011	-0.00976	0.99995		0.69762	-6.57452	-2.36808	-0.38537	0.41075	0.07024	0.18455	0.99997	-0.00123	-0.00717	0.00118	0.99998	-0.00673	0.00718	0.00672	0.99995	
128	0.64000	-0.61200	-7.45564	0.43827	0.56316	0.00446	-0.20917	1.14661	0.99999	0.00365	-0.00008	-0.00365	0.99995	0.00983	0.00011	-0.00983	0.99995		0.70706	-6.59904	-2.39347	-0.38859	0.41284	0.07247	0.17082	0.99997	-0.00126	-0.00721	0.00122	0.99998	-0.00678	0.00721	0.00677	0.99995	
129	0.64500	-0.64469	-7.44669	0.42234	0.56607	0.00871	-0.20498	1.15263	0.99999	0.00358	-0.00015	-0.00358	0.99994	0.00988	0.00019	-0.00988	0.99995		0.72328	-6.60868	-2.39290	-0.39194	0.40696	0.07051	0.18008	0.99997	-0.00123	-0.00710	0.00118	0.99998	-0.00684	0.00711	0.00683	0.99995	
130	0.65000	-0.61559	-7.43687	0.41634	0.56701	0.00139	-0.20661	1.13764	0.99999	0.00361	-0.00002	-0.00361	0.99994	0.00990	0.00006	-0.00990	0.99995		0.70587	-6.60723	-2.40522	-0.39070	0.40847	0.06946	0.18410	0.99997	-0.00121	-0.00713	0.00116	0.99998	-0.00682	0.00714	0.00681	0.99995	
131	0.65500	-0.62627	-7.43838	0.41387	0.56919	0.00390	-0.20977	1.13191	0.99999	0.00366	-0.00007	-0.00366	0.99994	0.00993	0.00010	-0.00993	0.99995		0.68167	-6.63037	-2.42583	-0.39498	0.41145	0.06796	0.19278	0.99997	-0.00119	-0.00718	0.00114	0.99998	-0.00689	0.00719	0.00689	0.99995	
132	0.66000	-0.59813	-7.43262	0.38271	0.57448	-0.00141	-0.20925	1.15100	0.99999	0.00365	0.00002	-0.00365	0.99994	0.01003	0.00001	-0.01003	0.99995		0.70091	-6.62498	-2.44273	-0.39467	0.40945	0.06997	0.18534	0.99997	-0.00122	-0.00715	0.00117	0.99998	-0.00689	0.00715	0.00688	0.99995	
133	0.66500	-0.58393	-7.40403	0.38315	0.57725	-0.00043	-0.20709	1.14014	0.99999	0.00361	0.00001	-0.00361	0.99994	0.01007	0.00003	-0.01007	0.99995		0.68861	-6.62701	-2.45086	-0.39530	0.40756	0.06543	0.19881	0.99997	-0.00114	-0.00711	0.00109	0.99998	-0.00690	0.00712	0.00689	0.99995	
134	0.67000	-0.58473	-7.41615	0.35799	0.57585	-0.00153	-0.20771	1.14922	0.99999	0.00363	0.00003	-0.00363	0.99994	0.01005	0.00001	-0.01005	0.99995		0.66090	-6.64228	-2.46702	-0.39797	0.41125	0.06942	0.19150	0.99997	-0.00121	-0.00718	0.00116	0.99998	-0.00695	0.00719	0.00694	0.99995	
135	0.67500	-0.59642	-7.40746	0.35997	0.57924	0.00186	-0.20803	1.15744	0.99999	0.00363	-0.00003	-0.00363	0.99994	0.01011	0.00007	-0.01011	0.99995		0.71471	-6.63806	-2.46312	-0.39776	0.40163	0.06461	0.20197	0.99997	-0.00113	-0.00701	0.00108	0.99998	-0.00694	0.00702	0.00693	0.99995	
136	0.68000	-0.63842	-7.38848	0.34573	0.58200	0.00601	-0.20919	1.15425	0.99999	0.00365	-0.00010	-0.00365	0.99994	0.01016	0.00014	-0.01016	0.99995		0.66159	-6.65975	-2.47045	-0.40123	0.40394	0.06865	0.18695	0.99997	-0.00120	-0.00705	0.00115	0.99997	-0.00700	0.00706	0.00699	0.99995	
137	0.68500	-0.58673	-7.38993	0.32915	0.58240	-0.00249	-0.20969	1.14520	0.99999	0.00366	0.00004	-0.00366	0.99994	0.01016	-0.00001	-0.01016	0.99995		0.67794	-6.64920	-2.49191	-0.39972	0.40257	0.06929	0.18205	0.99997	-0.00121	-0.00703	0.00116	0.99997	-0.00698	0.00703	0.00697	0.99995	
138	0.69000	-0.58789	-7.37596	0.31330	0.58504	-0.00467	-0.21107	1.14501	0.99999	0.00368	0.00008	-0.00368	0.99994	0.01021	-0.00004	-0.01021	0.99995		0.70702	-6.66586	-2.48764	-0.40233	0.39800	0.06902	0.17518	0.99998	-0.00120	-0.00695	0.00116	0.99997	-0.00702	0.00695	0.00701	0.99995	
139	0.69500	-0.61535	-7.38856	0.30725	0.58218	-0.00103	-0.20212	1.16289	0.99999	0.00353	0.00002	-0.00353	0.99994	0.01016	0.00002	-0.01016	0.99995		0.70701	-6.67434	-2.50446	-0.40098	0.40000	0.06911	0.18110	0.99997	-0.00121	-0.00698	0.00116	0.99997	-0.00700	0.00699	0.00699	0.99995	
