NO_OF_FRAMES	12044
NO_OF_CAMERAS	8
NO_OF_BODIES	2
FREQUENCY	200
NO_OF_ANALOG	0
ANALOG_FREQUENCY	0
DESCRIPTION	--
TIME_STAMP	2013-07-02, 15:09:28	3293665.99464936
DATA_INCLUDED	6D
BODY_NAMES	Ice 1	Ice 2
Frame	Time	Ice 1 X	Y	Z	Roll	Pitch	Yaw	Residual	Rot[0]	Rot[1]	Rot[2]	Rot[3]	Rot[4]	Rot[5]	Rot[6]	Rot[7]	Rot[8]	Ice 2 X	Y	Z	Roll	Pitch	Yaw	Residual	Rot[0]	Rot[1]	Rot[2]	Rot[3]	Rot[4]	Rot[5]	Rot[6]	Rot[7]	Rot[8]	
1	0.00500	-22.72829	34.98610	-0.13094	-0.00141	-0.32354	0.27830	0.90187	0.99999	-0.00486	0.00002	0.00486	0.99997	-0.00565	0.00000	0.00565	0.99998		0.00000	0.00000	0.00000	0.00000	0.00000	0.00000	-1.00000	0.00000	0.00000	0.00000	0.00000	0.00000	0.00000	0.00000	0.00000	0.00000	
2	0.01000	-22.81314	34.96944	-0.12125	0.01098	-0.32695	0.26148	0.86991	0.99999	-0.00456	-0.00019	0.00456	0.99997	-0.00571	0.00022	0.00571	0.99998		0.00000	0.00000	0.00000	0.00000	0.00000	0.00000	-1.00000	0.00000	0.00000	0.00000	0.00000	0.00000	0.00000	0.00000	0.00000	0.00000	
3	0.01500	-22.79122	34.98297	-0.12846	0.00967	-0.32435	0.26373	0.88261	0.99999	-0.00460	-0.00017	0.00460	0.99997	-0.00566	0.00019	0.00566	0.99998		0.00000	0.00000	0.00000	0.00000	0.00000	0.00000	-1.00000	0.00000	0.00000	0.00000	0.00000	0.00000	0.00000	0.00000	0.00000	0.00000	
4	0.02000	-22.80204	34.99661	-0.13578	0.01085	-0.32040	0.26095	0.87616	0.99999	-0.00456	-0.00019	0.00455	0.99997	-0.00559	0.00021	0.00559	0.99998		0.00000	0.00000	0.00000	0.00000	0.00000	0.00000	-1.00000	0.00000	0.00000	0.00000	0.00000	0.00000	0.00000	0.00000	0.00000	0.00000	
5	0.02500	-22.78276	34.99802	-0.10967	0.01667	-0.31798	0.26483	0.88369	0.99999	-0.00462	-0.00029	0.00462	0.99997	-0.00555	0.00032	0.00555	0.99998		0.00000	0.00000	0.00000	0.00000	0.00000	0.00000	-1.00000	0.00000	0.00000	0.00000	0.00000	0.00000	0.00000	0.00000	0.00000	0.00000	
6	0.03000	-22.77072	35.01569	-0.12324	0.01750	-0.31405	0.26442	0.87503	0.99999	-0.00462	-0.00031	0.00461	0.99997	-0.00548	0.00033	0.00548	0.99998		0.00000	0.00000	0.00000	0.00000	0.00000	0.00000	-1.00000	0.00000	0.00000	0.00000	0.00000	0.00000	0.00000	0.00000	0.00000	0.00000	
7	0.03500	-22.76802	35.02614	-0.12225	0.01746	-0.30941	0.26156	0.88894	0.99999	-0.00457	-0.00030	0.00456	0.99998	-0.00540	0.00033	0.00540	0.99999		0.00000	0.00000	0.00000	0.00000	0.00000	0.00000	-1.00000	0.00000	0.00000	0.00000	0.00000	0.00000	0.00000	0.00000	0.00000	0.00000	
8	0.04000	-22.74619	35.02147	-0.13048	0.02241	-0.30683	0.25863	0.88672	0.99999	-0.00452	-0.00039	0.00451	0.99998	-0.00536	0.00042	0.00535	0.99999		0.00000	0.00000	0.00000	0.00000	0.00000	0.00000	-1.00000	0.00000	0.00000	0.00000	0.00000	0.00000	0.00000	0.00000	0.00000	0.00000	
9	0.04500	-22.77559	35.02596	-0.12268	0.02792	-0.30024	0.26412	0.89208	0.99999	-0.00461	-0.00049	0.00461	0.99998	-0.00524	0.00051	0.00524	0.99999		0.00000	0.00000	0.00000	0.00000	0.00000	0.00000	-1.00000	0.00000	0.00000	0.00000	0.00000	0.00000	0.00000	0.00000	0.00000	0.00000	
10	0.05000	-22.74258	35.05612	-0.12850	0.02987	-0.29488	0.26454	0.88770	0.99999	-0.00462	-0.00052	0.00462	0.99998	-0.00515	0.00055	0.00514	0.99999		0.00000	0.00000	0.00000	0.00000	0.00000	0.00000	-1.00000	0.00000	0.00000	0.00000	0.00000	0.00000	0.00000	0.00000	0.00000	0.00000	
11	0.05500	-22.77117	35.06808	-0.12079	0.03665	-0.28923	0.26711	0.88529	0.99999	-0.00467	-0.00064	0.00466	0.99998	-0.00505	0.00066	0.00504	0.99999		0.00000	0.00000	0.00000	0.00000	0.00000	0.00000	-1.00000	0.00000	0.00000	0.00000	0.00000	0.00000	0.00000	0.00000	0.00000	0.00000	
12	0.06000	-22.75813	35.07494	-0.09922	0.03744	-0.28291	0.26526	0.88894	0.99999	-0.00463	-0.00065	0.00463	0.99998	-0.00494	0.00068	0.00493	0.99999		0.00000	0.00000	0.00000	0.00000	0.00000	0.00000	-1.00000	0.00000	0.00000	0.00000	0.00000	0.00000	0.00000	0.00000	0.00000	0.00000	
13	0.06500	-22.73532	35.09190	-0.10858	0.03830	-0.27888	0.26734	0.88294	0.99999	-0.00467	-0.00067	0.00467	0.99998	-0.00487	0.00069	0.00486	0.99999		0.00000	0.00000	0.00000	0.00000	0.00000	0.00000	-1.00000	0.00000	0.00000	0.00000	0.00000	0.00000	0.00000	0.00000	0.00000	0.00000	
14	0.07000	-22.72813	35.10821	-0.12910	0.03925	-0.26949	0.26284	0.88513	0.99999	-0.00459	-0.00069	0.00459	0.99998	-0.00470	0.00071	0.00470	0.99999		0.00000	0.00000	0.00000	0.00000	0.00000	0.00000	-1.00000	0.00000	0.00000	0.00000	0.00000	0.00000	0.00000	0.00000	0.00000	0.00000	
15	0.07500	-22.74334	35.13312	-0.10754	0.04761	-0.26042	0.25987	0.88777	0.99999	-0.00454	-0.00083	0.00454	0.99998	-0.00455	0.00085	0.00454	0.99999		0.00000	0.00000	0.00000	0.00000	0.00000	0.00000	-1.00000	0.00000	0.00000	0.00000	0.00000	0.00000	0.00000	0.00000	0.00000	0.00000	
16	0.08000	-22.75040	35.14313	-0.09763	0.05241	-0.25420	0.26155	0.88404	0.99999	-0.00457	-0.00091	0.00456	0.99998	-0.00444	0.00093	0.00443	0.99999		0.00000	0.00000	0.00000	0.00000	0.00000	0.00000	-1.00000	0.00000	0.00000	0.00000	0.00000	0.00000	0.00000	0.00000	0.00000	0.00000	
17	0.08500	-22.72993	35.17748	-0.08412	0.04903	-0.24189	0.25428	0.86956	0.99999	-0.00444	-0.00086	0.00444	0.99998	-0.00422	0.00087	0.00422	0.99999		0.00000	0.00000	0.00000	0.00000	0.00000	0.00000	-1.00000	0.00000	0.00000	0.00000	0.00000	0.00000	0.00000	0.00000	0.00000	0.00000	
18	0.09000	-22.71057	35.19538	-0.11252	0.05076	-0.23354	0.25767	0.87790	0.99999	-0.00450	-0.00089	0.00450	0.99998	-0.00408	0.00090	0.00407	0.99999		0.00000	0.00000	0.00000	0.00000	0.00000	0.00000	-1.00000	0.00000	0.00000	0.00000	0.00000	0.00000	0.00000	0.00000	0.00000	0.00000	
19	0.09500	-22.70771	35.19880	-0.09862	0.05359	-0.22846	0.25822	0.86842	0.99999	-0.00451	-0.00094	0.00451	0.99998	-0.00399	0.00095	0.00398	0.99999		0.00000	0.00000	0.00000	0.00000	0.00000	0.00000	-1.00000	0.00000	0.00000	0.00000	0.00000	0.00000	0.00000	0.00000	0.00000	0.00000	
20	0.10000	-22.69925	35.21393	-0.08862	0.05749	-0.21950	0.25540	0.87417	0.99999	-0.00446	-0.00100	0.00446	0.99998	-0.00383	0.00102	0.00383	0.99999		0.00000	0.00000	0.00000	0.00000	0.00000	0.00000	-1.00000	0.00000	0.00000	0.00000	0.00000	0.00000	0.00000	0.00000	0.00000	0.00000	
21	0.10500	-22.65002	35.26100	-0.10783	0.05264	-0.20675	0.25705	0.87916	0.99999	-0.00449	-0.00092	0.00449	0.99998	-0.00361	0.00093	0.00360	0.99999		0.00000	0.00000	0.00000	0.00000	0.00000	0.00000	-1.00000	0.00000	0.00000	0.00000	0.00000	0.00000	0.00000	0.00000	0.00000	0.00000	
22	0.11000	-22.69669	35.25114	-0.10948	0.06113	-0.19931	0.25617	0.87684	0.99999	-0.00447	-0.00107	0.00447	0.99998	-0.00348	0.00108	0.00347	0.99999		0.00000	0.00000	0.00000	0.00000	0.00000	0.00000	-1.00000	0.00000	0.00000	0.00000	0.00000	0.00000	0.00000	0.00000	0.00000	0.00000	
23	0.11500	-22.65879	35.28159	-0.09962	0.06018	-0.18888	0.25880	0.87682	0.99999	-0.00452	-0.00105	0.00452	0.99998	-0.00330	0.00107	0.00329	0.99999		0.00000	0.00000	0.00000	0.00000	0.00000	0.00000	-1.00000	0.00000	0.00000	0.00000	0.00000	0.00000	0.00000	0.00000	0.00000	0.00000	
24	0.12000	-22.62692	35.37575	-0.50649	0.05259	-0.15869	0.24981	0.86068	0.99999	-0.00436	-0.00092	0.00436	0.99999	-0.00277	0.00093	0.00277	1.00000		0.00000	0.00000	0.00000	0.00000	0.00000	0.00000	-1.00000	0.00000	0.00000	0.00000	0.00000	0.00000	0.00000	0.00000	0.00000	0.00000	
25	0.12500	-22.62436	35.38140	-0.51213	0.05642	-0.15160	0.25059	0.85932	0.99999	-0.00438	-0.00098	0.00437	0.99999	-0.00265	0.00100	0.00264	1.00000		0.00000	0.00000	0.00000	0.00000	0.00000	0.00000	-1.00000	0.00000	0.00000	0.00000	0.00000	0.00000	0.00000	0.00000	0.00000	0.00000	
26	0.13000	-22.63024	35.41439	-0.50659	0.06369	-0.13846	0.25523	0.85583	0.99999	-0.00446	-0.00111	0.00445	0.99999	-0.00242	0.00112	0.00241	1.00000		0.00000	0.00000	0.00000	0.00000	0.00000	0.00000	-1.00000	0.00000	0.00000	0.00000	0.00000	0.00000	0.00000	0.00000	0.00000	0.00000	
27	0.13500	-22.63929	35.44735	-0.51620	0.06712	-0.12750	0.25178	0.85199	0.99999	-0.00440	-0.00117	0.00439	0.99999	-0.00223	0.00118	0.00222	1.00000		0.00000	0.00000	0.00000	0.00000	0.00000	0.00000	-1.00000	0.00000	0.00000	0.00000	0.00000	0.00000	0.00000	0.00000	0.00000	0.00000	
28	0.14000	-22.61589	35.47013	-0.53767	0.06054	-0.11465	0.24863	0.86878	0.99999	-0.00434	-0.00106	0.00434	0.99999	-0.00200	0.00107	0.00200	1.00000		0.00000	0.00000	0.00000	0.00000	0.00000	0.00000	-1.00000	0.00000	0.00000	0.00000	0.00000	0.00000	0.00000	0.00000	0.00000	0.00000	
29	0.14500	-22.61074	35.46869	-0.55830	0.06735	-0.10939	0.25166	0.85747	0.99999	-0.00439	-0.00118	0.00439	0.99999	-0.00191	0.00118	0.00190	1.00000		0.00000	0.00000	0.00000	0.00000	0.00000	0.00000	-1.00000	0.00000	0.00000	0.00000	0.00000	0.00000	0.00000	0.00000	0.00000	0.00000	
30	0.15000	-22.57445	35.51559	-0.57616	0.06651	-0.09465	0.25027	0.85576	0.99999	-0.00437	-0.00116	0.00437	0.99999	-0.00165	0.00117	0.00165	1.00000		0.00000	0.00000	0.00000	0.00000	0.00000	0.00000	-1.00000	0.00000	0.00000	0.00000	0.00000	0.00000	0.00000	0.00000	0.00000	0.00000	
31	0.15500	-22.57191	35.52221	-0.58345	0.06850	-0.08632	0.25159	0.86270	0.99999	-0.00439	-0.00120	0.00439	0.99999	-0.00151	0.00120	0.00150	1.00000		0.00000	0.00000	0.00000	0.00000	0.00000	0.00000	-1.00000	0.00000	0.00000	0.00000	0.00000	0.00000	0.00000	0.00000	0.00000	0.00000	
32	0.16000	-22.57661	35.54627	-0.58435	0.07459	-0.07620	0.24340	0.84557	0.99999	-0.00425	-0.00130	0.00425	0.99999	-0.00133	0.00131	0.00132	1.00000		0.00000	0.00000	0.00000	0.00000	0.00000	0.00000	-1.00000	0.00000	0.00000	0.00000	0.00000	0.00000	0.00000	0.00000	0.00000	0.00000	
33	0.16500	-22.52741	35.56261	-0.59426	0.06746	-0.06462	0.24712	0.85249	0.99999	-0.00431	-0.00118	0.00431	0.99999	-0.00113	0.00118	0.00112	1.00000		0.00000	0.00000	0.00000	0.00000	0.00000	0.00000	-1.00000	0.00000	0.00000	0.00000	0.00000	0.00000	0.00000	0.00000	0.00000	0.00000	
34	0.17000	-22.54271	35.55862	-0.58966	0.07090	-0.06001	0.25195	0.85426	0.99999	-0.00440	-0.00124	0.00440	0.99999	-0.00105	0.00124	0.00104	1.00000		0.00000	0.00000	0.00000	0.00000	0.00000	0.00000	-1.00000	0.00000	0.00000	0.00000	0.00000	0.00000	0.00000	0.00000	0.00000	0.00000	
35	0.17500	-22.51195	35.56949	-0.60797	0.06953	-0.04956	0.25004	0.85240	0.99999	-0.00437	-0.00121	0.00436	0.99999	-0.00086	0.00122	0.00086	1.00000		0.00000	0.00000	0.00000	0.00000	0.00000	0.00000	-1.00000	0.00000	0.00000	0.00000	0.00000	0.00000	0.00000	0.00000	0.00000	0.00000	
36	0.18000	-22.50241	35.59058	-0.61057	0.07076	-0.04105	0.25266	0.85113	0.99999	-0.00441	-0.00124	0.00441	0.99999	-0.00072	0.00124	0.00071	1.00000		0.00000	0.00000	0.00000	0.00000	0.00000	0.00000	-1.00000	0.00000	0.00000	0.00000	0.00000	0.00000	0.00000	0.00000	0.00000	0.00000	
37	0.18500	-22.45362	35.62506	-0.60085	0.07057	-0.02891	0.25224	0.85073	0.99999	-0.00440	-0.00123	0.00440	0.99999	-0.00050	0.00123	0.00050	1.00000		0.00000	0.00000	0.00000	0.00000	0.00000	0.00000	-1.00000	0.00000	0.00000	0.00000	0.00000	0.00000	0.00000	0.00000	0.00000	0.00000	
38	0.19000	-22.51375	35.62763	-0.59547	0.07603	-0.02070	0.25595	0.85206	0.99999	-0.00447	-0.00133	0.00447	0.99999	-0.00036	0.00133	0.00036	1.00000		0.00000	0.00000	0.00000	0.00000	0.00000	0.00000	-1.00000	0.00000	0.00000	0.00000	0.00000	0.00000	0.00000	0.00000	0.00000	0.00000	
39	0.19500	-22.49347	35.63726	-0.62049	0.07112	-0.01212	0.25779	0.86001	0.99999	-0.00450	-0.00124	0.00450	0.99999	-0.00021	0.00124	0.00021	1.00000		0.00000	0.00000	0.00000	0.00000	0.00000	0.00000	-1.00000	0.00000	0.00000	0.00000	0.00000	0.00000	0.00000	0.00000	0.00000	0.00000	
40	0.20000	-22.46894	35.64387	-0.60496	0.07790	-0.00524	0.24941	0.83638	0.99999	-0.00435	-0.00136	0.00435	0.99999	-0.00009	0.00136	0.00009	1.00000		0.00000	0.00000	0.00000	0.00000	0.00000	0.00000	-1.00000	0.00000	0.00000	0.00000	0.00000	0.00000	0.00000	0.00000	0.00000	0.00000	
41	0.20500	-22.50414	35.66693	-0.59431	0.08065	0.00338	0.25368	0.84267	0.99999	-0.00443	-0.00141	0.00443	0.99999	0.00006	0.00141	-0.00007	1.00000		0.00000	0.00000	0.00000	0.00000	0.00000	0.00000	-1.00000	0.00000	0.00000	0.00000	0.00000	0.00000	0.00000	0.00000	0.00000	0.00000	
42	0.21000	-22.48673	35.68504	-0.61942	0.08227	0.01251	0.25491	0.83708	0.99999	-0.00445	-0.00144	0.00445	0.99999	0.00022	0.00143	-0.00022	1.00000		0.00000	0.00000	0.00000	0.00000	0.00000	0.00000	-1.00000	0.00000	0.00000	0.00000	0.00000	0.00000	0.00000	0.00000	0.00000	0.00000	
43	0.21500	-22.45921	35.70993	-0.59952	0.08019	0.02215	0.25432	0.83011	0.99999	-0.00444	-0.00140	0.00444	0.99999	0.00039	0.00140	-0.00039	1.00000		0.00000	0.00000	0.00000	0.00000	0.00000	0.00000	-1.00000	0.00000	0.00000	0.00000	0.00000	0.00000	0.00000	0.00000	0.00000	0.00000	
44	0.22000	-22.47150	35.71310	-0.61827	0.08353	0.02897	0.25360	0.84221	0.99999	-0.00443	-0.00146	0.00443	0.99999	0.00051	0.00146	-0.00051	1.00000		0.00000	0.00000	0.00000	0.00000	0.00000	0.00000	-1.00000	0.00000	0.00000	0.00000	0.00000	0.00000	0.00000	0.00000	0.00000	0.00000	
45	0.22500	-22.45187	35.73054	-0.61438	0.08203	0.03681	0.25741	0.85606	0.99999	-0.00449	-0.00143	0.00449	0.99999	0.00064	0.00143	-0.00065	1.00000		0.00000	0.00000	0.00000	0.00000	0.00000	0.00000	-1.00000	0.00000	0.00000	0.00000	0.00000	0.00000	0.00000	0.00000	0.00000	0.00000	
46	0.23000	-22.42264	35.74472	-0.62178	0.07856	0.04378	0.25132	0.84215	0.99999	-0.00439	-0.00137	0.00439	0.99999	0.00076	0.00137	-0.00077	1.00000		0.00000	0.00000	0.00000	0.00000	0.00000	0.00000	-1.00000	0.00000	0.00000	0.00000	0.00000	0.00000	0.00000	0.00000	0.00000	0.00000	
47	0.23500	-22.42027	35.74767	-0.63132	0.07986	0.05061	0.25837	0.86308	0.99999	-0.00451	-0.00139	0.00451	0.99999	0.00088	0.00139	-0.00089	1.00000		0.00000	0.00000	0.00000	0.00000	0.00000	0.00000	-1.00000	0.00000	0.00000	0.00000	0.00000	0.00000	0.00000	0.00000	0.00000	0.00000	
48	0.24000	-22.38107	35.76335	-0.62688	0.07593	0.05780	0.25829	0.85618	0.99999	-0.00451	-0.00133	0.00451	0.99999	0.00101	0.00132	-0.00101	1.00000		0.00000	0.00000	0.00000	0.00000	0.00000	0.00000	-1.00000	0.00000	0.00000	0.00000	0.00000	0.00000	0.00000	0.00000	0.00000	0.00000	
49	0.24500	-22.40473	35.78425	-0.61128	0.08879	0.06354	0.26040	0.86121	0.99999	-0.00454	-0.00155	0.00454	0.99999	0.00111	0.00154	-0.00112	1.00000		0.00000	0.00000	0.00000	0.00000	0.00000	0.00000	-1.00000	0.00000	0.00000	0.00000	0.00000	0.00000	0.00000	0.00000	0.00000	0.00000	
50	0.25000	-22.41709	35.80127	-0.61880	0.08019	0.07276	0.26432	0.85548	0.99999	-0.00461	-0.00140	0.00461	0.99999	0.00127	0.00139	-0.00128	1.00000		0.00000	0.00000	0.00000	0.00000	0.00000	0.00000	-1.00000	0.00000	0.00000	0.00000	0.00000	0.00000	0.00000	0.00000	0.00000	0.00000	
51	0.25500	-22.39417	35.81380	-0.60885	0.08066	0.07883	0.26413	0.84750	0.99999	-0.00461	-0.00141	0.00461	0.99999	0.00138	0.00140	-0.00138	1.00000		0.00000	0.00000	0.00000	0.00000	0.00000	0.00000	-1.00000	0.00000	0.00000	0.00000	0.00000	0.00000	0.00000	0.00000	0.00000	0.00000	
52	0.26000	-22.40589	35.81369	-0.60323	0.08699	0.08120	0.26216	0.85634	0.99999	-0.00457	-0.00152	0.00458	0.99999	0.00142	0.00151	-0.00142	1.00000		0.00000	0.00000	0.00000	0.00000	0.00000	0.00000	-1.00000	0.00000	0.00000	0.00000	0.00000	0.00000	0.00000	0.00000	0.00000	0.00000	
53	0.26500	-22.38259	35.83079	-0.61040	0.08363	0.08860	0.26037	0.84562	0.99999	-0.00454	-0.00146	0.00454	0.99999	0.00155	0.00145	-0.00155	1.00000		0.00000	0.00000	0.00000	0.00000	0.00000	0.00000	-1.00000	0.00000	0.00000	0.00000	0.00000	0.00000	0.00000	0.00000	0.00000	0.00000	
54	0.27000	-22.37911	35.84969	-0.60737	0.08688	0.09390	0.26317	0.84461	0.99999	-0.00459	-0.00152	0.00459	0.99999	0.00164	0.00151	-0.00165	1.00000		0.00000	0.00000	0.00000	0.00000	0.00000	0.00000	-1.00000	0.00000	0.00000	0.00000	0.00000	0.00000	0.00000	0.00000	0.00000	0.00000	
55	0.27500	-22.36468	35.84864	-0.61353	0.08110	0.09810	0.26017	0.85381	0.99999	-0.00454	-0.00142	0.00454	0.99999	0.00171	0.00141	-0.00172	1.00000		0.00000	0.00000	0.00000	0.00000	0.00000	0.00000	-1.00000	0.00000	0.00000	0.00000	0.00000	0.00000	0.00000	0.00000	0.00000	0.00000	
56	0.28000	-22.34880	35.84829	-0.60920	0.07776	0.10221	0.26077	0.85854	0.99999	-0.00455	-0.00136	0.00455	0.99999	0.00178	0.00135	-0.00179	1.00000		0.00000	0.00000	0.00000	0.00000	0.00000	0.00000	-1.00000	0.00000	0.00000	0.00000	0.00000	0.00000	0.00000	0.00000	0.00000	0.00000	
57	0.28500	-22.39195	35.86717	-0.59218	0.08467	0.10763	0.25928	0.84760	0.99999	-0.00452	-0.00148	0.00453	0.99999	0.00188	0.00147	-0.00189	1.00000		0.00000	0.00000	0.00000	0.00000	0.00000	0.00000	-1.00000	0.00000	0.00000	0.00000	0.00000	0.00000	0.00000	0.00000	0.00000	0.00000	
58	0.29000	-22.37151	35.86991	-0.60117	0.08200	0.11062	0.26420	0.84715	0.99999	-0.00461	-0.00143	0.00461	0.99999	0.00193	0.00142	-0.00194	1.00000		0.00000	0.00000	0.00000	0.00000	0.00000	0.00000	-1.00000	0.00000	0.00000	0.00000	0.00000	0.00000	0.00000	0.00000	0.00000	0.00000	
59	0.29500	-22.31585	35.89284	-0.58933	0.07467	0.11526	0.26331	0.84717	0.99999	-0.00459	-0.00130	0.00460	0.99999	0.00201	0.00129	-0.00202	1.00000		0.00000	0.00000	0.00000	0.00000	0.00000	0.00000	-1.00000	0.00000	0.00000	0.00000	0.00000	0.00000	0.00000	0.00000	0.00000	0.00000	
60	0.30000	-22.29658	35.88262	-0.59656	0.06784	0.11769	0.25971	0.84456	0.99999	-0.00453	-0.00118	0.00453	0.99999	0.00205	0.00117	-0.00206	1.00000		0.00000	0.00000	0.00000	0.00000	0.00000	0.00000	-1.00000	0.00000	0.00000	0.00000	0.00000	0.00000	0.00000	0.00000	0.00000	0.00000	
61	0.30500	-22.25163	35.90365	-0.59905	0.06651	0.12152	0.26081	0.84880	0.99999	-0.00455	-0.00116	0.00455	0.99999	0.00212	0.00115	-0.00213	1.00000		0.00000	0.00000	0.00000	0.00000	0.00000	0.00000	-1.00000	0.00000	0.00000	0.00000	0.00000	0.00000	0.00000	0.00000	0.00000	0.00000	
62	0.31000	-22.26064	35.91329	-0.58297	0.06324	0.12201	0.26138	0.84293	0.99999	-0.00456	-0.00110	0.00456	0.99999	0.00213	0.00109	-0.00213	1.00000		0.00000	0.00000	0.00000	0.00000	0.00000	0.00000	-1.00000	0.00000	0.00000	0.00000	0.00000	0.00000	0.00000	0.00000	0.00000	0.00000	
63	0.31500	-22.26228	35.89955	-0.58932	0.06577	0.12197	0.26283	0.84526	0.99999	-0.00458	-0.00115	0.00459	0.99999	0.00213	0.00114	-0.00213	1.00000		0.00000	0.00000	0.00000	0.00000	0.00000	0.00000	-1.00000	0.00000	0.00000	0.00000	0.00000	0.00000	0.00000	0.00000	0.00000	0.00000	
64	0.32000	-22.24275	35.91064	-0.58290	0.06421	0.12253	0.26408	0.83462	0.99999	-0.00461	-0.00112	0.00461	0.99999	0.00214	0.00111	-0.00214	1.00000		0.00000	0.00000	0.00000	0.00000	0.00000	0.00000	-1.00000	0.00000	0.00000	0.00000	0.00000	0.00000	0.00000	0.00000	0.00000	0.00000	
65	0.32500	-22.26143	35.91607	-0.58463	0.06405	0.12563	0.26583	0.84813	0.99999	-0.00464	-0.00112	0.00464	0.99999	0.00219	0.00111	-0.00220	1.00000		0.00000	0.00000	0.00000	0.00000	0.00000	0.00000	-1.00000	0.00000	0.00000	0.00000	0.00000	0.00000	0.00000	0.00000	0.00000	0.00000	
66	0.33000	-22.26618	35.92062	-0.58184	0.06171	0.12724	0.26158	0.83866	0.99999	-0.00456	-0.00108	0.00457	0.99999	0.00222	0.00107	-0.00223	1.00000		0.00000	0.00000	0.00000	0.00000	0.00000	0.00000	-1.00000	0.00000	0.00000	0.00000	0.00000	0.00000	0.00000	0.00000	0.00000	0.00000	
67	0.33500	-22.22444	35.93272	-0.57080	0.05937	0.12638	0.27076	0.84111	0.99999	-0.00472	-0.00104	0.00473	0.99999	0.00221	0.00103	-0.00221	1.00000		0.00000	0.00000	0.00000	0.00000	0.00000	0.00000	-1.00000	0.00000	0.00000	0.00000	0.00000	0.00000	0.00000	0.00000	0.00000	0.00000	
68	0.34000	-22.14906	35.92556	-0.56268	0.05256	0.12449	0.25793	0.81948	0.99999	-0.00450	-0.00092	0.00450	0.99999	0.00217	0.00091	-0.00218	1.00000		0.00000	0.00000	0.00000	0.00000	0.00000	0.00000	-1.00000	0.00000	0.00000	0.00000	0.00000	0.00000	0.00000	0.00000	0.00000	0.00000	
69	0.34500	-22.19410	35.90870	-0.55374	0.05623	0.12140	0.26174	0.83380	0.99999	-0.00457	-0.00098	0.00457	0.99999	0.00212	0.00097	-0.00212	1.00000		0.00000	0.00000	0.00000	0.00000	0.00000	0.00000	-1.00000	0.00000	0.00000	0.00000	0.00000	0.00000	0.00000	0.00000	0.00000	0.00000	
70	0.35000	-22.20369	35.92227	-0.55575	0.05518	0.12248	0.25767	0.81305	0.99999	-0.00450	-0.00096	0.00450	0.99999	0.00214	0.00095	-0.00214	1.00000		0.00000	0.00000	0.00000	0.00000	0.00000	0.00000	-1.00000	0.00000	0.00000	0.00000	0.00000	0.00000	0.00000	0.00000	0.00000	0.00000	
71	0.35500	-22.16736	35.91430	-0.55695	0.04889	0.11935	0.26165	0.82977	0.99999	-0.00456	-0.00085	0.00457	0.99999	0.00208	0.00084	-0.00209	1.00000		0.00000	0.00000	0.00000	0.00000	0.00000	0.00000	-1.00000	0.00000	0.00000	0.00000	0.00000	0.00000	0.00000	0.00000	0.00000	0.00000	
72	0.36000	-22.18416	35.92313	-0.54465	0.04907	0.11959	0.26794	0.82696	0.99999	-0.00467	-0.00086	0.00468	0.99999	0.00209	0.00085	-0.00209	1.00000		0.00000	0.00000	0.00000	0.00000	0.00000	0.00000	-1.00000	0.00000	0.00000	0.00000	0.00000	0.00000	0.00000	0.00000	0.00000	0.00000	
73	0.36500	-22.13503	35.93173	-0.53634	0.04420	0.11955	0.26182	0.81378	0.99999	-0.00457	-0.00077	0.00457	0.99999	0.00209	0.00076	-0.00209	1.00000		0.00000	0.00000	0.00000	0.00000	0.00000	0.00000	-1.00000	0.00000	0.00000	0.00000	0.00000	0.00000	0.00000	0.00000	0.00000	0.00000	
74	0.37000	-22.13214	35.93435	-0.51176	0.04164	0.11667	0.26252	0.80895	0.99999	-0.00458	-0.00073	0.00458	0.99999	0.00204	0.00072	-0.00204	1.00000		0.00000	0.00000	0.00000	0.00000	0.00000	0.00000	-1.00000	0.00000	0.00000	0.00000	0.00000	0.00000	0.00000	0.00000	0.00000	0.00000	
75	0.37500	-22.10913	35.93164	-0.52341	0.04030	0.11216	0.26183	0.81386	0.99999	-0.00457	-0.00070	0.00457	0.99999	0.00196	0.00069	-0.00196	1.00000		0.00000	0.00000	0.00000	0.00000	0.00000	0.00000	-1.00000	0.00000	0.00000	0.00000	0.00000	0.00000	0.00000	0.00000	0.00000	0.00000	
76	0.38000	-22.12178	35.92987	-0.50063	0.04183	0.10704	0.26669	0.81772	0.99999	-0.00465	-0.00073	0.00465	0.99999	0.00187	0.00072	-0.00187	1.00000		0.00000	0.00000	0.00000	0.00000	0.00000	0.00000	-1.00000	0.00000	0.00000	0.00000	0.00000	0.00000	0.00000	0.00000	0.00000	0.00000	
77	0.38500	-22.02248	35.94439	-0.51654	0.02705	0.10812	0.25975	0.81557	0.99999	-0.00453	-0.00047	0.00453	0.99999	0.00189	0.00046	-0.00189	1.00000		0.00000	0.00000	0.00000	0.00000	0.00000	0.00000	-1.00000	0.00000	0.00000	0.00000	0.00000	0.00000	0.00000	0.00000	0.00000	0.00000	
78	0.39000	-22.03648	35.90503	-0.50946	0.02678	0.10057	0.26629	0.81989	0.99999	-0.00465	-0.00047	0.00465	0.99999	0.00176	0.00046	-0.00176	1.00000		0.00000	0.00000	0.00000	0.00000	0.00000	0.00000	-1.00000	0.00000	0.00000	0.00000	0.00000	0.00000	0.00000	0.00000	0.00000	0.00000	
79	0.39500	-22.08102	35.89858	-0.49697	0.03212	0.09320	0.26456	0.81286	0.99999	-0.00462	-0.00056	0.00462	0.99999	0.00163	0.00055	-0.00163	1.00000		0.00000	0.00000	0.00000	0.00000	0.00000	0.00000	-1.00000	0.00000	0.00000	0.00000	0.00000	0.00000	0.00000	0.00000	0.00000	0.00000	
80	0.40000	-22.04714	35.91200	-0.50687	0.02841	0.09134	0.26733	0.81618	0.99999	-0.00467	-0.00050	0.00467	0.99999	0.00159	0.00049	-0.00160	1.00000		0.00000	0.00000	0.00000	0.00000	0.00000	0.00000	-1.00000	0.00000	0.00000	0.00000	0.00000	0.00000	0.00000	0.00000	0.00000	0.00000	
81	0.40500	-22.02168	35.89899	-0.48631	0.02817	0.08565	0.26712	0.82091	0.99999	-0.00466	-0.00049	0.00466	0.99999	0.00149	0.00048	-0.00150	1.00000		0.00000	0.00000	0.00000	0.00000	0.00000	0.00000	-1.00000	0.00000	0.00000	0.00000	0.00000	0.00000	0.00000	0.00000	0.00000	0.00000	
82	0.41000	-22.00758	35.90177	-0.48315	0.02591	0.08009	0.26412	0.82276	0.99999	-0.00461	-0.00045	0.00461	0.99999	0.00140	0.00045	-0.00140	1.00000		0.00000	0.00000	0.00000	0.00000	0.00000	0.00000	-1.00000	0.00000	0.00000	0.00000	0.00000	0.00000	0.00000	0.00000	0.00000	0.00000	
83	0.41500	-21.96538	35.89337	-0.47281	0.02106	0.07324	0.26708	0.80664	0.99999	-0.00466	-0.00037	0.00466	0.99999	0.00128	0.00036	-0.00128	1.00000		0.00000	0.00000	0.00000	0.00000	0.00000	0.00000	-1.00000	0.00000	0.00000	0.00000	0.00000	0.00000	0.00000	0.00000	0.00000	0.00000	
84	0.42000	-22.01105	35.88257	-0.47153	0.02444	0.06834	0.26583	0.81643	0.99999	-0.00464	-0.00043	0.00464	0.99999	0.00119	0.00042	-0.00119	1.00000		0.00000	0.00000	0.00000	0.00000	0.00000	0.00000	-1.00000	0.00000	0.00000	0.00000	0.00000	0.00000	0.00000	0.00000	0.00000	0.00000	
85	0.42500	-21.97607	35.89108	-0.46615	0.02349	0.06229	0.26511	0.80941	0.99999	-0.00463	-0.00041	0.00463	0.99999	0.00109	0.00040	-0.00109	1.00000		0.00000	0.00000	0.00000	0.00000	0.00000	0.00000	-1.00000	0.00000	0.00000	0.00000	0.00000	0.00000	0.00000	0.00000	0.00000	0.00000	
86	0.43000	-21.94981	35.87452	-0.45345	0.01618	0.05595	0.26305	0.80179	0.99999	-0.00459	-0.00028	0.00459	0.99999	0.00098	0.00028	-0.00098	1.00000		0.00000	0.00000	0.00000	0.00000	0.00000	0.00000	-1.00000	0.00000	0.00000	0.00000	0.00000	0.00000	0.00000	0.00000	0.00000	0.00000	
87	0.43500	-21.90481	35.88228	-0.47553	0.01231	0.05125	0.26838	0.81350	0.99999	-0.00468	-0.00021	0.00468	0.99999	0.00089	0.00021	-0.00090	1.00000		0.00000	0.00000	0.00000	0.00000	0.00000	0.00000	-1.00000	0.00000	0.00000	0.00000	0.00000	0.00000	0.00000	0.00000	0.00000	0.00000	
88	0.44000	-21.88142	35.86325	-0.45330	0.00958	0.04250	0.26449	0.80331	0.99999	-0.00462	-0.00017	0.00462	0.99999	0.00074	0.00016	-0.00074	1.00000		0.00000	0.00000	0.00000	0.00000	0.00000	0.00000	-1.00000	0.00000	0.00000	0.00000	0.00000	0.00000	0.00000	0.00000	0.00000	0.00000	
89	0.44500	-21.91202	35.84509	-0.45547	0.01372	0.03466	0.26963	0.82203	0.99999	-0.00471	-0.00024	0.00471	0.99999	0.00060	0.00024	-0.00061	1.00000		0.00000	0.00000	0.00000	0.00000	0.00000	0.00000	-1.00000	0.00000	0.00000	0.00000	0.00000	0.00000	0.00000	0.00000	0.00000	0.00000	
90	0.45000	-21.85580	35.84271	-0.45230	0.00683	0.02693	0.27012	0.80162	0.99999	-0.00471	-0.00012	0.00471	0.99999	0.00047	0.00012	-0.00047	1.00000		0.00000	0.00000	0.00000	0.00000	0.00000	0.00000	-1.00000	0.00000	0.00000	0.00000	0.00000	0.00000	0.00000	0.00000	0.00000	0.00000	
91	0.45500	-21.85725	35.82100	-0.44110	0.00621	0.01911	0.26810	0.81851	0.99999	-0.00468	-0.00011	0.00468	0.99999	0.00033	0.00011	-0.00033	1.00000		0.00000	0.00000	0.00000	0.00000	0.00000	0.00000	-1.00000	0.00000	0.00000	0.00000	0.00000	0.00000	0.00000	0.00000	0.00000	0.00000	
92	0.46000	-21.83992	35.82114	-0.44129	0.00231	0.01221	0.27109	0.81366	0.99999	-0.00473	-0.00004	0.00473	0.99999	0.00021	0.00004	-0.00021	1.00000		0.00000	0.00000	0.00000	0.00000	0.00000	0.00000	-1.00000	0.00000	0.00000	0.00000	0.00000	0.00000	0.00000	0.00000	0.00000	0.00000	
93	0.46500	-21.87831	35.82330	-0.44714	0.00279	0.00512	0.27699	0.82145	0.99999	-0.00483	-0.00005	0.00483	0.99999	0.00009	0.00005	-0.00009	1.00000		0.00000	0.00000	0.00000	0.00000	0.00000	0.00000	-1.00000	0.00000	0.00000	0.00000	0.00000	0.00000	0.00000	0.00000	0.00000	0.00000	
94	0.47000	-21.83992	35.78949	-0.41923	0.00247	-0.00452	0.26745	0.80422	0.99999	-0.00467	-0.00004	0.00467	0.99999	-0.00008	0.00004	0.00008	1.00000		0.00000	0.00000	0.00000	0.00000	0.00000	0.00000	-1.00000	0.00000	0.00000	0.00000	0.00000	0.00000	0.00000	0.00000	0.00000	0.00000	
95	0.47500	-21.82876	35.78162	-0.43501	0.00313	-0.01262	0.26973	0.80503	0.99999	-0.00471	-0.00005	0.00471	0.99999	-0.00022	0.00006	0.00022	1.00000		0.00000	0.00000	0.00000	0.00000	0.00000	0.00000	-1.00000	0.00000	0.00000	0.00000	0.00000	0.00000	0.00000	0.00000	0.00000	0.00000	
96	0.48000	-21.80745	35.76779	-0.44210	-0.00417	-0.02005	0.26867	0.80867	0.99999	-0.00469	0.00007	0.00469	0.99999	-0.00035	-0.00007	0.00035	1.00000		0.00000	0.00000	0.00000	0.00000	0.00000	0.00000	-1.00000	0.00000	0.00000	0.00000	0.00000	0.00000	0.00000	0.00000	0.00000	0.00000	
97	0.48500	-21.78886	35.74530	-0.43120	-0.00807	-0.03077	0.26708	0.81458	0.99999	-0.00466	0.00014	0.00466	0.99999	-0.00054	-0.00014	0.00054	1.00000		0.00000	0.00000	0.00000	0.00000	0.00000	0.00000	-1.00000	0.00000	0.00000	0.00000	0.00000	0.00000	0.00000	0.00000	0.00000	0.00000	
98	0.49000	-21.80541	35.74301	-0.42313	-0.00190	-0.03915	0.27631	0.82211	0.99999	-0.00482	0.00003	0.00482	0.99999	-0.00068	-0.00003	0.00068	1.00000		0.00000	0.00000	0.00000	0.00000	0.00000	0.00000	-1.00000	0.00000	0.00000	0.00000	0.00000	0.00000	0.00000	0.00000	0.00000	0.00000	
99	0.49500	-21.75613	35.73398	-0.42567	-0.01082	-0.04778	0.27448	0.80764	0.99999	-0.00479	0.00019	0.00479	0.99999	-0.00083	-0.00018	0.00083	1.00000		0.00000	0.00000	0.00000	0.00000	0.00000	0.00000	-1.00000	0.00000	0.00000	0.00000	0.00000	0.00000	0.00000	0.00000	0.00000	0.00000	
100	0.50000	-21.78833	35.71143	-0.41793	-0.00698	-0.05762	0.27598	0.81242	0.99999	-0.00482	0.00012	0.00482	0.99999	-0.00101	-0.00012	0.00101	1.00000		0.00000	0.00000	0.00000	0.00000	0.00000	0.00000	-1.00000	0.00000	0.00000	0.00000	0.00000	0.00000	0.00000	0.00000	0.00000	0.00000	
101	0.50500	-21.73189	35.70989	-0.42032	-0.01248	-0.06542	0.27379	0.81875	0.99999	-0.00478	0.00022	0.00478	0.99999	-0.00114	-0.00021	0.00114	1.00000		0.00000	0.00000	0.00000	0.00000	0.00000	0.00000	-1.00000	0.00000	0.00000	0.00000	0.00000	0.00000	0.00000	0.00000	0.00000	0.00000	
102	0.51000	-21.70743	35.68706	-0.40576	-0.01486	-0.07407	0.27450	0.82724	0.99999	-0.00479	0.00026	0.00479	0.99999	-0.00129	-0.00025	0.00129	1.00000		0.00000	0.00000	0.00000	0.00000	0.00000	0.00000	-1.00000	0.00000	0.00000	0.00000	0.00000	0.00000	0.00000	0.00000	0.00000	0.00000	
103	0.51500	-21.72088	35.67686	-0.40700	-0.01591	-0.08375	0.28049	0.83228	0.99999	-0.00490	0.00028	0.00490	0.99999	-0.00146	-0.00027	0.00146	1.00000		0.00000	0.00000	0.00000	0.00000	0.00000	0.00000	-1.00000	0.00000	0.00000	0.00000	0.00000	0.00000	0.00000	0.00000	0.00000	0.00000	
104	0.52000	-21.69017	35.64715	-0.40901	-0.01897	-0.09285	0.27496	0.81901	0.99999	-0.00480	0.00033	0.00480	0.99999	-0.00162	-0.00032	0.00162	1.00000		0.00000	0.00000	0.00000	0.00000	0.00000	0.00000	-1.00000	0.00000	0.00000	0.00000	0.00000	0.00000	0.00000	0.00000	0.00000	0.00000	
105	0.52500	-21.66766	35.64561	-0.40376	-0.02368	-0.10182	0.27488	0.82063	0.99999	-0.00480	0.00041	0.00480	0.99999	-0.00178	-0.00040	0.00178	1.00000		0.00000	0.00000	0.00000	0.00000	0.00000	0.00000	-1.00000	0.00000	0.00000	0.00000	0.00000	0.00000	0.00000	0.00000	0.00000	0.00000	
106	0.53000	-21.65968	35.62747	-0.40423	-0.02162	-0.11297	0.27974	0.82488	0.99999	-0.00488	0.00038	0.00488	0.99999	-0.00197	-0.00037	0.00197	1.00000		0.00000	0.00000	0.00000	0.00000	0.00000	0.00000	-1.00000	0.00000	0.00000	0.00000	0.00000	0.00000	0.00000	0.00000	0.00000	0.00000	
107	0.53500	-21.65674	35.62717	-0.40423	-0.02324	-0.11965	0.28292	0.82614	0.99999	-0.00494	0.00041	0.00494	0.99999	-0.00209	-0.00040	0.00209	1.00000		0.00000	0.00000	0.00000	0.00000	0.00000	0.00000	-1.00000	0.00000	0.00000	0.00000	0.00000	0.00000	0.00000	0.00000	0.00000	0.00000	
108	0.54000	-21.62623	35.60585	-0.41147	-0.02780	-0.12825	0.27765	0.82246	0.99999	-0.00484	0.00049	0.00485	0.99999	-0.00224	-0.00047	0.00224	1.00000		0.00000	0.00000	0.00000	0.00000	0.00000	0.00000	-1.00000	0.00000	0.00000	0.00000	0.00000	0.00000	0.00000	0.00000	0.00000	0.00000	
109	0.54500	-21.64945	35.59618	-0.40807	-0.02258	-0.13762	0.28059	0.82150	0.99999	-0.00490	0.00039	0.00490	0.99999	-0.00240	-0.00038	0.00240	1.00000		0.00000	0.00000	0.00000	0.00000	0.00000	0.00000	-1.00000	0.00000	0.00000	0.00000	0.00000	0.00000	0.00000	0.00000	0.00000	0.00000	
110	0.55000	-21.64126	35.58005	-0.39805	-0.02074	-0.14595	0.27349	0.80797	0.99999	-0.00477	0.00036	0.00477	0.99999	-0.00255	-0.00035	0.00255	1.00000		0.00000	0.00000	0.00000	0.00000	0.00000	0.00000	-1.00000	0.00000	0.00000	0.00000	0.00000	0.00000	0.00000	0.00000	0.00000	0.00000	
111	0.55500	-21.66143	35.56470	-0.39700	-0.02546	-0.15544	0.27706	0.82035	0.99999	-0.00483	0.00044	0.00484	0.99998	-0.00271	-0.00043	0.00271	1.00000		0.00000	0.00000	0.00000	0.00000	0.00000	0.00000	-1.00000	0.00000	0.00000	0.00000	0.00000	0.00000	0.00000	0.00000	0.00000	0.00000	
112	0.56000	-21.58966	35.55477	-0.41578	-0.02823	-0.16301	0.28016	0.82065	0.99999	-0.00489	0.00049	0.00489	0.99998	-0.00285	-0.00048	0.00285	1.00000		0.00000	0.00000	0.00000	0.00000	0.00000	0.00000	-1.00000	0.00000	0.00000	0.00000	0.00000	0.00000	0.00000	0.00000	0.00000	0.00000	
113	0.56500	-21.62553	35.55360	-0.41234	-0.02653	-0.16754	0.27558	0.82068	0.99999	-0.00481	0.00046	0.00481	0.99998	-0.00292	-0.00045	0.00293	1.00000		0.00000	0.00000	0.00000	0.00000	0.00000	0.00000	-1.00000	0.00000	0.00000	0.00000	0.00000	0.00000	0.00000	0.00000	0.00000	0.00000	
114	0.57000	-21.61903	35.54705	-0.40957	-0.02519	-0.17553	0.27864	0.80593	0.99999	-0.00486	0.00044	0.00486	0.99998	-0.00306	-0.00042	0.00307	1.00000		0.00000	0.00000	0.00000	0.00000	0.00000	0.00000	-1.00000	0.00000	0.00000	0.00000	0.00000	0.00000	0.00000	0.00000	0.00000	0.00000	
115	0.57500	-21.55137	35.53581	-0.39800	-0.02923	-0.18415	0.28154	0.82605	0.99999	-0.00491	0.00051	0.00491	0.99998	-0.00321	-0.00049	0.00322	0.99999		0.00000	0.00000	0.00000	0.00000	0.00000	0.00000	-1.00000	0.00000	0.00000	0.00000	0.00000	0.00000	0.00000	0.00000	0.00000	0.00000	
116	0.58000	-21.56687	35.50887	-0.39257	-0.02981	-0.19244	0.28386	0.81426	0.99999	-0.00495	0.00052	0.00495	0.99998	-0.00336	-0.00050	0.00336	0.99999		0.00000	0.00000	0.00000	0.00000	0.00000	0.00000	-1.00000	0.00000	0.00000	0.00000	0.00000	0.00000	0.00000	0.00000	0.00000	0.00000	
117	0.58500	-21.54274	35.49938	-0.42629	-0.03311	-0.19830	0.27751	0.81640	0.99999	-0.00484	0.00058	0.00484	0.99998	-0.00346	-0.00056	0.00346	0.99999		0.00000	0.00000	0.00000	0.00000	0.00000	0.00000	-1.00000	0.00000	0.00000	0.00000	0.00000	0.00000	0.00000	0.00000	0.00000	0.00000	
118	0.59000	-21.57062	35.48029	-0.40276	-0.02709	-0.20757	0.28116	0.81884	0.99999	-0.00491	0.00047	0.00491	0.99998	-0.00362	-0.00045	0.00362	0.99999		0.00000	0.00000	0.00000	0.00000	0.00000	0.00000	-1.00000	0.00000	0.00000	0.00000	0.00000	0.00000	0.00000	0.00000	0.00000	0.00000	
119	0.59500	-21.54119	35.47430	-0.41733	-0.03229	-0.21099	0.27932	0.81667	0.99999	-0.00487	0.00056	0.00487	0.99998	-0.00368	-0.00055	0.00369	0.99999		0.00000	0.00000	0.00000	0.00000	0.00000	0.00000	-1.00000	0.00000	0.00000	0.00000	0.00000	0.00000	0.00000	0.00000	0.00000	0.00000	
120	0.60000	-21.55814	35.47893	-0.41460	-0.02834	-0.21672	0.27863	0.81959	0.99999	-0.00486	0.00049	0.00486	0.99998	-0.00378	-0.00048	0.00378	0.99999		0.00000	0.00000	0.00000	0.00000	0.00000	0.00000	-1.00000	0.00000	0.00000	0.00000	0.00000	0.00000	0.00000	0.00000	0.00000	0.00000	
121	0.60500	-21.52377	35.45993	-0.41440	-0.03160	-0.22401	0.28414	0.82494	0.99999	-0.00496	0.00055	0.00496	0.99998	-0.00391	-0.00053	0.00391	0.99999		0.00000	0.00000	0.00000	0.00000	0.00000	0.00000	-1.00000	0.00000	0.00000	0.00000	0.00000	0.00000	0.00000	0.00000	0.00000	0.00000	
122	0.61000	-21.53985	35.45822	-0.41579	-0.02975	-0.22946	0.28148	0.83284	0.99999	-0.00491	0.00052	0.00491	0.99998	-0.00400	-0.00050	0.00401	0.99999		0.00000	0.00000	0.00000	0.00000	0.00000	0.00000	-1.00000	0.00000	0.00000	0.00000	0.00000	0.00000	0.00000	0.00000	0.00000	0.00000	
123	0.61500	-21.54780	35.43214	-0.41811	-0.03163	-0.23734	0.28277	0.83961	0.99999	-0.00493	0.00055	0.00494	0.99998	-0.00414	-0.00053	0.00415	0.99999		0.00000	0.00000	0.00000	0.00000	0.00000	0.00000	-1.00000	0.00000	0.00000	0.00000	0.00000	0.00000	0.00000	0.00000	0.00000	0.00000	
124	0.62000	-21.53781	35.41092	-0.43719	-0.02375	-0.24240	0.27885	0.82183	0.99999	-0.00487	0.00041	0.00487	0.99998	-0.00423	-0.00039	0.00423	0.99999		0.00000	0.00000	0.00000	0.00000	0.00000	0.00000	-1.00000	0.00000	0.00000	0.00000	0.00000	0.00000	0.00000	0.00000	0.00000	0.00000	
125	0.62500	-21.47865	35.45137	-0.42823	-0.03302	-0.24034	0.28019	0.82550	0.99999	-0.00489	0.00058	0.00489	0.99998	-0.00419	-0.00056	0.00420	0.99999		0.00000	0.00000	0.00000	0.00000	0.00000	0.00000	-1.00000	0.00000	0.00000	0.00000	0.00000	0.00000	0.00000	0.00000	0.00000	0.00000	
126	0.63000	-21.46083	35.42980	-0.45567	-0.03357	-0.24694	0.28166	0.83278	0.99999	-0.00491	0.00059	0.00492	0.99998	-0.00431	-0.00056	0.00431	0.99999		0.00000	0.00000	0.00000	0.00000	0.00000	0.00000	-1.00000	0.00000	0.00000	0.00000	0.00000	0.00000	0.00000	0.00000	0.00000	0.00000	
127	0.63500	-21.50973	35.40045	-0.43624	-0.02594	-0.25437	0.28444	0.82758	0.99999	-0.00496	0.00045	0.00496	0.99998	-0.00444	-0.00043	0.00444	0.99999		0.00000	0.00000	0.00000	0.00000	0.00000	0.00000	-1.00000	0.00000	0.00000	0.00000	0.00000	0.00000	0.00000	0.00000	0.00000	0.00000	
128	0.64000	-21.47249	35.42724	-0.44906	-0.02901	-0.25427	0.28745	0.82951	0.99999	-0.00501	0.00051	0.00502	0.99998	-0.00444	-0.00048	0.00444	0.99999		0.00000	0.00000	0.00000	0.00000	0.00000	0.00000	-1.00000	0.00000	0.00000	0.00000	0.00000	0.00000	0.00000	0.00000	0.00000	0.00000	
129	0.64500	-21.46106	35.41833	-0.45202	-0.02881	-0.25717	0.28522	0.83937	0.99999	-0.00498	0.00050	0.00498	0.99998	-0.00449	-0.00048	0.00449	0.99999		0.00000	0.00000	0.00000	0.00000	0.00000	0.00000	-1.00000	0.00000	0.00000	0.00000	0.00000	0.00000	0.00000	0.00000	0.00000	0.00000	
130	0.65000	-21.48692	35.38459	-0.46535	-0.02529	-0.26220	0.28116	0.83060	0.99999	-0.00491	0.00044	0.00491	0.99998	-0.00458	-0.00042	0.00458	0.99999		0.00000	0.00000	0.00000	0.00000	0.00000	0.00000	-1.00000	0.00000	0.00000	0.00000	0.00000	0.00000	0.00000	0.00000	0.00000	0.00000	
131	0.65500	-21.47529	35.38885	-0.47386	-0.02626	-0.26452	0.28245	0.83084	0.99999	-0.00493	0.00046	0.00493	0.99998	-0.00462	-0.00044	0.00462	0.99999		0.00000	0.00000	0.00000	0.00000	0.00000	0.00000	-1.00000	0.00000	0.00000	0.00000	0.00000	0.00000	0.00000	0.00000	0.00000	0.00000	
132	0.66000	-21.46189	35.39006	-0.46196	-0.02299	-0.26704	0.28867	0.82387	0.99999	-0.00504	0.00040	0.00504	0.99998	-0.00466	-0.00038	0.00466	0.99999		0.00000	0.00000	0.00000	0.00000	0.00000	0.00000	-1.00000	0.00000	0.00000	0.00000	0.00000	0.00000	0.00000	0.00000	0.00000	0.00000	
133	0.66500	-21.44919	35.37902	-0.48279	-0.02247	-0.26849	0.28650	0.83236	0.99999	-0.00500	0.00039	0.00500	0.99998	-0.00469	-0.00037	0.00469	0.99999		0.00000	0.00000	0.00000	0.00000	0.00000	0.00000	-1.00000	0.00000	0.00000	0.00000	0.00000	0.00000	0.00000	0.00000	0.00000	0.00000	
134	0.67000	-21.46930	35.39392	-0.46216	-0.01556	-0.26860	0.28344	0.82257	0.99999	-0.00495	0.00027	0.00495	0.99998	-0.00469	-0.00025	0.00469	0.99999		0.00000	0.00000	0.00000	0.00000	0.00000	0.00000	-1.00000	0.00000	0.00000	0.00000	0.00000	0.00000	0.00000	0.00000	0.00000	0.00000	
135	0.67500	-21.43261	35.36929	-0.47775	-0.02076	-0.27332	0.28539	0.82238	0.99999	-0.00498	0.00036	0.00498	0.99998	-0.00477	-0.00034	0.00477	0.99999		0.00000	0.00000	0.00000	0.00000	0.00000	0.00000	-1.00000	0.00000	0.00000	0.00000	0.00000	0.00000	0.00000	0.00000	0.00000	0.00000	
136	0.68000	-21.49109	35.38544	-0.47353	-0.01112	-0.27028	0.28321	0.83022	0.99999	-0.00494	0.00019	0.00494	0.99998	-0.00472	-0.00017	0.00472	0.99999		0.00000	0.00000	0.00000	0.00000	0.00000	0.00000	-1.00000	0.00000	0.00000	0.00000	0.00000	0.00000	0.00000	0.00000	0.00000	0.00000	
137	0.68500	-21.46400	35.37525	-0.48753	-0.01480	-0.27429	0.28727	0.82580	0.99999	-0.00501	0.00026	0.00501	0.99998	-0.00479	-0.00023	0.00479	0.99999		0.00000	0.00000	0.00000	0.00000	0.00000	0.00000	-1.00000	0.00000	0.00000	0.00000	0.00000	0.00000	0.00000	0.00000	0.00000	0.00000	
138	0.69000	-21.43023	35.37225	-0.48283	-0.01458	-0.27311	0.28948	0.82313	0.99999	-0.00505	0.00025	0.00505	0.99998	-0.00477	-0.00023	0.00477	0.99999		0.00000	0.00000	0.00000	0.00000	0.00000	0.00000	-1.00000	0.00000	0.00000	0.00000	0.00000	0.00000	0.00000	0.00000	0.00000	0.00000	
139	0.69500	-21.43147	35.36211	-0.47760	-0.01137	-0.27455	0.28815	0.82901	0.99999	-0.00503	0.00020	0.00503	0.99998	-0.00479	-0.00017	0.00479	0.99999		0.00000	0.00000	0.00000	0.00000	0.00000	0.00000	-1.00000	0.00000	0.00000	0.00000	0.00000	0.00000	0.00000	0.00000	0.00000	0.00000	
140	0.70000	-21.44439	35.36082	-0.51073	-0.00880	-0.27541	0.29164	0.83101	0.99999	-0.00509	0.00015	0.00509	0.99998	-0.00481	-0.00013	0.00481	0.99999		0.00000	0.00000	0.00000	0.00000	0.00000	0.00000	-1.00000	0.00000	0.00000	0.00000	0.00000	0.00000	0.00000	0.00000	0.00000	0.00000	
141	0.70500	-21.44431	35.35717	-0.50766	-0.00716	-0.27306	0.29303	0.81367	0.99999	-0.00511	0.00012	0.00511	0.99998	-0.00477	-0.00010	0.00477	0.99999		0.00000	0.00000	0.00000	0.00000	0.00000	0.00000	-1.00000	0.00000	0.00000	0.00000	0.00000	0.00000	0.00000	0.00000	0.00000	0.00000	
