NO_OF_FRAMES	12030
NO_OF_CAMERAS	8
NO_OF_BODIES	2
FREQUENCY	200
NO_OF_ANALOG	0
ANALOG_FREQUENCY	0
DESCRIPTION	--
TIME_STAMP	2013-07-03, 12:30:31	13848.47882722
DATA_INCLUDED	6D
BODY_NAMES	Ice 1	Ice 2
Frame	Time	Ice 1 X	Y	Z	Roll	Pitch	Yaw	Residual	Rot[0]	Rot[1]	Rot[2]	Rot[3]	Rot[4]	Rot[5]	Rot[6]	Rot[7]	Rot[8]	Ice 2 X	Y	Z	Roll	Pitch	Yaw	Residual	Rot[0]	Rot[1]	Rot[2]	Rot[3]	Rot[4]	Rot[5]	Rot[6]	Rot[7]	Rot[8]	
1	0.00500	75.16993	-67.15517	0.36185	0.66581	-0.07946	0.53934	0.96821	0.99995	-0.00941	0.00139	0.00940	0.99989	0.01162	-0.00150	-0.01161	0.99993		-120.57969	-80.19293	-0.19334	-0.17998	0.34252	-0.40474	0.21936	0.99996	0.00706	-0.00598	-0.00708	0.99997	-0.00314	0.00596	0.00318	0.99998	
2	0.01000	75.08527	-67.15217	0.32906	0.65822	-0.07304	0.52670	0.91149	0.99996	-0.00919	0.00127	0.00918	0.99989	0.01149	-0.00138	-0.01148	0.99993		-120.64158	-80.19545	-0.20218	-0.18170	0.35427	-0.40193	0.18316	0.99996	0.00701	-0.00618	-0.00703	0.99997	-0.00317	0.00616	0.00321	0.99998	
3	0.01500	75.06711	-67.16558	0.33365	0.65068	-0.06895	0.52645	0.89279	0.99996	-0.00919	0.00120	0.00917	0.99989	0.01136	-0.00131	-0.01134	0.99993		-120.62399	-80.21631	-0.19304	-0.18980	0.34854	-0.39822	0.18079	0.99996	0.00695	-0.00608	-0.00697	0.99997	-0.00331	0.00606	0.00335	0.99998	
4	0.02000	75.09414	-67.18194	0.31327	0.64437	-0.07084	0.52920	0.90408	0.99996	-0.00924	0.00124	0.00922	0.99989	0.01125	-0.00134	-0.01123	0.99994		-120.59304	-80.22032	-0.19321	-0.19458	0.34669	-0.39757	0.17382	0.99996	0.00694	-0.00605	-0.00696	0.99997	-0.00340	0.00603	0.00344	0.99998	
5	0.02500	75.10062	-67.17883	0.29633	0.64019	-0.07418	0.52624	0.92375	0.99996	-0.00918	0.00129	0.00917	0.99990	0.01117	-0.00140	-0.01116	0.99994		-120.60706	-80.23250	-0.21333	-0.19761	0.34526	-0.40061	0.18174	0.99996	0.00699	-0.00603	-0.00701	0.99997	-0.00345	0.00600	0.00349	0.99998	
6	0.03000	75.08219	-67.18253	0.31142	0.63300	-0.06745	0.52529	0.90036	0.99996	-0.00917	0.00118	0.00915	0.99990	0.01105	-0.00128	-0.01104	0.99994		-120.62866	-80.21213	-0.20455	-0.20183	0.34247	-0.40010	0.17295	0.99996	0.00698	-0.00598	-0.00700	0.99997	-0.00352	0.00595	0.00356	0.99998	
7	0.03500	75.08958	-67.19201	0.28177	0.62597	-0.06526	0.52641	0.90509	0.99996	-0.00919	0.00114	0.00917	0.99990	0.01093	-0.00124	-0.01091	0.99994		-120.59338	-80.23246	-0.21301	-0.20706	0.34147	-0.40290	0.16537	0.99996	0.00703	-0.00596	-0.00705	0.99997	-0.00361	0.00593	0.00366	0.99998	
8	0.04000	75.08491	-67.19152	0.28347	0.61753	-0.06682	0.53301	0.91132	0.99996	-0.00930	0.00117	0.00929	0.99990	0.01078	-0.00127	-0.01077	0.99994		-120.61220	-80.24357	-0.22498	-0.21283	0.34417	-0.40399	0.18142	0.99996	0.00705	-0.00601	-0.00707	0.99997	-0.00371	0.00598	0.00376	0.99998	
9	0.04500	75.07171	-67.20584	0.27622	0.60995	-0.06205	0.52590	0.91135	0.99996	-0.00918	0.00108	0.00917	0.99990	0.01065	-0.00118	-0.01064	0.99994		-120.63530	-80.23493	-0.22848	-0.21944	0.34624	-0.40233	0.18609	0.99996	0.00702	-0.00604	-0.00705	0.99997	-0.00383	0.00602	0.00387	0.99997	
10	0.05000	75.08362	-67.20339	0.25282	0.60525	-0.06481	0.53088	0.91308	0.99996	-0.00927	0.00113	0.00925	0.99990	0.01056	-0.00123	-0.01055	0.99994		-120.61365	-80.25250	-0.23684	-0.22436	0.34369	-0.39771	0.17706	0.99996	0.00694	-0.00600	-0.00696	0.99997	-0.00392	0.00597	0.00396	0.99997	
11	0.05500	74.86857	-67.33834	0.32078	0.59959	-0.06703	0.53650	0.97199	0.99996	-0.00936	0.00117	0.00935	0.99990	0.01046	-0.00127	-0.01045	0.99994		-120.60304	-80.24870	-0.26141	-0.23090	0.34024	-0.40127	0.17718	0.99996	0.00700	-0.00594	-0.00703	0.99997	-0.00403	0.00591	0.00407	0.99997	
12	0.06000	74.82361	-67.34845	0.32266	0.59169	-0.06335	0.54068	0.97820	0.99995	-0.00944	0.00111	0.00942	0.99990	0.01033	-0.00120	-0.01032	0.99995		-120.59795	-80.23692	-0.25740	-0.23519	0.34277	-0.40461	0.18398	0.99996	0.00706	-0.00598	-0.00709	0.99997	-0.00410	0.00595	0.00415	0.99997	
13	0.06500	74.83597	-67.37461	0.30501	0.58461	-0.06946	0.53843	0.99587	0.99996	-0.00940	0.00121	0.00938	0.99990	0.01020	-0.00131	-0.01019	0.99995		-120.61817	-80.26677	-0.25660	-0.24320	0.34535	-0.40239	0.19071	0.99996	0.00702	-0.00603	-0.00705	0.99997	-0.00424	0.00600	0.00429	0.99997	
14	0.07000	74.81892	-67.38057	0.30000	0.57558	-0.06562	0.54218	0.98176	0.99995	-0.00946	0.00115	0.00945	0.99990	0.01005	-0.00124	-0.01003	0.99995		-120.61338	-80.26421	-0.27282	-0.24922	0.34054	-0.39793	0.17156	0.99996	0.00694	-0.00594	-0.00697	0.99997	-0.00435	0.00591	0.00439	0.99997	
15	0.07500	74.80701	-67.40094	0.29351	0.56511	-0.06723	0.54267	0.98870	0.99995	-0.00947	0.00117	0.00946	0.99991	0.00986	-0.00127	-0.00985	0.99995		-120.58446	-80.25695	-0.27301	-0.25557	0.33996	-0.39814	0.16717	0.99996	0.00695	-0.00593	-0.00698	0.99997	-0.00446	0.00590	0.00450	0.99997	
16	0.08000	74.80807	-67.41267	0.30204	0.55663	-0.06837	0.54208	0.99757	0.99995	-0.00946	0.00119	0.00945	0.99991	0.00971	-0.00129	-0.00970	0.99995		-120.57125	-80.28148	-0.28525	-0.26204	0.33940	-0.39684	0.16663	0.99996	0.00693	-0.00592	-0.00695	0.99997	-0.00457	0.00589	0.00461	0.99997	
17	0.08500	74.77174	-67.43844	0.29810	0.54626	-0.06790	0.54681	1.00529	0.99995	-0.00954	0.00119	0.00953	0.99991	0.00953	-0.00128	-0.00952	0.99995		-120.60829	-80.28039	-0.30901	-0.27182	0.33805	-0.40194	0.16902	0.99996	0.00701	-0.00590	-0.00704	0.99996	-0.00474	0.00587	0.00479	0.99997	
18	0.09000	74.78180	-67.43913	0.29494	0.54198	-0.06867	0.54077	1.00717	0.99995	-0.00944	0.00120	0.00943	0.99991	0.00946	-0.00129	-0.00945	0.99995		-120.56108	-80.28819	-0.31388	-0.27597	0.33937	-0.39868	0.17433	0.99996	0.00696	-0.00592	-0.00699	0.99996	-0.00482	0.00589	0.00486	0.99997	
19	0.09500	74.75072	-67.45809	0.30021	0.53028	-0.06812	0.54291	1.00745	0.99995	-0.00948	0.00119	0.00946	0.99991	0.00925	-0.00128	-0.00924	0.99996		-120.58984	-80.29500	-0.32571	-0.28200	0.34185	-0.39447	0.15882	0.99996	0.00688	-0.00597	-0.00691	0.99996	-0.00492	0.00593	0.00496	0.99997	
20	0.10000	74.79460	-67.52247	0.27665	0.51123	-0.06951	0.55861	1.02766	0.99995	-0.00975	0.00121	0.00974	0.99991	0.00892	-0.00130	-0.00891	0.99996		-120.59327	-80.28900	-0.33803	-0.28877	0.34434	-0.40188	0.17374	0.99996	0.00701	-0.00601	-0.00704	0.99996	-0.00504	0.00597	0.00508	0.99997	
21	0.10500	74.78035	-67.53021	0.26419	0.50445	-0.06856	0.55698	1.00994	0.99995	-0.00972	0.00120	0.00971	0.99991	0.00880	-0.00128	-0.00879	0.99996		-120.59999	-80.28920	-0.35452	-0.29301	0.34652	-0.39777	0.17510	0.99996	0.00694	-0.00605	-0.00697	0.99996	-0.00511	0.00601	0.00516	0.99997	
22	0.11000	74.77601	-67.52711	0.28141	0.49649	-0.06880	0.55962	1.03207	0.99995	-0.00977	0.00120	0.00976	0.99991	0.00867	-0.00129	-0.00865	0.99996		-120.57697	-80.30852	-0.37094	-0.30244	0.34429	-0.39635	0.16171	0.99996	0.00692	-0.00601	-0.00695	0.99996	-0.00528	0.00597	0.00532	0.99997	
23	0.11500	74.78744	-67.54506	0.27278	0.48943	-0.07542	0.55728	1.02544	0.99995	-0.00973	0.00132	0.00971	0.99992	0.00854	-0.00140	-0.00853	0.99996		-120.58226	-80.31481	-0.37906	-0.30796	0.34636	-0.39668	0.16525	0.99996	0.00692	-0.00605	-0.00696	0.99996	-0.00537	0.00601	0.00542	0.99997	
24	0.12000	74.78316	-67.56679	0.27258	0.48150	-0.07680	0.55996	1.02791	0.99995	-0.00977	0.00134	0.00976	0.99992	0.00840	-0.00142	-0.00839	0.99996		-120.57486	-80.31960	-0.39174	-0.31284	0.35008	-0.39997	0.17170	0.99996	0.00698	-0.00611	-0.00701	0.99996	-0.00546	0.00607	0.00550	0.99997	
25	0.12500	74.77278	-67.56434	0.26635	0.47474	-0.08059	0.55998	1.02819	0.99995	-0.00977	0.00141	0.00976	0.99992	0.00829	-0.00149	-0.00827	0.99996		-120.60197	-80.31374	-0.40357	-0.32012	0.35304	-0.39535	0.17644	0.99996	0.00690	-0.00616	-0.00693	0.99996	-0.00559	0.00612	0.00563	0.99997	
26	0.13000	74.76358	-67.58101	0.27796	0.46469	-0.07961	0.56287	1.03670	0.99995	-0.00982	0.00139	0.00981	0.99992	0.00811	-0.00147	-0.00810	0.99997		-120.59962	-80.32931	-0.41599	-0.32447	0.35516	-0.39760	0.18316	0.99996	0.00694	-0.00620	-0.00697	0.99996	-0.00566	0.00616	0.00571	0.99996	
27	0.13500	74.75222	-67.59302	0.27011	0.45807	-0.07920	0.56752	1.03821	0.99995	-0.00990	0.00138	0.00989	0.99992	0.00799	-0.00146	-0.00798	0.99997		-120.61119	-80.32517	-0.43630	-0.33003	0.35410	-0.39880	0.17084	0.99996	0.00696	-0.00618	-0.00700	0.99996	-0.00576	0.00614	0.00580	0.99996	
28	0.14000	74.76219	-67.59724	0.28262	0.45124	-0.08547	0.56613	1.04091	0.99995	-0.00988	0.00149	0.00987	0.99992	0.00788	-0.00157	-0.00786	0.99997		-120.58530	-80.33609	-0.44502	-0.33518	0.35572	-0.39993	0.17322	0.99996	0.00698	-0.00621	-0.00702	0.99996	-0.00585	0.00617	0.00589	0.99996	
29	0.14500	74.74139	-67.61066	0.26675	0.44377	-0.08673	0.56414	1.03587	0.99995	-0.00985	0.00151	0.00983	0.99992	0.00775	-0.00159	-0.00773	0.99997		-120.61718	-80.34368	-0.44889	-0.34099	0.36375	-0.39966	0.17584	0.99996	0.00698	-0.00635	-0.00701	0.99996	-0.00595	0.00631	0.00600	0.99996	
30	0.15000	74.75430	-67.60081	0.28215	0.44163	-0.08979	0.56322	1.04486	0.99995	-0.00983	0.00157	0.00982	0.99992	0.00771	-0.00164	-0.00769	0.99997		-120.59774	-80.35514	-0.46934	-0.34983	0.36033	-0.39931	0.16657	0.99996	0.00697	-0.00629	-0.00701	0.99996	-0.00611	0.00625	0.00615	0.99996	
31	0.15500	74.75673	-67.60994	0.27533	0.43367	-0.09515	0.56571	1.04633	0.99995	-0.00987	0.00166	0.00986	0.99992	0.00757	-0.00174	-0.00755	0.99997		-120.58547	-80.35773	-0.45716	-0.35107	0.36463	-0.39761	0.17357	0.99996	0.00694	-0.00636	-0.00698	0.99996	-0.00613	0.00632	0.00617	0.99996	
32	0.16000	74.72324	-67.62518	0.29337	0.42884	-0.09566	0.56525	1.04314	0.99995	-0.00987	0.00167	0.00985	0.99992	0.00748	-0.00174	-0.00747	0.99997		-120.62406	-80.35194	-0.46914	-0.35525	0.36747	-0.39890	0.17135	0.99996	0.00696	-0.00641	-0.00700	0.99996	-0.00620	0.00637	0.00624	0.99996	
33	0.16500	74.75621	-67.61036	0.30084	0.42632	-0.10081	0.56546	1.05380	0.99995	-0.00987	0.00176	0.00986	0.99992	0.00744	-0.00183	-0.00742	0.99997		-120.63416	-80.34236	-0.49826	-0.35835	0.36837	-0.40048	0.17004	0.99995	0.00699	-0.00643	-0.00703	0.99996	-0.00625	0.00639	0.00630	0.99996	
34	0.17000	74.76511	-67.62707	0.30857	0.41969	-0.10212	0.56843	1.04202	0.99995	-0.00992	0.00178	0.00991	0.99992	0.00732	-0.00185	-0.00731	0.99997		-120.60562	-80.37454	-0.50261	-0.36508	0.37118	-0.40060	0.17569	0.99995	0.00699	-0.00648	-0.00703	0.99995	-0.00637	0.00643	0.00642	0.99996	
35	0.17500	74.73088	-67.64206	0.31922	0.41401	-0.10343	0.56439	1.05644	0.99995	-0.00985	0.00181	0.00984	0.99993	0.00723	-0.00188	-0.00721	0.99997		-120.64696	-80.35686	-0.51472	-0.36666	0.37457	-0.39885	0.17432	0.99995	0.00696	-0.00654	-0.00700	0.99995	-0.00640	0.00649	0.00644	0.99996	
36	0.18000	74.75484	-67.64726	0.32925	0.41214	-0.10770	0.56672	1.05034	0.99995	-0.00989	0.00188	0.00988	0.99993	0.00719	-0.00195	-0.00717	0.99997		-120.63669	-80.37216	-0.51494	-0.37074	0.37935	-0.39837	0.18029	0.99995	0.00695	-0.00662	-0.00700	0.99995	-0.00647	0.00658	0.00652	0.99996	
37	0.18500	74.74790	-67.65925	0.31238	0.40710	-0.11181	0.56440	1.06004	0.99995	-0.00985	0.00195	0.00984	0.99993	0.00711	-0.00202	-0.00709	0.99997		-120.63026	-80.38239	-0.51545	-0.37159	0.38456	-0.39976	0.17224	0.99995	0.00698	-0.00671	-0.00702	0.99995	-0.00649	0.00667	0.00653	0.99996	
38	0.19000	74.67413	-67.66629	0.33686	0.40210	-0.10491	0.56525	1.05572	0.99995	-0.00987	0.00183	0.00985	0.99993	0.00702	-0.00190	-0.00700	0.99997		-120.67915	-80.37804	-0.53137	-0.37525	0.38721	-0.39952	0.16951	0.99995	0.00697	-0.00676	-0.00702	0.99995	-0.00655	0.00671	0.00660	0.99996	
39	0.19500	74.76125	-67.67345	0.34894	0.40147	-0.11677	0.56337	1.06273	0.99995	-0.00983	0.00204	0.00982	0.99993	0.00701	-0.00211	-0.00699	0.99997		-120.62821	-80.39544	-0.54057	-0.37630	0.38911	-0.40023	0.18096	0.99995	0.00699	-0.00679	-0.00703	0.99995	-0.00657	0.00675	0.00661	0.99996	
40	0.20000	74.71547	-67.67728	0.35701	0.39997	-0.11724	0.56701	1.06132	0.99995	-0.00990	0.00205	0.00988	0.99993	0.00698	-0.00212	-0.00696	0.99997		-120.65331	-80.40424	-0.54834	-0.38071	0.39044	-0.39522	0.16948	0.99995	0.00690	-0.00681	-0.00694	0.99995	-0.00664	0.00677	0.00669	0.99995	
41	0.20500	74.73944	-67.66746	0.34784	0.39929	-0.12130	0.56581	1.06838	0.99995	-0.00988	0.00212	0.00986	0.99993	0.00697	-0.00219	-0.00695	0.99997		-120.68067	-80.39850	-0.56066	-0.38252	0.39505	-0.39989	0.17553	0.99995	0.00698	-0.00689	-0.00703	0.99995	-0.00668	0.00685	0.00672	0.99995	
42	0.21000	74.72584	-67.67975	0.36684	0.39947	-0.12167	0.56371	1.05580	0.99995	-0.00984	0.00212	0.00982	0.99993	0.00697	-0.00219	-0.00695	0.99997		-120.65997	-80.40672	-0.55280	-0.38297	0.39702	-0.39918	0.16846	0.99995	0.00697	-0.00693	-0.00701	0.99995	-0.00668	0.00688	0.00673	0.99995	
43	0.21500	74.74569	-67.68125	0.37810	0.39976	-0.12934	0.56091	1.06865	0.99995	-0.00979	0.00226	0.00977	0.99993	0.00698	-0.00233	-0.00695	0.99997		-120.66451	-80.40707	-0.56973	-0.38287	0.39823	-0.40551	0.17023	0.99995	0.00708	-0.00695	-0.00712	0.99995	-0.00668	0.00690	0.00673	0.99995	
44	0.22000	74.73470	-67.68158	0.38034	0.40002	-0.12824	0.56322	1.05985	0.99995	-0.00983	0.00224	0.00981	0.99993	0.00698	-0.00231	-0.00696	0.99997		-120.64979	-80.40641	-0.56210	-0.38128	0.40160	-0.40714	0.16581	0.99995	0.00711	-0.00701	-0.00715	0.99995	-0.00665	0.00696	0.00670	0.99995	
45	0.22500	74.73884	-67.67162	0.38547	0.40214	-0.13356	0.56760	1.08264	0.99995	-0.00991	0.00233	0.00989	0.99993	0.00702	-0.00240	-0.00700	0.99997		-120.68274	-80.40592	-0.56166	-0.38151	0.40440	-0.40168	0.16143	0.99995	0.00701	-0.00706	-0.00706	0.99995	-0.00666	0.00701	0.00671	0.99995	
46	0.23000	74.74774	-67.68367	0.39158	0.40305	-0.13625	0.56420	1.06767	0.99995	-0.00985	0.00238	0.00983	0.99993	0.00703	-0.00245	-0.00701	0.99997		-120.65130	-80.41888	-0.57481	-0.38173	0.40619	-0.40465	0.16926	0.99995	0.00706	-0.00709	-0.00711	0.99995	-0.00666	0.00704	0.00671	0.99995	
47	0.23500	74.72419	-67.68220	0.39649	0.40330	-0.13579	0.56847	1.07053	0.99995	-0.00992	0.00237	0.00990	0.99993	0.00704	-0.00244	-0.00702	0.99997		-120.69999	-80.41965	-0.58693	-0.38011	0.41229	-0.40211	0.18199	0.99995	0.00702	-0.00720	-0.00707	0.99995	-0.00663	0.00715	0.00668	0.99995	
48	0.24000	74.74211	-67.67969	0.41448	0.40811	-0.14178	0.56658	1.06257	0.99995	-0.00989	0.00247	0.00987	0.99993	0.00712	-0.00254	-0.00710	0.99997		-120.68083	-80.41795	-0.57500	-0.37853	0.40996	-0.40434	0.15543	0.99995	0.00706	-0.00716	-0.00710	0.99995	-0.00661	0.00711	0.00666	0.99995	
49	0.24500	74.74414	-67.68595	0.41463	0.41214	-0.14597	0.56372	1.06105	0.99995	-0.00984	0.00255	0.00982	0.99993	0.00719	-0.00262	-0.00717	0.99997		-120.68713	-80.42473	-0.58751	-0.37680	0.41326	-0.40282	0.17665	0.99995	0.00703	-0.00721	-0.00708	0.99995	-0.00658	0.00717	0.00663	0.99995	
50	0.25000	74.75217	-67.69511	0.42002	0.41451	-0.14614	0.55996	1.05061	0.99995	-0.00977	0.00255	0.00975	0.99993	0.00723	-0.00262	-0.00721	0.99997		-120.68973	-80.43701	-0.58379	-0.37632	0.41557	-0.40578	0.15966	0.99995	0.00708	-0.00725	-0.00713	0.99995	-0.00657	0.00721	0.00662	0.99995	
51	0.25500	74.75967	-67.68916	0.42953	0.41974	-0.15008	0.55931	1.06036	0.99995	-0.00976	0.00262	0.00974	0.99993	0.00733	-0.00269	-0.00730	0.99997		-120.65692	-80.43492	-0.57606	-0.37319	0.41705	-0.40522	0.17476	0.99995	0.00707	-0.00728	-0.00712	0.99995	-0.00651	0.00723	0.00656	0.99995	
52	0.26000	74.68109	-67.71642	0.44143	0.41860	-0.14491	0.56300	1.06112	0.99995	-0.00983	0.00253	0.00981	0.99993	0.00731	-0.00260	-0.00728	0.99997		-120.66648	-80.45382	-0.57599	-0.37250	0.41587	-0.40257	0.15518	0.99995	0.00703	-0.00726	-0.00707	0.99995	-0.00650	0.00721	0.00655	0.99995	
53	0.26500	74.70877	-67.69813	0.43787	0.42616	-0.14840	0.55910	1.04101	0.99995	-0.00976	0.00259	0.00974	0.99992	0.00744	-0.00266	-0.00741	0.99997		-120.67490	-80.42854	-0.57654	-0.36549	0.42008	-0.40747	0.17499	0.99995	0.00711	-0.00733	-0.00716	0.99995	-0.00638	0.00729	0.00643	0.99995	
54	0.27000	74.70796	-67.71633	0.44905	0.42805	-0.15081	0.56203	1.04665	0.99995	-0.00981	0.00263	0.00979	0.99992	0.00747	-0.00271	-0.00744	0.99997		-120.67261	-80.43871	-0.57690	-0.36243	0.42103	-0.40880	0.17676	0.99995	0.00713	-0.00735	-0.00718	0.99995	-0.00633	0.00730	0.00638	0.99995	
55	0.27500	74.68005	-67.70661	0.46847	0.43619	-0.14687	0.56076	1.04620	0.99995	-0.00979	0.00256	0.00977	0.99992	0.00761	-0.00264	-0.00759	0.99997		-120.65319	-80.45070	-0.56884	-0.36083	0.42038	-0.40449	0.17086	0.99995	0.00706	-0.00734	-0.00711	0.99995	-0.00630	0.00729	0.00635	0.99995	
56	0.28000	74.68396	-67.70147	0.45996	0.44125	-0.15059	0.56162	1.05153	0.99995	-0.00980	0.00263	0.00978	0.99992	0.00770	-0.00270	-0.00768	0.99997		-120.65530	-80.44250	-0.57367	-0.35354	0.42232	-0.40648	0.16947	0.99995	0.00709	-0.00737	-0.00714	0.99996	-0.00617	0.00733	0.00622	0.99995	
57	0.28500	74.64058	-67.68684	0.50898	0.45247	-0.14994	0.54696	1.01832	0.99995	-0.00955	0.00262	0.00953	0.99992	0.00790	-0.00269	-0.00787	0.99997		-120.67742	-80.45898	-0.56069	-0.35352	0.42193	-0.40551	0.16099	0.99995	0.00708	-0.00736	-0.00712	0.99996	-0.00617	0.00732	0.00622	0.99995	
58	0.29000	74.66490	-67.65588	0.52575	0.46243	-0.15631	0.54562	1.03640	0.99995	-0.00952	0.00273	0.00950	0.99992	0.00807	-0.00280	-0.00804	0.99996		-120.65971	-80.44511	-0.57002	-0.34467	0.42390	-0.40783	0.16826	0.99995	0.00712	-0.00740	-0.00716	0.99996	-0.00602	0.00736	0.00607	0.99995	
59	0.29500	74.70254	-67.66978	0.51011	0.46685	-0.15795	0.54460	1.04574	0.99995	-0.00950	0.00276	0.00948	0.99992	0.00815	-0.00283	-0.00812	0.99996		-120.64288	-80.45714	-0.54974	-0.34092	0.42365	-0.41018	0.16160	0.99995	0.00716	-0.00739	-0.00720	0.99996	-0.00595	0.00735	0.00600	0.99995	
60	0.30000	74.66099	-67.68549	0.53832	0.47372	-0.15621	0.53958	1.02776	0.99995	-0.00942	0.00273	0.00939	0.99992	0.00827	-0.00280	-0.00824	0.99996		-120.66632	-80.45254	-0.55805	-0.33601	0.42353	-0.41018	0.15163	0.99995	0.00716	-0.00739	-0.00720	0.99996	-0.00586	0.00735	0.00592	0.99996	
61	0.30500	74.68143	-67.64455	0.52847	0.48494	-0.15859	0.54206	1.04032	0.99995	-0.00946	0.00277	0.00944	0.99992	0.00846	-0.00285	-0.00844	0.99996		-120.64215	-80.45910	-0.54626	-0.33076	0.42628	-0.40891	0.17036	0.99995	0.00714	-0.00744	-0.00718	0.99996	-0.00577	0.00740	0.00583	0.99996	
62	0.31000	74.65572	-67.66813	0.53439	0.49152	-0.15932	0.53950	1.03773	0.99995	-0.00942	0.00278	0.00939	0.99992	0.00858	-0.00286	-0.00855	0.99996		-120.64480	-80.45880	-0.54190	-0.32684	0.42147	-0.40995	0.16009	0.99995	0.00715	-0.00736	-0.00720	0.99996	-0.00570	0.00731	0.00576	0.99996	
63	0.31500	74.67236	-67.64488	0.54731	0.50136	-0.15780	0.54227	1.04130	0.99995	-0.00946	0.00275	0.00944	0.99992	0.00875	-0.00284	-0.00872	0.99996		-120.64385	-80.45327	-0.52563	-0.31814	0.42250	-0.41291	0.18138	0.99995	0.00721	-0.00737	-0.00725	0.99996	-0.00555	0.00733	0.00561	0.99996	
64	0.32000	74.69181	-67.65244	0.54614	0.50781	-0.15697	0.54196	1.04125	0.99995	-0.00946	0.00274	0.00943	0.99992	0.00886	-0.00282	-0.00884	0.99996		-120.65906	-80.45756	-0.52586	-0.31287	0.42474	-0.41195	0.17597	0.99995	0.00719	-0.00741	-0.00723	0.99996	-0.00546	0.00737	0.00551	0.99996	
65	0.32500	74.67387	-67.65125	0.56290	0.51704	-0.15977	0.54195	1.04277	0.99995	-0.00946	0.00279	0.00943	0.99991	0.00902	-0.00287	-0.00900	0.99996		-120.64794	-80.45100	-0.52225	-0.30514	0.42115	-0.41483	0.16685	0.99995	0.00724	-0.00735	-0.00728	0.99996	-0.00533	0.00731	0.00538	0.99996	
66	0.33000	74.69350	-67.62851	0.56454	0.52809	-0.15905	0.53956	1.04221	0.99995	-0.00942	0.00278	0.00939	0.99991	0.00922	-0.00286	-0.00919	0.99995		-120.64612	-80.47618	-0.52231	-0.30441	0.42423	-0.41307	0.16803	0.99995	0.00721	-0.00740	-0.00725	0.99996	-0.00531	0.00737	0.00537	0.99996	
67	0.33500	74.70199	-67.63225	0.56685	0.53542	-0.15902	0.53754	1.03398	0.99995	-0.00938	0.00278	0.00936	0.99991	0.00934	-0.00286	-0.00932	0.99995		-120.65871	-80.46298	-0.50180	-0.29441	0.42343	-0.40803	0.16700	0.99995	0.00712	-0.00739	-0.00716	0.99996	-0.00514	0.00735	0.00519	0.99996	
68	0.34000	74.70957	-67.64215	0.57035	0.54080	-0.15743	0.54619	1.05244	0.99995	-0.00953	0.00275	0.00951	0.99991	0.00944	-0.00284	-0.00941	0.99995		-120.66486	-80.47274	-0.48921	-0.29037	0.42395	-0.41019	0.18468	0.99995	0.00716	-0.00740	-0.00720	0.99996	-0.00507	0.00736	0.00512	0.99996	
69	0.34500	74.73964	-67.62826	0.58666	0.54819	-0.15676	0.54565	1.03913	0.99995	-0.00952	0.00274	0.00950	0.99991	0.00957	-0.00283	-0.00954	0.99995		-120.65150	-80.48389	-0.47708	-0.28553	0.42184	-0.41276	0.16681	0.99995	0.00720	-0.00736	-0.00724	0.99996	-0.00498	0.00733	0.00504	0.99996	
70	0.35000	74.71239	-67.63001	0.56688	0.55808	-0.15349	0.54730	1.05199	0.99995	-0.00955	0.00268	0.00953	0.99991	0.00974	-0.00277	-0.00971	0.99995		-120.69597	-80.46931	-0.47731	-0.27415	0.42590	-0.41543	0.17014	0.99995	0.00725	-0.00743	-0.00729	0.99996	-0.00478	0.00740	0.00484	0.99996	
71	0.35500	74.70931	-67.62782	0.58416	0.56632	-0.15013	0.54343	1.04039	0.99995	-0.00948	0.00262	0.00946	0.99991	0.00988	-0.00271	-0.00986	0.99995		-120.65495	-80.48000	-0.45710	-0.27106	0.42267	-0.41258	0.17186	0.99995	0.00720	-0.00738	-0.00724	0.99996	-0.00473	0.00734	0.00478	0.99996	
72	0.36000	74.70662	-67.64212	0.58029	0.57249	-0.14703	0.54655	1.05228	0.99995	-0.00954	0.00257	0.00951	0.99990	0.00999	-0.00266	-0.00997	0.99995		-120.66249	-80.47611	-0.46157	-0.26389	0.42312	-0.41470	0.16649	0.99995	0.00724	-0.00738	-0.00727	0.99996	-0.00461	0.00735	0.00466	0.99996	
73	0.36500	74.69802	-67.61713	0.58036	0.58414	-0.14694	0.54161	1.04405	0.99995	-0.00945	0.00256	0.00943	0.99990	0.01019	-0.00266	-0.01017	0.99994		-120.67423	-80.47922	-0.45732	-0.25756	0.42217	-0.41371	0.16438	0.99995	0.00722	-0.00737	-0.00725	0.99996	-0.00450	0.00734	0.00455	0.99996	
74	0.37000	74.69461	-67.62709	0.58274	0.58989	-0.14542	0.54538	1.04608	0.99995	-0.00952	0.00254	0.00949	0.99990	0.01030	-0.00264	-0.01027	0.99994		-120.66565	-80.47390	-0.43292	-0.25188	0.42426	-0.41549	0.17242	0.99995	0.00725	-0.00740	-0.00728	0.99996	-0.00440	0.00737	0.00445	0.99996	
75	0.37500	74.71642	-67.61378	0.58469	0.59920	-0.14330	0.54619	1.06232	0.99995	-0.00953	0.00250	0.00951	0.99990	0.01046	-0.00260	-0.01043	0.99994		-120.66884	-80.46053	-0.42915	-0.24386	0.42155	-0.41672	0.15066	0.99995	0.00727	-0.00736	-0.00730	0.99996	-0.00426	0.00733	0.00431	0.99996	
76	0.38000	74.73985	-67.61771	0.58208	0.60598	-0.14233	0.54507	1.05684	0.99995	-0.00951	0.00248	0.00949	0.99990	0.01058	-0.00258	-0.01055	0.99994		-120.66451	-80.47155	-0.41652	-0.23931	0.41690	-0.41507	0.14853	0.99995	0.00724	-0.00728	-0.00727	0.99996	-0.00418	0.00725	0.00423	0.99996	
77	0.38500	74.70473	-67.59530	0.58423	0.61538	-0.13858	0.54432	1.04543	0.99995	-0.00950	0.00242	0.00947	0.99990	0.01074	-0.00252	-0.01072	0.99994		-120.69497	-80.47629	-0.39985	-0.23414	0.42286	-0.41512	0.15896	0.99995	0.00724	-0.00738	-0.00728	0.99997	-0.00409	0.00735	0.00414	0.99996	
78	0.39000	74.72390	-67.59265	0.58934	0.62282	-0.13641	0.54483	1.04464	0.99995	-0.00951	0.00238	0.00948	0.99990	0.01087	-0.00248	-0.01085	0.99994		-120.68929	-80.47611	-0.39153	-0.22912	0.41840	-0.41461	0.16447	0.99995	0.00724	-0.00730	-0.00727	0.99997	-0.00400	0.00727	0.00405	0.99997	
79	0.39500	74.73641	-67.62202	0.57876	0.62821	-0.13592	0.54518	1.06487	0.99995	-0.00951	0.00237	0.00949	0.99989	0.01096	-0.00248	-0.01094	0.99994		-120.72015	-80.47280	-0.37915	-0.22115	0.42201	-0.41952	0.17349	0.99995	0.00732	-0.00737	-0.00735	0.99997	-0.00386	0.00734	0.00391	0.99997	
80	0.40000	74.70993	-67.61551	0.57356	0.63240	-0.12799	0.54475	1.06487	0.99995	-0.00951	0.00223	0.00948	0.99989	0.01104	-0.00234	-0.01102	0.99994		-120.69612	-80.47725	-0.35876	-0.21780	0.42034	-0.41991	0.16268	0.99995	0.00733	-0.00734	-0.00736	0.99997	-0.00380	0.00731	0.00385	0.99997	
81	0.40500	74.69669	-67.62942	0.58114	0.63911	-0.12538	0.54261	1.05504	0.99995	-0.00947	0.00219	0.00945	0.99989	0.01115	-0.00229	-0.01113	0.99994		-120.69521	-80.48384	-0.35465	-0.21310	0.41896	-0.41855	0.16237	0.99995	0.00730	-0.00731	-0.00733	0.99997	-0.00372	0.00728	0.00377	0.99997	
82	0.41000	74.69858	-67.62866	0.59354	0.64451	-0.12684	0.54277	1.06102	0.99995	-0.00947	0.00221	0.00945	0.99989	0.01125	-0.00232	-0.01123	0.99993		-120.69609	-80.46706	-0.34237	-0.20721	0.41902	-0.42003	0.18111	0.99995	0.00733	-0.00731	-0.00736	0.99997	-0.00362	0.00729	0.00367	0.99997	
83	0.41500	74.72338	-67.62019	0.57123	0.64908	-0.12046	0.54556	1.06444	0.99995	-0.00952	0.00210	0.00950	0.99989	0.01133	-0.00221	-0.01131	0.99993		-120.73079	-80.45469	-0.33834	-0.20052	0.42148	-0.42049	0.17084	0.99995	0.00734	-0.00736	-0.00736	0.99997	-0.00350	0.00733	0.00355	0.99997	
84	0.42000	74.70918	-67.61534	0.57948	0.65700	-0.11483	0.54701	1.06590	0.99995	-0.00955	0.00200	0.00952	0.99989	0.01147	-0.00211	-0.01145	0.99993		-120.70313	-80.49192	-0.32155	-0.20053	0.41829	-0.42105	0.16728	0.99995	0.00735	-0.00730	-0.00737	0.99997	-0.00350	0.00727	0.00355	0.99997	
85	0.42500	74.74792	-67.61723	0.56947	0.66221	-0.11699	0.54416	1.06040	0.99995	-0.00950	0.00204	0.00947	0.99989	0.01156	-0.00215	-0.01154	0.99993		-120.72558	-80.46518	-0.30893	-0.19381	0.41640	-0.42276	0.17185	0.99995	0.00738	-0.00727	-0.00740	0.99997	-0.00338	0.00724	0.00344	0.99997	
86	0.43000	74.73111	-67.62349	0.57568	0.66444	-0.11160	0.54181	1.07064	0.99995	-0.00946	0.00195	0.00943	0.99989	0.01160	-0.00206	-0.01158	0.99993		-120.73375	-80.48680	-0.31271	-0.19171	0.41459	-0.42107	0.17034	0.99995	0.00735	-0.00724	-0.00737	0.99997	-0.00335	0.00721	0.00340	0.99997	
87	0.43500	74.74699	-67.61742	0.55225	0.66930	-0.11073	0.54373	1.07583	0.99995	-0.00949	0.00193	0.00947	0.99989	0.01168	-0.00204	-0.01166	0.99993		-120.72087	-80.48085	-0.30068	-0.18795	0.41598	-0.42349	0.17763	0.99995	0.00739	-0.00726	-0.00741	0.99997	-0.00328	0.00724	0.00333	0.99997	
88	0.44000	74.71598	-67.62315	0.55381	0.67125	-0.10606	0.54500	1.05799	0.99995	-0.00951	0.00185	0.00949	0.99989	0.01172	-0.00196	-0.01170	0.99993		-120.74881	-80.47407	-0.29627	-0.18377	0.41475	-0.42317	0.15891	0.99995	0.00739	-0.00724	-0.00741	0.99997	-0.00321	0.00721	0.00326	0.99997	
89	0.44500	74.75654	-67.63723	0.55191	0.67419	-0.10930	0.54360	1.07440	0.99995	-0.00949	0.00191	0.00946	0.99989	0.01177	-0.00202	-0.01175	0.99993		-120.74707	-80.46049	-0.31781	-0.17526	0.41570	-0.42528	0.16068	0.99995	0.00742	-0.00726	-0.00744	0.99997	-0.00306	0.00723	0.00311	0.99997	
90	0.45000	74.74543	-67.63457	0.54397	0.67433	-0.10591	0.54143	1.05640	0.99995	-0.00945	0.00185	0.00943	0.99989	0.01177	-0.00196	-0.01175	0.99993		-120.71202	-80.48338	-0.28842	-0.17936	0.40989	-0.42524	0.16074	0.99995	0.00742	-0.00715	-0.00744	0.99997	-0.00313	0.00713	0.00318	0.99997	
91	0.45500	74.69955	-67.63154	0.55074	0.67875	-0.09861	0.54079	1.05371	0.99995	-0.00944	0.00172	0.00942	0.99989	0.01185	-0.00183	-0.01183	0.99993		-120.75842	-80.46791	-0.28797	-0.17515	0.41355	-0.42779	0.18084	0.99995	0.00747	-0.00722	-0.00749	0.99997	-0.00306	0.00719	0.00311	0.99997	
92	0.46000	74.70225	-67.63107	0.53530	0.68049	-0.09477	0.54008	1.05332	0.99995	-0.00943	0.00165	0.00941	0.99989	0.01188	-0.00177	-0.01186	0.99993		-120.73986	-80.46564	-0.29222	-0.17257	0.40892	-0.42945	0.17844	0.99995	0.00749	-0.00714	-0.00752	0.99997	-0.00301	0.00711	0.00307	0.99997	
93	0.46500	74.72171	-67.64867	0.53542	0.67898	-0.09173	0.53915	1.06368	0.99995	-0.00941	0.00160	0.00939	0.99989	0.01185	-0.00171	-0.01183	0.99993		-120.71779	-80.49404	-0.28791	-0.17386	0.40511	-0.42444	0.17008	0.99995	0.00741	-0.00707	-0.00743	0.99997	-0.00303	0.00705	0.00309	0.99997	
94	0.47000	74.73466	-67.65716	0.51122	0.67881	-0.09466	0.54375	1.05238	0.99995	-0.00949	0.00165	0.00947	0.99988	0.01185	-0.00176	-0.01183	0.99993		-120.75626	-80.47269	-0.28328	-0.17163	0.40493	-0.42379	0.16250	0.99995	0.00740	-0.00707	-0.00742	0.99997	-0.00300	0.00704	0.00305	0.99997	
95	0.47500	74.72504	-67.64594	0.51542	0.68265	-0.08761	0.54075	1.05770	0.99995	-0.00944	0.00153	0.00942	0.99988	0.01191	-0.00164	-0.01190	0.99993		-120.74260	-80.49654	-0.27074	-0.17381	0.40361	-0.42637	0.15973	0.99995	0.00744	-0.00704	-0.00746	0.99997	-0.00303	0.00702	0.00309	0.99997	
96	0.48000	74.71435	-67.65671	0.50942	0.67854	-0.09241	0.54049	1.05819	0.99995	-0.00943	0.00161	0.00941	0.99989	0.01184	-0.00172	-0.01183	0.99993		-120.74220	-80.48156	-0.27897	-0.17153	0.40153	-0.42994	0.17413	0.99995	0.00750	-0.00701	-0.00752	0.99997	-0.00299	0.00699	0.00305	0.99997	
97	0.48500	74.72096	-67.64652	0.49539	0.68140	-0.08520	0.54145	1.05208	0.99995	-0.00945	0.00149	0.00943	0.99988	0.01189	-0.00160	-0.01188	0.99993		-120.72914	-80.48569	-0.28730	-0.17460	0.39883	-0.42684	0.16681	0.99995	0.00745	-0.00696	-0.00747	0.99997	-0.00305	0.00694	0.00310	0.99997	
98	0.49000	74.69899	-67.65748	0.50883	0.67920	-0.07751	0.54145	1.04193	0.99995	-0.00945	0.00135	0.00943	0.99989	0.01185	-0.00146	-0.01184	0.99993		-120.71546	-80.50419	-0.28296	-0.17560	0.39741	-0.42264	0.16248	0.99995	0.00738	-0.00694	-0.00740	0.99997	-0.00306	0.00691	0.00312	0.99997	
99	0.49500	74.68128	-67.66959	0.50269	0.67766	-0.07480	0.53940	1.04662	0.99995	-0.00941	0.00131	0.00940	0.99989	0.01183	-0.00142	-0.01181	0.99993		-120.73907	-80.48515	-0.27855	-0.17363	0.39871	-0.42772	0.17470	0.99995	0.00746	-0.00696	-0.00749	0.99997	-0.00303	0.00694	0.00308	0.99997	
100	0.50000	74.71940	-67.67833	0.48739	0.67102	-0.07651	0.54282	1.06014	0.99995	-0.00947	0.00134	0.00946	0.99989	0.01171	-0.00145	-0.01170	0.99993		-120.73374	-80.47031	-0.31239	-0.17025	0.39713	-0.42460	0.15220	0.99995	0.00741	-0.00693	-0.00743	0.99997	-0.00297	0.00691	0.00302	0.99997	
101	0.50500	74.74261	-67.65339	0.47757	0.67419	-0.07852	0.54306	1.06075	0.99995	-0.00948	0.00137	0.00946	0.99989	0.01177	-0.00148	-0.01175	0.99993		-120.69349	-80.49979	-0.29126	-0.17663	0.39286	-0.42770	0.17177	0.99995	0.00746	-0.00686	-0.00749	0.99997	-0.00308	0.00683	0.00313	0.99997	
102	0.51000	74.70486	-67.67531	0.47279	0.66896	-0.07225	0.54083	1.06870	0.99995	-0.00944	0.00126	0.00942	0.99989	0.01168	-0.00137	-0.01166	0.99993		-120.72555	-80.48019	-0.30718	-0.17613	0.38884	-0.42416	0.15075	0.99995	0.00740	-0.00679	-0.00742	0.99997	-0.00307	0.00676	0.00312	0.99997	
103	0.51500	74.69765	-67.68222	0.46376	0.66520	-0.06782	0.54191	1.04760	0.99995	-0.00946	0.00118	0.00944	0.99989	0.01161	-0.00129	-0.01160	0.99993		-120.72634	-80.47522	-0.32434	-0.17570	0.39165	-0.43172	0.15271	0.99995	0.00753	-0.00684	-0.00756	0.99997	-0.00307	0.00681	0.00312	0.99997	
104	0.52000	74.73353	-67.66126	0.44900	0.66447	-0.07391	0.54045	1.05844	0.99995	-0.00943	0.00129	0.00942	0.99989	0.01160	-0.00140	-0.01158	0.99993		-120.71943	-80.49566	-0.30669	-0.18170	0.38806	-0.42772	0.17210	0.99995	0.00746	-0.00677	-0.00749	0.99997	-0.00317	0.00675	0.00322	0.99997	
105	0.52500	74.70905	-67.67467	0.44143	0.65927	-0.07179	0.53933	1.05707	0.99995	-0.00941	0.00125	0.00940	0.99989	0.01151	-0.00136	-0.01149	0.99993		-120.75739	-80.48060	-0.31919	-0.17848	0.39188	-0.43052	0.16023	0.99995	0.00751	-0.00684	-0.00754	0.99997	-0.00312	0.00682	0.00317	0.99997	
106	0.53000	74.71895	-67.67192	0.43170	0.65526	-0.06724	0.53991	1.06893	0.99995	-0.00942	0.00117	0.00941	0.99989	0.01144	-0.00128	-0.01142	0.99993		-120.73294	-80.48978	-0.32742	-0.18560	0.38962	-0.42995	0.16520	0.99995	0.00750	-0.00680	-0.00753	0.99997	-0.00324	0.00678	0.00329	0.99997	
107	0.53500	74.72307	-67.67613	0.43510	0.65020	-0.06859	0.54033	1.05109	0.99995	-0.00943	0.00120	0.00942	0.99989	0.01135	-0.00130	-0.01134	0.99993		-120.72017	-80.49671	-0.33592	-0.18806	0.38907	-0.42883	0.15159	0.99995	0.00748	-0.00679	-0.00751	0.99997	-0.00328	0.00677	0.00333	0.99997	
108	0.54000	74.69120	-67.67892	0.42867	0.64576	-0.06683	0.54201	1.05460	0.99995	-0.00946	0.00117	0.00945	0.99989	0.01127	-0.00127	-0.01126	0.99994		-120.72902	-80.52000	-0.33011	-0.19725	0.38023	-0.42685	0.15959	0.99995	0.00745	-0.00664	-0.00747	0.99997	-0.00344	0.00661	0.00349	0.99997	
109	0.54500	74.71479	-67.68111	0.42132	0.64029	-0.06760	0.54170	1.05027	0.99995	-0.00945	0.00118	0.00944	0.99989	0.01117	-0.00129	-0.01116	0.99994		-120.70581	-80.51258	-0.34301	-0.19942	0.38036	-0.42726	0.16921	0.99995	0.00746	-0.00664	-0.00748	0.99997	-0.00348	0.00661	0.00353	0.99997	
110	0.55000	74.72589	-67.68675	0.39518	0.63408	-0.06617	0.54311	1.06350	0.99995	-0.00948	0.00115	0.00947	0.99989	0.01107	-0.00126	-0.01106	0.99994		-120.71869	-80.52108	-0.35069	-0.20372	0.37895	-0.42771	0.16305	0.99995	0.00746	-0.00661	-0.00749	0.99997	-0.00356	0.00659	0.00360	0.99997	
111	0.55500	74.68709	-67.69370	0.41137	0.62748	-0.06355	0.54158	1.04868	0.99995	-0.00945	0.00111	0.00944	0.99990	0.01095	-0.00121	-0.01094	0.99994		-120.70780	-80.52722	-0.35058	-0.21017	0.37979	-0.42592	0.17011	0.99995	0.00743	-0.00663	-0.00746	0.99997	-0.00367	0.00660	0.00372	0.99997	
112	0.56000	74.65577	-67.70232	0.40247	0.61969	-0.05790	0.54015	1.05358	0.99996	-0.00943	0.00101	0.00942	0.99990	0.01082	-0.00111	-0.01081	0.99994		-120.71813	-80.51278	-0.38820	-0.20811	0.37975	-0.42149	0.15851	0.99995	0.00736	-0.00663	-0.00738	0.99997	-0.00363	0.00660	0.00368	0.99997	
113	0.56500	74.71486	-67.71951	0.38276	0.61226	-0.06988	0.53651	1.06271	0.99996	-0.00936	0.00122	0.00935	0.99990	0.01069	-0.00132	-0.01067	0.99994		-120.70211	-80.54009	-0.37915	-0.21842	0.37700	-0.42821	0.16461	0.99995	0.00747	-0.00658	-0.00750	0.99996	-0.00381	0.00655	0.00386	0.99997	
114	0.57000	74.69952	-67.70608	0.37836	0.60844	-0.06730	0.53843	1.06484	0.99996	-0.00940	0.00117	0.00938	0.99990	0.01062	-0.00127	-0.01061	0.99994		-120.69832	-80.54116	-0.39096	-0.22315	0.37212	-0.42636	0.15982	0.99995	0.00744	-0.00649	-0.00747	0.99996	-0.00389	0.00647	0.00394	0.99997	
115	0.57500	74.69397	-67.71684	0.37377	0.60016	-0.06539	0.54305	1.05701	0.99995	-0.00948	0.00114	0.00947	0.99990	0.01047	-0.00124	-0.01046	0.99994		-120.67689	-80.57106	-0.40319	-0.23180	0.37221	-0.42020	0.17007	0.99995	0.00733	-0.00650	-0.00736	0.99996	-0.00405	0.00647	0.00409	0.99997	
116	0.58000	74.68719	-67.71873	0.38626	0.59317	-0.06386	0.54177	1.04902	0.99995	-0.00946	0.00111	0.00944	0.99990	0.01035	-0.00121	-0.01034	0.99995		-120.72272	-80.53145	-0.40734	-0.23032	0.37714	-0.42652	0.17093	0.99995	0.00744	-0.00658	-0.00747	0.99996	-0.00402	0.00655	0.00407	0.99997	
117	0.58500	74.68802	-67.71490	0.36620	0.58552	-0.06505	0.54188	1.05612	0.99995	-0.00946	0.00114	0.00945	0.99990	0.01022	-0.00123	-0.01021	0.99995		-120.70830	-80.56908	-0.42748	-0.24008	0.37165	-0.42844	0.15574	0.99995	0.00748	-0.00649	-0.00750	0.99996	-0.00419	0.00645	0.00424	0.99997	
118	0.59000	74.71293	-67.73798	0.34737	0.57707	-0.07072	0.54008	1.05625	0.99995	-0.00943	0.00123	0.00941	0.99990	0.01007	-0.00133	-0.01006	0.99995		-120.69327	-80.57675	-0.42697	-0.24807	0.36937	-0.42901	0.16176	0.99995	0.00749	-0.00645	-0.00752	0.99996	-0.00433	0.00641	0.00438	0.99997	
119	0.59500	74.67839	-67.73714	0.36495	0.56964	-0.06541	0.53871	1.05707	0.99996	-0.00940	0.00114	0.00939	0.99991	0.00994	-0.00123	-0.00993	0.99995		-120.71369	-80.53177	-0.46960	-0.24184	0.37462	-0.42852	0.15109	0.99995	0.00748	-0.00654	-0.00751	0.99996	-0.00422	0.00651	0.00427	0.99997	
120	0.60000	74.65922	-67.75879	0.34947	0.55943	-0.06591	0.53760	1.05645	0.99996	-0.00938	0.00115	0.00937	0.99991	0.00976	-0.00124	-0.00975	0.99995		-120.68447	-80.57697	-0.45579	-0.25643	0.36869	-0.42328	0.15945	0.99995	0.00739	-0.00643	-0.00742	0.99996	-0.00448	0.00640	0.00452	0.99997	
121	0.60500	74.68001	-67.75435	0.35521	0.55070	-0.06852	0.53492	1.05969	0.99996	-0.00934	0.00120	0.00932	0.99991	0.00961	-0.00129	-0.00960	0.99995		-120.69844	-80.57375	-0.46795	-0.26088	0.37059	-0.42730	0.17152	0.99995	0.00746	-0.00647	-0.00749	0.99996	-0.00455	0.00643	0.00460	0.99997	
122	0.61000	74.65698	-67.77722	0.34667	0.54213	-0.06812	0.53487	1.04890	0.99996	-0.00934	0.00119	0.00932	0.99991	0.00946	-0.00128	-0.00945	0.99995		-120.67652	-80.58572	-0.48415	-0.26776	0.36638	-0.42503	0.18165	0.99995	0.00742	-0.00639	-0.00745	0.99996	-0.00467	0.00636	0.00472	0.99997	
123	0.61500	74.63174	-67.77635	0.35548	0.53701	-0.06882	0.53619	1.05348	0.99996	-0.00936	0.00120	0.00935	0.99991	0.00937	-0.00129	-0.00936	0.99996		-120.66648	-80.59797	-0.48785	-0.27473	0.36481	-0.42476	0.18118	0.99995	0.00741	-0.00637	-0.00744	0.99996	-0.00479	0.00633	0.00484	0.99997	
124	0.62000	74.68388	-67.77675	0.33079	0.52829	-0.07990	0.53681	1.05793	0.99996	-0.00937	0.00139	0.00936	0.99991	0.00922	-0.00148	-0.00921	0.99996		-120.66718	-80.59127	-0.49611	-0.27943	0.36609	-0.42612	0.18406	0.99995	0.00744	-0.00639	-0.00747	0.99996	-0.00488	0.00635	0.00492	0.99997	
125	0.62500	74.67814	-67.85129	0.31935	0.50772	-0.07103	0.54852	1.06649	0.99995	-0.00957	0.00124	0.00956	0.99991	0.00886	-0.00132	-0.00885	0.99996		-120.71279	-80.59358	-0.51606	-0.28460	0.36797	-0.42561	0.17981	0.99995	0.00743	-0.00642	-0.00746	0.99996	-0.00497	0.00639	0.00501	0.99997	
126	0.63000	74.70379	-67.83627	0.31375	0.50335	-0.07723	0.54435	1.06387	0.99995	-0.00950	0.00135	0.00949	0.99992	0.00878	-0.00143	-0.00877	0.99996		-120.68236	-80.60703	-0.53280	-0.29156	0.36622	-0.42169	0.17161	0.99995	0.00736	-0.00639	-0.00739	0.99996	-0.00509	0.00635	0.00514	0.99997	
127	0.63500	74.72003	-67.84874	0.32890	0.49097	-0.07827	0.55127	1.05712	0.99995	-0.00962	0.00137	0.00961	0.99992	0.00857	-0.00145	-0.00856	0.99996		-120.66905	-80.61334	-0.53662	-0.29423	0.36099	-0.42312	0.15919	0.99995	0.00738	-0.00630	-0.00742	0.99996	-0.00514	0.00626	0.00518	0.99997	
128	0.64000	74.69387	-67.84859	0.32800	0.48585	-0.08018	0.55812	1.07750	0.99995	-0.00974	0.00140	0.00973	0.99992	0.00848	-0.00148	-0.00847	0.99996		-120.68627	-80.61302	-0.55308	-0.30025	0.36614	-0.42523	0.17145	0.99995	0.00742	-0.00639	-0.00746	0.99996	-0.00524	0.00635	0.00529	0.99997	
129	0.64500	74.72426	-67.86438	0.32375	0.47775	-0.08502	0.55402	1.06659	0.99995	-0.00967	0.00148	0.00966	0.99992	0.00834	-0.00156	-0.00832	0.99996		-120.66927	-80.61950	-0.55289	-0.30474	0.36508	-0.42253	0.17410	0.99995	0.00737	-0.00637	-0.00741	0.99996	-0.00532	0.00633	0.00537	0.99997	
130	0.65000	74.70076	-67.87943	0.35200	0.46731	-0.08410	0.55931	1.07586	0.99995	-0.00976	0.00147	0.00975	0.99992	0.00816	-0.00155	-0.00814	0.99997		-120.68944	-80.60641	-0.56541	-0.30700	0.36834	-0.42631	0.17383	0.99995	0.00744	-0.00643	-0.00747	0.99996	-0.00536	0.00639	0.00541	0.99996	
131	0.65500	74.74367	-67.86228	0.34114	0.46294	-0.09101	0.55891	1.08343	0.99995	-0.00975	0.00159	0.00974	0.99992	0.00808	-0.00167	-0.00806	0.99997		-120.68521	-80.62957	-0.57318	-0.31437	0.36769	-0.42610	0.17125	0.99995	0.00744	-0.00642	-0.00747	0.99996	-0.00549	0.00638	0.00553	0.99996	
132	0.66000	74.68873	-67.86877	0.34972	0.45646	-0.08882	0.55907	1.09068	0.99995	-0.00976	0.00155	0.00974	0.99992	0.00797	-0.00163	-0.00795	0.99997		-120.69978	-80.63367	-0.58532	-0.31851	0.36922	-0.42683	0.17228	0.99995	0.00745	-0.00644	-0.00749	0.99996	-0.00556	0.00640	0.00561	0.99996	
133	0.66500	74.71213	-67.87743	0.35960	0.45208	-0.09499	0.55425	1.06997	0.99995	-0.00967	0.00166	0.00966	0.99992	0.00789	-0.00173	-0.00787	0.99997		-120.72051	-80.64437	-0.59306	-0.32422	0.37216	-0.42323	0.17745	0.99995	0.00739	-0.00650	-0.00742	0.99996	-0.00566	0.00645	0.00571	0.99996	
134	0.67000	74.67243	-67.88099	0.37422	0.44466	-0.09483	0.55950	1.07652	0.99995	-0.00976	0.00166	0.00975	0.99992	0.00776	-0.00173	-0.00774	0.99997		-120.71109	-80.62406	-0.61389	-0.32490	0.36868	-0.42666	0.17823	0.99995	0.00745	-0.00643	-0.00748	0.99996	-0.00567	0.00639	0.00572	0.99996	
135	0.67500	74.70628	-67.87772	0.35916	0.44170	-0.10226	0.55546	1.08010	0.99995	-0.00969	0.00178	0.00968	0.99992	0.00771	-0.00186	-0.00769	0.99997		-120.71293	-80.64882	-0.61368	-0.33138	0.37162	-0.42857	0.17609	0.99995	0.00748	-0.00649	-0.00752	0.99995	-0.00578	0.00644	0.00583	0.99996	
136	0.68000	74.69373	-67.89170	0.38433	0.43260	-0.10119	0.55828	1.08710	0.99995	-0.00974	0.00177	0.00973	0.99992	0.00755	-0.00184	-0.00753	0.99997		-120.71757	-80.63300	-0.61375	-0.33403	0.37380	-0.42737	0.17774	0.99995	0.00746	-0.00652	-0.00750	0.99995	-0.00583	0.00648	0.00588	0.99996	
137	0.68500	74.70722	-67.89793	0.39549	0.42599	-0.10307	0.55926	1.08340	0.99995	-0.00976	0.00180	0.00975	0.99992	0.00743	-0.00187	-0.00742	0.99997		-120.71310	-80.65179	-0.63009	-0.33825	0.37277	-0.42665	0.18185	0.99995	0.00745	-0.00651	-0.00748	0.99995	-0.00590	0.00646	0.00595	0.99996	
