NO_OF_FRAMES	12047
NO_OF_CAMERAS	8
NO_OF_BODIES	2
FREQUENCY	200
NO_OF_ANALOG	0
ANALOG_FREQUENCY	0
DESCRIPTION	--
TIME_STAMP	2013-07-04, 10:05:50	91565.90768664
DATA_INCLUDED	6D
BODY_NAMES	Ice 1	Ice 2
Frame	Time	Ice 1 X	Y	Z	Roll	Pitch	Yaw	Residual	Rot[0]	Rot[1]	Rot[2]	Rot[3]	Rot[4]	Rot[5]	Rot[6]	Rot[7]	Rot[8]	Ice 2 X	Y	Z	Roll	Pitch	Yaw	Residual	Rot[0]	Rot[1]	Rot[2]	Rot[3]	Rot[4]	Rot[5]	Rot[6]	Rot[7]	Rot[8]	
1	0.00500	79.42236	-54.06305	0.42700	0.47224	0.14083	8.39121	0.92592	0.98929	-0.14593	-0.00246	0.14595	0.98926	0.00824	0.00123	-0.00851	0.99996		-96.35443	-126.04654	-0.56591	-0.30145	0.48814	0.88059	0.37925	0.99985	-0.01537	-0.00852	0.01532	0.99987	-0.00526	0.00860	0.00513	0.99995	
2	0.01000	79.53458	-54.07601	-0.19300	0.47400	0.08065	8.38015	1.61190	0.98932	-0.14574	-0.00141	0.14575	0.98929	0.00827	0.00019	-0.00839	0.99996		-96.40504	-125.98341	-0.57137	-0.28943	0.49568	0.87433	0.34785	0.99985	-0.01526	-0.00865	0.01522	0.99987	-0.00505	0.00873	0.00492	0.99995	
3	0.01500	79.57917	-54.06754	-0.21155	0.47080	0.05795	8.37624	1.62186	0.98933	-0.14567	-0.00101	0.14568	0.98930	0.00822	-0.00020	-0.00828	0.99997		-96.39020	-125.99167	-0.56279	-0.28824	0.48953	0.87564	0.34004	0.99985	-0.01528	-0.00854	0.01524	0.99987	-0.00503	0.00862	0.00490	0.99995	
4	0.02000	79.32722	-54.07750	0.44700	0.46537	0.14064	8.38035	0.90923	0.98932	-0.14574	-0.00245	0.14576	0.98929	0.00812	0.00124	-0.00839	0.99996		-96.37264	-125.99291	-0.56299	-0.28622	0.48966	0.87817	0.34061	0.99985	-0.01533	-0.00855	0.01528	0.99987	-0.00500	0.00862	0.00486	0.99995	
5	0.02500	79.33079	-54.08485	0.43812	0.46285	0.13565	8.37964	0.90517	0.98932	-0.14573	-0.00237	0.14575	0.98929	0.00808	0.00117	-0.00834	0.99996		-96.36176	-125.98379	-0.56323	-0.28313	0.48476	0.87533	0.33810	0.99985	-0.01528	-0.00846	0.01523	0.99987	-0.00494	0.00853	0.00481	0.99995	
6	0.03000	79.34426	-54.08019	0.42694	0.46107	0.13112	8.37856	0.90928	0.98932	-0.14571	-0.00229	0.14573	0.98929	0.00805	0.00109	-0.00829	0.99997		-96.36929	-125.97650	-0.57131	-0.27962	0.48159	0.87705	0.32967	0.99985	-0.01531	-0.00841	0.01527	0.99987	-0.00488	0.00848	0.00475	0.99995	
7	0.03500	79.45098	-54.09460	0.13273	0.45956	0.08537	8.37706	1.24005	0.98933	-0.14569	-0.00149	0.14569	0.98930	0.00802	0.00031	-0.00815	0.99997		-96.37023	-125.97186	-0.57577	-0.27741	0.48395	0.87645	0.34026	0.99985	-0.01530	-0.00845	0.01526	0.99987	-0.00484	0.00852	0.00471	0.99995	
8	0.04000	79.34863	-54.08521	0.44480	0.45551	0.12723	8.37672	0.90667	0.98933	-0.14568	-0.00222	0.14569	0.98930	0.00795	0.00104	-0.00819	0.99997		-96.36720	-125.96738	-0.57141	-0.27446	0.47833	0.87459	0.33767	0.99985	-0.01526	-0.00835	0.01522	0.99987	-0.00479	0.00842	0.00466	0.99995	
9	0.04500	79.39221	-54.10545	0.43743	0.45269	0.11698	8.38010	0.91788	0.98932	-0.14574	-0.00204	0.14575	0.98929	0.00790	0.00087	-0.00811	0.99997		-96.37241	-125.97061	-0.57594	-0.27207	0.48109	0.87568	0.35078	0.99985	-0.01528	-0.00840	0.01524	0.99987	-0.00475	0.00847	0.00462	0.99995	
10	0.05000	79.39281	-54.08829	0.43449	0.45136	0.11643	8.38364	0.91432	0.98931	-0.14580	-0.00203	0.14581	0.98928	0.00788	0.00086	-0.00809	0.99997		-96.35025	-125.97679	-0.57176	-0.26928	0.47528	0.87964	0.33222	0.99985	-0.01535	-0.00830	0.01531	0.99987	-0.00470	0.00837	0.00457	0.99995	
11	0.05500	79.17626	-54.21226	0.49250	0.44680	0.12393	8.38853	0.93562	0.98930	-0.14588	-0.00216	0.14590	0.98927	0.00780	0.00100	-0.00803	0.99997		-96.35409	-125.95816	-0.56757	-0.26608	0.47433	0.87563	0.33875	0.99985	-0.01528	-0.00828	0.01524	0.99987	-0.00464	0.00835	0.00452	0.99995	
12	0.06000	79.19524	-54.23449	0.48520	0.44368	0.11353	8.38649	0.93881	0.98930	-0.14585	-0.00198	0.14586	0.98927	0.00774	0.00083	-0.00795	0.99997		-96.34910	-125.95877	-0.58391	-0.26435	0.46800	0.87675	0.35489	0.99985	-0.01530	-0.00817	0.01526	0.99987	-0.00461	0.00824	0.00449	0.99996	
13	0.06500	79.18103	-54.23455	0.49939	0.44300	0.10828	8.38752	0.94427	0.98930	-0.14587	-0.00189	0.14588	0.98927	0.00773	0.00074	-0.00792	0.99997		-96.32914	-125.96517	-0.58002	-0.26254	0.46526	0.87859	0.33288	0.99985	-0.01533	-0.00812	0.01530	0.99987	-0.00458	0.00819	0.00446	0.99996	
14	0.07000	79.31870	-54.23189	0.18722	0.44406	0.05156	8.39100	1.28724	0.98929	-0.14593	-0.00090	0.14593	0.98926	0.00775	-0.00024	-0.00780	0.99997		-96.33775	-125.95295	-0.57962	-0.26206	0.46302	0.87682	0.34178	0.99985	-0.01530	-0.00808	0.01527	0.99987	-0.00457	0.00815	0.00445	0.99996	
15	0.07500	79.18449	-54.24949	0.49150	0.43908	0.10533	8.38772	0.94521	0.98930	-0.14587	-0.00184	0.14588	0.98927	0.00766	0.00070	-0.00785	0.99997		-96.33037	-125.93498	-0.57595	-0.25685	0.46360	0.87887	0.33378	0.99985	-0.01534	-0.00809	0.01530	0.99987	-0.00448	0.00816	0.00436	0.99996	
16	0.08000	79.35475	-54.22848	0.16558	0.44273	0.04075	8.38733	1.30521	0.98930	-0.14586	-0.00071	0.14587	0.98927	0.00773	-0.00042	-0.00775	0.99997		-96.32067	-125.95394	-0.57988	-0.25603	0.45792	0.87901	0.34684	0.99985	-0.01534	-0.00799	0.01531	0.99987	-0.00447	0.00806	0.00435	0.99996	
17	0.08500	79.20407	-54.24509	0.49376	0.43840	0.09280	8.38740	0.95299	0.98930	-0.14587	-0.00162	0.14587	0.98927	0.00765	0.00049	-0.00781	0.99997		-96.32074	-125.95676	-0.58390	-0.25568	0.45551	0.87730	0.35762	0.99985	-0.01531	-0.00795	0.01528	0.99987	-0.00446	0.00802	0.00434	0.99996	
18	0.09000	79.26630	-54.23830	0.49745	0.43986	0.08432	8.39025	0.95988	0.98930	-0.14591	-0.00147	0.14592	0.98927	0.00768	0.00034	-0.00781	0.99997		-96.28776	-125.94137	-0.57999	-0.25297	0.45065	0.87455	0.35364	0.99985	-0.01526	-0.00787	0.01523	0.99987	-0.00441	0.00793	0.00429	0.99996	
19	0.09500	79.27756	-54.26207	0.47896	0.43529	0.07822	8.39176	0.95065	0.98929	-0.14594	-0.00137	0.14595	0.98926	0.00760	0.00024	-0.00772	0.99997		-96.30613	-125.94342	-0.58356	-0.25183	0.44504	0.87283	0.36243	0.99985	-0.01523	-0.00777	0.01520	0.99987	-0.00440	0.00783	0.00428	0.99996	
20	0.10000	79.23522	-54.25235	0.50000	0.43396	0.07860	8.39155	0.95554	0.98929	-0.14594	-0.00137	0.14594	0.98926	0.00757	0.00025	-0.00769	0.99997		-96.31794	-125.93469	-0.57935	-0.25000	0.44776	0.88079	0.35005	0.99985	-0.01537	-0.00781	0.01534	0.99987	-0.00436	0.00788	0.00424	0.99996	
21	0.10500	79.29002	-54.26277	0.49717	0.43592	0.06678	8.39381	0.96048	0.98929	-0.14598	-0.00117	0.14598	0.98926	0.00761	0.00004	-0.00770	0.99997		-96.28737	-125.93161	-0.57960	-0.24704	0.44053	0.87533	0.34244	0.99985	-0.01528	-0.00769	0.01524	0.99987	-0.00431	0.00775	0.00419	0.99996	
22	0.11000	79.24989	-54.26271	0.51638	0.43315	0.06722	8.38663	0.95853	0.98931	-0.14585	-0.00117	0.14586	0.98928	0.00756	0.00006	-0.00765	0.99997		-96.29580	-125.91666	-0.56261	-0.24601	0.43831	0.87644	0.33241	0.99985	-0.01530	-0.00765	0.01526	0.99987	-0.00429	0.00771	0.00418	0.99996	
23	0.11500	79.26610	-54.26925	0.52028	0.43421	0.06297	8.39303	0.97240	0.98929	-0.14596	-0.00110	0.14597	0.98926	0.00758	-0.00002	-0.00766	0.99997		-96.29567	-125.91537	-0.57927	-0.24366	0.43776	0.87881	0.34769	0.99985	-0.01534	-0.00764	0.01530	0.99987	-0.00425	0.00770	0.00414	0.99996	
24	0.12000	79.29022	-54.25340	0.52664	0.43603	0.06043	8.39495	0.97208	0.98928	-0.14600	-0.00105	0.14600	0.98926	0.00761	-0.00007	-0.00768	0.99997		-96.27579	-125.92749	-0.57464	-0.24537	0.43078	0.87778	0.36081	0.99985	-0.01532	-0.00752	0.01529	0.99987	-0.00428	0.00758	0.00417	0.99996	
25	0.12500	79.30055	-54.27302	0.50171	0.43478	0.05103	8.38795	0.96698	0.98930	-0.14587	-0.00089	0.14588	0.98927	0.00759	-0.00023	-0.00764	0.99997		-96.28013	-125.91153	-0.56629	-0.24200	0.42719	0.87763	0.33450	0.99985	-0.01532	-0.00746	0.01529	0.99987	-0.00422	0.00752	0.00411	0.99996	
26	0.13000	79.29412	-54.26301	0.53203	0.43421	0.05161	8.39210	0.97342	0.98929	-0.14595	-0.00090	0.14595	0.98926	0.00758	-0.00021	-0.00763	0.99997		-96.27333	-125.88898	-0.58331	-0.23682	0.42564	0.87700	0.33338	0.99986	-0.01531	-0.00743	0.01528	0.99987	-0.00413	0.00749	0.00402	0.99996	
27	0.13500	79.45195	-54.25841	0.22997	0.43729	-0.00422	8.38841	1.27768	0.98930	-0.14588	0.00007	0.14588	0.98927	0.00763	-0.00119	-0.00754	0.99997		-96.26066	-125.90204	-0.56183	-0.24001	0.41808	0.87519	0.32946	0.99986	-0.01527	-0.00730	0.01524	0.99988	-0.00419	0.00736	0.00408	0.99996	
28	0.14000	79.27950	-54.26888	0.53123	0.43309	0.04285	8.39222	0.95804	0.98929	-0.14595	-0.00075	0.14595	0.98926	0.00756	-0.00036	-0.00759	0.99997		-96.23318	-125.91196	-0.55720	-0.24328	0.40958	0.87697	0.34868	0.99986	-0.01531	-0.00715	0.01528	0.99987	-0.00425	0.00721	0.00414	0.99997	
29	0.14500	79.28870	-54.26317	0.55356	0.43422	0.04110	8.39382	0.96198	0.98929	-0.14598	-0.00072	0.14598	0.98926	0.00758	-0.00040	-0.00760	0.99997		-96.22431	-125.90697	-0.55710	-0.24214	0.40766	0.87644	0.32144	0.99986	-0.01530	-0.00711	0.01527	0.99987	-0.00423	0.00718	0.00412	0.99997	
30	0.15000	79.29576	-54.26198	0.53741	0.43487	0.03092	8.39572	0.97604	0.98928	-0.14601	-0.00054	0.14601	0.98925	0.00759	-0.00057	-0.00759	0.99997		-96.22254	-125.92381	-0.54797	-0.24529	0.39988	0.87903	0.35525	0.99986	-0.01534	-0.00698	0.01531	0.99987	-0.00428	0.00704	0.00417	0.99997	
31	0.15500	79.34193	-54.26655	0.54656	0.43650	0.02582	8.39404	0.96334	0.98929	-0.14598	-0.00045	0.14598	0.98926	0.00762	-0.00067	-0.00760	0.99997		-96.26562	-125.88904	-0.56506	-0.23874	0.40765	0.88024	0.34415	0.99986	-0.01536	-0.00711	0.01533	0.99987	-0.00417	0.00718	0.00406	0.99997	
32	0.16000	79.32458	-54.25746	0.55665	0.43895	0.02578	8.39394	0.96984	0.98929	-0.14598	-0.00045	0.14598	0.98926	0.00766	-0.00067	-0.00764	0.99997		-96.20809	-125.90923	-0.53964	-0.24410	0.39689	0.88268	0.34970	0.99986	-0.01540	-0.00693	0.01538	0.99987	-0.00426	0.00699	0.00415	0.99997	
33	0.16500	79.33198	-54.26860	0.56020	0.43744	0.01843	8.39075	0.97477	0.98930	-0.14592	-0.00032	0.14592	0.98927	0.00763	-0.00080	-0.00760	0.99997		-96.20644	-125.89705	-0.53908	-0.24465	0.39029	0.87688	0.35403	0.99986	-0.01530	-0.00681	0.01527	0.99987	-0.00427	0.00688	0.00417	0.99997	
34	0.17000	79.34771	-54.26047	0.56046	0.44070	0.01463	8.38915	0.98053	0.98930	-0.14590	-0.00026	0.14589	0.98927	0.00769	-0.00087	-0.00765	0.99997		-96.22050	-125.87388	-0.53928	-0.23852	0.39100	0.87867	0.35571	0.99986	-0.01533	-0.00682	0.01531	0.99987	-0.00416	0.00689	0.00406	0.99997	
35	0.17500	79.36622	-54.24979	0.56562	0.44102	0.01246	8.39548	0.98383	0.98928	-0.14601	-0.00022	0.14600	0.98925	0.00770	-0.00091	-0.00765	0.99997		-96.19661	-125.90178	-0.52187	-0.24482	0.38551	0.88005	0.35891	0.99986	-0.01536	-0.00673	0.01533	0.99987	-0.00427	0.00679	0.00417	0.99997	
36	0.18000	79.38110	-54.23952	0.56895	0.44304	0.00788	8.39363	0.98264	0.98929	-0.14597	-0.00014	0.14597	0.98926	0.00773	-0.00099	-0.00767	0.99997		-96.18161	-125.90449	-0.53413	-0.24659	0.37982	0.88274	0.32465	0.99986	-0.01541	-0.00663	0.01538	0.99987	-0.00430	0.00669	0.00420	0.99997	
37	0.18500	79.37171	-54.23321	0.57867	0.44586	0.00323	8.39100	0.98030	0.98930	-0.14593	-0.00006	0.14592	0.98927	0.00778	-0.00108	-0.00771	0.99997		-96.17728	-125.90169	-0.51727	-0.24501	0.37644	0.88092	0.33585	0.99986	-0.01537	-0.00657	0.01535	0.99987	-0.00428	0.00664	0.00417	0.99997	
38	0.19000	79.37550	-54.23084	0.58248	0.44719	0.00410	8.39248	0.97645	0.98929	-0.14595	-0.00007	0.14595	0.98926	0.00780	-0.00107	-0.00773	0.99997		-96.13702	-125.89189	-0.50901	-0.24673	0.36804	0.87708	0.33033	0.99986	-0.01531	-0.00642	0.01528	0.99987	-0.00431	0.00649	0.00421	0.99997	
39	0.19500	79.38427	-54.25488	0.59010	0.44808	-0.00200	8.39385	0.98330	0.98929	-0.14598	0.00003	0.14597	0.98926	0.00782	-0.00118	-0.00773	0.99997		-96.18253	-125.89829	-0.50783	-0.24887	0.36909	0.88197	0.33982	0.99986	-0.01539	-0.00644	0.01536	0.99987	-0.00434	0.00651	0.00424	0.99997	
40	0.20000	79.36013	-54.23709	0.59914	0.45105	-0.00229	8.39484	0.98492	0.98929	-0.14599	0.00004	0.14599	0.98925	0.00787	-0.00119	-0.00778	0.99997		-96.18637	-125.89881	-0.49926	-0.25014	0.36778	0.87938	0.34624	0.99986	-0.01535	-0.00642	0.01532	0.99987	-0.00437	0.00649	0.00427	0.99997	
41	0.20500	79.39496	-54.21557	0.60671	0.45637	-0.00800	8.39228	0.97980	0.98929	-0.14595	0.00014	0.14594	0.98926	0.00797	-0.00130	-0.00786	0.99997		-96.14789	-125.87921	-0.48692	-0.24970	0.35981	0.87979	0.33768	0.99986	-0.01535	-0.00628	0.01533	0.99987	-0.00436	0.00635	0.00426	0.99997	
42	0.21000	79.51096	-54.22571	0.33080	0.45726	-0.05291	8.39190	1.27053	0.98929	-0.14594	0.00092	0.14593	0.98926	0.00798	-0.00208	-0.00776	0.99997		-96.13432	-125.90248	-0.48617	-0.25410	0.35400	0.88367	0.34459	0.99986	-0.01542	-0.00618	0.01539	0.99987	-0.00443	0.00625	0.00434	0.99997	
43	0.21500	79.43551	-54.22017	0.61524	0.46141	-0.01910	8.39271	0.99364	0.98929	-0.14596	0.00033	0.14595	0.98926	0.00805	-0.00151	-0.00792	0.99997		-96.14802	-125.89953	-0.46495	-0.25578	0.35284	0.88123	0.34031	0.99986	-0.01538	-0.00616	0.01535	0.99987	-0.00446	0.00623	0.00437	0.99997	
44	0.22000	79.38472	-54.21696	0.63043	0.46188	-0.01490	8.38952	0.98391	0.98930	-0.14590	0.00026	0.14590	0.98927	0.00806	-0.00143	-0.00794	0.99997		-96.13444	-125.88304	-0.47713	-0.25428	0.34541	0.88043	0.35206	0.99986	-0.01537	-0.00603	0.01534	0.99987	-0.00444	0.00610	0.00434	0.99997	
45	0.22500	79.39579	-54.20939	0.64374	0.46469	-0.01926	8.39577	0.99756	0.98928	-0.14601	0.00034	0.14600	0.98925	0.00811	-0.00152	-0.00797	0.99997		-96.13387	-125.88411	-0.46425	-0.25564	0.34321	0.88016	0.33828	0.99986	-0.01536	-0.00599	0.01533	0.99987	-0.00446	0.00606	0.00437	0.99997	
46	0.23000	79.40832	-54.19607	0.64701	0.46794	-0.02325	8.39051	0.97640	0.98930	-0.14592	0.00041	0.14591	0.98926	0.00817	-0.00159	-0.00802	0.99997		-96.11283	-125.87943	-0.46840	-0.25758	0.34133	0.88145	0.32974	0.99986	-0.01538	-0.00596	0.01536	0.99987	-0.00450	0.00603	0.00440	0.99997	
47	0.23500	79.45094	-54.18886	0.66172	0.47413	-0.02763	8.39225	0.98491	0.98929	-0.14595	0.00048	0.14594	0.98926	0.00828	-0.00168	-0.00812	0.99997		-96.10654	-125.87606	-0.45143	-0.25999	0.33811	0.87927	0.33934	0.99986	-0.01535	-0.00590	0.01532	0.99987	-0.00454	0.00597	0.00445	0.99997	
48	0.24000	79.43248	-54.17687	0.66683	0.47780	-0.02825	8.39303	1.00420	0.98929	-0.14596	0.00049	0.14595	0.98926	0.00834	-0.00170	-0.00818	0.99997		-96.08971	-125.90032	-0.43801	-0.26579	0.32929	0.88605	0.33873	0.99986	-0.01546	-0.00575	0.01544	0.99987	-0.00464	0.00582	0.00455	0.99997	
49	0.24500	79.42032	-54.17334	0.66927	0.48105	-0.03114	8.39071	0.98638	0.98930	-0.14592	0.00054	0.14591	0.98926	0.00840	-0.00176	-0.00823	0.99996		-96.09905	-125.88652	-0.44200	-0.26585	0.32987	0.87970	0.34181	0.99987	-0.01535	-0.00576	0.01533	0.99987	-0.00464	0.00583	0.00455	0.99997	
50	0.25000	79.41149	-54.10222	0.72106	0.49766	-0.03856	8.37803	0.98646	0.98933	-0.14570	0.00067	0.14569	0.98929	0.00869	-0.00193	-0.00849	0.99996		-96.06941	-125.88874	-0.42520	-0.26836	0.32335	0.88148	0.33309	0.99987	-0.01538	-0.00564	0.01536	0.99987	-0.00468	0.00571	0.00460	0.99997	
51	0.25500	79.38693	-54.08593	0.73235	0.50138	-0.03436	8.37798	0.98245	0.98933	-0.14570	0.00060	0.14569	0.98929	0.00875	-0.00187	-0.00857	0.99996		-96.09143	-125.89462	-0.42037	-0.27211	0.32412	0.88465	0.34035	0.99986	-0.01544	-0.00566	0.01541	0.99987	-0.00475	0.00573	0.00466	0.99997	
52	0.26000	79.39600	-54.08241	0.75228	0.50437	-0.03783	8.37623	0.98781	0.98933	-0.14567	0.00066	0.14566	0.98930	0.00880	-0.00194	-0.00861	0.99996		-96.06382	-125.89539	-0.41589	-0.27432	0.31811	0.88740	0.32004	0.99986	-0.01549	-0.00555	0.01546	0.99987	-0.00479	0.00563	0.00470	0.99997	
53	0.26500	79.40550	-54.06320	0.76914	0.51119	-0.04123	8.37165	0.98631	0.98934	-0.14559	0.00072	0.14558	0.98931	0.00892	-0.00201	-0.00872	0.99996		-96.07057	-125.89186	-0.41139	-0.27370	0.31505	0.88284	0.33780	0.99987	-0.01541	-0.00550	0.01538	0.99987	-0.00478	0.00557	0.00469	0.99997	
54	0.27000	79.41531	-54.07835	0.76821	0.51427	-0.04773	8.37350	0.98777	0.98934	-0.14563	0.00083	0.14561	0.98930	0.00898	-0.00213	-0.00876	0.99996		-96.07489	-125.87977	-0.39430	-0.27544	0.31203	0.88413	0.32656	0.99987	-0.01543	-0.00545	0.01540	0.99987	-0.00481	0.00552	0.00472	0.99997	
55	0.27500	79.37487	-54.06786	0.79951	0.51669	-0.03824	8.37548	0.99355	0.98933	-0.14566	0.00067	0.14565	0.98930	0.00902	-0.00197	-0.00882	0.99996		-96.06178	-125.88959	-0.38583	-0.27858	0.31148	0.88461	0.34198	0.99987	-0.01544	-0.00544	0.01541	0.99987	-0.00486	0.00551	0.00478	0.99997	
56	0.28000	79.37901	-54.06306	0.80809	0.52214	-0.04344	8.37398	0.98467	0.98934	-0.14563	0.00076	0.14562	0.98930	0.00911	-0.00208	-0.00891	0.99996		-96.08081	-125.86277	-0.37294	-0.27805	0.31004	0.88183	0.33863	0.99987	-0.01539	-0.00541	0.01536	0.99987	-0.00485	0.00549	0.00477	0.99997	
57	0.28500	79.38100	-54.04495	0.82303	0.52560	-0.03813	8.37668	0.98818	0.98933	-0.14568	0.00067	0.14567	0.98929	0.00917	-0.00199	-0.00898	0.99996		-96.05755	-125.87896	-0.36404	-0.28287	0.30229	0.88678	0.33459	0.99987	-0.01548	-0.00528	0.01545	0.99987	-0.00494	0.00535	0.00485	0.99997	
58	0.29000	79.38703	-54.04342	0.82189	0.52983	-0.04551	8.37423	1.00186	0.98934	-0.14564	0.00079	0.14562	0.98930	0.00925	-0.00213	-0.00903	0.99996		-96.03523	-125.88907	-0.36413	-0.28693	0.30224	0.88650	0.32141	0.99987	-0.01547	-0.00528	0.01545	0.99987	-0.00501	0.00535	0.00493	0.99997	
59	0.29500	79.40385	-54.03827	0.83972	0.53510	-0.04433	8.37265	1.00156	0.98934	-0.14561	0.00077	0.14560	0.98930	0.00934	-0.00213	-0.00913	0.99996		-96.04316	-125.87035	-0.35155	-0.28595	0.30232	0.88519	0.34535	0.99987	-0.01545	-0.00528	0.01542	0.99987	-0.00499	0.00535	0.00491	0.99997	
60	0.30000	79.40899	-54.03389	0.84604	0.53907	-0.04306	8.37384	0.99460	0.98934	-0.14563	0.00075	0.14562	0.98930	0.00941	-0.00211	-0.00920	0.99996		-96.06195	-125.87213	-0.34669	-0.28882	0.30211	0.89128	0.32978	0.99987	-0.01555	-0.00527	0.01553	0.99987	-0.00504	0.00535	0.00496	0.99997	
61	0.30500	79.40630	-54.01965	0.85405	0.54414	-0.04732	8.37390	0.98494	0.98934	-0.14563	0.00083	0.14562	0.98930	0.00950	-0.00220	-0.00928	0.99995		-96.04368	-125.86128	-0.34254	-0.28832	0.29846	0.88592	0.33261	0.99987	-0.01546	-0.00521	0.01544	0.99987	-0.00503	0.00529	0.00495	0.99997	
62	0.31000	79.37957	-54.01376	0.86997	0.54560	-0.04352	8.37690	0.99668	0.98933	-0.14568	0.00076	0.14567	0.98929	0.00952	-0.00214	-0.00931	0.99995		-96.03409	-125.86358	-0.32979	-0.29209	0.29437	0.88937	0.32802	0.99987	-0.01552	-0.00514	0.01550	0.99987	-0.00510	0.00522	0.00502	0.99997	
63	0.31500	79.40244	-54.02197	0.88296	0.55044	-0.04553	8.37174	0.99998	0.98934	-0.14560	0.00079	0.14558	0.98930	0.00961	-0.00218	-0.00939	0.99995		-96.03279	-125.86515	-0.31679	-0.29568	0.29249	0.88560	0.30829	0.99987	-0.01546	-0.00510	0.01543	0.99987	-0.00516	0.00518	0.00508	0.99997	
64	0.32000	79.38697	-54.00700	0.90548	0.55424	-0.04301	8.37159	0.98900	0.98934	-0.14559	0.00075	0.14558	0.98930	0.00967	-0.00215	-0.00946	0.99995		-96.04544	-125.86640	-0.30821	-0.29724	0.29315	0.88748	0.31351	0.99987	-0.01549	-0.00512	0.01546	0.99987	-0.00519	0.00520	0.00511	0.99997	
65	0.32500	79.36608	-53.99972	0.90146	0.55756	-0.03888	8.37320	0.99521	0.98934	-0.14562	0.00068	0.14561	0.98929	0.00973	-0.00209	-0.00953	0.99995		-96.02990	-125.87723	-0.29908	-0.30290	0.28764	0.89335	0.32497	0.99987	-0.01559	-0.00502	0.01556	0.99986	-0.00529	0.00510	0.00521	0.99997	
66	0.33000	79.51793	-53.97747	0.58174	0.56548	-0.09411	8.37307	1.32860	0.98934	-0.14562	0.00164	0.14559	0.98930	0.00987	-0.00306	-0.00952	0.99995		-96.02095	-125.87256	-0.28696	-0.30069	0.28767	0.89203	0.32257	0.99987	-0.01557	-0.00502	0.01554	0.99987	-0.00525	0.00510	0.00517	0.99997	
67	0.33500	79.39322	-53.96148	0.90931	0.56747	-0.04307	8.37831	1.00382	0.98933	-0.14571	0.00075	0.14569	0.98928	0.00990	-0.00219	-0.00969	0.99995		-96.02002	-125.85769	-0.29073	-0.30160	0.28371	0.88794	0.31535	0.99987	-0.01550	-0.00495	0.01547	0.99987	-0.00526	0.00503	0.00519	0.99997	
68	0.34000	79.36770	-53.96535	0.93359	0.57215	-0.03543	8.37334	0.99042	0.98934	-0.14562	0.00062	0.14561	0.98929	0.00999	-0.00207	-0.00979	0.99995		-96.03907	-125.85283	-0.26954	-0.30292	0.28381	0.88697	0.32639	0.99987	-0.01548	-0.00495	0.01545	0.99987	-0.00529	0.00503	0.00521	0.99997	
69	0.34500	79.51752	-53.95296	0.65103	0.57855	-0.08826	8.37197	1.28399	0.98934	-0.14560	0.00154	0.14558	0.98930	0.01010	-0.00299	-0.00977	0.99995		-96.02926	-125.86871	-0.26499	-0.30753	0.28382	0.89226	0.33576	0.99987	-0.01557	-0.00495	0.01555	0.99986	-0.00537	0.00504	0.00529	0.99997	
70	0.35000	79.48811	-53.92675	0.63807	0.58484	-0.08180	8.37382	1.30927	0.98934	-0.14563	0.00143	0.14561	0.98929	0.01021	-0.00290	-0.00989	0.99995		-96.04027	-125.85790	-0.25676	-0.30713	0.28692	0.89019	0.33224	0.99987	-0.01554	-0.00501	0.01551	0.99987	-0.00536	0.00509	0.00528	0.99997	
71	0.35500	79.33270	-53.94106	0.95045	0.58381	-0.03078	8.37440	0.97554	0.98934	-0.14564	0.00054	0.14563	0.98929	0.01019	-0.00202	-0.01000	0.99995		-96.05660	-125.86104	-0.24789	-0.31028	0.28616	0.89253	0.32110	0.99987	-0.01558	-0.00499	0.01555	0.99986	-0.00542	0.00508	0.00534	0.99997	
72	0.36000	79.32887	-53.93350	0.96191	0.58658	-0.02594	8.37574	0.98738	0.98933	-0.14566	0.00045	0.14565	0.98928	0.01024	-0.00194	-0.01006	0.99995		-96.03167	-125.87051	-0.22682	-0.31333	0.28312	0.89507	0.31789	0.99987	-0.01562	-0.00494	0.01559	0.99986	-0.00547	0.00503	0.00539	0.99997	
73	0.36500	79.34503	-53.92928	0.96489	0.59089	-0.02739	8.37873	0.99282	0.98933	-0.14572	0.00048	0.14570	0.98927	0.01031	-0.00198	-0.01013	0.99995		-96.00995	-125.86877	-0.23139	-0.31470	0.28304	0.89605	0.33213	0.99987	-0.01564	-0.00494	0.01561	0.99986	-0.00549	0.00503	0.00541	0.99997	
74	0.37000	79.35907	-53.90817	0.98817	0.59742	-0.02779	8.37388	0.98898	0.98934	-0.14563	0.00049	0.14562	0.98929	0.01043	-0.00200	-0.01024	0.99995		-96.02602	-125.85204	-0.22704	-0.31230	0.27995	0.89314	0.31167	0.99987	-0.01559	-0.00489	0.01556	0.99986	-0.00545	0.00497	0.00537	0.99997	
75	0.37500	79.36181	-53.90926	0.98836	0.60109	-0.02681	8.37270	0.98163	0.98934	-0.14561	0.00047	0.14560	0.98929	0.01049	-0.00199	-0.01031	0.99994		-96.02697	-125.85143	-0.19359	-0.31313	0.28296	0.88950	0.32160	0.99987	-0.01552	-0.00494	0.01550	0.99986	-0.00546	0.00502	0.00539	0.99997	
76	0.38000	79.29882	-53.89688	1.00321	0.60214	-0.01562	8.38063	0.99016	0.98932	-0.14575	0.00027	0.14574	0.98927	0.01051	-0.00180	-0.01036	0.99994		-96.01625	-125.86444	-0.20193	-0.31703	0.28267	0.89549	0.31620	0.99987	-0.01563	-0.00493	0.01560	0.99986	-0.00553	0.00502	0.00546	0.99997	
77	0.38500	79.34682	-53.90352	1.00661	0.60419	-0.02137	8.37607	0.98944	0.98933	-0.14567	0.00037	0.14566	0.98928	0.01054	-0.00191	-0.01038	0.99994		-96.04564	-125.85714	-0.19733	-0.31779	0.28516	0.89808	0.32276	0.99986	-0.01567	-0.00498	0.01565	0.99986	-0.00555	0.00506	0.00547	0.99997	
78	0.39000	79.32673	-53.87894	1.01844	0.61070	-0.01638	8.37778	0.99747	0.98933	-0.14570	0.00029	0.14569	0.98927	0.01066	-0.00184	-0.01050	0.99994		-96.04529	-125.84014	-0.18487	-0.31510	0.28297	0.89501	0.32869	0.99987	-0.01562	-0.00494	0.01559	0.99986	-0.00550	0.00502	0.00542	0.99997	
79	0.39500	79.44576	-53.86605	0.71990	0.61590	-0.06271	8.37023	1.29115	0.98935	-0.14557	0.00109	0.14555	0.98929	0.01075	-0.00265	-0.01048	0.99994		-96.05471	-125.83729	-0.17705	-0.31631	0.29027	0.89185	0.33594	0.99987	-0.01556	-0.00507	0.01554	0.99986	-0.00552	0.00515	0.00544	0.99997	
80	0.40000	79.44130	-53.84662	0.74540	0.61968	-0.06243	8.37246	1.28768	0.98934	-0.14561	0.00109	0.14559	0.98929	0.01082	-0.00265	-0.01054	0.99994		-96.04612	-125.83861	-0.16863	-0.31660	0.28839	0.89204	0.33674	0.99987	-0.01557	-0.00503	0.01554	0.99986	-0.00553	0.00512	0.00545	0.99997	
81	0.40500	79.31815	-53.86425	1.02431	0.61845	-0.00857	8.37779	0.98687	0.98933	-0.14570	0.00015	0.14569	0.98927	0.01079	-0.00172	-0.01066	0.99994		-96.07395	-125.83094	-0.15177	-0.31617	0.29267	0.89280	0.31357	0.99987	-0.01558	-0.00511	0.01555	0.99986	-0.00552	0.00519	0.00544	0.99997	
82	0.41000	79.28353	-53.85242	1.04348	0.62079	-0.00174	8.37531	0.97057	0.98934	-0.14566	0.00003	0.14565	0.98928	0.01083	-0.00161	-0.01071	0.99994		-96.06124	-125.82591	-0.16055	-0.31588	0.29218	0.89358	0.31269	0.99987	-0.01560	-0.00510	0.01557	0.99986	-0.00551	0.00518	0.00543	0.99997	
83	0.41500	79.39644	-53.84400	0.74466	0.62572	-0.05651	8.37208	1.30167	0.98934	-0.14560	0.00099	0.14558	0.98929	0.01092	-0.00257	-0.01066	0.99994		-96.07057	-125.84036	-0.13944	-0.31721	0.29383	0.89630	0.32983	0.99986	-0.01564	-0.00513	0.01561	0.99986	-0.00554	0.00521	0.00546	0.99997	
84	0.42000	79.43106	-53.84253	0.75077	0.62718	-0.05441	8.37617	1.30124	0.98933	-0.14567	0.00095	0.14565	0.98928	0.01095	-0.00253	-0.01069	0.99994		-96.07011	-125.84232	-0.13949	-0.31857	0.29621	0.89632	0.34359	0.99986	-0.01564	-0.00517	0.01561	0.99986	-0.00556	0.00526	0.00548	0.99997	
85	0.42500	79.26534	-53.84607	1.05557	0.62775	0.00661	8.37424	0.98828	0.98934	-0.14564	-0.00012	0.14563	0.98928	0.01096	-0.00148	-0.01086	0.99994		-96.05337	-125.81377	-0.14441	-0.31492	0.29556	0.89044	0.32165	0.99987	-0.01554	-0.00516	0.01551	0.99986	-0.00550	0.00524	0.00542	0.99997	
86	0.43000	79.22687	-53.82996	1.06091	0.63074	0.01369	8.37554	0.98614	0.98933	-0.14566	-0.00024	0.14565	0.98927	0.01101	-0.00137	-0.01093	0.99994		-96.07231	-125.83685	-0.11886	-0.31734	0.29694	0.89333	0.32377	0.99987	-0.01559	-0.00518	0.01556	0.99986	-0.00554	0.00527	0.00546	0.99997	
87	0.43500	79.22366	-53.82967	1.06835	0.63093	0.01885	8.37968	0.98925	0.98932	-0.14573	-0.00033	0.14573	0.98926	0.01101	-0.00128	-0.01094	0.99994		-96.07432	-125.82206	-0.12341	-0.31704	0.30018	0.89498	0.31521	0.99986	-0.01562	-0.00524	0.01559	0.99986	-0.00553	0.00532	0.00545	0.99997	
88	0.44000	79.23871	-53.83289	1.07971	0.63280	0.02173	8.37878	0.99324	0.98933	-0.14572	-0.00038	0.14571	0.98927	0.01104	-0.00123	-0.01098	0.99994		-96.10928	-125.82071	-0.13168	-0.31583	0.30575	0.89339	0.33659	0.99986	-0.01559	-0.00534	0.01556	0.99986	-0.00551	0.00542	0.00543	0.99997	
89	0.44500	79.21157	-53.83252	1.07405	0.63467	0.02133	8.38137	0.98779	0.98932	-0.14576	-0.00037	0.14576	0.98926	0.01108	-0.00125	-0.01101	0.99994		-96.10391	-125.83122	-0.11088	-0.31620	0.30416	0.89257	0.32096	0.99986	-0.01558	-0.00531	0.01555	0.99986	-0.00552	0.00539	0.00544	0.99997	
90	0.45000	79.34108	-53.81745	0.74313	0.64161	-0.03426	8.37415	1.31857	0.98934	-0.14564	0.00060	0.14562	0.98928	0.01120	-0.00222	-0.01099	0.99994		-96.10986	-125.83979	-0.10659	-0.31710	0.30770	0.89639	0.30499	0.99986	-0.01564	-0.00537	0.01561	0.99986	-0.00553	0.00546	0.00545	0.99997	
91	0.45500	79.35078	-53.79697	0.75309	0.64432	-0.04046	8.37484	1.33121	0.98934	-0.14565	0.00071	0.14563	0.98927	0.01125	-0.00234	-0.01102	0.99994		-96.06688	-125.82043	-0.11181	-0.31316	0.30501	0.89562	0.34076	0.99986	-0.01563	-0.00532	0.01560	0.99986	-0.00547	0.00541	0.00538	0.99997	
92	0.46000	79.18832	-53.81326	1.09145	0.64067	0.02927	8.38064	0.98913	0.98932	-0.14575	-0.00051	0.14575	0.98926	0.01118	-0.00112	-0.01114	0.99994		-96.10321	-125.82132	-0.10328	-0.31260	0.31089	0.89430	0.33880	0.99986	-0.01561	-0.00543	0.01558	0.99986	-0.00546	0.00551	0.00537	0.99997	
93	0.46500	79.14390	-53.80037	1.09499	0.64058	0.04272	8.38193	0.97994	0.98932	-0.14577	-0.00075	0.14577	0.98926	0.01118	-0.00089	-0.01117	0.99994		-96.10743	-125.81197	-0.09949	-0.31145	0.31433	0.89573	0.32752	0.99986	-0.01563	-0.00549	0.01560	0.99986	-0.00544	0.00557	0.00535	0.99997	
94	0.47000	79.17569	-53.79153	1.11304	0.64333	0.04227	8.38011	0.98687	0.98932	-0.14574	-0.00074	0.14574	0.98926	0.01123	-0.00091	-0.01122	0.99994		-96.13198	-125.80658	-0.09541	-0.31032	0.32009	0.89894	0.32165	0.99986	-0.01569	-0.00559	0.01566	0.99986	-0.00542	0.00567	0.00533	0.99997	
95	0.47500	79.15330	-53.78302	1.09340	0.64419	0.04510	8.37798	0.98667	0.98933	-0.14570	-0.00079	0.14570	0.98926	0.01124	-0.00086	-0.01124	0.99994		-96.13669	-125.82945	-0.09109	-0.30930	0.32015	0.89338	0.32202	0.99986	-0.01559	-0.00559	0.01556	0.99986	-0.00540	0.00567	0.00531	0.99997	
96	0.48000	79.27572	-53.78963	0.81428	0.64688	0.00336	8.37505	1.27457	0.98934	-0.14565	-0.00006	0.14564	0.98927	0.01129	-0.00159	-0.01118	0.99994		-96.18589	-125.79860	-0.10391	-0.30468	0.32719	0.89026	0.32590	0.99986	-0.01554	-0.00571	0.01551	0.99987	-0.00532	0.00579	0.00523	0.99997	
97	0.48500	79.26740	-53.79190	0.75486	0.64794	-0.00664	8.37589	1.33299	0.98933	-0.14567	0.00012	0.14566	0.98927	0.01131	-0.00176	-0.01117	0.99994		-96.15981	-125.78920	-0.09658	-0.30203	0.33056	0.89609	0.32651	0.99986	-0.01564	-0.00577	0.01561	0.99986	-0.00527	0.00585	0.00518	0.99997	
98	0.49000	79.11232	-53.80906	1.09549	0.64224	0.05867	8.37718	0.98145	0.98933	-0.14569	-0.00102	0.14569	0.98927	0.01121	-0.00062	-0.01124	0.99994		-96.18946	-125.79414	-0.10048	-0.30230	0.33484	0.89205	0.34392	0.99986	-0.01557	-0.00584	0.01554	0.99987	-0.00528	0.00593	0.00518	0.99997	
99	0.49500	79.22298	-53.78648	0.82287	0.64639	0.01075	8.37694	1.28134	0.98933	-0.14568	-0.00019	0.14568	0.98927	0.01128	-0.00146	-0.01119	0.99994		-96.15998	-125.79569	-0.10596	-0.29680	0.33903	0.89113	0.31606	0.99986	-0.01555	-0.00592	0.01552	0.99987	-0.00518	0.00600	0.00509	0.99997	
100	0.50000	79.24480	-53.76740	0.80136	0.64890	0.00579	8.37530	1.29900	0.98934	-0.14566	-0.00010	0.14565	0.98927	0.01133	-0.00155	-0.01122	0.99994		-96.20390	-125.80012	-0.09272	-0.29733	0.34170	0.89747	0.32621	0.99986	-0.01566	-0.00596	0.01563	0.99986	-0.00519	0.00604	0.00510	0.99997	
101	0.50500	79.22535	-53.76962	0.80259	0.64681	0.02062	8.37748	1.27939	0.98933	-0.14569	-0.00036	0.14569	0.98927	0.01129	-0.00129	-0.01122	0.99994		-96.19226	-125.78701	-0.09779	-0.29403	0.34382	0.89307	0.31767	0.99986	-0.01559	-0.00600	0.01556	0.99987	-0.00513	0.00608	0.00504	0.99997	
102	0.51000	79.15365	-53.77818	0.81101	0.64505	0.02398	8.37514	1.27475	0.98934	-0.14565	-0.00042	0.14565	0.98927	0.01126	-0.00123	-0.01120	0.99994		-96.21267	-125.77756	-0.10230	-0.29197	0.34851	0.89237	0.31525	0.99986	-0.01557	-0.00608	0.01554	0.99987	-0.00510	0.00616	0.00500	0.99997	
103	0.51500	79.01768	-53.79405	1.09858	0.63992	0.08323	8.38188	0.98271	0.98932	-0.14577	-0.00145	0.14578	0.98925	0.01117	-0.00019	-0.01126	0.99994		-96.20589	-125.77914	-0.10686	-0.29000	0.35130	0.89468	0.32075	0.99986	-0.01561	-0.00613	0.01558	0.99987	-0.00506	0.00621	0.00497	0.99997	
104	0.52000	79.05397	-53.78142	1.09164	0.64104	0.08308	8.37484	0.97691	0.98934	-0.14565	-0.00145	0.14566	0.98927	0.01119	-0.00020	-0.01128	0.99994		-96.22595	-125.76504	-0.10748	-0.28572	0.35810	0.89341	0.32959	0.99986	-0.01559	-0.00625	0.01556	0.99987	-0.00499	0.00633	0.00489	0.99997	
105	0.52500	79.01449	-53.78365	1.08966	0.63938	0.09047	8.37819	0.98569	0.98933	-0.14571	-0.00158	0.14571	0.98926	0.01116	-0.00006	-0.01127	0.99994		-96.22893	-125.76368	-0.11600	-0.28322	0.35846	0.88944	0.33322	0.99986	-0.01552	-0.00626	0.01549	0.99987	-0.00494	0.00633	0.00485	0.99997	
106	0.53000	79.04216	-53.77549	1.10380	0.64157	0.09055	8.37975	0.99158	0.98932	-0.14573	-0.00158	0.14574	0.98926	0.01120	-0.00007	-0.01131	0.99994		-96.23439	-125.76715	-0.12053	-0.28083	0.36154	0.89162	0.32394	0.99986	-0.01556	-0.00631	0.01553	0.99987	-0.00490	0.00639	0.00480	0.99997	
107	0.53500	78.99876	-53.76816	1.10614	0.63857	0.10067	8.37860	0.97799	0.98933	-0.14571	-0.00176	0.14572	0.98926	0.01114	0.00011	-0.01128	0.99994		-96.22655	-125.80289	-0.11200	-0.28559	0.36600	0.89600	0.32081	0.99986	-0.01564	-0.00639	0.01561	0.99987	-0.00498	0.00646	0.00488	0.99997	
108	0.54000	79.01817	-53.77417	1.08814	0.63761	0.09996	8.37658	0.98696	0.98933	-0.14568	-0.00174	0.14569	0.98927	0.01113	0.00010	-0.01126	0.99994		-96.24262	-125.76446	-0.11723	-0.27778	0.37228	0.89600	0.33031	0.99986	-0.01564	-0.00650	0.01561	0.99987	-0.00485	0.00657	0.00475	0.99997	
109	0.54500	78.97996	-53.77786	1.09629	0.63283	0.10778	8.37816	0.98610	0.98933	-0.14571	-0.00188	0.14572	0.98926	0.01104	0.00025	-0.01120	0.99994		-96.26956	-125.76967	-0.11761	-0.27487	0.37797	0.89162	0.31062	0.99986	-0.01556	-0.00660	0.01553	0.99987	-0.00480	0.00667	0.00469	0.99997	
110	0.55000	78.93887	-53.77693	1.08450	0.63362	0.11242	8.37323	0.97000	0.98934	-0.14562	-0.00196	0.14563	0.98928	0.01106	0.00033	-0.01123	0.99994		-96.28103	-125.75772	-0.13849	-0.27214	0.38061	0.89189	0.32388	0.99986	-0.01557	-0.00664	0.01553	0.99987	-0.00475	0.00672	0.00465	0.99997	
111	0.55500	78.96802	-53.76864	1.08930	0.63091	0.11707	8.37766	0.98203	0.98933	-0.14570	-0.00204	0.14571	0.98927	0.01101	0.00042	-0.01119	0.99994		-96.31181	-125.76346	-0.13036	-0.27148	0.38720	0.89230	0.32039	0.99986	-0.01557	-0.00676	0.01554	0.99987	-0.00474	0.00683	0.00463	0.99997	
112	0.56000	78.92730	-53.79290	1.04043	0.62826	0.11929	8.37991	1.02818	0.98932	-0.14574	-0.00208	0.14575	0.98926	0.01096	0.00046	-0.01115	0.99994		-96.28759	-125.77373	-0.13504	-0.27031	0.38806	0.89386	0.32453	0.99986	-0.01560	-0.00677	0.01557	0.99987	-0.00472	0.00685	0.00461	0.99997	
113	0.56500	78.92769	-53.80365	0.99997	0.62417	0.11647	8.37506	1.03088	0.98933	-0.14565	-0.00203	0.14567	0.98927	0.01089	0.00042	-0.01107	0.99994		-96.30002	-125.76577	-0.14784	-0.26853	0.39091	0.89337	0.32284	0.99986	-0.01559	-0.00682	0.01556	0.99987	-0.00469	0.00689	0.00458	0.99997	
114	0.57000	78.93573	-53.78339	0.99064	0.62381	0.11572	8.37209	1.03857	0.98934	-0.14560	-0.00202	0.14561	0.98928	0.01089	0.00041	-0.01107	0.99994		-96.31905	-125.76633	-0.14427	-0.26636	0.39955	0.89053	0.32634	0.99985	-0.01554	-0.00697	0.01551	0.99987	-0.00465	0.00704	0.00454	0.99996	
115	0.57500	78.89761	-53.80110	1.05742	0.61900	0.13623	8.37954	0.97948	0.98932	-0.14573	-0.00238	0.14575	0.98926	0.01080	0.00078	-0.01103	0.99994		-96.34503	-125.76622	-0.15688	-0.26223	0.40495	0.88963	0.34057	0.99985	-0.01553	-0.00707	0.01549	0.99987	-0.00458	0.00714	0.00447	0.99996	
116	0.58000	78.89953	-53.79507	1.04605	0.61900	0.13502	8.37837	0.97961	0.98932	-0.14571	-0.00236	0.14573	0.98927	0.01080	0.00076	-0.01103	0.99994		-96.34113	-125.75803	-0.17403	-0.26032	0.40394	0.89021	0.32534	0.99985	-0.01554	-0.00705	0.01550	0.99987	-0.00454	0.00712	0.00443	0.99996	
117	0.58500	78.93230	-53.80666	0.96932	0.61480	0.12405	8.37685	1.05125	0.98933	-0.14568	-0.00217	0.14570	0.98927	0.01073	0.00058	-0.01093	0.99994		-96.35373	-125.76761	-0.17433	-0.25908	0.41338	0.88957	0.33821	0.99985	-0.01552	-0.00721	0.01549	0.99987	-0.00452	0.00728	0.00441	0.99996	
118	0.59000	78.85878	-53.80073	1.03410	0.61071	0.14385	8.37955	0.97203	0.98932	-0.14573	-0.00251	0.14575	0.98926	0.01066	0.00093	-0.01091	0.99994		-96.36268	-125.76705	-0.19544	-0.25603	0.41240	0.89093	0.32595	0.99985	-0.01555	-0.00720	0.01552	0.99987	-0.00447	0.00727	0.00436	0.99996	
119	0.59500	78.82284	-53.80057	1.03080	0.60855	0.15578	8.37724	0.97318	0.98933	-0.14569	-0.00272	0.14571	0.98927	0.01062	0.00114	-0.01090	0.99994		-96.38856	-125.76909	-0.19132	-0.25543	0.42056	0.89396	0.33141	0.99985	-0.01560	-0.00734	0.01557	0.99987	-0.00446	0.00741	0.00434	0.99996	
120	0.60000	78.88037	-53.81359	0.95362	0.60548	0.14274	8.37844	1.04100	0.98932	-0.14571	-0.00249	0.14573	0.98927	0.01057	0.00092	-0.01082	0.99994		-96.36799	-125.75990	-0.20073	-0.25179	0.42273	0.88781	0.31797	0.99985	-0.01549	-0.00738	0.01546	0.99987	-0.00439	0.00745	0.00428	0.99996	
121	0.60500	78.81247	-53.81222	1.01173	0.60339	0.15764	8.37599	0.97869	0.98933	-0.14567	-0.00275	0.14569	0.98927	0.01053	0.00119	-0.01082	0.99994		-96.41463	-125.75824	-0.20463	-0.25067	0.43107	0.89004	0.31225	0.99985	-0.01553	-0.00752	0.01550	0.99987	-0.00437	0.00759	0.00426	0.99996	
122	0.61000	78.82216	-53.82895	0.98815	0.59678	0.16120	8.37833	0.98420	0.98932	-0.14571	-0.00281	0.14573	0.98927	0.01042	0.00127	-0.01071	0.99994		-96.42615	-125.75626	-0.21321	-0.24706	0.43539	0.89173	0.33924	0.99985	-0.01556	-0.00760	0.01553	0.99987	-0.00431	0.00767	0.00419	0.99996	
123	0.61500	78.84200	-53.82166	0.91578	0.59605	0.14990	8.37561	1.04675	0.98933	-0.14566	-0.00262	0.14568	0.98928	0.01040	0.00107	-0.01067	0.99994		-96.43349	-125.76232	-0.23456	-0.24610	0.44130	0.89228	0.32609	0.99985	-0.01557	-0.00770	0.01554	0.99987	-0.00430	0.00777	0.00417	0.99996	
124	0.62000	78.82030	-53.82329	0.92348	0.59143	0.16083	8.37815	1.04008	0.98932	-0.14571	-0.00281	0.14573	0.98927	0.01032	0.00127	-0.01062	0.99994		-96.42076	-125.76939	-0.24758	-0.24537	0.44266	0.89395	0.31682	0.99985	-0.01560	-0.00773	0.01557	0.99987	-0.00428	0.00779	0.00416	0.99996	
125	0.62500	78.78437	-53.84931	0.96623	0.58665	0.16845	8.37685	0.98416	0.98933	-0.14568	-0.00294	0.14571	0.98928	0.01024	0.00142	-0.01056	0.99994		-96.47140	-125.77620	-0.24698	-0.24430	0.44664	0.89062	0.34866	0.99985	-0.01554	-0.00780	0.01551	0.99987	-0.00426	0.00786	0.00414	0.99996	
126	0.63000	78.79448	-53.84092	0.95641	0.58401	0.17130	8.37803	0.98960	0.98932	-0.14570	-0.00299	0.14573	0.98927	0.01019	0.00147	-0.01052	0.99994		-96.45766	-125.76266	-0.26489	-0.24067	0.45294	0.89038	0.34620	0.99985	-0.01554	-0.00791	0.01551	0.99987	-0.00420	0.00797	0.00408	0.99996	
127	0.63500	78.77556	-53.85768	0.94065	0.57875	0.17623	8.37809	0.98589	0.98932	-0.14570	-0.00308	0.14573	0.98927	0.01010	0.00157	-0.01044	0.99994		-96.46189	-125.77304	-0.28588	-0.24185	0.45601	0.89316	0.33996	0.99985	-0.01559	-0.00796	0.01555	0.99987	-0.00422	0.00802	0.00410	0.99996	
128	0.64000	78.74864	-53.87120	0.93088	0.57491	0.18181	8.37745	0.97774	0.98932	-0.14569	-0.00317	0.14572	0.98928	0.01003	0.00168	-0.01039	0.99994		-96.45881	-125.76827	-0.30710	-0.23957	0.45737	0.88994	0.32811	0.99985	-0.01553	-0.00798	0.01550	0.99987	-0.00418	0.00805	0.00406	0.99996	
129	0.64500	78.72710	-53.89910	0.91621	0.56660	0.18635	8.38326	0.98642	0.98931	-0.14579	-0.00325	0.14582	0.98926	0.00989	0.00178	-0.01026	0.99995		-96.48109	-125.74711	-0.32432	-0.23684	0.46282	0.88915	0.32684	0.99985	-0.01552	-0.00808	0.01548	0.99987	-0.00413	0.00814	0.00401	0.99996	
130	0.65000	78.77128	-53.94172	0.81179	0.55260	0.19136	8.39772	1.03126	0.98927	-0.14604	-0.00334	0.14607	0.98923	0.00964	0.00190	-0.01003	0.99995		-96.51825	-125.76415	-0.32788	-0.23490	0.46557	0.89153	0.33252	0.99985	-0.01556	-0.00813	0.01553	0.99987	-0.00410	0.00819	0.00397	0.99996	
131	0.65500	78.78096	-53.93628	0.84266	0.54801	0.19213	8.39205	0.98862	0.98929	-0.14594	-0.00335	0.14597	0.98924	0.00956	0.00192	-0.00995	0.99995		-96.51258	-125.76989	-0.34073	-0.23707	0.46662	0.89253	0.33268	0.99985	-0.01558	-0.00814	0.01554	0.99987	-0.00414	0.00821	0.00401	0.99996	
132	0.66000	78.75494	-53.96732	0.82613	0.54268	0.19684	8.39470	0.99645	0.98928	-0.14599	-0.00344	0.14602	0.98924	0.00947	0.00202	-0.00987	0.99995		-96.50522	-125.75870	-0.35821	-0.23408	0.47426	0.89613	0.34066	0.99984	-0.01564	-0.00828	0.01561	0.99987	-0.00409	0.00834	0.00396	0.99996	
133	0.66500	78.78888	-53.95915	0.76575	0.54150	0.18948	8.39519	1.03974	0.98928	-0.14600	-0.00331	0.14602	0.98924	0.00945	0.00189	-0.00983	0.99995		-96.50953	-125.76476	-0.36671	-0.23335	0.47489	0.89425	0.31998	0.99984	-0.01561	-0.00829	0.01557	0.99987	-0.00407	0.00835	0.00394	0.99996	
134	0.67000	78.76165	-53.97007	0.72578	0.53531	0.18620	8.39564	1.05744	0.98928	-0.14601	-0.00325	0.14603	0.98924	0.00934	0.00185	-0.00972	0.99995		-96.56136	-125.75576	-0.39183	-0.23046	0.48430	0.89042	0.34036	0.99984	-0.01554	-0.00845	0.01551	0.99987	-0.00402	0.00851	0.00389	0.99996	
135	0.67500	78.74140	-53.98318	0.78628	0.52805	0.20477	8.39845	1.00067	0.98927	-0.14606	-0.00357	0.14608	0.98923	0.00922	0.00219	-0.00964	0.99995		-96.52196	-125.77605	-0.40460	-0.23157	0.48157	0.89448	0.32385	0.99984	-0.01561	-0.00840	0.01558	0.99987	-0.00404	0.00847	0.00391	0.99996	
136	0.68000	78.73900	-53.99588	0.72168	0.52359	0.19714	8.39319	1.05712	0.98928	-0.14596	-0.00344	0.14599	0.98924	0.00914	0.00207	-0.00954	0.99995		-96.53411	-125.77023	-0.43834	-0.23115	0.48675	0.89400	0.33555	0.99984	-0.01560	-0.00850	0.01557	0.99987	-0.00403	0.00856	0.00390	0.99996	
137	0.68500	78.70672	-54.00158	0.74887	0.52140	0.20870	8.39414	0.99747	0.98928	-0.14598	-0.00364	0.14601	0.98924	0.00910	0.00227	-0.00953	0.99995		-96.56974	-125.72969	-0.45166	-0.22312	0.49289	0.89219	0.34217	0.99984	-0.01557	-0.00860	0.01554	0.99987	-0.00389	0.00866	0.00376	0.99996	
