NO_OF_FRAMES	12044
NO_OF_CAMERAS	8
NO_OF_BODIES	2
FREQUENCY	200
NO_OF_ANALOG	0
ANALOG_FREQUENCY	0
DESCRIPTION	--
TIME_STAMP	2013-07-04, 10:31:25	93101.50386005
DATA_INCLUDED	6D
BODY_NAMES	Ice 1	Ice 2
Frame	Time	Ice 1 X	Y	Z	Roll	Pitch	Yaw	Residual	Rot[0]	Rot[1]	Rot[2]	Rot[3]	Rot[4]	Rot[5]	Rot[6]	Rot[7]	Rot[8]	Ice 2 X	Y	Z	Roll	Pitch	Yaw	Residual	Rot[0]	Rot[1]	Rot[2]	Rot[3]	Rot[4]	Rot[5]	Rot[6]	Rot[7]	Rot[8]	
1	0.00500	82.49596	-2.54071	0.71846	0.52526	0.04956	8.55528	0.97637	0.98887	-0.14876	-0.00087	0.14877	0.98883	0.00917	-0.00051	-0.00919	0.99996		-94.24287	-209.46439	-0.31757	-0.32245	0.29878	0.58921	0.38201	0.99993	-0.01028	-0.00521	0.01025	0.99993	-0.00563	0.00527	0.00557	0.99997	
2	0.01000	82.45077	-2.52801	0.74836	0.52759	0.05993	8.55813	0.97779	0.98886	-0.14881	-0.00105	0.14882	0.98882	0.00921	-0.00034	-0.00926	0.99996		-94.23465	-209.42481	-0.31110	-0.31188	0.30411	0.57903	0.34563	0.99993	-0.01011	-0.00531	0.01008	0.99993	-0.00544	0.00536	0.00539	0.99997	
3	0.01500	82.48228	-2.52218	0.73362	0.52962	0.05369	8.55819	0.96212	0.98886	-0.14881	-0.00094	0.14882	0.98882	0.00924	-0.00045	-0.00928	0.99996		-94.23722	-209.42363	-0.29802	-0.31403	0.30026	0.58588	0.36047	0.99993	-0.01023	-0.00524	0.01020	0.99993	-0.00548	0.00530	0.00543	0.99997	
4	0.02000	82.47977	-2.52169	0.75334	0.53312	0.05919	8.55587	0.98051	0.98887	-0.14877	-0.00103	0.14878	0.98883	0.00930	-0.00036	-0.00935	0.99996		-94.21181	-209.42716	-0.28979	-0.31244	0.29878	0.58235	0.36588	0.99993	-0.01016	-0.00521	0.01014	0.99993	-0.00545	0.00527	0.00540	0.99997	
5	0.02500	82.51060	-2.54051	0.72594	0.53893	0.05202	8.55157	0.95559	0.98888	-0.14870	-0.00091	0.14870	0.98884	0.00941	-0.00050	-0.00944	0.99996		-94.22148	-209.41560	-0.26906	-0.31099	0.29906	0.57648	0.35322	0.99994	-0.01006	-0.00522	0.01003	0.99993	-0.00543	0.00527	0.00537	0.99997	
6	0.03000	82.49022	-2.52070	0.75776	0.54238	0.05413	8.55073	0.97620	0.98888	-0.14869	-0.00094	0.14869	0.98884	0.00947	-0.00047	-0.00950	0.99995		-94.19690	-209.42753	-0.25603	-0.31167	0.29295	0.58270	0.35298	0.99994	-0.01017	-0.00511	0.01014	0.99993	-0.00544	0.00517	0.00539	0.99997	
7	0.03500	82.47212	-2.52151	0.78286	0.54629	0.05568	8.55034	0.97952	0.98889	-0.14868	-0.00097	0.14868	0.98884	0.00953	-0.00046	-0.00957	0.99995		-94.21105	-209.44998	-0.24279	-0.31509	0.29098	0.58609	0.34649	0.99993	-0.01023	-0.00508	0.01020	0.99993	-0.00550	0.00513	0.00545	0.99997	
8	0.04000	82.47545	-2.51445	0.77418	0.54966	0.05793	8.55424	0.97692	0.98888	-0.14875	-0.00101	0.14875	0.98883	0.00959	-0.00043	-0.00964	0.99995		-94.19180	-209.42206	-0.23937	-0.31044	0.29188	0.58258	0.35326	0.99994	-0.01017	-0.00509	0.01014	0.99993	-0.00542	0.00515	0.00537	0.99997	
9	0.04500	82.50443	-2.51799	0.79332	0.55234	0.05517	8.55163	0.97220	0.98888	-0.14870	-0.00096	0.14870	0.98883	0.00964	-0.00048	-0.00968	0.99995		-94.17230	-209.43122	-0.22643	-0.31251	0.28740	0.58328	0.35495	0.99994	-0.01018	-0.00502	0.01015	0.99993	-0.00545	0.00507	0.00540	0.99997	
10	0.05000	82.50449	-2.51923	0.79789	0.55594	0.05375	8.55159	0.97325	0.98888	-0.14870	-0.00094	0.14870	0.98883	0.00970	-0.00052	-0.00973	0.99995		-94.16493	-209.44345	-0.19697	-0.31327	0.28530	0.58464	0.35568	0.99994	-0.01020	-0.00498	0.01018	0.99993	-0.00547	0.00503	0.00542	0.99997	
11	0.05500	82.37401	-2.62471	0.86081	0.56117	0.05131	8.55880	1.00049	0.98886	-0.14882	-0.00090	0.14883	0.98881	0.00979	-0.00057	-0.00982	0.99995		-94.15199	-209.44607	-0.19273	-0.31085	0.27940	0.58185	0.35252	0.99994	-0.01015	-0.00488	0.01013	0.99993	-0.00543	0.00493	0.00538	0.99997	
12	0.06000	82.34504	-2.62688	0.85708	0.56254	0.05150	8.55920	1.01151	0.98886	-0.14883	-0.00090	0.14883	0.98881	0.00982	-0.00057	-0.00984	0.99995		-94.16727	-209.44775	-0.17595	-0.31125	0.28317	0.57810	0.34471	0.99994	-0.01009	-0.00494	0.01006	0.99993	-0.00543	0.00500	0.00538	0.99997	
13	0.06500	82.34503	-2.64217	0.88043	0.56655	0.05276	8.55328	1.01937	0.98888	-0.14873	-0.00092	0.14873	0.98883	0.00989	-0.00056	-0.00992	0.99995		-94.14756	-209.44263	-0.16367	-0.31100	0.28101	0.58173	0.36537	0.99994	-0.01015	-0.00490	0.01013	0.99993	-0.00543	0.00496	0.00538	0.99997	
14	0.07000	82.34691	-2.62648	0.88871	0.57116	0.04971	8.56163	1.01816	0.98886	-0.14887	-0.00087	0.14887	0.98881	0.00997	-0.00063	-0.00999	0.99995		-94.12641	-209.44605	-0.13868	-0.31058	0.27851	0.58200	0.34031	0.99994	-0.01016	-0.00486	0.01013	0.99993	-0.00542	0.00492	0.00537	0.99997	
15	0.07500	82.34146	-2.64490	0.89817	0.57315	0.05017	8.55857	1.01467	0.98886	-0.14882	-0.00088	0.14882	0.98881	0.01000	-0.00062	-0.01002	0.99995		-94.11439	-209.44208	-0.13866	-0.30964	0.27584	0.58208	0.34066	0.99994	-0.01016	-0.00481	0.01013	0.99993	-0.00540	0.00487	0.00535	0.99997	
16	0.08000	82.33467	-2.63732	0.92194	0.57824	0.05039	8.55907	1.01243	0.98886	-0.14883	-0.00088	0.14883	0.98881	0.01009	-0.00063	-0.01011	0.99995		-94.11959	-209.45574	-0.12143	-0.31195	0.27435	0.58530	0.34712	0.99994	-0.01022	-0.00479	0.01019	0.99993	-0.00544	0.00484	0.00540	0.99997	
17	0.08500	82.35107	-2.63798	0.92557	0.58105	0.04398	8.56085	1.02245	0.98886	-0.14886	-0.00077	0.14886	0.98881	0.01014	-0.00075	-0.01014	0.99995		-94.13014	-209.47272	-0.09590	-0.31290	0.27380	0.58627	0.37522	0.99994	-0.01023	-0.00478	0.01021	0.99993	-0.00546	0.00483	0.00541	0.99997	
18	0.09000	82.33783	-2.63692	0.92262	0.58386	0.04299	8.56357	1.01690	0.98885	-0.14891	-0.00075	0.14891	0.98880	0.01019	-0.00078	-0.01019	0.99995		-94.11011	-209.45362	-0.10076	-0.30938	0.27187	0.58222	0.35680	0.99994	-0.01016	-0.00475	0.01014	0.99993	-0.00540	0.00480	0.00535	0.99997	
19	0.09500	82.32944	-2.64660	0.95887	0.58631	0.04523	8.56117	1.02378	0.98886	-0.14887	-0.00079	0.14887	0.98880	0.01023	-0.00074	-0.01024	0.99995		-94.08328	-209.45867	-0.06360	-0.30902	0.27274	0.57759	0.35800	0.99994	-0.01008	-0.00476	0.01005	0.99993	-0.00539	0.00481	0.00535	0.99997	
20	0.10000	82.33200	-2.62470	0.95656	0.59253	0.04289	8.56520	1.02556	0.98885	-0.14893	-0.00075	0.14893	0.98879	0.01034	-0.00080	-0.01034	0.99995		-94.10556	-209.46722	-0.05467	-0.31139	0.27301	0.58236	0.36923	0.99994	-0.01016	-0.00476	0.01014	0.99993	-0.00543	0.00482	0.00539	0.99997	
21	0.10500	82.34120	-2.63774	0.96688	0.59228	0.03923	8.56034	1.02370	0.98886	-0.14885	-0.00068	0.14885	0.98881	0.01034	-0.00086	-0.01032	0.99995		-94.07726	-209.46574	-0.02981	-0.31077	0.27126	0.58260	0.35364	0.99994	-0.01017	-0.00473	0.01014	0.99993	-0.00542	0.00479	0.00538	0.99997	
22	0.11000	82.32949	-2.65331	0.97818	0.59507	0.04065	8.55645	1.02041	0.98887	-0.14878	-0.00071	0.14878	0.98882	0.01039	-0.00084	-0.01038	0.99995		-94.10847	-209.47873	0.00020	-0.31214	0.27336	0.58920	0.35712	0.99994	-0.01028	-0.00477	0.01026	0.99993	-0.00545	0.00483	0.00540	0.99997	
23	0.11500	82.30594	-2.65674	0.98495	0.59579	0.04203	8.56161	1.02602	0.98886	-0.14887	-0.00073	0.14887	0.98880	0.01040	-0.00082	-0.01039	0.99995		-94.12310	-209.47523	-0.00391	-0.31154	0.27221	0.58167	0.35393	0.99994	-0.01015	-0.00475	0.01013	0.99993	-0.00544	0.00481	0.00539	0.99997	
24	0.12000	82.32310	-2.65295	0.98738	0.59922	0.03903	8.56166	1.03354	0.98886	-0.14887	-0.00068	0.14887	0.98880	0.01046	-0.00088	-0.01044	0.99995		-94.12590	-209.48643	0.03344	-0.31182	0.27708	0.58525	0.36047	0.99994	-0.01021	-0.00484	0.01019	0.99993	-0.00544	0.00489	0.00539	0.99997	
25	0.12500	82.33835	-2.64565	0.99985	0.60159	0.03829	8.56211	1.03243	0.98885	-0.14888	-0.00067	0.14888	0.98880	0.01050	-0.00090	-0.01048	0.99994		-94.09392	-209.50521	0.03764	-0.31371	0.27394	0.58468	0.37309	0.99994	-0.01020	-0.00478	0.01018	0.99993	-0.00548	0.00484	0.00543	0.99997	
26	0.13000	82.33391	-2.63567	1.01100	0.60397	0.03407	8.56002	1.03108	0.98886	-0.14885	-0.00059	0.14884	0.98880	0.01054	-0.00098	-0.01051	0.99994		-94.10722	-209.47260	0.05394	-0.31066	0.27330	0.58051	0.35002	0.99994	-0.01013	-0.00477	0.01011	0.99993	-0.00542	0.00482	0.00537	0.99997	
27	0.13500	82.30508	-2.64163	1.02758	0.60390	0.03768	8.55961	1.03840	0.98886	-0.14884	-0.00066	0.14884	0.98881	0.01054	-0.00092	-0.01052	0.99994		-94.10743	-209.49019	0.09154	-0.31041	0.27725	0.58393	0.37190	0.99994	-0.01019	-0.00484	0.01016	0.99993	-0.00542	0.00489	0.00537	0.99997	
28	0.14000	82.33926	-2.64118	1.03790	0.60551	0.03043	8.55764	1.03531	0.98887	-0.14880	-0.00053	0.14880	0.98881	0.01057	-0.00105	-0.01053	0.99994		-94.10397	-209.49192	0.10030	-0.31196	0.27430	0.58153	0.37930	0.99994	-0.01015	-0.00479	0.01012	0.99993	-0.00544	0.00484	0.00540	0.99997	
29	0.14500	82.32907	-2.61903	1.04967	0.61024	0.03433	8.56303	1.02857	0.98885	-0.14890	-0.00060	0.14890	0.98880	0.01065	-0.00099	-0.01062	0.99994		-94.09746	-209.49208	0.12058	-0.31269	0.28015	0.58318	0.35578	0.99994	-0.01018	-0.00489	0.01015	0.99993	-0.00546	0.00494	0.00541	0.99997	
30	0.15000	82.30137	-2.62787	1.06678	0.60743	0.03684	8.56455	1.03564	0.98885	-0.14892	-0.00064	0.14892	0.98879	0.01060	-0.00094	-0.01058	0.99994		-94.09075	-209.49298	0.13719	-0.31493	0.27889	0.58148	0.36529	0.99994	-0.01015	-0.00487	0.01012	0.99993	-0.00550	0.00492	0.00545	0.99997	
31	0.15500	82.34646	-2.62567	1.08079	0.61123	0.03175	8.56139	1.03708	0.98886	-0.14887	-0.00055	0.14887	0.98880	0.01067	-0.00104	-0.01063	0.99994		-94.07800	-209.48371	0.15763	-0.31256	0.28079	0.58387	0.37092	0.99994	-0.01019	-0.00490	0.01016	0.99993	-0.00546	0.00496	0.00541	0.99997	
32	0.16000	82.31879	-2.61019	1.07888	0.61233	0.02772	8.56467	1.03541	0.98885	-0.14893	-0.00048	0.14892	0.98879	0.01069	-0.00111	-0.01064	0.99994		-94.09380	-209.49049	0.17877	-0.31334	0.28182	0.58114	0.35223	0.99994	-0.01014	-0.00492	0.01012	0.99993	-0.00547	0.00497	0.00542	0.99997	
33	0.16500	82.33476	-2.62220	1.09635	0.61253	0.02783	8.56051	1.03456	0.98886	-0.14885	-0.00049	0.14885	0.98880	0.01069	-0.00111	-0.01064	0.99994		-94.09382	-209.50008	0.19546	-0.31647	0.28434	0.58604	0.34755	0.99994	-0.01023	-0.00496	0.01020	0.99993	-0.00552	0.00502	0.00547	0.99997	
34	0.17000	82.32519	-2.61249	1.11037	0.61397	0.02679	8.56487	1.03863	0.98885	-0.14893	-0.00047	0.14893	0.98879	0.01072	-0.00113	-0.01067	0.99994		-94.07976	-209.48279	0.21142	-0.31223	0.28583	0.58134	0.37865	0.99994	-0.01015	-0.00499	0.01012	0.99993	-0.00545	0.00504	0.00540	0.99997	
35	0.17500	82.32395	-2.61263	1.12288	0.61283	0.02287	8.56459	1.03172	0.98885	-0.14892	-0.00040	0.14892	0.98879	0.01070	-0.00120	-0.01064	0.99994		-94.08918	-209.46661	0.22377	-0.31267	0.28901	0.57949	0.37361	0.99994	-0.01011	-0.00504	0.01009	0.99993	-0.00546	0.00510	0.00541	0.99997	
36	0.18000	82.28796	-2.61208	1.13637	0.61351	0.02533	8.56606	1.04320	0.98884	-0.14895	-0.00044	0.14895	0.98879	0.01071	-0.00116	-0.01065	0.99994		-94.11282	-209.47244	0.24058	-0.31320	0.29191	0.57932	0.35959	0.99994	-0.01011	-0.00509	0.01008	0.99993	-0.00547	0.00515	0.00541	0.99997	
37	0.18500	82.36611	-2.61547	1.13631	0.61492	0.01602	8.56204	1.03510	0.98886	-0.14888	-0.00028	0.14887	0.98880	0.01073	-0.00132	-0.01065	0.99994		-94.11745	-209.48486	0.26531	-0.31456	0.30007	0.57653	0.35305	0.99994	-0.01006	-0.00524	0.01003	0.99993	-0.00549	0.00529	0.00544	0.99997	
38	0.19000	82.29126	-2.61518	1.15076	0.61244	0.02604	8.56224	1.03285	0.98885	-0.14888	-0.00045	0.14888	0.98880	0.01069	-0.00114	-0.01064	0.99994		-94.12196	-209.46839	0.28215	-0.31535	0.29698	0.58120	0.35041	0.99994	-0.01014	-0.00518	0.01012	0.99993	-0.00550	0.00524	0.00545	0.99997	
39	0.19500	82.28249	-2.61128	1.16065	0.61342	0.02246	8.55906	1.02863	0.98886	-0.14883	-0.00039	0.14882	0.98881	0.01071	-0.00121	-0.01065	0.99994		-94.11943	-209.46900	0.29415	-0.31610	0.30371	0.57794	0.36910	0.99994	-0.01009	-0.00530	0.01006	0.99993	-0.00552	0.00536	0.00546	0.99997	
40	0.20000	82.32863	-2.61045	1.16782	0.61275	0.01464	8.56419	1.03795	0.98885	-0.14892	-0.00026	0.14891	0.98879	0.01069	-0.00134	-0.01061	0.99994		-94.13785	-209.46430	0.30246	-0.31625	0.30580	0.57786	0.35676	0.99993	-0.01009	-0.00534	0.01006	0.99993	-0.00552	0.00539	0.00547	0.99997	
41	0.20500	82.27795	-2.59991	1.18501	0.61218	0.01934	8.55885	1.03292	0.98886	-0.14883	-0.00034	0.14882	0.98881	0.01068	-0.00126	-0.01062	0.99994		-94.13730	-209.47363	0.32757	-0.31935	0.30822	0.58002	0.34658	0.99993	-0.01012	-0.00538	0.01009	0.99993	-0.00557	0.00544	0.00552	0.99997	
42	0.21000	82.30194	-2.60124	1.20146	0.61170	0.01976	8.56499	1.03569	0.98885	-0.14893	-0.00034	0.14893	0.98879	0.01068	-0.00125	-0.01061	0.99994		-94.12473	-209.45511	0.33902	-0.31657	0.31539	0.57344	0.35911	0.99993	-0.01001	-0.00550	0.00998	0.99993	-0.00553	0.00556	0.00547	0.99997	
43	0.21500	82.31442	-2.58286	1.21758	0.61199	0.01667	8.56377	1.03616	0.98885	-0.14891	-0.00029	0.14890	0.98879	0.01068	-0.00130	-0.01061	0.99994		-94.15610	-209.45823	0.36082	-0.32100	0.31601	0.58147	0.34909	0.99993	-0.01015	-0.00552	0.01012	0.99993	-0.00560	0.00557	0.00555	0.99997	
44	0.22000	82.30067	-2.58621	1.21217	0.61104	0.01663	8.56288	1.03672	0.98885	-0.14889	-0.00029	0.14889	0.98880	0.01066	-0.00130	-0.01059	0.99994		-94.15602	-209.45480	0.36459	-0.32113	0.31849	0.57740	0.36877	0.99993	-0.01008	-0.00556	0.01005	0.99993	-0.00560	0.00561	0.00555	0.99997	
45	0.22500	82.31519	-2.59392	1.23485	0.60656	0.01686	8.56396	1.03535	0.98885	-0.14891	-0.00029	0.14891	0.98879	0.01059	-0.00129	-0.01051	0.99994		-94.17151	-209.46120	0.39409	-0.32469	0.32261	0.57585	0.36328	0.99993	-0.01005	-0.00563	0.01002	0.99993	-0.00567	0.00569	0.00561	0.99997	
46	0.23000	82.30887	-2.58034	1.24042	0.60727	0.01541	8.56220	1.02797	0.98885	-0.14888	-0.00027	0.14888	0.98880	0.01060	-0.00131	-0.01052	0.99994		-94.14274	-209.44747	0.39334	-0.32427	0.32366	0.57555	0.36683	0.99993	-0.01004	-0.00565	0.01001	0.99993	-0.00566	0.00571	0.00560	0.99997	
47	0.23500	82.30224	-2.56094	1.25218	0.60847	0.01427	8.56424	1.02980	0.98885	-0.14892	-0.00025	0.14891	0.98879	0.01062	-0.00134	-0.01054	0.99994		-94.15864	-209.43987	0.40565	-0.32673	0.32804	0.57929	0.34543	0.99993	-0.01011	-0.00573	0.01008	0.99993	-0.00570	0.00578	0.00564	0.99997	
48	0.24000	82.26238	-2.57143	1.28079	0.60355	0.01849	8.56367	1.02615	0.98885	-0.14891	-0.00032	0.14890	0.98880	0.01053	-0.00125	-0.01046	0.99994		-94.16299	-209.45723	0.41391	-0.32842	0.33330	0.58191	0.35043	0.99993	-0.01016	-0.00582	0.01012	0.99993	-0.00573	0.00587	0.00567	0.99997	
49	0.24500	82.27431	-2.57492	1.26919	0.60241	0.01894	8.56689	1.03792	0.98884	-0.14896	-0.00033	0.14896	0.98879	0.01051	-0.00124	-0.01045	0.99994		-94.15903	-209.44601	0.43033	-0.32998	0.33310	0.58011	0.36078	0.99993	-0.01012	-0.00581	0.01009	0.99993	-0.00576	0.00587	0.00570	0.99997	
50	0.25000	82.25001	-2.56459	1.29930	0.60335	0.01810	8.55924	1.02946	0.98886	-0.14883	-0.00032	0.14883	0.98881	0.01053	-0.00125	-0.01046	0.99994		-94.17419	-209.43308	0.43401	-0.32677	0.34149	0.57539	0.37638	0.99993	-0.01004	-0.00596	0.01001	0.99993	-0.00570	0.00602	0.00564	0.99997	
51	0.25500	82.27598	-2.55622	1.30404	0.59954	0.01898	8.56285	1.03171	0.98885	-0.14889	-0.00033	0.14889	0.98880	0.01046	-0.00123	-0.01040	0.99995		-94.13911	-209.44091	0.43809	-0.33144	0.33635	0.57645	0.33917	0.99993	-0.01006	-0.00587	0.01003	0.99993	-0.00578	0.00593	0.00573	0.99997	
52	0.26000	82.25611	-2.54987	1.30178	0.60069	0.01968	8.56479	1.03745	0.98885	-0.14893	-0.00034	0.14892	0.98879	0.01048	-0.00122	-0.01042	0.99994		-94.20888	-209.42495	0.44696	-0.33150	0.34600	0.57477	0.36130	0.99993	-0.01003	-0.00604	0.01000	0.99993	-0.00579	0.00610	0.00572	0.99996	
53	0.26500	82.27091	-2.53870	1.31622	0.59797	0.01795	8.56191	1.03736	0.98886	-0.14888	-0.00031	0.14887	0.98880	0.01044	-0.00124	-0.01037	0.99995		-94.16386	-209.43878	0.45446	-0.33493	0.34735	0.57515	0.36085	0.99993	-0.01004	-0.00606	0.01000	0.99993	-0.00585	0.00612	0.00578	0.99996	
54	0.27000	82.25565	-2.54199	1.32948	0.59662	0.02078	8.56396	1.03581	0.98885	-0.14891	-0.00036	0.14891	0.98880	0.01041	-0.00119	-0.01035	0.99995		-94.18920	-209.42797	0.47159	-0.33704	0.34933	0.57996	0.34454	0.99993	-0.01012	-0.00610	0.01009	0.99993	-0.00588	0.00616	0.00582	0.99996	
55	0.27500	82.21045	-2.52847	1.34479	0.59530	0.02597	8.56011	1.03271	0.98886	-0.14885	-0.00045	0.14884	0.98881	0.01039	-0.00110	-0.01034	0.99995		-94.17233	-209.43064	0.47952	-0.33936	0.35059	0.57359	0.35933	0.99993	-0.01001	-0.00612	0.00997	0.99993	-0.00592	0.00618	0.00586	0.99996	
56	0.28000	82.27057	-2.51830	1.33697	0.59653	0.01950	8.56104	1.03442	0.98886	-0.14886	-0.00034	0.14886	0.98880	0.01041	-0.00121	-0.01035	0.99995		-94.19211	-209.41423	0.47908	-0.33773	0.35548	0.57469	0.36027	0.99993	-0.01003	-0.00620	0.00999	0.99993	-0.00589	0.00626	0.00583	0.99996	
57	0.28500	82.20101	-2.51631	1.35730	0.59335	0.02971	8.56176	1.02665	0.98886	-0.14888	-0.00052	0.14887	0.98880	0.01036	-0.00103	-0.01032	0.99995		-94.21615	-209.41213	0.49184	-0.34064	0.35914	0.57553	0.36277	0.99993	-0.01004	-0.00627	0.01001	0.99993	-0.00595	0.00633	0.00588	0.99996	
58	0.29000	82.22058	-2.49345	1.37914	0.59101	0.03158	8.56360	1.03667	0.98885	-0.14891	-0.00055	0.14890	0.98880	0.01031	-0.00099	-0.01028	0.99995		-94.22939	-209.41583	0.49184	-0.34236	0.36496	0.57185	0.36734	0.99993	-0.00998	-0.00637	0.00994	0.99993	-0.00598	0.00643	0.00591	0.99996	
59	0.29500	82.20854	-2.49700	1.38056	0.58969	0.03070	8.56627	1.03161	0.98884	-0.14895	-0.00054	0.14895	0.98879	0.01029	-0.00100	-0.01026	0.99995		-94.21885	-209.39877	0.49549	-0.34143	0.36535	0.57252	0.37058	0.99993	-0.00999	-0.00638	0.00995	0.99993	-0.00596	0.00644	0.00590	0.99996	
60	0.30000	82.19295	-2.50375	1.39697	0.58705	0.03514	8.56348	1.03840	0.98885	-0.14891	-0.00061	0.14890	0.98880	0.01025	-0.00092	-0.01022	0.99995		-94.22815	-209.40082	0.49575	-0.34401	0.36787	0.57560	0.36039	0.99993	-0.01005	-0.00642	0.01001	0.99993	-0.00600	0.00648	0.00594	0.99996	
61	0.30500	82.20333	-2.48199	1.40298	0.58814	0.03262	8.56135	1.03762	0.98886	-0.14887	-0.00057	0.14887	0.98880	0.01026	-0.00097	-0.01024	0.99995		-94.24551	-209.39004	0.50379	-0.34361	0.37236	0.56955	0.36086	0.99993	-0.00994	-0.00650	0.00990	0.99993	-0.00600	0.00656	0.00593	0.99996	
62	0.31000	82.16446	-2.47251	1.41120	0.58592	0.04089	8.56325	1.04048	0.98885	-0.14890	-0.00071	0.14890	0.98880	0.01023	-0.00082	-0.01022	0.99995		-94.25840	-209.38873	0.50804	-0.34553	0.37564	0.57315	0.35619	0.99993	-0.01000	-0.00656	0.00996	0.99993	-0.00603	0.00662	0.00596	0.99996	
63	0.31500	82.16621	-2.46420	1.42542	0.58578	0.04060	8.56052	1.02969	0.98886	-0.14885	-0.00071	0.14885	0.98881	0.01022	-0.00082	-0.01022	0.99995		-94.25513	-209.38231	0.50751	-0.34578	0.38010	0.57007	0.36316	0.99993	-0.00995	-0.00663	0.00991	0.99993	-0.00603	0.00669	0.00597	0.99996	
64	0.32000	82.16307	-2.46510	1.42718	0.58098	0.04497	8.56630	1.04186	0.98884	-0.14895	-0.00078	0.14895	0.98879	0.01014	-0.00073	-0.01014	0.99995		-94.29040	-209.36137	0.51597	-0.34554	0.38432	0.56981	0.34640	0.99993	-0.00994	-0.00671	0.00990	0.99993	-0.00603	0.00677	0.00596	0.99996	
65	0.32500	82.13144	-2.47307	1.43098	0.58223	0.05052	8.56342	1.03846	0.98885	-0.14890	-0.00088	0.14891	0.98880	0.01016	-0.00064	-0.01018	0.99995		-94.27678	-209.36694	0.51966	-0.34531	0.38802	0.57066	0.34712	0.99993	-0.00996	-0.00677	0.00992	0.99993	-0.00603	0.00683	0.00596	0.99996	
66	0.33000	82.15038	-2.46115	1.43615	0.58006	0.04754	8.56131	1.03403	0.98886	-0.14887	-0.00083	0.14887	0.98881	0.01012	-0.00069	-0.01013	0.99995		-94.28617	-209.37218	0.51572	-0.34871	0.39048	0.57458	0.34289	0.99993	-0.01003	-0.00682	0.00999	0.99993	-0.00609	0.00688	0.00602	0.99996	
67	0.33500	82.11521	-2.44352	1.46298	0.57911	0.05875	8.56194	1.03035	0.98886	-0.14888	-0.00103	0.14888	0.98880	0.01011	-0.00049	-0.01015	0.99995		-94.30220	-209.35507	0.52422	-0.34924	0.39022	0.57523	0.35735	0.99993	-0.01004	-0.00681	0.01000	0.99993	-0.00610	0.00687	0.00603	0.99996	
68	0.34000	82.11396	-2.44774	1.46265	0.57677	0.06034	8.56252	1.03580	0.98885	-0.14889	-0.00105	0.14889	0.98880	0.01007	-0.00046	-0.01011	0.99995		-94.32910	-209.36691	0.51141	-0.34963	0.40070	0.57488	0.35468	0.99993	-0.01003	-0.00699	0.00999	0.99993	-0.00610	0.00705	0.00603	0.99996	
69	0.34500	82.06768	-2.44127	1.46187	0.57613	0.06795	8.56238	1.03381	0.98885	-0.14889	-0.00119	0.14889	0.98880	0.01006	-0.00032	-0.01012	0.99995		-94.31240	-209.33004	0.51489	-0.34732	0.39827	0.56886	0.34592	0.99993	-0.00993	-0.00695	0.00989	0.99993	-0.00606	0.00701	0.00599	0.99996	
70	0.35000	82.09026	-2.43846	1.46852	0.57508	0.06887	8.56112	1.04200	0.98886	-0.14886	-0.00120	0.14887	0.98881	0.01004	-0.00031	-0.01010	0.99995		-94.35500	-209.33515	0.51103	-0.34986	0.40568	0.57430	0.33990	0.99992	-0.01002	-0.00708	0.00998	0.99993	-0.00611	0.00714	0.00603	0.99996	
71	0.35500	82.11778	-2.41240	1.47153	0.57750	0.06751	8.56365	1.04024	0.98885	-0.14891	-0.00118	0.14891	0.98880	0.01008	-0.00034	-0.01014	0.99995		-94.33176	-209.33026	0.50625	-0.34834	0.40514	0.57036	0.33415	0.99993	-0.00995	-0.00707	0.00991	0.99993	-0.00608	0.00713	0.00601	0.99996	
72	0.36000	82.09414	-2.39971	1.48109	0.57702	0.07281	8.56264	1.03782	0.98885	-0.14889	-0.00127	0.14890	0.98880	0.01007	-0.00024	-0.01015	0.99995		-94.34871	-209.34388	0.51955	-0.35271	0.40682	0.57462	0.35394	0.99992	-0.01003	-0.00710	0.00998	0.99993	-0.00616	0.00716	0.00608	0.99996	
73	0.36500	82.09676	-2.39374	1.48522	0.57749	0.07928	8.56027	1.03124	0.98886	-0.14885	-0.00138	0.14886	0.98881	0.01008	-0.00013	-0.01017	0.99995		-94.37660	-209.30555	0.50214	-0.34721	0.41151	0.56950	0.35819	0.99992	-0.00994	-0.00718	0.00990	0.99993	-0.00606	0.00724	0.00599	0.99996	
74	0.37000	82.07356	-2.38956	1.49014	0.57604	0.08216	8.56485	1.04748	0.98885	-0.14893	-0.00143	0.14894	0.98880	0.01005	-0.00008	-0.01016	0.99995		-94.37265	-209.30231	0.50174	-0.34629	0.41527	0.57383	0.34027	0.99992	-0.01001	-0.00725	0.00997	0.99993	-0.00604	0.00731	0.00597	0.99996	
75	0.37500	82.05008	-2.38033	1.50560	0.57693	0.08525	8.56345	1.04722	0.98885	-0.14890	-0.00149	0.14891	0.98880	0.01007	-0.00003	-0.01018	0.99995		-94.38400	-209.28960	0.49330	-0.34454	0.41574	0.57065	0.34627	0.99992	-0.00996	-0.00726	0.00992	0.99993	-0.00601	0.00732	0.00594	0.99996	
76	0.38000	82.07751	-2.39497	1.48841	0.57611	0.08648	8.56083	1.04258	0.98886	-0.14886	-0.00151	0.14887	0.98881	0.01005	-0.00000	-0.01017	0.99995		-94.36963	-209.29844	0.50555	-0.34710	0.41976	0.56786	0.36671	0.99992	-0.00991	-0.00733	0.00987	0.99993	-0.00606	0.00739	0.00599	0.99995	
77	0.38500	82.06222	-2.38740	1.48257	0.57401	0.09337	8.56007	1.04777	0.98886	-0.14885	-0.00163	0.14885	0.98881	0.01002	0.00012	-0.01015	0.99995		-94.43903	-209.28942	0.48099	-0.34368	0.42588	0.56988	0.35509	0.99992	-0.00995	-0.00743	0.00990	0.99993	-0.00600	0.00749	0.00592	0.99995	
78	0.39000	82.00251	-2.36238	1.49500	0.57794	0.09929	8.56463	1.05328	0.98885	-0.14892	-0.00173	0.14893	0.98880	0.01009	0.00021	-0.01023	0.99995		-94.41420	-209.27783	0.48039	-0.34283	0.42518	0.57246	0.34665	0.99992	-0.00999	-0.00742	0.00995	0.99993	-0.00598	0.00748	0.00591	0.99995	
79	0.39500	82.00386	-2.36500	1.49620	0.57751	0.10479	8.56256	1.04905	0.98885	-0.14889	-0.00183	0.14890	0.98880	0.01008	0.00031	-0.01024	0.99995		-94.39839	-209.26537	0.47949	-0.33839	0.42858	0.56807	0.35106	0.99992	-0.00991	-0.00748	0.00987	0.99993	-0.00591	0.00754	0.00583	0.99995	
80	0.40000	81.98430	-2.35412	1.47286	0.57821	0.10767	8.56159	1.04109	0.98885	-0.14887	-0.00188	0.14888	0.98880	0.01009	0.00036	-0.01026	0.99995		-94.45284	-209.23545	0.45451	-0.33427	0.43216	0.56697	0.34775	0.99992	-0.00990	-0.00754	0.00985	0.99993	-0.00583	0.00760	0.00576	0.99995	
81	0.40500	81.97513	-2.35276	1.49482	0.57970	0.11337	8.56192	1.03248	0.98885	-0.14888	-0.00198	0.14889	0.98880	0.01012	0.00045	-0.01030	0.99995		-94.44476	-209.23617	0.45853	-0.33626	0.43529	0.56891	0.35159	0.99992	-0.00993	-0.00760	0.00988	0.99993	-0.00587	0.00765	0.00579	0.99995	
82	0.41000	82.00957	-2.35715	1.49760	0.57965	0.11457	8.56203	1.03966	0.98885	-0.14888	-0.00200	0.14889	0.98880	0.01012	0.00047	-0.01030	0.99995		-94.42458	-209.23529	0.44555	-0.33488	0.43271	0.57255	0.33241	0.99992	-0.00999	-0.00755	0.00995	0.99993	-0.00584	0.00761	0.00577	0.99995	
83	0.41500	81.95431	-2.34148	1.47660	0.58384	0.12144	8.55782	1.04433	0.98886	-0.14881	-0.00212	0.14882	0.98881	0.01019	0.00058	-0.01039	0.99995		-94.46938	-209.21770	0.42907	-0.33329	0.43870	0.56989	0.35499	0.99992	-0.00995	-0.00766	0.00990	0.99993	-0.00582	0.00771	0.00574	0.99995	
84	0.42000	81.96781	-2.32866	1.49153	0.58465	0.12424	8.55829	1.03934	0.98886	-0.14882	-0.00217	0.14883	0.98881	0.01020	0.00063	-0.01041	0.99995		-94.42884	-209.21503	0.42374	-0.32782	0.43799	0.56929	0.33627	0.99992	-0.00994	-0.00764	0.00989	0.99993	-0.00572	0.00770	0.00565	0.99995	
85	0.42500	81.97318	-2.32320	1.48144	0.58660	0.13073	8.55888	1.03304	0.98886	-0.14883	-0.00228	0.14884	0.98881	0.01024	0.00073	-0.01046	0.99995		-94.45910	-209.19481	0.41922	-0.32317	0.44518	0.56262	0.35079	0.99992	-0.00982	-0.00777	0.00978	0.99994	-0.00564	0.00782	0.00556	0.99995	
86	0.43000	81.93026	-2.33030	1.48816	0.58365	0.13722	8.55706	1.04001	0.98887	-0.14879	-0.00239	0.14881	0.98881	0.01019	0.00085	-0.01043	0.99995		-94.47921	-209.15904	0.40224	-0.31946	0.44588	0.56258	0.36333	0.99992	-0.00982	-0.00778	0.00978	0.99994	-0.00558	0.00784	0.00550	0.99995	
87	0.43500	81.94164	-2.31818	1.47970	0.58549	0.14073	8.56200	1.03464	0.98885	-0.14888	-0.00246	0.14890	0.98880	0.01022	0.00091	-0.01047	0.99994		-94.43799	-209.19020	0.39352	-0.31981	0.44442	0.57037	0.33815	0.99992	-0.00995	-0.00776	0.00991	0.99994	-0.00558	0.00781	0.00550	0.99995	
88	0.44000	81.93442	-2.32976	1.47340	0.58734	0.14056	8.55840	1.03316	0.98886	-0.14882	-0.00245	0.14883	0.98881	0.01025	0.00090	-0.01050	0.99994		-94.47139	-209.16617	0.38523	-0.31489	0.44274	0.56666	0.34596	0.99992	-0.00989	-0.00773	0.00985	0.99994	-0.00550	0.00778	0.00542	0.99996	
89	0.44500	81.94621	-2.31071	1.45327	0.59165	0.14417	8.55858	1.03555	0.98886	-0.14882	-0.00252	0.14884	0.98881	0.01033	0.00095	-0.01059	0.99994		-94.48791	-209.14513	0.35576	-0.31216	0.44692	0.56989	0.33912	0.99992	-0.00995	-0.00780	0.00990	0.99994	-0.00545	0.00785	0.00537	0.99995	
90	0.45000	81.95454	-2.29662	1.45654	0.59260	0.14996	8.56222	1.05165	0.98885	-0.14888	-0.00262	0.14890	0.98880	0.01034	0.00105	-0.01062	0.99994		-94.45590	-209.15492	0.34638	-0.30843	0.45028	0.56908	0.34935	0.99992	-0.00993	-0.00786	0.00989	0.99994	-0.00538	0.00791	0.00530	0.99995	
91	0.45500	81.89342	-2.31065	1.44688	0.59351	0.15651	8.55883	1.04254	0.98886	-0.14882	-0.00273	0.14884	0.98881	0.01036	0.00116	-0.01065	0.99994		-94.48273	-209.12820	0.32985	-0.30387	0.44973	0.57115	0.34112	0.99992	-0.00997	-0.00785	0.00993	0.99994	-0.00530	0.00790	0.00523	0.99996	
92	0.46000	81.90549	-2.30297	1.44958	0.59754	0.15867	8.55383	1.04286	0.98887	-0.14874	-0.00277	0.14876	0.98882	0.01043	0.00119	-0.01072	0.99994		-94.50698	-209.10301	0.30427	-0.29720	0.45274	0.56799	0.34850	0.99992	-0.00991	-0.00790	0.00987	0.99994	-0.00519	0.00795	0.00511	0.99996	
93	0.46500	81.89511	-2.30025	1.43975	0.59877	0.16370	8.56101	1.04985	0.98885	-0.14886	-0.00286	0.14888	0.98880	0.01045	0.00127	-0.01076	0.99994		-94.46034	-209.10480	0.30739	-0.29366	0.45329	0.56479	0.34154	0.99992	-0.00986	-0.00791	0.00982	0.99994	-0.00513	0.00796	0.00505	0.99996	
94	0.47000	81.88153	-2.30154	1.41707	0.59857	0.16690	8.55655	1.03075	0.98887	-0.14878	-0.00291	0.14881	0.98881	0.01045	0.00133	-0.01076	0.99994		-94.49881	-209.06816	0.28213	-0.28676	0.45536	0.56171	0.33270	0.99992	-0.00980	-0.00795	0.00976	0.99994	-0.00500	0.00800	0.00493	0.99996	
95	0.47500	81.84386	-2.30101	1.41829	0.60216	0.17174	8.55969	1.03267	0.98886	-0.14884	-0.00300	0.14886	0.98880	0.01051	0.00140	-0.01084	0.99994		-94.50557	-209.07031	0.26522	-0.28408	0.45853	0.56659	0.34242	0.99992	-0.00989	-0.00800	0.00985	0.99994	-0.00496	0.00805	0.00488	0.99996	
96	0.48000	81.88060	-2.29799	1.42875	0.60288	0.17875	8.56109	1.02825	0.98885	-0.14886	-0.00312	0.14889	0.98880	0.01052	0.00152	-0.01087	0.99994		-94.47193	-209.06476	0.24748	-0.27703	0.45704	0.56111	0.33175	0.99992	-0.00979	-0.00798	0.00975	0.99994	-0.00483	0.00802	0.00476	0.99996	
97	0.48500	81.87074	-2.29052	1.40326	0.60647	0.17630	8.55830	1.03791	0.98886	-0.14881	-0.00308	0.14884	0.98880	0.01058	0.00147	-0.01092	0.99994		-94.49537	-209.05810	0.23532	-0.27582	0.45766	0.56463	0.33718	0.99992	-0.00985	-0.00799	0.00982	0.99994	-0.00481	0.00803	0.00473	0.99996	
98	0.49000	81.86318	-2.30040	1.39721	0.60717	0.18343	8.55457	1.03988	0.98887	-0.14875	-0.00320	0.14878	0.98881	0.01060	0.00159	-0.01096	0.99994		-94.47006	-209.04239	0.22592	-0.26862	0.45823	0.56074	0.34142	0.99992	-0.00979	-0.00800	0.00975	0.99994	-0.00469	0.00804	0.00461	0.99996	
99	0.49500	81.87035	-2.29652	1.38168	0.61005	0.18197	8.55882	1.05332	0.98886	-0.14882	-0.00318	0.14885	0.98880	0.01065	0.00156	-0.01100	0.99994		-94.47512	-209.04324	0.20490	-0.26670	0.45902	0.56139	0.34402	0.99992	-0.00980	-0.00801	0.00976	0.99994	-0.00465	0.00806	0.00458	0.99996	
100	0.50000	81.79982	-2.28418	1.37942	0.61280	0.19147	8.55849	1.03724	0.98886	-0.14882	-0.00334	0.14885	0.98880	0.01070	0.00171	-0.01107	0.99994		-94.48211	-209.02817	0.18788	-0.26027	0.45772	0.56041	0.32783	0.99992	-0.00978	-0.00799	0.00974	0.99994	-0.00454	0.00803	0.00446	0.99996	
101	0.50500	81.83624	-2.30278	1.36345	0.61213	0.19228	8.55799	1.03412	0.98886	-0.14881	-0.00336	0.14884	0.98880	0.01068	0.00173	-0.01106	0.99994		-94.51177	-209.03323	0.18374	-0.25734	0.46392	0.55962	0.34043	0.99992	-0.00977	-0.00810	0.00973	0.99994	-0.00449	0.00814	0.00441	0.99996	
102	0.51000	81.85061	-2.28226	1.36323	0.61678	0.19578	8.55588	1.01907	0.98887	-0.14877	-0.00342	0.14880	0.98881	0.01076	0.00178	-0.01115	0.99994		-94.49254	-209.02407	0.15811	-0.25194	0.46109	0.55909	0.33836	0.99992	-0.00976	-0.00805	0.00972	0.99994	-0.00440	0.00809	0.00432	0.99996	
103	0.51500	81.77741	-2.28092	1.38007	0.61672	0.20371	8.55439	1.01576	0.98887	-0.14875	-0.00356	0.14878	0.98881	0.01076	0.00191	-0.01117	0.99994		-94.48633	-209.02640	0.14549	-0.24824	0.45897	0.55960	0.34060	0.99992	-0.00977	-0.00801	0.00973	0.99994	-0.00433	0.00805	0.00425	0.99996	
104	0.52000	81.80840	-2.28334	1.35051	0.62082	0.20098	8.55660	1.03190	0.98886	-0.14879	-0.00351	0.14882	0.98881	0.01084	0.00186	-0.01124	0.99994		-94.49072	-209.00779	0.14095	-0.24402	0.45995	0.55889	0.33901	0.99992	-0.00975	-0.00803	0.00972	0.99994	-0.00426	0.00807	0.00418	0.99996	
105	0.52500	81.81872	-2.27907	1.33762	0.62431	0.20384	8.56129	1.03431	0.98885	-0.14887	-0.00356	0.14890	0.98879	0.01090	0.00190	-0.01130	0.99993		-94.48385	-208.99817	0.12769	-0.23734	0.46237	0.55881	0.32339	0.99992	-0.00975	-0.00807	0.00972	0.99994	-0.00414	0.00811	0.00406	0.99996	
106	0.53000	81.80272	-2.29107	1.32885	0.62524	0.20540	8.56022	1.03424	0.98885	-0.14885	-0.00358	0.14888	0.98880	0.01091	0.00192	-0.01132	0.99993		-94.50060	-208.99482	0.10272	-0.23272	0.46061	0.55902	0.33659	0.99992	-0.00976	-0.00804	0.00972	0.99994	-0.00406	0.00808	0.00398	0.99996	
107	0.53500	81.79378	-2.28320	1.32552	0.62703	0.20994	8.55959	1.03662	0.98886	-0.14884	-0.00366	0.14887	0.98880	0.01094	0.00199	-0.01137	0.99993		-94.52231	-208.98672	0.09030	-0.22998	0.46317	0.55763	0.33345	0.99992	-0.00973	-0.00808	0.00970	0.99994	-0.00401	0.00812	0.00394	0.99996	
108	0.54000	81.78431	-2.27921	1.31454	0.62875	0.21296	8.56209	1.03888	0.98885	-0.14888	-0.00372	0.14891	0.98879	0.01097	0.00204	-0.01140	0.99993		-94.49840	-208.96515	0.07698	-0.22256	0.46210	0.55760	0.34496	0.99992	-0.00973	-0.00807	0.00970	0.99995	-0.00388	0.00810	0.00381	0.99996	
109	0.54500	81.79776	-2.29339	1.30508	0.63102	0.21130	8.55584	1.02814	0.98886	-0.14877	-0.00369	0.14880	0.98881	0.01101	0.00201	-0.01144	0.99993		-94.51217	-208.95068	0.06832	-0.21629	0.46242	0.55760	0.33272	0.99992	-0.00973	-0.00807	0.00970	0.99995	-0.00377	0.00811	0.00370	0.99996	
110	0.55000	81.78828	-2.28426	1.29297	0.63292	0.21555	8.55800	1.03047	0.98886	-0.14881	-0.00376	0.14884	0.98880	0.01105	0.00208	-0.01148	0.99993		-94.47945	-208.95321	0.04237	-0.21205	0.46342	0.55698	0.33100	0.99992	-0.00972	-0.00809	0.00969	0.99995	-0.00370	0.00812	0.00362	0.99996	
111	0.55500	81.81269	-2.25873	1.27687	0.63644	0.21336	8.56078	1.03944	0.98885	-0.14886	-0.00372	0.14889	0.98879	0.01111	0.00203	-0.01154	0.99993		-94.52155	-208.97456	0.03917	-0.21135	0.46243	0.55811	0.33075	0.99992	-0.00974	-0.00807	0.00971	0.99995	-0.00369	0.00811	0.00361	0.99996	
112	0.56000	81.79215	-2.27785	1.27428	0.63779	0.21456	8.55493	1.03191	0.98887	-0.14876	-0.00374	0.14879	0.98881	0.01113	0.00205	-0.01156	0.99993		-94.53213	-208.95212	0.01801	-0.20538	0.46232	0.55883	0.33341	0.99992	-0.00975	-0.00807	0.00972	0.99995	-0.00358	0.00810	0.00351	0.99996	
113	0.56500	81.79458	-2.28206	1.26395	0.64005	0.21907	8.55337	1.03679	0.98887	-0.14873	-0.00382	0.14876	0.98881	0.01117	0.00212	-0.01162	0.99993		-94.50667	-208.94107	0.00465	-0.19915	0.46316	0.55432	0.33712	0.99992	-0.00967	-0.00808	0.00965	0.99995	-0.00348	0.00812	0.00340	0.99996	
114	0.57000	81.75794	-2.28186	1.24648	0.63774	0.22381	8.56031	1.03545	0.98885	-0.14885	-0.00391	0.14888	0.98879	0.01113	0.00221	-0.01159	0.99993		-94.52217	-208.93991	-0.01189	-0.19712	0.46146	0.55688	0.32832	0.99992	-0.00972	-0.00805	0.00969	0.99995	-0.00344	0.00809	0.00336	0.99996	
115	0.57500	81.78577	-2.28148	1.25514	0.63968	0.22236	8.56034	1.03790	0.98885	-0.14885	-0.00388	0.14888	0.98879	0.01116	0.00218	-0.01162	0.99993		-94.49711	-208.94348	-0.01678	-0.19224	0.46184	0.55433	0.33655	0.99992	-0.00967	-0.00806	0.00965	0.99995	-0.00336	0.00809	0.00328	0.99996	
116	0.58000	81.78871	-2.27612	1.24218	0.64309	0.22117	8.55294	1.03416	0.98887	-0.14872	-0.00386	0.14876	0.98881	0.01122	0.00215	-0.01167	0.99993		-94.47834	-208.94098	-0.02549	-0.18930	0.46185	0.55667	0.34173	0.99992	-0.00972	-0.00806	0.00969	0.99995	-0.00330	0.00809	0.00323	0.99996	
117	0.58500	81.78030	-2.28793	1.22439	0.64307	0.22143	8.55756	1.05043	0.98886	-0.14880	-0.00386	0.14884	0.98880	0.01122	0.00215	-0.01167	0.99993		-94.52296	-208.94257	-0.04563	-0.18524	0.45941	0.55636	0.32907	0.99992	-0.00971	-0.00802	0.00968	0.99995	-0.00323	0.00805	0.00316	0.99996	
118	0.59000	81.80064	-2.27906	1.21978	0.64384	0.21900	8.55875	1.04826	0.98886	-0.14882	-0.00382	0.14886	0.98879	0.01124	0.00211	-0.01168	0.99993		-94.53098	-208.93940	-0.04613	-0.18122	0.46306	0.55476	0.32480	0.99992	-0.00968	-0.00808	0.00966	0.99995	-0.00316	0.00811	0.00308	0.99996	
119	0.59500	81.78469	-2.27764	1.21537	0.64386	0.22475	8.55909	1.04900	0.98886	-0.14883	-0.00392	0.14886	0.98879	0.01124	0.00221	-0.01170	0.99993		-94.48060	-208.95584	-0.06742	-0.18017	0.46000	0.55655	0.34245	0.99992	-0.00971	-0.00803	0.00969	0.99995	-0.00314	0.00806	0.00307	0.99996	
120	0.60000	81.79889	-2.28652	1.18458	0.64320	0.22045	8.56081	1.04170	0.98885	-0.14886	-0.00385	0.14889	0.98879	0.01123	0.00213	-0.01167	0.99993		-94.50767	-208.94256	-0.08805	-0.17745	0.46149	0.55977	0.34790	0.99992	-0.00977	-0.00805	0.00974	0.99995	-0.00310	0.00808	0.00302	0.99996	
121	0.60500	81.78992	-2.27382	1.19312	0.64594	0.22209	8.56133	1.03902	0.98885	-0.14887	-0.00388	0.14890	0.98879	0.01127	0.00215	-0.01172	0.99993		-94.49628	-208.95260	-0.07981	-0.17555	0.45811	0.55677	0.35585	0.99992	-0.00972	-0.00800	0.00969	0.99995	-0.00306	0.00802	0.00299	0.99996	
122	0.61000	81.78292	-2.28431	1.17126	0.64439	0.22268	8.56012	1.05039	0.98885	-0.14885	-0.00389	0.14888	0.98879	0.01125	0.00217	-0.01170	0.99993		-94.50922	-208.94123	-0.10080	-0.17291	0.46113	0.55547	0.34978	0.99992	-0.00969	-0.00805	0.00967	0.99995	-0.00302	0.00808	0.00294	0.99996	
123	0.61500	81.79523	-2.26600	1.15582	0.64664	0.22211	8.56234	1.04761	0.98885	-0.14888	-0.00388	0.14892	0.98878	0.01129	0.00215	-0.01174	0.99993		-94.51365	-208.96795	-0.11729	-0.17073	0.46048	0.55727	0.32554	0.99992	-0.00973	-0.00804	0.00970	0.99995	-0.00298	0.00807	0.00290	0.99996	
124	0.62000	81.80011	-2.27524	1.14699	0.64325	0.22296	8.56102	1.03675	0.98885	-0.14886	-0.00389	0.14890	0.98879	0.01123	0.00218	-0.01168	0.99993		-94.51699	-208.95537	-0.13012	-0.16697	0.45861	0.55563	0.34028	0.99992	-0.00970	-0.00800	0.00967	0.99995	-0.00291	0.00803	0.00284	0.99996	
125	0.62500	81.81718	-2.28792	1.12290	0.64449	0.21917	8.55605	1.03420	0.98886	-0.14878	-0.00383	0.14881	0.98880	0.01125	0.00211	-0.01169	0.99993		-94.53717	-208.94533	-0.13847	-0.16369	0.46087	0.55238	0.34475	0.99992	-0.00964	-0.00804	0.00962	0.99995	-0.00286	0.00807	0.00278	0.99996	
126	0.63000	81.80743	-2.28839	1.11940	0.64267	0.21691	8.55838	1.03250	0.98886	-0.14882	-0.00379	0.14885	0.98880	0.01122	0.00207	-0.01165	0.99993		-94.49836	-208.95839	-0.14723	-0.16307	0.45834	0.55429	0.34897	0.99992	-0.00967	-0.00800	0.00965	0.99995	-0.00285	0.00803	0.00277	0.99996	
127	0.63500	81.83187	-2.29273	1.11044	0.64072	0.21627	8.55899	1.03695	0.98886	-0.14883	-0.00377	0.14886	0.98880	0.01118	0.00207	-0.01162	0.99993		-94.51698	-208.97425	-0.15509	-0.16499	0.45740	0.55740	0.34179	0.99992	-0.00973	-0.00798	0.00971	0.99995	-0.00288	0.00801	0.00280	0.99996	
128	0.64000	81.80562	-2.29984	1.09540	0.63887	0.21590	8.55741	1.02879	0.98886	-0.14880	-0.00377	0.14883	0.98880	0.01115	0.00207	-0.01159	0.99993		-94.54493	-208.95473	-0.17617	-0.16058	0.46387	0.55546	0.35156	0.99992	-0.00969	-0.00810	0.00967	0.99995	-0.00280	0.00812	0.00272	0.99996	
129	0.64500	81.81427	-2.31051	1.07228	0.63722	0.21304	8.55888	1.03685	0.98886	-0.14882	-0.00372	0.14886	0.98880	0.01112	0.00202	-0.01155	0.99993		-94.54145	-208.96468	-0.18019	-0.15976	0.46020	0.55204	0.34322	0.99992	-0.00963	-0.00803	0.00961	0.99995	-0.00279	0.00806	0.00271	0.99996	
130	0.65000	81.83991	-2.29497	1.06131	0.63604	0.21406	8.55805	1.02702	0.98886	-0.14881	-0.00374	0.14884	0.98880	0.01110	0.00204	-0.01153	0.99993		-94.55171	-208.93494	-0.20602	-0.15181	0.46462	0.55041	0.35117	0.99992	-0.00961	-0.00811	0.00958	0.99995	-0.00265	0.00813	0.00257	0.99996	
131	0.65500	81.83488	-2.29692	1.05897	0.63579	0.21148	8.56039	1.03758	0.98885	-0.14885	-0.00369	0.14888	0.98879	0.01110	0.00200	-0.01152	0.99993		-94.50992	-208.96948	-0.19752	-0.15931	0.45967	0.55557	0.35055	0.99992	-0.00970	-0.00802	0.00967	0.99995	-0.00278	0.00805	0.00270	0.99996	
132	0.66000	81.84229	-2.30746	1.04299	0.63310	0.20518	8.55967	1.03556	0.98886	-0.14884	-0.00358	0.14887	0.98880	0.01105	0.00190	-0.01146	0.99993		-94.56289	-208.97642	-0.21337	-0.15948	0.46195	0.55451	0.34555	0.99992	-0.00968	-0.00806	0.00966	0.99995	-0.00278	0.00809	0.00271	0.99996	
133	0.66500	81.85448	-2.30630	1.03344	0.63125	0.20829	8.55882	1.02751	0.98886	-0.14882	-0.00364	0.14886	0.98880	0.01102	0.00196	-0.01144	0.99993		-94.53001	-208.97937	-0.21839	-0.15951	0.46385	0.55349	0.34701	0.99992	-0.00966	-0.00810	0.00964	0.99995	-0.00278	0.00812	0.00271	0.99996	
134	0.67000	81.84577	-2.30821	1.03421	0.63084	0.20697	8.55890	1.03643	0.98886	-0.14883	-0.00361	0.14886	0.98880	0.01101	0.00193	-0.01143	0.99993		-94.55366	-208.99160	-0.22183	-0.16060	0.46411	0.55562	0.35091	0.99992	-0.00970	-0.00810	0.00967	0.99995	-0.00280	0.00813	0.00272	0.99996	
135	0.67500	81.85762	-2.29962	1.00516	0.62815	0.20199	8.55792	1.04181	0.98886	-0.14881	-0.00353	0.14884	0.98880	0.01096	0.00185	-0.01137	0.99993		-94.55451	-208.96484	-0.25602	-0.15447	0.46421	0.55548	0.33674	0.99992	-0.00969	-0.00810	0.00967	0.99995	-0.00270	0.00813	0.00262	0.99996	
136	0.68000	81.89027	-2.30209	0.99904	0.62760	0.19581	8.56091	1.04344	0.98885	-0.14886	-0.00342	0.14889	0.98879	0.01095	0.00175	-0.01134	0.99993		-94.52412	-208.99469	-0.24726	-0.15993	0.45939	0.55310	0.35831	0.99992	-0.00965	-0.00802	0.00963	0.99995	-0.00279	0.00804	0.00271	0.99996	
137	0.68500	81.86542	-2.30902	1.00927	0.62374	0.20007	8.55872	1.03936	0.98886	-0.14882	-0.00349	0.14885	0.98880	0.01089	0.00183	-0.01128	0.99993		-94.52439	-208.99215	-0.25581	-0.16030	0.46192	0.55484	0.34718	0.99992	-0.00968	-0.00806	0.00966	0.99995	-0.00280	0.00809	0.00272	0.99996	
138	0.69000	81.87720	-2.31395	0.99144	0.61979	0.19609	8.55612	1.02701	0.98886	-0.14878	-0.00342	0.14881	0.98881	0.01082	0.00177	-0.01121	0.99994		-94.57908	-208.96417	-0.27664	-0.15752	0.46799	0.55374	0.35709	0.99992	-0.00966	-0.00817	0.00964	0.99995	-0.00275	0.00819	0.00267	0.99996	
