NO_OF_FRAMES	12035
NO_OF_CAMERAS	8
NO_OF_BODIES	2
FREQUENCY	200
NO_OF_ANALOG	0
ANALOG_FREQUENCY	0
DESCRIPTION	--
TIME_STAMP	2013-07-02, 17:30:51	3302148.42223125
DATA_INCLUDED	6D
BODY_NAMES	Ice 1	Ice 2
Frame	Time	Ice 1 X	Y	Z	Roll	Pitch	Yaw	Residual	Rot[0]	Rot[1]	Rot[2]	Rot[3]	Rot[4]	Rot[5]	Rot[6]	Rot[7]	Rot[8]	Ice 2 X	Y	Z	Roll	Pitch	Yaw	Residual	Rot[0]	Rot[1]	Rot[2]	Rot[3]	Rot[4]	Rot[5]	Rot[6]	Rot[7]	Rot[8]	
1	0.00500	127.30429	-175.60558	-0.47105	0.55325	-0.09092	-0.06386	0.90178	1.00000	0.00111	0.00159	-0.00113	0.99995	0.00966	-0.00158	-0.00966	0.99995		-84.44718	-159.84182	-1.02555	-0.30224	0.32912	-0.18397	0.27267	0.99998	0.00321	-0.00574	-0.00324	0.99998	-0.00528	0.00573	0.00529	0.99997	
2	0.01000	127.21846	-175.61033	-0.46220	0.54659	-0.08299	-0.08103	0.85782	1.00000	0.00141	0.00145	-0.00143	0.99995	0.00954	-0.00143	-0.00954	0.99995		-84.43003	-159.79662	-1.01075	-0.29242	0.33241	-0.19330	0.25449	0.99998	0.00337	-0.00580	-0.00340	0.99998	-0.00510	0.00578	0.00512	0.99997	
3	0.01500	127.23710	-175.62139	-0.45857	0.54151	-0.08007	-0.07891	0.86609	1.00000	0.00138	0.00140	-0.00139	0.99995	0.00945	-0.00138	-0.00945	0.99995		-84.42625	-159.77955	-0.99837	-0.28976	0.32943	-0.18874	0.24741	0.99998	0.00329	-0.00575	-0.00332	0.99998	-0.00506	0.00573	0.00508	0.99997	
4	0.02000	127.23788	-175.62192	-0.46650	0.53833	-0.08238	-0.07858	0.86352	1.00000	0.00137	0.00144	-0.00138	0.99995	0.00940	-0.00142	-0.00940	0.99995		-84.43091	-159.77357	-0.98133	-0.28756	0.32811	-0.18970	0.25631	0.99998	0.00331	-0.00573	-0.00334	0.99998	-0.00502	0.00571	0.00504	0.99997	
5	0.02500	127.21027	-175.62654	-0.47812	0.53302	-0.07611	-0.08093	0.86377	1.00000	0.00141	0.00133	-0.00142	0.99996	0.00930	-0.00132	-0.00930	0.99996		-84.43901	-159.77118	-0.96021	-0.28322	0.32446	-0.18928	0.25296	0.99998	0.00330	-0.00566	-0.00333	0.99998	-0.00494	0.00565	0.00496	0.99997	
6	0.03000	127.24717	-175.63173	-0.46484	0.52774	-0.08072	-0.08100	0.85753	1.00000	0.00141	0.00141	-0.00143	0.99996	0.00921	-0.00140	-0.00921	0.99996		-84.42562	-159.77564	-0.95609	-0.28217	0.32099	-0.19210	0.24386	0.99998	0.00335	-0.00560	-0.00338	0.99998	-0.00492	0.00559	0.00494	0.99997	
7	0.03500	127.27926	-175.62787	-0.47025	0.52389	-0.07916	-0.08483	0.84298	1.00000	0.00148	0.00138	-0.00149	0.99996	0.00914	-0.00137	-0.00915	0.99996		-84.40350	-159.77750	-0.93527	-0.27940	0.31776	-0.18944	0.24560	0.99998	0.00331	-0.00555	-0.00333	0.99998	-0.00488	0.00553	0.00489	0.99997	
8	0.04000	127.19955	-175.62260	-0.47274	0.52115	-0.07153	-0.08088	0.85379	1.00000	0.00141	0.00125	-0.00142	0.99996	0.00910	-0.00124	-0.00910	0.99996		-84.41141	-159.77854	-0.91426	-0.27876	0.31715	-0.19143	0.24877	0.99998	0.00334	-0.00554	-0.00337	0.99998	-0.00487	0.00552	0.00488	0.99997	
9	0.04500	127.25517	-175.62502	-0.47705	0.51725	-0.07869	-0.07876	0.86081	1.00000	0.00137	0.00137	-0.00139	0.99996	0.00903	-0.00136	-0.00903	0.99996		-84.42260	-159.76818	-0.89724	-0.27465	0.31471	-0.18971	0.25787	0.99998	0.00331	-0.00549	-0.00334	0.99998	-0.00479	0.00548	0.00481	0.99997	
10	0.05000	127.20780	-175.63110	-0.47235	0.51258	-0.07245	-0.08299	0.85994	1.00000	0.00145	0.00126	-0.00146	0.99996	0.00895	-0.00125	-0.00895	0.99996		-84.42621	-159.77588	-0.87649	-0.27321	0.31729	-0.19200	0.25706	0.99998	0.00335	-0.00554	-0.00338	0.99998	-0.00477	0.00552	0.00479	0.99997	
11	0.05500	127.14012	-175.79921	-0.40212	0.49842	-0.08519	-0.09310	0.86947	1.00000	0.00162	0.00149	-0.00164	0.99996	0.00870	-0.00147	-0.00870	0.99996		-84.42642	-159.76630	-0.85974	-0.27012	0.31497	-0.19417	0.25963	0.99998	0.00339	-0.00550	-0.00341	0.99998	-0.00471	0.00548	0.00473	0.99997	
12	0.06000	127.13972	-175.82022	-0.40713	0.49283	-0.08451	-0.09986	0.87872	1.00000	0.00174	0.00148	-0.00176	0.99996	0.00860	-0.00146	-0.00860	0.99996		-84.42015	-159.76815	-0.83469	-0.26644	0.31283	-0.19367	0.26313	0.99998	0.00338	-0.00546	-0.00341	0.99998	-0.00465	0.00544	0.00467	0.99997	
13	0.06500	127.15141	-175.80961	-0.40607	0.49064	-0.08129	-0.09672	0.85575	1.00000	0.00169	0.00142	-0.00170	0.99996	0.00856	-0.00140	-0.00857	0.99996		-84.41851	-159.76337	-0.82233	-0.26533	0.31249	-0.19539	0.26375	0.99998	0.00341	-0.00545	-0.00344	0.99998	-0.00463	0.00544	0.00465	0.99997	
14	0.07000	127.13329	-175.82866	-0.39919	0.48451	-0.08322	-0.10074	0.87485	1.00000	0.00176	0.00145	-0.00177	0.99996	0.00846	-0.00144	-0.00846	0.99996		-84.43364	-159.76933	-0.80962	-0.26380	0.31298	-0.19300	0.25672	0.99998	0.00337	-0.00546	-0.00339	0.99998	-0.00460	0.00545	0.00462	0.99997	
15	0.07500	127.13283	-175.83892	-0.40322	0.47868	-0.08538	-0.09665	0.88781	1.00000	0.00169	0.00149	-0.00170	0.99996	0.00835	-0.00148	-0.00836	0.99996		-84.41667	-159.76735	-0.79749	-0.26098	0.31345	-0.19225	0.26256	0.99998	0.00336	-0.00547	-0.00338	0.99998	-0.00455	0.00546	0.00457	0.99997	
16	0.08000	127.14428	-175.84231	-0.41506	0.47804	-0.08302	-0.10090	0.87855	1.00000	0.00176	0.00145	-0.00177	0.99996	0.00834	-0.00143	-0.00835	0.99996		-84.42889	-159.75728	-0.75604	-0.25661	0.31596	-0.19510	0.26747	0.99998	0.00341	-0.00551	-0.00343	0.99998	-0.00448	0.00550	0.00450	0.99997	
17	0.08500	127.14004	-175.84531	-0.42052	0.47358	-0.08388	-0.09857	0.88485	1.00000	0.00172	0.00146	-0.00173	0.99996	0.00827	-0.00145	-0.00827	0.99996		-84.43666	-159.75909	-0.74718	-0.25541	0.31261	-0.18771	0.24751	0.99998	0.00328	-0.00546	-0.00330	0.99998	-0.00446	0.00544	0.00448	0.99998	
18	0.09000	127.09687	-175.85212	-0.42198	0.47170	-0.08386	-0.09994	0.88580	1.00000	0.00174	0.00146	-0.00176	0.99996	0.00823	-0.00145	-0.00824	0.99997		-84.40723	-159.75923	-0.73118	-0.25191	0.31230	-0.18801	0.23872	0.99998	0.00328	-0.00545	-0.00331	0.99998	-0.00440	0.00544	0.00441	0.99998	
19	0.09500	127.15091	-175.85162	-0.43824	0.46927	-0.08506	-0.09811	0.89663	1.00000	0.00171	0.00148	-0.00172	0.99996	0.00819	-0.00147	-0.00819	0.99997		-84.39460	-159.76782	-0.72296	-0.25051	0.31127	-0.19181	0.25690	0.99998	0.00335	-0.00543	-0.00337	0.99998	-0.00437	0.00542	0.00439	0.99998	
20	0.10000	127.10701	-175.85413	-0.43015	0.46473	-0.07896	-0.10150	0.87811	1.00000	0.00177	0.00138	-0.00178	0.99997	0.00811	-0.00136	-0.00811	0.99997		-84.44783	-159.76038	-0.70589	-0.24627	0.31585	-0.18920	0.24599	0.99998	0.00330	-0.00551	-0.00333	0.99999	-0.00430	0.00550	0.00432	0.99998	
21	0.10500	127.09967	-175.85864	-0.43209	0.46169	-0.07532	-0.09835	0.88634	1.00000	0.00172	0.00131	-0.00173	0.99997	0.00806	-0.00130	-0.00806	0.99997		-84.40032	-159.76650	-0.67750	-0.24588	0.31660	-0.19021	0.25807	0.99998	0.00332	-0.00553	-0.00334	0.99999	-0.00429	0.00551	0.00431	0.99998	
22	0.11000	127.07137	-175.88794	-0.45337	0.45611	-0.07243	-0.10133	0.90393	1.00000	0.00177	0.00126	-0.00178	0.99997	0.00796	-0.00125	-0.00796	0.99997		-84.41783	-159.76876	-0.66448	-0.24464	0.31558	-0.18990	0.26076	0.99998	0.00331	-0.00551	-0.00334	0.99999	-0.00427	0.00549	0.00429	0.99998	
23	0.11500	127.09180	-175.88076	-0.45994	0.45798	-0.07439	-0.11067	0.88815	1.00000	0.00193	0.00130	-0.00194	0.99997	0.00799	-0.00128	-0.00800	0.99997		-84.39455	-159.75915	-0.64034	-0.24092	0.31718	-0.19170	0.26524	0.99998	0.00335	-0.00554	-0.00337	0.99999	-0.00420	0.00552	0.00422	0.99998	
24	0.12000	127.05527	-175.87898	-0.45225	0.45240	-0.06650	-0.10457	0.88492	1.00000	0.00183	0.00116	-0.00183	0.99997	0.00790	-0.00115	-0.00790	0.99997		-84.42533	-159.76233	-0.63599	-0.23789	0.31872	-0.19129	0.24391	0.99998	0.00334	-0.00556	-0.00336	0.99999	-0.00415	0.00555	0.00417	0.99998	
25	0.12500	127.06122	-175.88902	-0.48196	0.45014	-0.07084	-0.10450	0.89412	1.00000	0.00182	0.00124	-0.00183	0.99997	0.00786	-0.00122	-0.00786	0.99997		-84.42666	-159.76020	-0.62354	-0.23530	0.31870	-0.19366	0.25237	0.99998	0.00338	-0.00556	-0.00340	0.99999	-0.00411	0.00555	0.00413	0.99998	
26	0.13000	127.06458	-175.87332	-0.48296	0.45158	-0.06918	-0.10340	0.89526	1.00000	0.00180	0.00121	-0.00181	0.99997	0.00788	-0.00119	-0.00788	0.99997		-84.42497	-159.75577	-0.60324	-0.23193	0.32265	-0.19328	0.25464	0.99998	0.00337	-0.00563	-0.00340	0.99999	-0.00405	0.00562	0.00407	0.99998	
27	0.13500	127.08218	-175.87805	-0.48424	0.45106	-0.06658	-0.10350	0.89629	1.00000	0.00181	0.00116	-0.00182	0.99997	0.00787	-0.00115	-0.00787	0.99997		-84.42532	-159.75328	-0.59085	-0.23230	0.32524	-0.19151	0.24975	0.99998	0.00334	-0.00568	-0.00337	0.99999	-0.00405	0.00566	0.00407	0.99998	
28	0.14000	127.02604	-175.89377	-0.49615	0.44837	-0.05929	-0.10342	0.89125	1.00000	0.00181	0.00103	-0.00181	0.99997	0.00783	-0.00102	-0.00783	0.99997		-84.43355	-159.75483	-0.57870	-0.22937	0.32895	-0.19138	0.25402	0.99998	0.00334	-0.00574	-0.00336	0.99999	-0.00400	0.00573	0.00402	0.99998	
29	0.14500	127.03405	-175.88199	-0.51853	0.45045	-0.06131	-0.10008	0.89372	1.00000	0.00175	0.00107	-0.00176	0.99997	0.00786	-0.00106	-0.00786	0.99997		-84.44209	-159.74890	-0.55808	-0.22686	0.33308	-0.19219	0.25633	0.99998	0.00335	-0.00581	-0.00338	0.99999	-0.00396	0.00580	0.00398	0.99998	
30	0.15000	127.04587	-175.89266	-0.53511	0.44834	-0.06191	-0.10669	0.88357	1.00000	0.00186	0.00108	-0.00187	0.99997	0.00782	-0.00107	-0.00783	0.99997		-84.42131	-159.76544	-0.55404	-0.22827	0.33269	-0.19069	0.26501	0.99998	0.00333	-0.00581	-0.00335	0.99999	-0.00398	0.00579	0.00400	0.99998	
31	0.15500	127.06471	-175.89783	-0.53425	0.45005	-0.05889	-0.10970	0.90180	1.00000	0.00191	0.00103	-0.00192	0.99997	0.00785	-0.00101	-0.00786	0.99997		-84.44221	-159.75116	-0.53793	-0.22500	0.33738	-0.19549	0.24660	0.99998	0.00341	-0.00589	-0.00344	0.99999	-0.00393	0.00587	0.00395	0.99997	
32	0.16000	127.08734	-175.89065	-0.54223	0.45051	-0.06253	-0.10865	0.89961	1.00000	0.00190	0.00109	-0.00190	0.99997	0.00786	-0.00108	-0.00786	0.99997		-84.42591	-159.76611	-0.51756	-0.22578	0.34267	-0.19276	0.25388	0.99998	0.00336	-0.00598	-0.00339	0.99999	-0.00394	0.00597	0.00396	0.99997	
33	0.16500	127.03882	-175.87294	-0.56119	0.45442	-0.05755	-0.10397	0.90299	1.00000	0.00181	0.00100	-0.00182	0.99997	0.00793	-0.00099	-0.00793	0.99997		-84.43500	-159.75097	-0.52211	-0.22018	0.34440	-0.19573	0.25925	0.99998	0.00342	-0.00601	-0.00344	0.99999	-0.00384	0.00600	0.00386	0.99997	
34	0.17000	127.02152	-175.88357	-0.56586	0.45672	-0.05635	-0.10760	0.90011	1.00000	0.00188	0.00098	-0.00189	0.99997	0.00797	-0.00097	-0.00797	0.99997		-84.45921	-159.76240	-0.50535	-0.22168	0.35215	-0.19207	0.25906	0.99998	0.00335	-0.00615	-0.00338	0.99999	-0.00387	0.00613	0.00389	0.99997	
35	0.17500	127.05667	-175.89707	-0.56661	0.45692	-0.05304	-0.10152	0.90049	1.00000	0.00177	0.00093	-0.00178	0.99997	0.00797	-0.00091	-0.00798	0.99997		-84.46078	-159.74499	-0.48946	-0.21947	0.35752	-0.19213	0.24955	0.99997	0.00335	-0.00624	-0.00338	0.99999	-0.00383	0.00623	0.00385	0.99997	
36	0.18000	127.04357	-175.87879	-0.58636	0.46007	-0.05181	-0.10438	0.91153	1.00000	0.00182	0.00090	-0.00183	0.99997	0.00803	-0.00089	-0.00803	0.99997		-84.46520	-159.75076	-0.48147	-0.21842	0.36283	-0.18994	0.25121	0.99997	0.00332	-0.00633	-0.00334	0.99999	-0.00381	0.00632	0.00383	0.99997	
37	0.18500	127.02571	-175.90154	-0.61205	0.46157	-0.04925	-0.10980	0.89582	1.00000	0.00192	0.00086	-0.00192	0.99997	0.00806	-0.00084	-0.00806	0.99997		-84.47120	-159.76432	-0.47320	-0.22027	0.36640	-0.19161	0.25804	0.99997	0.00334	-0.00639	-0.00337	0.99999	-0.00384	0.00638	0.00387	0.99997	
38	0.19000	127.02221	-175.90517	-0.60817	0.46410	-0.04823	-0.10459	0.90484	1.00000	0.00183	0.00084	-0.00183	0.99997	0.00810	-0.00083	-0.00810	0.99997		-84.45847	-159.77105	-0.45699	-0.21825	0.37011	-0.19393	0.26173	0.99997	0.00338	-0.00646	-0.00341	0.99999	-0.00381	0.00645	0.00383	0.99997	
39	0.19500	127.00393	-175.89137	-0.61709	0.46733	-0.04408	-0.10747	0.89973	1.00000	0.00188	0.00077	-0.00188	0.99996	0.00816	-0.00075	-0.00816	0.99997		-84.47315	-159.75874	-0.45306	-0.21755	0.37381	-0.19232	0.24920	0.99997	0.00336	-0.00652	-0.00338	0.99999	-0.00380	0.00651	0.00382	0.99997	
40	0.20000	127.05568	-175.90874	-0.62699	0.46846	-0.04903	-0.10571	0.90225	1.00000	0.00184	0.00086	-0.00185	0.99996	0.00818	-0.00084	-0.00818	0.99997		-84.47584	-159.74659	-0.44557	-0.21449	0.37901	-0.19258	0.24089	0.99997	0.00336	-0.00661	-0.00339	0.99999	-0.00374	0.00660	0.00377	0.99997	
41	0.20500	127.03817	-175.89102	-0.63174	0.47549	-0.04634	-0.10821	0.89737	1.00000	0.00189	0.00081	-0.00190	0.99996	0.00830	-0.00079	-0.00830	0.99997		-84.49035	-159.75831	-0.43724	-0.21801	0.38488	-0.19251	0.24360	0.99997	0.00336	-0.00672	-0.00339	0.99999	-0.00380	0.00670	0.00383	0.99997	
42	0.21000	127.05071	-175.89189	-0.64612	0.48177	-0.04815	-0.10994	0.90596	1.00000	0.00192	0.00084	-0.00193	0.99996	0.00841	-0.00082	-0.00841	0.99996		-84.51042	-159.76580	-0.42912	-0.21732	0.39397	-0.19405	0.25867	0.99997	0.00339	-0.00688	-0.00341	0.99999	-0.00379	0.00686	0.00382	0.99997	
43	0.21500	127.04083	-175.89458	-0.64866	0.48432	-0.04081	-0.10936	0.89330	1.00000	0.00191	0.00071	-0.00191	0.99996	0.00845	-0.00070	-0.00845	0.99996		-84.51006	-159.76163	-0.42151	-0.21487	0.40067	-0.19480	0.26414	0.99997	0.00340	-0.00699	-0.00343	0.99999	-0.00375	0.00698	0.00377	0.99997	
44	0.22000	127.04114	-175.90960	-0.66871	0.48821	-0.04009	-0.10265	0.89534	1.00000	0.00179	0.00070	-0.00180	0.99996	0.00852	-0.00068	-0.00852	0.99996		-84.51389	-159.74215	-0.41805	-0.21337	0.40439	-0.19451	0.24966	0.99997	0.00339	-0.00706	-0.00342	0.99999	-0.00372	0.00705	0.00375	0.99997	
45	0.22500	127.01678	-175.91062	-0.68493	0.49118	-0.03296	-0.10358	0.89288	1.00000	0.00181	0.00058	-0.00181	0.99996	0.00857	-0.00056	-0.00857	0.99996		-84.53410	-159.74510	-0.40562	-0.21404	0.40900	-0.19477	0.24646	0.99997	0.00340	-0.00714	-0.00343	0.99999	-0.00374	0.00713	0.00376	0.99997	
46	0.23000	127.04711	-175.91091	-0.68604	0.49788	-0.03807	-0.10725	0.89504	1.00000	0.00187	0.00066	-0.00188	0.99996	0.00869	-0.00065	-0.00869	0.99996		-84.51173	-159.76486	-0.41025	-0.21800	0.41317	-0.19074	0.23259	0.99997	0.00333	-0.00721	-0.00336	0.99999	-0.00380	0.00720	0.00383	0.99997	
47	0.23500	127.06629	-175.88878	-0.68868	0.50801	-0.03750	-0.10547	0.89630	1.00000	0.00184	0.00065	-0.00185	0.99996	0.00887	-0.00064	-0.00887	0.99996		-84.51885	-159.78586	-0.40623	-0.22035	0.41907	-0.19264	0.24526	0.99997	0.00336	-0.00731	-0.00339	0.99999	-0.00385	0.00730	0.00387	0.99997	
48	0.24000	127.02235	-175.91784	-0.71768	0.50808	-0.03049	-0.10667	0.90098	1.00000	0.00186	0.00053	-0.00187	0.99996	0.00887	-0.00052	-0.00887	0.99996		-84.53823	-159.76406	-0.39814	-0.21749	0.42386	-0.19180	0.23706	0.99997	0.00335	-0.00740	-0.00338	0.99999	-0.00380	0.00738	0.00382	0.99997	
49	0.24500	127.02923	-175.89455	-0.71234	0.51880	-0.02918	-0.11182	0.89793	1.00000	0.00195	0.00051	-0.00196	0.99996	0.00905	-0.00049	-0.00906	0.99996		-84.54479	-159.75934	-0.40305	-0.21696	0.43260	-0.19349	0.24110	0.99997	0.00338	-0.00755	-0.00341	0.99999	-0.00379	0.00754	0.00381	0.99996	
50	0.25000	127.04570	-175.88577	-0.73307	0.52879	-0.03141	-0.10113	0.90915	1.00000	0.00177	0.00055	-0.00177	0.99996	0.00923	-0.00053	-0.00923	0.99996		-84.55232	-159.77254	-0.40325	-0.21971	0.43901	-0.18880	0.23394	0.99997	0.00330	-0.00766	-0.00332	0.99999	-0.00383	0.00765	0.00386	0.99996	
51	0.25500	127.03147	-175.89878	-0.74276	0.53304	-0.02709	-0.10719	0.90707	1.00000	0.00187	0.00047	-0.00188	0.99995	0.00930	-0.00046	-0.00930	0.99996		-84.51903	-159.76657	-0.40421	-0.21968	0.44118	-0.19267	0.24410	0.99996	0.00336	-0.00770	-0.00339	0.99999	-0.00383	0.00769	0.00386	0.99996	
52	0.26000	126.98362	-175.88051	-0.74841	0.54208	-0.01802	-0.10811	0.90270	1.00000	0.00189	0.00031	-0.00189	0.99995	0.00946	-0.00030	-0.00946	0.99996		-84.55064	-159.77403	-0.40412	-0.22229	0.45096	-0.19189	0.24916	0.99996	0.00335	-0.00787	-0.00338	0.99999	-0.00388	0.00786	0.00391	0.99996	
53	0.26500	126.98622	-175.90286	-0.74921	0.54597	-0.01923	-0.10381	0.91476	1.00000	0.00181	0.00034	-0.00181	0.99995	0.00953	-0.00032	-0.00953	0.99995		-84.56956	-159.77780	-0.41250	-0.22518	0.45575	-0.19292	0.24653	0.99996	0.00337	-0.00795	-0.00340	0.99999	-0.00393	0.00794	0.00396	0.99996	
54	0.27000	127.01678	-175.89254	-0.76613	0.55488	-0.01679	-0.11138	0.89818	1.00000	0.00194	0.00029	-0.00195	0.99995	0.00968	-0.00027	-0.00968	0.99995		-84.52838	-159.78512	-0.40933	-0.22712	0.45805	-0.19289	0.23320	0.99996	0.00337	-0.00799	-0.00340	0.99999	-0.00396	0.00798	0.00399	0.99996	
55	0.27500	126.96904	-175.90975	-0.78585	0.55813	-0.01122	-0.10832	0.90693	1.00000	0.00189	0.00020	-0.00189	0.99995	0.00974	-0.00018	-0.00974	0.99995		-84.56253	-159.78071	-0.41322	-0.22943	0.46406	-0.18841	0.23316	0.99996	0.00329	-0.00810	-0.00332	0.99999	-0.00400	0.00809	0.00403	0.99996	
56	0.28000	127.02300	-175.89382	-0.78675	0.56788	-0.01594	-0.10684	0.91738	1.00000	0.00186	0.00028	-0.00187	0.99995	0.00991	-0.00026	-0.00991	0.99995		-84.57900	-159.78536	-0.41747	-0.23127	0.47057	-0.19373	0.25291	0.99996	0.00338	-0.00821	-0.00341	0.99999	-0.00404	0.00820	0.00406	0.99996	
57	0.28500	127.01074	-175.88747	-0.80804	0.57396	-0.01239	-0.11151	0.90573	1.00000	0.00195	0.00022	-0.00195	0.99995	0.01002	-0.00020	-0.01002	0.99995		-84.56068	-159.78915	-0.40943	-0.23387	0.47139	-0.19266	0.24930	0.99996	0.00336	-0.00823	-0.00340	0.99999	-0.00408	0.00821	0.00411	0.99996	
58	0.29000	126.96027	-175.91940	-0.80063	0.57837	-0.00870	-0.11016	0.91181	1.00000	0.00192	0.00015	-0.00192	0.99995	0.01009	-0.00013	-0.01009	0.99995		-84.56542	-159.79374	-0.41426	-0.23552	0.47951	-0.19219	0.23217	0.99996	0.00335	-0.00837	-0.00339	0.99999	-0.00411	0.00836	0.00414	0.99996	
59	0.29500	127.02628	-175.89961	-0.81382	0.58881	-0.01490	-0.11194	0.90793	1.00000	0.00195	0.00026	-0.00196	0.99995	0.01028	-0.00024	-0.01028	0.99995		-84.57757	-159.78516	-0.42224	-0.23887	0.48103	-0.19283	0.24390	0.99996	0.00337	-0.00840	-0.00340	0.99999	-0.00417	0.00838	0.00420	0.99996	
60	0.30000	126.99469	-175.91712	-0.82924	0.59111	-0.00659	-0.10266	0.90827	1.00000	0.00179	0.00012	-0.00179	0.99995	0.01032	-0.00010	-0.01032	0.99995		-84.56420	-159.81737	-0.43080	-0.24268	0.48419	-0.18957	0.23530	0.99996	0.00331	-0.00845	-0.00334	0.99999	-0.00424	0.00844	0.00426	0.99996	
61	0.30500	126.94942	-175.90643	-0.83280	0.59977	-0.00291	-0.10467	0.91005	1.00000	0.00183	0.00005	-0.00183	0.99994	0.01047	-0.00003	-0.01047	0.99995		-84.59808	-159.79514	-0.43511	-0.24378	0.49323	-0.19117	0.24589	0.99996	0.00334	-0.00861	-0.00337	0.99999	-0.00425	0.00859	0.00428	0.99995	
62	0.31000	127.00084	-175.89761	-0.85328	0.60805	-0.00648	-0.10518	0.91543	1.00000	0.00184	0.00011	-0.00184	0.99994	0.01061	-0.00009	-0.01061	0.99994		-84.57848	-159.79043	-0.43565	-0.24654	0.49414	-0.19085	0.23481	0.99996	0.00333	-0.00862	-0.00337	0.99999	-0.00430	0.00861	0.00433	0.99995	
63	0.31500	126.98063	-175.94277	-0.84993	0.60777	-0.00233	-0.10496	0.92075	1.00000	0.00183	0.00004	-0.00183	0.99994	0.01061	-0.00002	-0.01061	0.99994		-84.56439	-159.80666	-0.44420	-0.24991	0.49554	-0.19147	0.22661	0.99996	0.00334	-0.00865	-0.00338	0.99998	-0.00436	0.00863	0.00439	0.99995	
64	0.32000	127.01173	-175.91953	-0.85559	0.61752	-0.00769	-0.11131	0.92085	1.00000	0.00194	0.00013	-0.00194	0.99994	0.01078	-0.00011	-0.01078	0.99994		-84.57106	-159.80975	-0.44859	-0.25321	0.50477	-0.19160	0.25227	0.99996	0.00334	-0.00881	-0.00338	0.99998	-0.00442	0.00879	0.00445	0.99995	
65	0.32500	127.01180	-175.92002	-0.87561	0.62180	-0.00606	-0.10565	0.92524	1.00000	0.00184	0.00011	-0.00185	0.99994	0.01085	-0.00009	-0.01085	0.99994		-84.58888	-159.79543	-0.44465	-0.25199	0.50924	-0.19208	0.24649	0.99995	0.00335	-0.00889	-0.00339	0.99998	-0.00440	0.00887	0.00443	0.99995	
66	0.33000	126.98940	-175.93630	-0.87734	0.62820	-0.00209	-0.10720	0.91279	1.00000	0.00187	0.00004	-0.00187	0.99994	0.01096	-0.00002	-0.01096	0.99994		-84.57859	-159.81433	-0.46542	-0.25923	0.50979	-0.19178	0.24871	0.99995	0.00335	-0.00890	-0.00339	0.99998	-0.00452	0.00888	0.00455	0.99995	
67	0.33500	127.02522	-175.92910	-0.87955	0.63172	-0.00491	-0.11027	0.90286	1.00000	0.00192	0.00009	-0.00193	0.99994	0.01103	-0.00006	-0.01103	0.99994		-84.57688	-159.80792	-0.47803	-0.26189	0.51005	-0.19188	0.23849	0.99995	0.00335	-0.00890	-0.00339	0.99998	-0.00457	0.00889	0.00460	0.99995	
68	0.34000	127.03789	-175.92218	-0.90811	0.63816	-0.00776	-0.11270	0.91228	1.00000	0.00197	0.00014	-0.00197	0.99994	0.01114	-0.00011	-0.01114	0.99994		-84.59373	-159.82427	-0.47767	-0.26776	0.51420	-0.18774	0.22725	0.99995	0.00328	-0.00897	-0.00332	0.99998	-0.00467	0.00896	0.00470	0.99995	
69	0.34500	127.03543	-175.93651	-0.90362	0.63951	-0.00655	-0.10267	0.91666	1.00000	0.00179	0.00011	-0.00179	0.99994	0.01116	-0.00009	-0.01116	0.99994		-84.56827	-159.83868	-0.47343	-0.27484	0.51393	-0.19194	0.24380	0.99995	0.00335	-0.00897	-0.00339	0.99998	-0.00480	0.00895	0.00483	0.99995	
70	0.35000	127.03630	-175.92834	-0.93440	0.64629	-0.00638	-0.10696	0.91046	1.00000	0.00187	0.00011	-0.00187	0.99993	0.01128	-0.00009	-0.01128	0.99994		-84.58138	-159.80802	-0.49075	-0.27280	0.52022	-0.19482	0.23948	0.99995	0.00340	-0.00908	-0.00344	0.99998	-0.00476	0.00906	0.00479	0.99995	
71	0.35500	127.04391	-175.94909	-0.91674	0.64862	-0.00707	-0.10998	0.90836	1.00000	0.00192	0.00012	-0.00192	0.99993	0.01132	-0.00010	-0.01132	0.99994		-84.58996	-159.83200	-0.51094	-0.27936	0.52007	-0.19439	0.25999	0.99995	0.00339	-0.00908	-0.00344	0.99998	-0.00488	0.00906	0.00491	0.99995	
72	0.36000	126.98907	-175.94801	-0.90463	0.65154	0.00059	-0.11080	0.90399	1.00000	0.00193	-0.00001	-0.00193	0.99993	0.01137	0.00003	-0.01137	0.99994		-84.58036	-159.81697	-0.49891	-0.27990	0.52320	-0.19023	0.24215	0.99995	0.00332	-0.00913	-0.00336	0.99998	-0.00488	0.00912	0.00492	0.99995	
73	0.36500	127.04590	-175.94440	-0.92678	0.65623	-0.00768	-0.10894	0.90697	1.00000	0.00190	0.00013	-0.00190	0.99993	0.01145	-0.00011	-0.01145	0.99993		-84.58710	-159.84661	-0.52319	-0.28690	0.52006	-0.19350	0.23792	0.99995	0.00338	-0.00908	-0.00342	0.99998	-0.00501	0.00906	0.00504	0.99995	
74	0.37000	127.04891	-175.95129	-0.91376	0.65820	-0.00548	-0.11266	0.90305	1.00000	0.00197	0.00010	-0.00197	0.99993	0.01149	-0.00007	-0.01149	0.99993		-84.60515	-159.83362	-0.51496	-0.28987	0.53010	-0.19196	0.25276	0.99995	0.00335	-0.00925	-0.00340	0.99998	-0.00506	0.00923	0.00509	0.99994	
75	0.37500	127.03437	-175.95343	-0.92478	0.66085	-0.00195	-0.10727	0.91526	1.00000	0.00187	0.00003	-0.00187	0.99993	0.01153	-0.00001	-0.01153	0.99993		-84.60020	-159.82444	-0.52321	-0.29223	0.52496	-0.19161	0.23467	0.99995	0.00334	-0.00916	-0.00339	0.99998	-0.00510	0.00914	0.00513	0.99994	
76	0.38000	127.03866	-175.96063	-0.93135	0.66272	-0.00840	-0.10622	0.90377	1.00000	0.00185	0.00015	-0.00186	0.99993	0.01157	-0.00013	-0.01157	0.99993		-84.58462	-159.83547	-0.54009	-0.29734	0.52902	-0.19199	0.24417	0.99995	0.00335	-0.00923	-0.00340	0.99998	-0.00519	0.00922	0.00522	0.99994	
77	0.38500	127.03800	-175.95667	-0.94634	0.66308	-0.00680	-0.10931	0.90893	1.00000	0.00191	0.00012	-0.00191	0.99993	0.01157	-0.00010	-0.01157	0.99993		-84.59408	-159.84717	-0.53961	-0.30128	0.52883	-0.18961	0.23802	0.99995	0.00331	-0.00923	-0.00336	0.99998	-0.00526	0.00921	0.00529	0.99994	
78	0.39000	127.04100	-175.97351	-0.92379	0.66282	-0.00988	-0.10542	0.90384	1.00000	0.00184	0.00017	-0.00184	0.99993	0.01157	-0.00015	-0.01157	0.99993		-84.56725	-159.82588	-0.55301	-0.30220	0.52864	-0.19405	0.23548	0.99995	0.00339	-0.00923	-0.00344	0.99998	-0.00527	0.00921	0.00531	0.99994	
79	0.39500	127.05378	-175.97902	-0.93826	0.66255	-0.00710	-0.10543	0.90999	1.00000	0.00184	0.00012	-0.00184	0.99993	0.01156	-0.00010	-0.01156	0.99993		-84.59307	-159.85054	-0.56018	-0.30726	0.52734	-0.19405	0.24207	0.99995	0.00339	-0.00920	-0.00344	0.99998	-0.00536	0.00919	0.00539	0.99994	
80	0.40000	127.05367	-175.98173	-0.93468	0.66252	-0.01201	-0.10280	0.91111	1.00000	0.00179	0.00021	-0.00180	0.99993	0.01156	-0.00019	-0.01156	0.99993		-84.56432	-159.84083	-0.55634	-0.31000	0.52419	-0.19936	0.24541	0.99995	0.00348	-0.00915	-0.00353	0.99998	-0.00541	0.00913	0.00544	0.99994	
81	0.40500	127.06312	-175.96072	-0.93521	0.66410	-0.01065	-0.11177	0.90793	1.00000	0.00195	0.00019	-0.00195	0.99993	0.01159	-0.00016	-0.01159	0.99993		-84.59090	-159.84354	-0.57676	-0.31393	0.52830	-0.19334	0.24557	0.99995	0.00337	-0.00922	-0.00342	0.99998	-0.00548	0.00920	0.00551	0.99994	
82	0.41000	127.04146	-175.98211	-0.93464	0.66205	-0.01046	-0.10897	0.91208	1.00000	0.00190	0.00018	-0.00190	0.99993	0.01155	-0.00016	-0.01156	0.99993		-84.58877	-159.84639	-0.58079	-0.31875	0.52871	-0.19173	0.23751	0.99995	0.00335	-0.00923	-0.00340	0.99998	-0.00556	0.00921	0.00559	0.99994	
83	0.41500	127.07216	-175.97977	-0.94409	0.66194	-0.01217	-0.10999	0.90827	1.00000	0.00192	0.00021	-0.00192	0.99993	0.01155	-0.00019	-0.01155	0.99993		-84.60366	-159.83949	-0.59278	-0.32156	0.52823	-0.19302	0.25296	0.99995	0.00337	-0.00922	-0.00342	0.99998	-0.00561	0.00920	0.00564	0.99994	
84	0.42000	127.08326	-175.98598	-0.95668	0.65923	-0.01871	-0.11151	0.90935	1.00000	0.00195	0.00033	-0.00195	0.99993	0.01151	-0.00030	-0.01151	0.99993		-84.59129	-159.83619	-0.60943	-0.32285	0.52584	-0.19373	0.25485	0.99995	0.00338	-0.00918	-0.00343	0.99998	-0.00563	0.00916	0.00567	0.99994	
85	0.42500	127.07635	-175.99456	-0.94967	0.65535	-0.01452	-0.10995	0.90515	1.00000	0.00192	0.00025	-0.00192	0.99993	0.01144	-0.00023	-0.01144	0.99993		-84.54820	-159.84489	-0.60975	-0.32660	0.52086	-0.19593	0.24459	0.99995	0.00342	-0.00909	-0.00347	0.99998	-0.00570	0.00907	0.00573	0.99994	
86	0.43000	127.06595	-176.00224	-0.93771	0.65235	-0.01125	-0.10625	0.89804	1.00000	0.00185	0.00020	-0.00186	0.99993	0.01139	-0.00018	-0.01139	0.99994		-84.57254	-159.83139	-0.62583	-0.33132	0.52072	-0.19140	0.23321	0.99995	0.00334	-0.00909	-0.00339	0.99998	-0.00578	0.00907	0.00581	0.99994	
87	0.43500	127.11638	-176.00345	-0.94293	0.64913	-0.02174	-0.10294	0.90013	1.00000	0.00180	0.00038	-0.00180	0.99993	0.01133	-0.00036	-0.01133	0.99994		-84.56682	-159.84258	-0.62132	-0.33380	0.51947	-0.19283	0.24471	0.99995	0.00337	-0.00907	-0.00342	0.99998	-0.00583	0.00905	0.00586	0.99994	
88	0.44000	127.07481	-176.01259	-0.95100	0.64519	-0.01690	-0.10190	0.90924	1.00000	0.00178	0.00029	-0.00178	0.99993	0.01126	-0.00027	-0.01126	0.99994		-84.57879	-159.83208	-0.64226	-0.33466	0.52032	-0.19367	0.23486	0.99995	0.00338	-0.00908	-0.00343	0.99998	-0.00584	0.00906	0.00587	0.99994	
89	0.44500	127.10124	-175.99911	-0.93836	0.64237	-0.01764	-0.11218	0.90187	1.00000	0.00196	0.00031	-0.00196	0.99994	0.01121	-0.00029	-0.01121	0.99994		-84.57580	-159.84288	-0.64567	-0.33955	0.51531	-0.19375	0.23450	0.99995	0.00338	-0.00899	-0.00343	0.99998	-0.00593	0.00897	0.00596	0.99994	
90	0.45000	127.13080	-176.00292	-0.95157	0.64014	-0.02576	-0.10978	0.91213	1.00000	0.00192	0.00045	-0.00192	0.99994	0.01117	-0.00043	-0.01117	0.99994		-84.52635	-159.83847	-0.63777	-0.34326	0.51204	-0.19292	0.23275	0.99995	0.00337	-0.00894	-0.00342	0.99998	-0.00599	0.00892	0.00602	0.99994	
91	0.45500	127.09367	-176.02430	-0.91783	0.63038	-0.02003	-0.10948	0.90087	1.00000	0.00191	0.00035	-0.00191	0.99994	0.01100	-0.00033	-0.01100	0.99994		-84.57704	-159.83789	-0.65751	-0.34394	0.50972	-0.19707	0.25059	0.99995	0.00344	-0.00890	-0.00349	0.99998	-0.00600	0.00888	0.00603	0.99994	
92	0.46000	127.08947	-176.01822	-0.92775	0.62822	-0.02517	-0.10579	0.89734	1.00000	0.00185	0.00044	-0.00185	0.99994	0.01096	-0.00042	-0.01097	0.99994		-84.55272	-159.82788	-0.65774	-0.34468	0.50694	-0.19432	0.24117	0.99996	0.00339	-0.00885	-0.00344	0.99998	-0.00602	0.00883	0.00605	0.99994	
93	0.46500	127.09874	-176.03735	-0.92107	0.62205	-0.02677	-0.10705	0.89436	1.00000	0.00187	0.00047	-0.00187	0.99994	0.01086	-0.00045	-0.01086	0.99994		-84.56020	-159.81766	-0.66564	-0.34679	0.50478	-0.19370	0.24870	0.99996	0.00338	-0.00881	-0.00343	0.99998	-0.00605	0.00879	0.00608	0.99994	
94	0.47000	127.12104	-176.02373	-0.92638	0.61669	-0.03264	-0.10666	0.90693	1.00000	0.00186	0.00057	-0.00187	0.99994	0.01076	-0.00055	-0.01076	0.99994		-84.54092	-159.83018	-0.67382	-0.34971	0.50028	-0.19224	0.23103	0.99996	0.00336	-0.00873	-0.00341	0.99998	-0.00610	0.00871	0.00613	0.99994	
95	0.47500	127.12593	-176.03940	-0.90077	0.60996	-0.03378	-0.11114	0.89632	1.00000	0.00194	0.00059	-0.00195	0.99994	0.01065	-0.00057	-0.01065	0.99994		-84.54966	-159.82737	-0.67333	-0.35141	0.49809	-0.19073	0.24111	0.99996	0.00333	-0.00869	-0.00338	0.99998	-0.00613	0.00867	0.00616	0.99994	
96	0.48000	127.15633	-176.04548	-0.91436	0.60253	-0.03790	-0.10955	0.89195	1.00000	0.00191	0.00066	-0.00192	0.99994	0.01052	-0.00064	-0.01052	0.99994		-84.52815	-159.81869	-0.68610	-0.35148	0.49336	-0.19247	0.23763	0.99996	0.00336	-0.00861	-0.00341	0.99998	-0.00613	0.00859	0.00616	0.99994	
97	0.48500	127.16293	-176.06078	-0.89625	0.59573	-0.04106	-0.10737	0.91590	1.00000	0.00187	0.00072	-0.00188	0.99994	0.01040	-0.00070	-0.01040	0.99995		-84.51915	-159.79654	-0.70271	-0.35084	0.48752	-0.19598	0.23429	0.99996	0.00342	-0.00851	-0.00347	0.99998	-0.00612	0.00849	0.00615	0.99995	
98	0.49000	127.16035	-176.05308	-0.89706	0.59021	-0.04249	-0.10994	0.89618	1.00000	0.00192	0.00074	-0.00193	0.99995	0.01030	-0.00072	-0.01030	0.99995		-84.51931	-159.80934	-0.69785	-0.35415	0.48273	-0.19228	0.22665	0.99996	0.00336	-0.00843	-0.00341	0.99998	-0.00618	0.00840	0.00621	0.99995	
99	0.49500	127.13743	-176.06417	-0.89082	0.58132	-0.04154	-0.10926	0.90565	1.00000	0.00191	0.00072	-0.00191	0.99995	0.01015	-0.00071	-0.01015	0.99995		-84.52117	-159.81519	-0.70569	-0.35664	0.48108	-0.19074	0.24291	0.99996	0.00333	-0.00840	-0.00338	0.99997	-0.00622	0.00838	0.00625	0.99995	
100	0.50000	127.11224	-176.06944	-0.87589	0.57615	-0.04267	-0.11216	0.90277	1.00000	0.00196	0.00074	-0.00197	0.99995	0.01006	-0.00072	-0.01006	0.99995		-84.52195	-159.80491	-0.70120	-0.35674	0.47698	-0.18867	0.23046	0.99996	0.00329	-0.00832	-0.00334	0.99998	-0.00623	0.00830	0.00625	0.99995	
101	0.50500	127.12025	-176.08761	-0.87665	0.56576	-0.04365	-0.10362	0.89981	1.00000	0.00181	0.00076	-0.00182	0.99995	0.00987	-0.00074	-0.00988	0.99995		-84.49747	-159.79372	-0.71370	-0.35624	0.47171	-0.19117	0.24064	0.99996	0.00334	-0.00823	-0.00339	0.99997	-0.00622	0.00821	0.00624	0.99995	
102	0.51000	127.16074	-176.07195	-0.86440	0.56081	-0.05104	-0.11025	0.90022	1.00000	0.00192	0.00089	-0.00193	0.99995	0.00979	-0.00087	-0.00979	0.99995		-84.51954	-159.80035	-0.71320	-0.35805	0.47215	-0.18992	0.24967	0.99996	0.00331	-0.00824	-0.00337	0.99997	-0.00625	0.00822	0.00628	0.99995	
103	0.51500	127.16977	-176.07623	-0.86917	0.55344	-0.05483	-0.10499	0.90582	1.00000	0.00183	0.00096	-0.00184	0.99995	0.00966	-0.00094	-0.00966	0.99995		-84.47788	-159.76950	-0.72186	-0.35424	0.46080	-0.19164	0.24179	0.99996	0.00334	-0.00804	-0.00339	0.99998	-0.00618	0.00802	0.00621	0.99995	
104	0.52000	127.16764	-176.06888	-0.84832	0.54779	-0.05510	-0.11201	0.90015	1.00000	0.00195	0.00096	-0.00196	0.99995	0.00956	-0.00094	-0.00956	0.99995		-84.47721	-159.77378	-0.72161	-0.35519	0.46088	-0.19497	0.25845	0.99996	0.00340	-0.00804	-0.00345	0.99997	-0.00620	0.00802	0.00623	0.99995	
105	0.52500	127.18260	-176.08929	-0.84499	0.53754	-0.05699	-0.10774	0.91116	1.00000	0.00188	0.00099	-0.00189	0.99995	0.00938	-0.00098	-0.00938	0.99996		-84.46438	-159.78142	-0.72096	-0.35643	0.45056	-0.19078	0.24034	0.99996	0.00333	-0.00786	-0.00338	0.99997	-0.00622	0.00784	0.00625	0.99995	
106	0.53000	127.22475	-176.11595	-0.83433	0.52668	-0.06420	-0.10814	0.90777	1.00000	0.00189	0.00112	-0.00190	0.99996	0.00919	-0.00110	-0.00919	0.99996		-84.45693	-159.77080	-0.72538	-0.35400	0.44883	-0.19098	0.23962	0.99996	0.00333	-0.00783	-0.00338	0.99998	-0.00618	0.00781	0.00620	0.99995	
107	0.53500	127.16734	-176.11608	-0.84792	0.51886	-0.05902	-0.11413	0.89775	1.00000	0.00199	0.00103	-0.00200	0.99996	0.00906	-0.00101	-0.00906	0.99996		-84.45351	-159.76224	-0.74149	-0.35565	0.44159	-0.19128	0.23183	0.99996	0.00334	-0.00771	-0.00339	0.99997	-0.00621	0.00769	0.00623	0.99995	
108	0.54000	127.20648	-176.12297	-0.81579	0.51044	-0.06603	-0.11560	0.89127	1.00000	0.00202	0.00115	-0.00203	0.99996	0.00891	-0.00113	-0.00891	0.99996		-84.45911	-159.75186	-0.72896	-0.35123	0.44258	-0.19283	0.24433	0.99996	0.00337	-0.00772	-0.00341	0.99998	-0.00613	0.00770	0.00616	0.99995	
109	0.54500	127.17581	-176.14464	-0.82360	0.50011	-0.06511	-0.11269	0.90058	1.00000	0.00197	0.00114	-0.00198	0.99996	0.00873	-0.00112	-0.00873	0.99996		-84.42148	-159.74136	-0.74528	-0.35123	0.42964	-0.18994	0.24676	0.99997	0.00331	-0.00750	-0.00336	0.99998	-0.00613	0.00748	0.00615	0.99995	
110	0.55000	127.21209	-176.15626	-0.82189	0.49072	-0.06814	-0.11515	0.89229	1.00000	0.00201	0.00119	-0.00202	0.99996	0.00856	-0.00117	-0.00857	0.99996		-84.39957	-159.74997	-0.73725	-0.34986	0.42638	-0.19450	0.24617	0.99997	0.00339	-0.00744	-0.00344	0.99998	-0.00611	0.00742	0.00613	0.99995	
111	0.55500	127.23425	-176.13033	-0.82310	0.48941	-0.07590	-0.11639	0.88779	1.00000	0.00203	0.00132	-0.00204	0.99996	0.00854	-0.00131	-0.00854	0.99996		-84.41097	-159.74042	-0.74518	-0.34720	0.42166	-0.19011	0.22675	0.99997	0.00332	-0.00736	-0.00336	0.99998	-0.00606	0.00734	0.00608	0.99995	
112	0.56000	127.22126	-176.15902	-0.81536	0.47815	-0.07799	-0.11814	0.90006	1.00000	0.00206	0.00136	-0.00207	0.99996	0.00835	-0.00134	-0.00835	0.99996		-84.41338	-159.72462	-0.74076	-0.34386	0.41764	-0.19117	0.24490	0.99997	0.00334	-0.00729	-0.00338	0.99998	-0.00600	0.00727	0.00603	0.99996	
113	0.56500	127.22077	-176.16424	-0.80502	0.47217	-0.07870	-0.11336	0.90068	1.00000	0.00198	0.00137	-0.00199	0.99996	0.00824	-0.00136	-0.00824	0.99997		-84.39010	-159.71705	-0.74511	-0.34004	0.41198	-0.19295	0.25042	0.99997	0.00337	-0.00719	-0.00341	0.99998	-0.00593	0.00717	0.00596	0.99996	
114	0.57000	127.23195	-176.14376	-0.80299	0.46833	-0.07745	-0.11795	0.89739	1.00000	0.00206	0.00135	-0.00207	0.99996	0.00817	-0.00133	-0.00818	0.99997		-84.37793	-159.70780	-0.73663	-0.33914	0.40703	-0.19556	0.25435	0.99997	0.00341	-0.00710	-0.00346	0.99998	-0.00592	0.00708	0.00594	0.99996	
115	0.57500	127.23359	-176.18598	-0.80067	0.45614	-0.08503	-0.10966	0.89216	1.00000	0.00191	0.00148	-0.00193	0.99997	0.00796	-0.00147	-0.00796	0.99997		-84.38262	-159.70690	-0.74447	-0.33636	0.40042	-0.19007	0.23853	0.99997	0.00332	-0.00699	-0.00336	0.99998	-0.00587	0.00697	0.00589	0.99996	
116	0.58000	127.25305	-176.16513	-0.79074	0.45177	-0.08535	-0.11236	0.88634	1.00000	0.00196	0.00149	-0.00197	0.99997	0.00788	-0.00147	-0.00789	0.99997		-84.35546	-159.70061	-0.74873	-0.33375	0.39638	-0.19019	0.24756	0.99997	0.00332	-0.00692	-0.00336	0.99998	-0.00582	0.00690	0.00585	0.99996	
117	0.58500	127.24073	-176.16347	-0.78429	0.44889	-0.08811	-0.11202	0.88780	1.00000	0.00196	0.00154	-0.00197	0.99997	0.00783	-0.00152	-0.00784	0.99997		-84.33082	-159.70669	-0.74086	-0.32977	0.39218	-0.19220	0.23913	0.99997	0.00335	-0.00684	-0.00339	0.99998	-0.00576	0.00683	0.00578	0.99996	
118	0.59000	127.23060	-176.18017	-0.79576	0.44040	-0.09083	-0.10449	0.89805	1.00000	0.00182	0.00159	-0.00184	0.99997	0.00769	-0.00157	-0.00769	0.99997		-84.33407	-159.68886	-0.75303	-0.32509	0.38581	-0.19327	0.25357	0.99997	0.00337	-0.00673	-0.00341	0.99998	-0.00567	0.00671	0.00570	0.99996	
119	0.59500	127.20082	-176.18263	-0.75780	0.43470	-0.08738	-0.11358	0.90279	1.00000	0.00198	0.00153	-0.00199	0.99997	0.00759	-0.00151	-0.00759	0.99997		-84.31550	-159.67398	-0.74901	-0.32171	0.38160	-0.19344	0.25430	0.99997	0.00338	-0.00666	-0.00341	0.99998	-0.00561	0.00664	0.00564	0.99996	
120	0.60000	127.25152	-176.19926	-0.75811	0.42904	-0.09474	-0.11328	0.90241	1.00000	0.00198	0.00165	-0.00199	0.99997	0.00749	-0.00164	-0.00749	0.99997		-84.30450	-159.66325	-0.73661	-0.31847	0.37631	-0.19001	0.23527	0.99997	0.00332	-0.00657	-0.00335	0.99998	-0.00556	0.00655	0.00558	0.99996	
121	0.60500	127.26127	-176.19838	-0.76145	0.42475	-0.09695	-0.11255	0.89123	1.00000	0.00196	0.00169	-0.00198	0.99997	0.00741	-0.00168	-0.00742	0.99997		-84.28194	-159.68060	-0.75273	-0.31660	0.36502	-0.18688	0.21865	0.99997	0.00326	-0.00637	-0.00330	0.99998	-0.00553	0.00635	0.00555	0.99996	
122	0.61000	127.25480	-176.17766	-0.74369	0.42230	-0.09611	-0.11018	0.89784	1.00000	0.00192	0.00168	-0.00194	0.99997	0.00737	-0.00166	-0.00737	0.99997		-84.30649	-159.64918	-0.73652	-0.30725	0.37065	-0.19189	0.24894	0.99997	0.00335	-0.00647	-0.00338	0.99998	-0.00536	0.00645	0.00538	0.99996	
123	0.61500	127.26854	-176.20262	-0.74742	0.41609	-0.10088	-0.10951	0.90255	1.00000	0.00191	0.00176	-0.00192	0.99997	0.00726	-0.00175	-0.00727	0.99997		-84.30866	-159.64513	-0.74079	-0.30333	0.36828	-0.19430	0.25274	0.99997	0.00339	-0.00643	-0.00343	0.99998	-0.00529	0.00641	0.00532	0.99997	
124	0.62000	127.26494	-176.18962	-0.74417	0.41611	-0.10519	-0.11318	0.89002	1.00000	0.00198	0.00184	-0.00199	0.99997	0.00726	-0.00182	-0.00727	0.99997		-84.28836	-159.64311	-0.74028	-0.30119	0.35850	-0.19105	0.24631	0.99997	0.00333	-0.00626	-0.00337	0.99998	-0.00526	0.00624	0.00528	0.99997	
125	0.62500	127.24761	-176.19545	-0.73191	0.41099	-0.10338	-0.10981	0.89462	1.00000	0.00192	0.00180	-0.00193	0.99997	0.00717	-0.00179	-0.00718	0.99997		-84.27742	-159.64900	-0.73620	-0.29846	0.35510	-0.18850	0.22808	0.99998	0.00329	-0.00620	-0.00332	0.99998	-0.00521	0.00618	0.00523	0.99997	
126	0.63000	127.26503	-176.19721	-0.71956	0.40801	-0.10949	-0.11114	0.89614	1.00000	0.00194	0.00191	-0.00195	0.99997	0.00712	-0.00190	-0.00712	0.99997		-84.26333	-159.62307	-0.73248	-0.29134	0.35423	-0.18839	0.24687	0.99998	0.00329	-0.00618	-0.00332	0.99998	-0.00508	0.00617	0.00511	0.99997	
127	0.63500	127.31038	-176.20947	-0.71784	0.40491	-0.11799	-0.11154	0.89207	1.00000	0.00195	0.00206	-0.00196	0.99997	0.00707	-0.00205	-0.00707	0.99997		-84.27458	-159.62206	-0.73642	-0.28633	0.34876	-0.19253	0.24938	0.99998	0.00336	-0.00609	-0.00339	0.99998	-0.00500	0.00607	0.00502	0.99997	
128	0.64000	127.29232	-176.21491	-0.71730	0.40161	-0.11100	-0.11086	0.88211	1.00000	0.00193	0.00194	-0.00195	0.99997	0.00701	-0.00192	-0.00701	0.99997		-84.26752	-159.62133	-0.74082	-0.28208	0.34622	-0.19026	0.22920	0.99998	0.00332	-0.00604	-0.00335	0.99998	-0.00492	0.00603	0.00494	0.99997	
129	0.64500	127.26925	-176.20405	-0.70494	0.40437	-0.11072	-0.11016	0.88844	1.00000	0.00192	0.00193	-0.00194	0.99997	0.00706	-0.00192	-0.00706	0.99997		-84.25085	-159.60471	-0.73312	-0.27383	0.34635	-0.19068	0.24066	0.99998	0.00333	-0.00604	-0.00336	0.99998	-0.00478	0.00603	0.00480	0.99997	
130	0.65000	127.31315	-176.20209	-0.70235	0.40178	-0.11807	-0.11181	0.89925	1.00000	0.00195	0.00206	-0.00197	0.99997	0.00701	-0.00205	-0.00702	0.99997		-84.24612	-159.60110	-0.72878	-0.26920	0.33973	-0.18977	0.23242	0.99998	0.00331	-0.00593	-0.00334	0.99998	-0.00470	0.00591	0.00472	0.99997	
131	0.65500	127.27832	-176.21409	-0.70670	0.39953	-0.11371	-0.11435	0.89615	1.00000	0.00200	0.00198	-0.00201	0.99997	0.00697	-0.00197	-0.00698	0.99997		-84.24111	-159.60668	-0.73283	-0.26421	0.33764	-0.19186	0.25214	0.99998	0.00335	-0.00589	-0.00338	0.99998	-0.00461	0.00588	0.00463	0.99997	
132	0.66000	127.26454	-176.23292	-0.67833	0.39790	-0.11495	-0.11222	0.88546	1.00000	0.00196	0.00201	-0.00197	0.99997	0.00694	-0.00199	-0.00695	0.99997		-84.23757	-159.57977	-0.73733	-0.25715	0.33429	-0.19455	0.25303	0.99998	0.00340	-0.00583	-0.00342	0.99998	-0.00449	0.00582	0.00451	0.99997	
133	0.66500	127.31558	-176.21726	-0.67967	0.39840	-0.12430	-0.11432	0.88147	1.00000	0.00200	0.00217	-0.00201	0.99997	0.00695	-0.00216	-0.00696	0.99997		-84.24116	-159.57702	-0.73310	-0.25155	0.33176	-0.19154	0.24835	0.99998	0.00334	-0.00579	-0.00337	0.99998	-0.00439	0.00578	0.00441	0.99997	
134	0.67000	127.28006	-176.21644	-0.66606	0.39847	-0.11704	-0.11347	0.89246	1.00000	0.00198	0.00204	-0.00199	0.99997	0.00695	-0.00203	-0.00696	0.99997		-84.23036	-159.56395	-0.72071	-0.24557	0.32646	-0.19559	0.25477	0.99998	0.00341	-0.00570	-0.00344	0.99998	-0.00429	0.00568	0.00431	0.99997	
135	0.67500	127.33297	-176.22301	-0.67357	0.39945	-0.12696	-0.10626	0.90347	1.00000	0.00185	0.00222	-0.00187	0.99997	0.00697	-0.00220	-0.00698	0.99997		-84.23333	-159.56405	-0.72514	-0.23936	0.32593	-0.19451	0.25656	0.99998	0.00339	-0.00569	-0.00342	0.99999	-0.00418	0.00567	0.00420	0.99998	
