NO_OF_FRAMES	12040
NO_OF_CAMERAS	8
NO_OF_BODIES	2
FREQUENCY	200
NO_OF_ANALOG	0
ANALOG_FREQUENCY	0
DESCRIPTION	--
TIME_STAMP	2013-07-03, 12:05:45	12362.64305927
DATA_INCLUDED	6D
BODY_NAMES	Ice 1	Ice 2
Frame	Time	Ice 1 X	Y	Z	Roll	Pitch	Yaw	Residual	Rot[0]	Rot[1]	Rot[2]	Rot[3]	Rot[4]	Rot[5]	Rot[6]	Rot[7]	Rot[8]	Ice 2 X	Y	Z	Roll	Pitch	Yaw	Residual	Rot[0]	Rot[1]	Rot[2]	Rot[3]	Rot[4]	Rot[5]	Rot[6]	Rot[7]	Rot[8]	
1	0.00500	52.11670	50.19611	0.93625	0.74828	0.00581	-0.24535	1.04978	0.99999	0.00428	-0.00010	-0.00428	0.99991	0.01306	0.00016	-0.01306	0.99991		-141.89180	-89.69182	-0.21654	-0.42804	0.34392	-0.34705	0.21820	0.99996	0.00606	-0.00600	-0.00610	0.99995	-0.00747	0.00596	0.00751	0.99995	
2	0.01000	51.95307	50.11924	0.96235	0.72715	0.03451	-0.24485	1.04349	0.99999	0.00427	-0.00060	-0.00427	0.99991	0.01269	0.00066	-0.01269	0.99992		-141.91832	-89.60825	-0.20833	-0.39758	0.36219	-0.34900	0.18869	0.99996	0.00609	-0.00632	-0.00613	0.99996	-0.00694	0.00628	0.00698	0.99996	
3	0.01500	51.99318	50.11361	0.97570	0.72034	0.03246	-0.24949	1.03399	0.99999	0.00435	-0.00057	-0.00435	0.99991	0.01257	0.00062	-0.01257	0.99992		-141.92484	-89.59080	-0.20192	-0.37643	0.37003	-0.35065	0.19157	0.99996	0.00612	-0.00646	-0.00616	0.99996	-0.00657	0.00642	0.00661	0.99996	
4	0.02000	52.00553	50.11051	0.98565	0.71159	0.03222	-0.25092	1.02896	0.99999	0.00438	-0.00056	-0.00437	0.99991	0.01242	0.00062	-0.01242	0.99992		-141.93540	-89.58414	-0.19130	-0.35853	0.38126	-0.35659	0.20872	0.99996	0.00622	-0.00665	-0.00627	0.99996	-0.00626	0.00661	0.00630	0.99996	
5	0.02500	51.94741	50.10407	0.99997	0.70210	0.04111	-0.24278	1.04520	0.99999	0.00424	-0.00072	-0.00423	0.99992	0.01225	0.00077	-0.01225	0.99992		-141.91416	-89.57162	-0.18485	-0.33853	0.38270	-0.35390	0.19780	0.99996	0.00618	-0.00668	-0.00622	0.99996	-0.00591	0.00664	0.00595	0.99996	
6	0.03000	51.96674	50.10732	1.02902	0.69380	0.03842	-0.24878	1.03042	0.99999	0.00434	-0.00067	-0.00433	0.99992	0.01211	0.00072	-0.01211	0.99993		-141.93537	-89.54197	-0.17464	-0.31544	0.39636	-0.35627	0.20451	0.99996	0.00622	-0.00692	-0.00626	0.99997	-0.00551	0.00688	0.00555	0.99996	
7	0.03500	51.96401	50.10215	1.05389	0.68470	0.04566	-0.24189	1.03565	0.99999	0.00422	-0.00080	-0.00421	0.99992	0.01195	0.00085	-0.01195	0.99993		-141.95935	-89.54260	-0.18018	-0.29755	0.40555	-0.35478	0.20454	0.99996	0.00619	-0.00708	-0.00623	0.99997	-0.00519	0.00705	0.00524	0.99996	
8	0.04000	51.95741	50.10262	1.04247	0.67260	0.04483	-0.24071	1.04898	0.99999	0.00420	-0.00078	-0.00419	0.99992	0.01174	0.00083	-0.01174	0.99993		-141.97455	-89.50510	-0.16589	-0.27292	0.41311	-0.36068	0.19391	0.99995	0.00629	-0.00721	-0.00633	0.99997	-0.00476	0.00718	0.00481	0.99996	
9	0.04500	51.99071	50.08607	1.06672	0.66191	0.04587	-0.24301	1.03577	0.99999	0.00424	-0.00080	-0.00423	0.99992	0.01155	0.00085	-0.01155	0.99993		-141.97492	-89.50553	-0.15069	-0.25678	0.42209	-0.35874	0.20205	0.99995	0.00626	-0.00737	-0.00629	0.99997	-0.00448	0.00734	0.00453	0.99996	
10	0.05000	51.93131	50.06612	1.08047	0.64978	0.04984	-0.24164	1.03047	0.99999	0.00422	-0.00087	-0.00421	0.99993	0.01134	0.00092	-0.01134	0.99994		-141.99043	-89.46355	-0.15307	-0.23085	0.43436	-0.35979	0.21247	0.99995	0.00628	-0.00758	-0.00631	0.99997	-0.00403	0.00756	0.00408	0.99996	
11	0.05500	51.74996	49.89048	1.20770	0.63580	0.04760	-0.23446	1.09784	0.99999	0.00409	-0.00083	-0.00408	0.99993	0.01110	0.00088	-0.01109	0.99994		-142.03692	-89.43225	-0.16341	-0.20557	0.44864	-0.36149	0.20033	0.99995	0.00631	-0.00783	-0.00634	0.99997	-0.00359	0.00781	0.00364	0.99996	
12	0.06000	51.77035	49.88312	1.22076	0.62510	0.04708	-0.23434	1.12964	0.99999	0.00409	-0.00082	-0.00408	0.99993	0.01091	0.00087	-0.01091	0.99994		-142.00944	-89.42496	-0.16115	-0.18772	0.45100	-0.36052	0.17324	0.99995	0.00629	-0.00787	-0.00632	0.99997	-0.00328	0.00785	0.00333	0.99996	
13	0.06500	51.73933	49.86697	1.24752	0.61183	0.05046	-0.23034	1.10976	0.99999	0.00402	-0.00088	-0.00401	0.99993	0.01068	0.00092	-0.01067	0.99994		-142.06200	-89.41172	-0.16205	-0.16686	0.46217	-0.36055	0.19026	0.99995	0.00629	-0.00807	-0.00632	0.99998	-0.00291	0.00805	0.00296	0.99996	
14	0.07000	51.72387	49.83933	1.24294	0.59761	0.05008	-0.23132	1.12833	0.99999	0.00404	-0.00087	-0.00403	0.99994	0.01043	0.00092	-0.01043	0.99995		-142.02535	-89.41347	-0.15599	-0.14741	0.46891	-0.36098	0.18641	0.99995	0.00630	-0.00818	-0.00632	0.99998	-0.00257	0.00817	0.00262	0.99996	
15	0.07500	51.69867	49.84323	1.27789	0.58634	0.05521	-0.22624	1.13201	0.99999	0.00395	-0.00096	-0.00394	0.99994	0.01023	0.00100	-0.01023	0.99995		-142.09381	-89.38220	-0.16506	-0.12781	0.48239	-0.36185	0.18164	0.99994	0.00632	-0.00842	-0.00633	0.99998	-0.00223	0.00840	0.00228	0.99996	
16	0.08000	51.71870	49.82391	1.28404	0.56999	0.05355	-0.22943	1.13251	0.99999	0.00400	-0.00093	-0.00399	0.99994	0.00995	0.00097	-0.00994	0.99995		-142.09774	-89.37101	-0.15816	-0.10921	0.48741	-0.36398	0.19095	0.99994	0.00635	-0.00851	-0.00637	0.99998	-0.00191	0.00849	0.00196	0.99996	
17	0.08500	51.73171	49.80761	1.30087	0.55626	0.05497	-0.22456	1.13007	0.99999	0.00392	-0.00096	-0.00391	0.99995	0.00971	0.00100	-0.00970	0.99995		-142.06302	-89.35139	-0.15972	-0.09057	0.48852	-0.36501	0.18714	0.99994	0.00637	-0.00853	-0.00638	0.99998	-0.00158	0.00852	0.00164	0.99996	
18	0.09000	51.69093	49.80623	1.30976	0.54477	0.05822	-0.23018	1.12101	0.99999	0.00402	-0.00102	-0.00401	0.99995	0.00951	0.00105	-0.00950	0.99995		-142.07699	-89.34212	-0.15268	-0.07130	0.49803	-0.36362	0.18391	0.99994	0.00635	-0.00869	-0.00636	0.99998	-0.00124	0.00868	0.00130	0.99996	
19	0.09500	51.67265	49.79006	1.32568	0.52766	0.05680	-0.23265	1.13096	0.99999	0.00406	-0.00099	-0.00405	0.99995	0.00921	0.00103	-0.00921	0.99996		-142.07013	-89.28416	-0.16755	-0.04577	0.50609	-0.37349	0.18854	0.99994	0.00652	-0.00883	-0.00653	0.99998	-0.00080	0.00883	0.00086	0.99996	
20	0.10000	51.73022	49.76744	1.34354	0.51410	0.04972	-0.22808	1.11265	0.99999	0.00398	-0.00087	-0.00397	0.99995	0.00897	0.00090	-0.00897	0.99996		-142.07913	-89.26680	-0.16454	-0.02792	0.51266	-0.37254	0.17388	0.99994	0.00650	-0.00895	-0.00651	0.99998	-0.00049	0.00894	0.00055	0.99996	
21	0.10500	51.71062	49.77822	1.33691	0.50312	0.05009	-0.22751	1.12611	0.99999	0.00397	-0.00087	-0.00396	0.99995	0.00878	0.00091	-0.00878	0.99996		-142.08926	-89.26029	-0.16088	-0.01151	0.51711	-0.37701	0.20662	0.99994	0.00658	-0.00903	-0.00658	0.99998	-0.00020	0.00902	0.00026	0.99996	
22	0.11000	51.82910	49.81015	1.07962	0.48588	-0.01618	-0.23660	1.37904	0.99999	0.00413	0.00028	-0.00413	0.99996	0.00848	-0.00025	-0.00848	0.99996		-142.04248	-89.24297	-0.17558	0.00703	0.52011	-0.37888	0.19926	0.99994	0.00661	-0.00908	-0.00661	0.99998	0.00012	0.00908	-0.00006	0.99996	
23	0.11500	51.84165	49.79880	1.08068	0.47164	-0.01149	-0.22954	1.38836	0.99999	0.00401	0.00020	-0.00401	0.99996	0.00823	-0.00017	-0.00823	0.99997		-142.07954	-89.23005	-0.16330	0.02039	0.52683	-0.37934	0.20865	0.99994	0.00662	-0.00919	-0.00662	0.99998	0.00036	0.00920	-0.00029	0.99996	
24	0.12000	51.71339	49.75563	1.37847	0.45970	0.05086	-0.23026	1.11649	0.99999	0.00402	-0.00089	-0.00401	0.99996	0.00802	0.00092	-0.00802	0.99997		-142.09356	-89.21789	-0.16817	0.03587	0.53240	-0.37925	0.19873	0.99993	0.00662	-0.00929	-0.00661	0.99998	0.00063	0.00930	-0.00056	0.99996	
25	0.12500	51.72808	49.74969	1.39201	0.44684	0.04940	-0.23421	1.10269	0.99999	0.00409	-0.00086	-0.00408	0.99996	0.00780	0.00089	-0.00780	0.99997		-142.05058	-89.21476	-0.17340	0.04750	0.53001	-0.37857	0.19836	0.99994	0.00661	-0.00925	-0.00660	0.99998	0.00083	0.00926	-0.00077	0.99996	
26	0.13000	51.75452	49.73957	1.38572	0.43220	0.04529	-0.23261	1.10424	0.99999	0.00406	-0.00079	-0.00405	0.99996	0.00754	0.00082	-0.00754	0.99997		-142.09601	-89.20331	-0.16532	0.06059	0.53860	-0.38209	0.20880	0.99993	0.00667	-0.00940	-0.00666	0.99998	0.00106	0.00941	-0.00099	0.99996	
27	0.13500	51.89458	49.76414	1.15271	0.41940	-0.01177	-0.23699	1.36395	0.99999	0.00414	0.00021	-0.00414	0.99996	0.00732	-0.00018	-0.00732	0.99997		-142.07329	-89.20993	-0.18288	0.07111	0.54272	-0.37449	0.18556	0.99993	0.00654	-0.00947	-0.00652	0.99998	0.00124	0.00948	-0.00118	0.99995	
28	0.14000	51.76133	49.71511	1.40481	0.40429	0.04386	-0.23075	1.12455	0.99999	0.00403	-0.00077	-0.00402	0.99997	0.00706	0.00079	-0.00705	0.99997		-142.10607	-89.19735	-0.18278	0.08077	0.54183	-0.37416	0.18560	0.99993	0.00653	-0.00946	-0.00652	0.99998	0.00141	0.00947	-0.00135	0.99995	
29	0.14500	51.86659	49.73615	1.18222	0.39097	-0.01568	-0.23453	1.34683	0.99999	0.00409	0.00027	-0.00410	0.99997	0.00682	-0.00025	-0.00682	0.99998		-142.08286	-89.18000	-0.18399	0.09280	0.54676	-0.37835	0.19346	0.99993	0.00660	-0.00954	-0.00659	0.99998	0.00162	0.00955	-0.00156	0.99995	
30	0.15000	51.85325	49.72937	1.18222	0.37818	-0.01703	-0.23294	1.36467	0.99999	0.00407	0.00030	-0.00407	0.99997	0.00660	-0.00027	-0.00660	0.99998		-142.08399	-89.18126	-0.20064	0.10288	0.54525	-0.37732	0.19277	0.99993	0.00659	-0.00952	-0.00657	0.99998	0.00180	0.00953	-0.00173	0.99995	
31	0.15500	51.86919	49.71728	1.21239	0.36648	-0.01436	-0.23222	1.34756	0.99999	0.00405	0.00025	-0.00405	0.99997	0.00640	-0.00022	-0.00640	0.99998		-142.09583	-89.18926	-0.20040	0.10605	0.54468	-0.37414	0.19142	0.99993	0.00653	-0.00951	-0.00651	0.99998	0.00185	0.00952	-0.00179	0.99995	
32	0.16000	51.73612	49.66108	1.44045	0.35504	0.03016	-0.23456	1.11753	0.99999	0.00409	-0.00053	-0.00409	0.99997	0.00620	0.00055	-0.00619	0.99998		-142.07990	-89.17287	-0.19301	0.11749	0.54664	-0.37789	0.19365	0.99993	0.00660	-0.00954	-0.00658	0.99998	0.00205	0.00955	-0.00199	0.99995	
33	0.16500	51.75256	49.67267	1.48126	0.34568	0.02947	-0.22984	1.13058	0.99999	0.00401	-0.00051	-0.00401	0.99997	0.00603	0.00054	-0.00603	0.99998		-142.09884	-89.14828	-0.22669	0.12722	0.54996	-0.37414	0.17214	0.99993	0.00653	-0.00960	-0.00651	0.99998	0.00222	0.00961	-0.00216	0.99995	
34	0.17000	51.77824	49.64427	1.45868	0.33434	0.02241	-0.23020	1.12703	0.99999	0.00402	-0.00039	-0.00402	0.99997	0.00584	0.00041	-0.00583	0.99998		-142.11540	-89.14995	-0.21800	0.13076	0.54855	-0.37884	0.18221	0.99993	0.00661	-0.00957	-0.00659	0.99998	0.00228	0.00959	-0.00222	0.99995	
35	0.17500	51.87259	49.68284	1.23764	0.32390	-0.03181	-0.23765	1.33908	0.99999	0.00415	0.00056	-0.00415	0.99998	0.00565	-0.00053	-0.00566	0.99998		-142.10943	-89.15665	-0.22236	0.13451	0.54846	-0.37679	0.17658	0.99993	0.00658	-0.00957	-0.00655	0.99998	0.00235	0.00959	-0.00228	0.99995	
36	0.18000	51.90846	49.65565	1.22247	0.31284	-0.03576	-0.23832	1.36858	0.99999	0.00416	0.00062	-0.00416	0.99998	0.00546	-0.00060	-0.00546	0.99998		-142.11883	-89.12554	-0.23489	0.14047	0.54846	-0.37668	0.18186	0.99993	0.00657	-0.00957	-0.00655	0.99998	0.00245	0.00959	-0.00239	0.99995	
37	0.18500	51.71058	49.61252	1.49713	0.30623	0.02162	-0.24092	1.10937	0.99999	0.00420	-0.00038	-0.00420	0.99998	0.00534	0.00040	-0.00534	0.99999		-142.10102	-89.13816	-0.24330	0.14296	0.54588	-0.37762	0.19155	0.99993	0.00659	-0.00953	-0.00657	0.99998	0.00250	0.00954	-0.00243	0.99995	
38	0.19000	51.74436	49.58759	1.49521	0.29248	0.01594	-0.23546	1.13030	0.99999	0.00411	-0.00028	-0.00411	0.99998	0.00510	0.00030	-0.00510	0.99999		-142.12747	-89.14374	-0.24271	0.14339	0.54687	-0.37577	0.18837	0.99993	0.00656	-0.00954	-0.00653	0.99998	0.00250	0.00956	-0.00244	0.99995	
39	0.19500	51.74398	49.58566	1.48751	0.28623	0.01175	-0.23654	1.12557	0.99999	0.00413	-0.00021	-0.00413	0.99998	0.00500	0.00023	-0.00499	0.99999		-142.15116	-89.13806	-0.25493	0.14330	0.54548	-0.37842	0.17876	0.99993	0.00660	-0.00952	-0.00658	0.99998	0.00250	0.00954	-0.00244	0.99995	
40	0.20000	51.75939	49.54740	1.47535	0.27592	0.00934	-0.22565	1.14333	0.99999	0.00394	-0.00016	-0.00394	0.99998	0.00482	0.00018	-0.00482	0.99999		-142.09945	-89.14370	-0.25105	0.14219	0.53826	-0.37404	0.17764	0.99993	0.00653	-0.00939	-0.00650	0.99998	0.00248	0.00941	-0.00242	0.99995	
41	0.20500	51.71884	49.54683	1.47326	0.26815	0.00802	-0.22197	1.15497	0.99999	0.00387	-0.00014	-0.00387	0.99998	0.00468	0.00016	-0.00468	0.99999		-142.10355	-89.14359	-0.27580	0.13900	0.53731	-0.37469	0.18206	0.99993	0.00654	-0.00938	-0.00652	0.99998	0.00243	0.00939	-0.00236	0.99995	
42	0.21000	51.69904	49.51769	1.47732	0.25955	0.00598	-0.22089	1.16003	0.99999	0.00386	-0.00010	-0.00385	0.99998	0.00453	0.00012	-0.00453	0.99999		-142.09114	-89.14647	-0.27540	0.13807	0.52991	-0.37571	0.18968	0.99994	0.00656	-0.00925	-0.00654	0.99998	0.00241	0.00926	-0.00235	0.99995	
43	0.21500	51.73370	49.50920	1.47324	0.25446	0.00005	-0.21906	1.17707	0.99999	0.00382	-0.00000	-0.00382	0.99998	0.00444	0.00002	-0.00444	0.99999		-142.09486	-89.14619	-0.28337	0.13362	0.52682	-0.37402	0.17697	0.99994	0.00653	-0.00919	-0.00651	0.99998	0.00233	0.00921	-0.00227	0.99995	
44	0.22000	51.68175	49.50625	1.48662	0.25028	0.00043	-0.22233	1.17035	0.99999	0.00388	-0.00001	-0.00388	0.99998	0.00437	0.00002	-0.00437	0.99999		-142.11470	-89.16252	-0.29085	0.12642	0.52510	-0.37737	0.18488	0.99994	0.00659	-0.00916	-0.00657	0.99998	0.00221	0.00918	-0.00215	0.99996	
45	0.22500	51.68971	49.48879	1.49013	0.24817	-0.00380	-0.22008	1.18033	0.99999	0.00384	0.00007	-0.00384	0.99998	0.00433	-0.00005	-0.00433	0.99999		-142.10348	-89.15686	-0.30298	0.12318	0.51847	-0.37272	0.17265	0.99994	0.00650	-0.00905	-0.00649	0.99998	0.00215	0.00906	-0.00209	0.99996	
46	0.23000	51.66506	49.48312	1.49420	0.24324	-0.00836	-0.22518	1.17667	0.99999	0.00393	0.00015	-0.00393	0.99998	0.00425	-0.00013	-0.00425	0.99999		-142.04243	-89.20563	-0.30253	0.10710	0.50785	-0.37417	0.19330	0.99994	0.00653	-0.00886	-0.00651	0.99998	0.00187	0.00888	-0.00181	0.99996	
47	0.23500	51.68246	49.48204	1.49539	0.24253	-0.01257	-0.22053	1.18245	0.99999	0.00385	0.00022	-0.00385	0.99998	0.00423	-0.00020	-0.00423	0.99999		-142.09539	-89.17682	-0.32258	0.10660	0.50712	-0.37701	0.18433	0.99994	0.00658	-0.00885	-0.00656	0.99998	0.00186	0.00886	-0.00180	0.99996	
48	0.24000	51.69772	49.47524	1.49409	0.23786	-0.01608	-0.21407	1.20682	0.99999	0.00374	0.00028	-0.00374	0.99998	0.00415	-0.00027	-0.00415	0.99999		-142.05201	-89.23860	-0.30931	0.08827	0.49791	-0.37366	0.18481	0.99994	0.00652	-0.00869	-0.00651	0.99998	0.00154	0.00870	-0.00148	0.99996	
49	0.24500	51.64617	49.46997	1.48994	0.23939	-0.01779	-0.21830	1.20834	0.99999	0.00381	0.00031	-0.00381	0.99998	0.00418	-0.00029	-0.00418	0.99999		-142.08608	-89.20916	-0.35021	0.08492	0.49562	-0.37226	0.17362	0.99994	0.00650	-0.00865	-0.00648	0.99998	0.00148	0.00866	-0.00143	0.99996	
50	0.25000	51.61893	49.46709	1.49525	0.23960	-0.01878	-0.22309	1.18377	0.99999	0.00389	0.00033	-0.00389	0.99998	0.00418	-0.00031	-0.00418	0.99999		-142.03829	-89.23475	-0.34099	0.06845	0.48222	-0.37605	0.18536	0.99994	0.00656	-0.00842	-0.00655	0.99998	0.00119	0.00842	-0.00114	0.99996	
51	0.25500	51.66631	49.46832	1.48515	0.24173	-0.02946	-0.21786	1.20032	0.99999	0.00380	0.00051	-0.00380	0.99998	0.00422	-0.00050	-0.00422	0.99999		-142.03260	-89.26267	-0.33998	0.05555	0.47747	-0.37348	0.19195	0.99994	0.00652	-0.00833	-0.00651	0.99998	0.00097	0.00834	-0.00092	0.99996	
52	0.26000	51.64639	49.43703	1.48096	0.23927	-0.03216	-0.21377	1.20948	0.99999	0.00373	0.00056	-0.00373	0.99998	0.00418	-0.00055	-0.00418	0.99999		-142.06014	-89.26318	-0.36344	0.04297	0.46951	-0.37302	0.18523	0.99995	0.00651	-0.00819	-0.00650	0.99998	0.00075	0.00820	-0.00070	0.99997	
53	0.26500	51.64221	49.44736	1.47570	0.24150	-0.03962	-0.22044	1.20432	0.99999	0.00385	0.00069	-0.00385	0.99998	0.00422	-0.00068	-0.00422	0.99999		-142.02446	-89.27593	-0.36692	0.02937	0.45851	-0.37240	0.18210	0.99995	0.00650	-0.00800	-0.00650	0.99998	0.00051	0.00801	-0.00046	0.99997	
54	0.27000	51.59395	49.46803	1.49520	0.25067	-0.04114	-0.22889	1.18854	0.99999	0.00399	0.00072	-0.00400	0.99998	0.00437	-0.00070	-0.00438	0.99999		-142.02108	-89.30702	-0.37394	0.01244	0.45242	-0.36970	0.18337	0.99995	0.00645	-0.00790	-0.00645	0.99998	0.00022	0.00790	-0.00017	0.99997	
55	0.27500	51.58716	49.43412	1.46673	0.24846	-0.04076	-0.21448	1.20426	0.99999	0.00374	0.00071	-0.00375	0.99998	0.00434	-0.00070	-0.00434	0.99999		-142.03352	-89.30003	-0.38545	0.00115	0.44850	-0.37300	0.20247	0.99995	0.00651	-0.00783	-0.00651	0.99998	0.00002	0.00783	0.00003	0.99997	
56	0.28000	51.62419	49.44190	1.46001	0.25395	-0.05146	-0.21246	1.22098	0.99999	0.00371	0.00090	-0.00371	0.99998	0.00443	-0.00088	-0.00444	0.99999		-141.98468	-89.30558	-0.40542	-0.01289	0.43478	-0.37496	0.20651	0.99995	0.00654	-0.00759	-0.00655	0.99998	-0.00022	0.00759	0.00027	0.99997	
57	0.28500	51.61104	49.44649	1.43950	0.25953	-0.05130	-0.21547	1.21796	0.99999	0.00376	0.00090	-0.00376	0.99998	0.00453	-0.00088	-0.00453	0.99999		-142.00281	-89.33648	-0.41648	-0.03091	0.43152	-0.37101	0.19652	0.99995	0.00648	-0.00753	-0.00648	0.99998	-0.00054	0.00753	0.00059	0.99997	
58	0.29000	51.55501	49.47063	1.46744	0.26998	-0.05488	-0.22626	1.19949	0.99999	0.00395	0.00096	-0.00395	0.99998	0.00471	-0.00094	-0.00472	0.99999		-142.03668	-89.34684	-0.41874	-0.04783	0.42547	-0.36841	0.19778	0.99995	0.00643	-0.00743	-0.00644	0.99998	-0.00083	0.00742	0.00088	0.99997	
59	0.29500	51.58331	49.46749	1.45362	0.27534	-0.06198	-0.23007	1.19620	0.99999	0.00402	0.00108	-0.00402	0.99998	0.00481	-0.00106	-0.00481	0.99999		-142.00955	-89.41109	-0.41675	-0.07355	0.41161	-0.36285	0.17933	0.99995	0.00633	-0.00718	-0.00634	0.99998	-0.00128	0.00718	0.00133	0.99997	
60	0.30000	51.58165	49.48168	1.43795	0.28483	-0.06583	-0.22602	1.20602	0.99999	0.00394	0.00115	-0.00395	0.99998	0.00497	-0.00113	-0.00498	0.99999		-142.01723	-89.43126	-0.42328	-0.09236	0.40426	-0.36425	0.19366	0.99995	0.00636	-0.00706	-0.00637	0.99998	-0.00161	0.00705	0.00166	0.99997	
61	0.30500	51.54942	49.47728	1.40985	0.29131	-0.06956	-0.22771	1.19035	0.99999	0.00397	0.00121	-0.00398	0.99998	0.00508	-0.00119	-0.00509	0.99999		-142.02312	-89.44852	-0.42563	-0.11177	0.39421	-0.35728	0.18981	0.99996	0.00624	-0.00688	-0.00625	0.99998	-0.00195	0.00687	0.00199	0.99997	
62	0.31000	51.59769	49.49007	1.39518	0.30116	-0.07831	-0.22302	1.20482	0.99999	0.00389	0.00137	-0.00390	0.99998	0.00526	-0.00135	-0.00526	0.99999		-142.00507	-89.47617	-0.43655	-0.13203	0.38556	-0.35752	0.18871	0.99996	0.00624	-0.00673	-0.00626	0.99998	-0.00230	0.00671	0.00235	0.99997	
63	0.31500	51.60048	49.50269	1.39386	0.31149	-0.08236	-0.22754	1.20751	0.99999	0.00397	0.00144	-0.00398	0.99998	0.00544	-0.00142	-0.00544	0.99998		-142.00761	-89.46503	-0.43956	-0.14661	0.37989	-0.35765	0.18685	0.99996	0.00624	-0.00663	-0.00626	0.99998	-0.00256	0.00661	0.00260	0.99997	
64	0.32000	51.57480	49.49908	1.37053	0.31876	-0.08374	-0.23360	1.19837	0.99999	0.00408	0.00146	-0.00409	0.99998	0.00556	-0.00144	-0.00557	0.99998		-141.98149	-89.51741	-0.43332	-0.17258	0.36946	-0.35690	0.18862	0.99996	0.00623	-0.00645	-0.00625	0.99998	-0.00301	0.00643	0.00305	0.99997	
65	0.32500	51.59644	49.49678	1.36507	0.32504	-0.08329	-0.22754	1.19619	0.99999	0.00397	0.00145	-0.00398	0.99998	0.00567	-0.00143	-0.00568	0.99998		-141.96447	-89.52328	-0.43155	-0.19025	0.35680	-0.35271	0.19344	0.99996	0.00616	-0.00623	-0.00618	0.99998	-0.00332	0.00621	0.00336	0.99998	
66	0.33000	51.57750	49.52349	1.35854	0.33755	-0.08365	-0.22600	1.21178	0.99999	0.00394	0.00146	-0.00395	0.99997	0.00589	-0.00144	-0.00590	0.99998		-141.95145	-89.54681	-0.43842	-0.21253	0.35203	-0.34934	0.18329	0.99996	0.00610	-0.00614	-0.00612	0.99997	-0.00371	0.00612	0.00375	0.99997	
67	0.33500	51.66654	49.54754	1.10768	0.34664	-0.13205	-0.23137	1.42618	0.99999	0.00404	0.00230	-0.00405	0.99997	0.00605	-0.00228	-0.00606	0.99998		-141.94984	-89.55996	-0.45762	-0.23054	0.34519	-0.35364	0.20129	0.99996	0.00617	-0.00602	-0.00620	0.99997	-0.00402	0.00600	0.00406	0.99997	
68	0.34000	51.57420	49.52716	1.32962	0.36087	-0.08801	-0.23144	1.20546	0.99999	0.00404	0.00154	-0.00405	0.99997	0.00630	-0.00151	-0.00630	0.99998		-141.92138	-89.60215	-0.42171	-0.25740	0.33275	-0.35424	0.21339	0.99996	0.00618	-0.00581	-0.00621	0.99997	-0.00449	0.00578	0.00453	0.99997	
69	0.34500	51.62284	49.53752	1.31634	0.37009	-0.09287	-0.22880	1.20924	0.99999	0.00399	0.00162	-0.00400	0.99997	0.00646	-0.00160	-0.00647	0.99998		-141.90504	-89.62565	-0.44100	-0.27671	0.32423	-0.35120	0.19973	0.99997	0.00613	-0.00566	-0.00616	0.99997	-0.00483	0.00563	0.00486	0.99997	
70	0.35000	51.62459	49.54262	1.29465	0.38476	-0.09845	-0.23465	1.20279	0.99999	0.00410	0.00172	-0.00411	0.99997	0.00672	-0.00169	-0.00672	0.99998		-141.91426	-89.61833	-0.44766	-0.29340	0.31806	-0.35215	0.20187	0.99997	0.00615	-0.00555	-0.00617	0.99997	-0.00512	0.00552	0.00515	0.99997	
71	0.35500	51.60903	49.55987	1.30321	0.39686	-0.09873	-0.23156	1.20354	0.99999	0.00404	0.00172	-0.00405	0.99997	0.00693	-0.00170	-0.00693	0.99997		-141.91083	-89.64879	-0.44980	-0.31430	0.31284	-0.34872	0.20324	0.99997	0.00609	-0.00546	-0.00612	0.99997	-0.00549	0.00543	0.00552	0.99997	
72	0.36000	51.61264	49.56218	1.27423	0.40694	-0.10041	-0.23089	1.21702	0.99999	0.00403	0.00175	-0.00404	0.99997	0.00710	-0.00172	-0.00711	0.99997		-141.88461	-89.66016	-0.44832	-0.33288	0.30254	-0.34849	0.21091	0.99997	0.00608	-0.00528	-0.00611	0.99996	-0.00581	0.00524	0.00584	0.99997	
73	0.36500	51.62101	49.58072	1.26935	0.42293	-0.10100	-0.22833	1.20865	0.99999	0.00399	0.00176	-0.00400	0.99996	0.00738	-0.00173	-0.00739	0.99997		-141.86505	-89.68770	-0.45468	-0.35517	0.29391	-0.35103	0.19392	0.99997	0.00613	-0.00513	-0.00616	0.99996	-0.00620	0.00509	0.00623	0.99997	
74	0.37000	51.70919	49.62932	0.95119	0.43458	-0.16411	-0.23637	1.48024	0.99999	0.00413	0.00286	-0.00415	0.99996	0.00758	-0.00283	-0.00760	0.99997		-141.87732	-89.70620	-0.45697	-0.37242	0.28975	-0.35012	0.20431	0.99997	0.00611	-0.00506	-0.00614	0.99996	-0.00650	0.00502	0.00653	0.99997	
75	0.37500	51.56507	49.59597	1.23071	0.44832	-0.09489	-0.23098	1.20929	0.99999	0.00403	0.00166	-0.00404	0.99996	0.00782	-0.00162	-0.00783	0.99997		-141.85984	-89.72189	-0.47153	-0.39315	0.27940	-0.35132	0.20711	0.99997	0.00613	-0.00488	-0.00616	0.99996	-0.00686	0.00483	0.00689	0.99996	
76	0.38000	51.73245	49.65594	0.98918	0.46459	-0.15415	-0.23321	1.41445	0.99999	0.00407	0.00269	-0.00409	0.99996	0.00811	-0.00266	-0.00812	0.99996		-141.84577	-89.74760	-0.46565	-0.41186	0.27378	-0.34918	0.20315	0.99997	0.00609	-0.00478	-0.00613	0.99996	-0.00719	0.00473	0.00722	0.99996	
77	0.38500	51.57962	49.64307	1.20214	0.47821	-0.09231	-0.22749	1.21582	0.99999	0.00397	0.00161	-0.00398	0.99996	0.00835	-0.00158	-0.00835	0.99996		-141.86614	-89.75061	-0.47207	-0.42877	0.26969	-0.34652	0.21019	0.99997	0.00605	-0.00471	-0.00608	0.99995	-0.00748	0.00466	0.00751	0.99996	
78	0.39000	51.71045	49.67735	0.94226	0.48959	-0.15109	-0.23028	1.42689	0.99999	0.00402	0.00264	-0.00404	0.99996	0.00854	-0.00260	-0.00856	0.99996		-141.84771	-89.77385	-0.47502	-0.44654	0.26766	-0.34755	0.20108	0.99997	0.00607	-0.00467	-0.00610	0.99995	-0.00779	0.00462	0.00782	0.99996	
79	0.39500	51.58958	49.66965	1.17436	0.50787	-0.09265	-0.23076	1.21619	0.99999	0.00403	0.00162	-0.00404	0.99995	0.00886	-0.00158	-0.00887	0.99996		-141.85729	-89.81166	-0.47257	-0.46531	0.25990	-0.34444	0.19154	0.99997	0.00601	-0.00454	-0.00605	0.99995	-0.00812	0.00449	0.00815	0.99996	
80	0.40000	51.58778	49.67265	1.14648	0.52028	-0.09286	-0.23195	1.21051	0.99999	0.00405	0.00162	-0.00406	0.99995	0.00908	-0.00158	-0.00909	0.99996		-141.86106	-89.82197	-0.46653	-0.48364	0.25665	-0.33981	0.19663	0.99997	0.00593	-0.00448	-0.00597	0.99995	-0.00844	0.00443	0.00847	0.99995	
81	0.40500	51.68260	49.72757	0.89197	0.53614	-0.14799	-0.23089	1.43290	0.99999	0.00403	0.00258	-0.00405	0.99995	0.00936	-0.00255	-0.00937	0.99995		-141.84815	-89.83914	-0.46926	-0.49823	0.25097	-0.34293	0.18865	0.99997	0.00599	-0.00438	-0.00602	0.99994	-0.00870	0.00433	0.00872	0.99995	
82	0.41000	51.74458	49.73577	0.86198	0.54954	-0.15790	-0.23492	1.46899	0.99999	0.00410	0.00276	-0.00413	0.99995	0.00959	-0.00272	-0.00960	0.99995		-141.83183	-89.87709	-0.46312	-0.51762	0.24429	-0.33916	0.19229	0.99997	0.00592	-0.00426	-0.00596	0.99994	-0.00903	0.00421	0.00906	0.99995	
83	0.41500	51.70995	49.75330	0.86684	0.56183	-0.15310	-0.22971	1.44811	0.99999	0.00401	0.00267	-0.00404	0.99994	0.00981	-0.00263	-0.00982	0.99995		-141.83429	-89.91014	-0.46489	-0.53616	0.23745	-0.33491	0.17942	0.99997	0.00585	-0.00414	-0.00588	0.99994	-0.00936	0.00409	0.00938	0.99995	
84	0.42000	51.61475	49.72205	1.08414	0.57615	-0.09081	-0.22773	1.21835	0.99999	0.00397	0.00158	-0.00399	0.99994	0.01006	-0.00154	-0.01006	0.99995		-141.83988	-89.92774	-0.45955	-0.54962	0.23807	-0.33770	0.18854	0.99997	0.00589	-0.00416	-0.00593	0.99994	-0.00959	0.00410	0.00962	0.99995	
85	0.42500	51.59788	49.71701	1.08872	0.58889	-0.08589	-0.23419	1.21626	0.99999	0.00409	0.00150	-0.00410	0.99994	0.01028	-0.00146	-0.01028	0.99995		-141.86432	-89.92739	-0.46241	-0.56044	0.23643	-0.33965	0.18722	0.99997	0.00593	-0.00413	-0.00597	0.99993	-0.00978	0.00407	0.00981	0.99994	
86	0.43000	51.61858	49.73840	1.08046	0.60058	-0.08732	-0.23544	1.22376	0.99999	0.00411	0.00152	-0.00413	0.99994	0.01048	-0.00148	-0.01049	0.99994		-141.82336	-89.94295	-0.44059	-0.57411	0.23358	-0.33571	0.19590	0.99997	0.00586	-0.00408	-0.00590	0.99993	-0.01002	0.00402	0.01004	0.99994	
87	0.43500	51.72388	49.78057	0.79690	0.61109	-0.14892	-0.23645	1.46495	0.99999	0.00413	0.00260	-0.00415	0.99993	0.01067	-0.00255	-0.01068	0.99994		-141.83283	-89.95405	-0.44384	-0.58324	0.23206	-0.33572	0.18442	0.99997	0.00586	-0.00405	-0.00590	0.99993	-0.01018	0.00399	0.01020	0.99994	
88	0.44000	51.73927	49.80017	0.79601	0.62352	-0.15574	-0.23347	1.48052	0.99999	0.00407	0.00272	-0.00410	0.99993	0.01088	-0.00267	-0.01089	0.99994		-141.83479	-89.96965	-0.44652	-0.59536	0.22949	-0.33458	0.18767	0.99997	0.00584	-0.00401	-0.00588	0.99993	-0.01039	0.00394	0.01041	0.99994	
89	0.44500	51.59182	49.75684	1.03908	0.63542	-0.07443	-0.23536	1.22845	0.99999	0.00411	0.00130	-0.00412	0.99993	0.01109	-0.00125	-0.01110	0.99994		-141.81195	-89.97358	-0.42161	-0.60218	0.23007	-0.33652	0.18889	0.99997	0.00587	-0.00402	-0.00592	0.99993	-0.01051	0.00395	0.01053	0.99994	
90	0.45000	51.60305	49.76781	1.01572	0.64928	-0.07437	-0.23471	1.21011	0.99999	0.00410	0.00130	-0.00411	0.99993	0.01133	-0.00125	-0.01134	0.99993		-141.82406	-89.99188	-0.43678	-0.61287	0.22928	-0.33308	0.19365	0.99998	0.00581	-0.00400	-0.00586	0.99993	-0.01070	0.00394	0.01072	0.99993	
91	0.45500	51.61262	49.78581	1.03129	0.65857	-0.07116	-0.23460	1.21907	0.99999	0.00409	0.00124	-0.00411	0.99993	0.01149	-0.00119	-0.01150	0.99993		-141.82327	-89.99260	-0.42818	-0.61920	0.23027	-0.33577	0.18878	0.99997	0.00586	-0.00402	-0.00590	0.99992	-0.01081	0.00396	0.01083	0.99993	
92	0.46000	51.63165	49.79198	1.01690	0.67081	-0.07099	-0.23641	1.20780	0.99999	0.00413	0.00124	-0.00414	0.99992	0.01171	-0.00119	-0.01171	0.99993		-141.83760	-90.00604	-0.42332	-0.62554	0.23179	-0.33321	0.19219	0.99997	0.00582	-0.00405	-0.00586	0.99992	-0.01092	0.00398	0.01094	0.99993	
93	0.46500	51.59830	49.78962	1.00730	0.67868	-0.06337	-0.23555	1.21831	0.99999	0.00411	0.00111	-0.00412	0.99992	0.01184	-0.00106	-0.01185	0.99993		-141.81372	-90.03928	-0.39711	-0.63730	0.22731	-0.33477	0.19246	0.99998	0.00584	-0.00397	-0.00589	0.99992	-0.01112	0.00390	0.01115	0.99993	
94	0.47000	51.59448	49.79777	1.00270	0.68707	-0.05872	-0.23724	1.21171	0.99999	0.00414	0.00102	-0.00415	0.99992	0.01199	-0.00098	-0.01200	0.99993		-141.81657	-90.02732	-0.40994	-0.63752	0.23071	-0.33595	0.18855	0.99997	0.00586	-0.00403	-0.00591	0.99992	-0.01113	0.00396	0.01115	0.99993	
95	0.47500	51.56137	49.81500	0.98822	0.69713	-0.05173	-0.23597	1.21442	0.99999	0.00412	0.00090	-0.00413	0.99992	0.01217	-0.00085	-0.01217	0.99993		-141.83244	-90.03169	-0.40144	-0.64066	0.23463	-0.33224	0.17701	0.99997	0.00580	-0.00410	-0.00584	0.99992	-0.01118	0.00403	0.01120	0.99993	
96	0.48000	51.58317	49.82452	0.97055	0.70744	-0.05265	-0.23400	1.20998	0.99999	0.00408	0.00092	-0.00410	0.99992	0.01235	-0.00087	-0.01235	0.99992		-141.80853	-90.04601	-0.37619	-0.64570	0.23442	-0.33421	0.19543	0.99997	0.00583	-0.00409	-0.00588	0.99992	-0.01127	0.00403	0.01129	0.99993	
97	0.48500	51.56466	49.83228	0.98747	0.71511	-0.04378	-0.23664	1.21270	0.99999	0.00413	0.00076	-0.00414	0.99991	0.01248	-0.00071	-0.01248	0.99992		-141.82954	-90.03007	-0.37711	-0.64087	0.24127	-0.33260	0.18786	0.99997	0.00580	-0.00421	-0.00585	0.99992	-0.01119	0.00415	0.01121	0.99993	
98	0.49000	51.58390	49.82886	0.98620	0.72174	-0.04147	-0.23833	1.21491	0.99999	0.00416	0.00072	-0.00417	0.99991	0.01260	-0.00067	-0.01260	0.99992		-141.81371	-90.06040	-0.35572	-0.64874	0.24018	-0.33336	0.17780	0.99997	0.00582	-0.00419	-0.00587	0.99992	-0.01132	0.00413	0.01135	0.99993	
99	0.49500	51.56795	49.83575	0.96644	0.72821	-0.03581	-0.23770	1.21441	0.99999	0.00415	0.00063	-0.00416	0.99991	0.01271	-0.00057	-0.01271	0.99992		-141.84421	-90.03751	-0.36525	-0.64020	0.24876	-0.33616	0.18688	0.99997	0.00587	-0.00434	-0.00592	0.99992	-0.01117	0.00428	0.01120	0.99993	
100	0.50000	51.55433	49.84386	0.96793	0.73562	-0.03126	-0.23868	1.21371	0.99999	0.00417	0.00055	-0.00417	0.99991	0.01284	-0.00049	-0.01284	0.99992		-141.85268	-90.05153	-0.36087	-0.64227	0.25287	-0.33214	0.18022	0.99997	0.00580	-0.00441	-0.00585	0.99992	-0.01121	0.00435	0.01123	0.99993	
101	0.50500	51.50362	49.85487	0.98798	0.73938	-0.02005	-0.23653	1.20339	0.99999	0.00413	0.00035	-0.00413	0.99991	0.01290	-0.00030	-0.01291	0.99992		-141.84257	-90.05735	-0.33664	-0.63999	0.25726	-0.33445	0.18474	0.99997	0.00584	-0.00449	-0.00589	0.99992	-0.01117	0.00442	0.01120	0.99993	
102	0.51000	51.59163	49.86069	0.96095	0.74573	-0.02332	-0.23534	1.22264	0.99999	0.00411	0.00041	-0.00411	0.99991	0.01302	-0.00035	-0.01302	0.99992		-141.84436	-90.06294	-0.33716	-0.63597	0.25888	-0.33257	0.18189	0.99997	0.00580	-0.00452	-0.00585	0.99992	-0.01110	0.00445	0.01113	0.99993	
103	0.51500	51.52996	49.84209	0.97630	0.74787	-0.01166	-0.23917	1.20490	0.99999	0.00417	0.00020	-0.00418	0.99991	0.01305	-0.00015	-0.01305	0.99991		-141.85683	-90.03441	-0.33055	-0.62589	0.26811	-0.33363	0.17872	0.99997	0.00582	-0.00468	-0.00587	0.99992	-0.01092	0.00462	0.01095	0.99993	
104	0.52000	51.53075	49.86537	0.97290	0.74969	-0.00911	-0.23262	1.22264	0.99999	0.00406	0.00016	-0.00406	0.99991	0.01308	-0.00011	-0.01308	0.99991		-141.88752	-90.02894	-0.33124	-0.62046	0.27429	-0.33395	0.16536	0.99997	0.00583	-0.00479	-0.00588	0.99992	-0.01083	0.00472	0.01086	0.99993	
105	0.52500	51.54277	49.86452	0.97053	0.75716	-0.00553	-0.23581	1.20758	0.99999	0.00412	0.00010	-0.00412	0.99990	0.01321	-0.00004	-0.01321	0.99991		-141.85374	-90.05257	-0.30739	-0.61762	0.28177	-0.33263	0.18021	0.99997	0.00581	-0.00492	-0.00586	0.99992	-0.01078	0.00485	0.01081	0.99993	
106	0.53000	51.54012	49.86880	0.96897	0.75730	-0.00286	-0.23909	1.21243	0.99999	0.00417	0.00005	-0.00417	0.99990	0.01322	0.00001	-0.01322	0.99991		-141.87249	-90.05761	-0.29142	-0.61136	0.28701	-0.33211	0.18502	0.99997	0.00580	-0.00501	-0.00585	0.99993	-0.01067	0.00495	0.01070	0.99993	
107	0.53500	51.49045	49.86370	0.99466	0.75776	0.00815	-0.23729	1.21734	0.99999	0.00414	-0.00014	-0.00414	0.99990	0.01323	0.00020	-0.01322	0.99991		-141.92130	-90.02040	-0.29737	-0.59656	0.29718	-0.34045	0.17478	0.99997	0.00594	-0.00519	-0.00600	0.99993	-0.01041	0.00512	0.01044	0.99993	
108	0.54000	51.49720	49.85052	1.00699	0.75821	0.01254	-0.23928	1.21678	0.99999	0.00418	-0.00022	-0.00417	0.99990	0.01323	0.00027	-0.01323	0.99991		-141.89214	-90.01436	-0.29517	-0.58602	0.30289	-0.33398	0.17696	0.99997	0.00583	-0.00529	-0.00588	0.99993	-0.01023	0.00523	0.01026	0.99993	
109	0.54500	51.48071	49.89638	1.00656	0.76498	0.01206	-0.24772	1.20371	0.99999	0.00432	-0.00021	-0.00432	0.99990	0.01335	0.00027	-0.01335	0.99991		-141.92519	-90.00773	-0.28761	-0.57629	0.30876	-0.33402	0.15600	0.99997	0.00583	-0.00539	-0.00588	0.99993	-0.01006	0.00533	0.01009	0.99993	
110	0.55000	51.47600	49.87775	1.01742	0.75791	0.02567	-0.23877	1.21740	0.99999	0.00417	-0.00045	-0.00416	0.99990	0.01323	0.00050	-0.01323	0.99991		-141.91200	-90.00477	-0.29327	-0.56467	0.31304	-0.33429	0.17761	0.99997	0.00583	-0.00546	-0.00589	0.99993	-0.00985	0.00541	0.00989	0.99994	
111	0.55500	51.47375	49.87396	1.01758	0.75581	0.03029	-0.23505	1.21971	0.99999	0.00410	-0.00053	-0.00409	0.99990	0.01319	0.00058	-0.01319	0.99991		-141.90398	-89.98627	-0.27069	-0.55001	0.32613	-0.33748	0.18062	0.99997	0.00589	-0.00569	-0.00594	0.99994	-0.00960	0.00564	0.00963	0.99994	
112	0.56000	51.46799	49.86651	1.03041	0.75252	0.03119	-0.23604	1.22423	0.99999	0.00412	-0.00054	-0.00411	0.99991	0.01313	0.00060	-0.01313	0.99991		-141.92448	-89.96912	-0.27192	-0.53784	0.32913	-0.33702	0.16130	0.99997	0.00588	-0.00574	-0.00594	0.99994	-0.00939	0.00569	0.00942	0.99994	
113	0.56500	51.48584	49.86182	1.02516	0.75083	0.03280	-0.23978	1.20276	0.99999	0.00418	-0.00057	-0.00418	0.99991	0.01310	0.00063	-0.01310	0.99991		-141.93345	-89.98058	-0.27291	-0.52562	0.33326	-0.33979	0.16769	0.99997	0.00593	-0.00582	-0.00598	0.99994	-0.00917	0.00576	0.00921	0.99994	
114	0.57000	51.50210	49.87277	1.04784	0.74879	0.03515	-0.23749	1.20782	0.99999	0.00415	-0.00061	-0.00414	0.99991	0.01307	0.00067	-0.01307	0.99991		-141.93225	-89.96112	-0.25052	-0.50788	0.34464	-0.33847	0.16015	0.99996	0.00591	-0.00602	-0.00596	0.99994	-0.00886	0.00596	0.00890	0.99994	
115	0.57500	51.46453	49.85669	1.04877	0.74090	0.04254	-0.23514	1.21915	0.99999	0.00410	-0.00074	-0.00409	0.99991	0.01293	0.00080	-0.01293	0.99992		-141.93660	-89.95740	-0.25196	-0.49307	0.35016	-0.34175	0.17369	0.99996	0.00596	-0.00611	-0.00602	0.99994	-0.00861	0.00606	0.00864	0.99994	
116	0.58000	51.46092	49.85956	1.07027	0.73547	0.04791	-0.23177	1.21432	0.99999	0.00405	-0.00084	-0.00403	0.99991	0.01284	0.00089	-0.01283	0.99992		-141.95645	-89.93473	-0.24173	-0.47573	0.36418	-0.33958	0.17594	0.99996	0.00593	-0.00636	-0.00598	0.99995	-0.00830	0.00631	0.00834	0.99995	
117	0.58500	51.46544	49.85650	1.08906	0.73355	0.04911	-0.23253	1.22060	0.99999	0.00406	-0.00086	-0.00405	0.99991	0.01280	0.00091	-0.01280	0.99992		-141.95707	-89.91480	-0.23532	-0.45819	0.37149	-0.33972	0.17188	0.99996	0.00593	-0.00648	-0.00598	0.99995	-0.00800	0.00644	0.00804	0.99995	
118	0.59000	51.47988	49.86062	1.09564	0.72560	0.05064	-0.23769	1.23620	0.99999	0.00415	-0.00088	-0.00414	0.99991	0.01266	0.00094	-0.01266	0.99992		-141.95848	-89.89597	-0.23304	-0.43987	0.37656	-0.34781	0.17654	0.99996	0.00607	-0.00657	-0.00612	0.99995	-0.00768	0.00653	0.00772	0.99995	
119	0.59500	51.44789	49.84474	1.11081	0.71826	0.05879	-0.23363	1.22841	0.99999	0.00408	-0.00103	-0.00406	0.99991	0.01254	0.00108	-0.01253	0.99992		-141.96270	-89.88503	-0.23091	-0.42219	0.38414	-0.35105	0.17789	0.99996	0.00613	-0.00670	-0.00618	0.99995	-0.00737	0.00666	0.00741	0.99995	
120	0.60000	51.44282	49.82796	1.13530	0.71000	0.06415	-0.23487	1.22427	0.99999	0.00410	-0.00112	-0.00409	0.99991	0.01239	0.00117	-0.01239	0.99992		-141.96353	-89.87116	-0.20805	-0.40370	0.39564	-0.34774	0.17640	0.99996	0.00607	-0.00691	-0.00612	0.99996	-0.00705	0.00686	0.00709	0.99995	
121	0.60500	51.39985	49.84114	1.14280	0.70277	0.06813	-0.23585	1.23140	0.99999	0.00412	-0.00119	-0.00410	0.99992	0.01227	0.00124	-0.01226	0.99992		-141.94720	-89.83991	-0.21004	-0.38348	0.39910	-0.34977	0.19116	0.99996	0.00610	-0.00697	-0.00615	0.99996	-0.00669	0.00692	0.00674	0.99995	
122	0.61000	51.45851	49.83567	1.16369	0.69469	0.06462	-0.23107	1.23235	0.99999	0.00403	-0.00113	-0.00402	0.99992	0.01212	0.00118	-0.01212	0.99993		-141.95149	-89.84065	-0.19536	-0.36530	0.40851	-0.35214	0.18775	0.99996	0.00615	-0.00713	-0.00619	0.99996	-0.00638	0.00709	0.00642	0.99995	
123	0.61500	51.39130	49.81994	1.18368	0.68248	0.07109	-0.22767	1.22569	0.99999	0.00397	-0.00124	-0.00396	0.99992	0.01191	0.00129	-0.01191	0.99993		-141.94677	-89.83875	-0.18869	-0.34773	0.41352	-0.34956	0.18328	0.99996	0.00610	-0.00722	-0.00614	0.99996	-0.00607	0.00718	0.00611	0.99996	
124	0.62000	51.42440	49.81333	1.17851	0.67399	0.07035	-0.23537	1.22384	0.99999	0.00411	-0.00123	-0.00409	0.99992	0.01176	0.00128	-0.01176	0.99993		-141.94838	-89.81699	-0.18630	-0.32888	0.41840	-0.34816	0.17720	0.99995	0.00608	-0.00730	-0.00612	0.99996	-0.00574	0.00727	0.00578	0.99996	
125	0.62500	51.45192	49.80970	1.20057	0.66756	0.06538	-0.23240	1.21195	0.99999	0.00406	-0.00114	-0.00404	0.99992	0.01165	0.00119	-0.01165	0.99993		-141.95749	-89.79703	-0.17182	-0.30797	0.42946	-0.35431	0.18664	0.99995	0.00618	-0.00750	-0.00622	0.99997	-0.00537	0.00746	0.00542	0.99996	
126	0.63000	51.41351	49.81425	1.21994	0.65535	0.07462	-0.22640	1.22458	0.99999	0.00395	-0.00130	-0.00394	0.99993	0.01144	0.00135	-0.01143	0.99993		-141.96998	-89.80293	-0.16474	-0.29221	0.43850	-0.35064	0.17718	0.99995	0.00612	-0.00765	-0.00616	0.99997	-0.00510	0.00762	0.00515	0.99996	
127	0.63500	51.43318	49.79190	1.23974	0.64385	0.07580	-0.23238	1.22214	0.99999	0.00406	-0.00132	-0.00404	0.99993	0.01124	0.00137	-0.01123	0.99994		-142.01498	-89.79296	-0.16191	-0.27207	0.44785	-0.35590	0.18197	0.99995	0.00621	-0.00782	-0.00625	0.99997	-0.00475	0.00779	0.00480	0.99996	
128	0.64000	51.40336	49.77663	1.25339	0.63177	0.07812	-0.23098	1.22060	0.99999	0.00403	-0.00136	-0.00402	0.99993	0.01103	0.00141	-0.01102	0.99994		-142.01918	-89.74178	-0.17289	-0.24501	0.46003	-0.35229	0.17407	0.99995	0.00615	-0.00803	-0.00618	0.99997	-0.00428	0.00800	0.00433	0.99996	
129	0.64500	51.54924	49.83276	0.98146	0.61846	0.00162	-0.23170	1.50515	0.99999	0.00404	-0.00003	-0.00404	0.99993	0.01079	0.00007	-0.01079	0.99994		-142.02032	-89.74210	-0.16171	-0.22614	0.46161	-0.35594	0.16891	0.99995	0.00621	-0.00806	-0.00624	0.99997	-0.00395	0.00803	0.00400	0.99996	
130	0.65000	51.41791	49.77334	1.27305	0.60923	0.07717	-0.22962	1.21954	0.99999	0.00401	-0.00135	-0.00399	0.99994	0.01063	0.00139	-0.01063	0.99994		-142.06335	-89.72925	-0.16251	-0.20954	0.47130	-0.35613	0.18080	0.99995	0.00622	-0.00823	-0.00625	0.99997	-0.00366	0.00820	0.00371	0.99996	
131	0.65500	51.57640	49.78780	1.00444	0.59507	0.00200	-0.23957	1.47653	0.99999	0.00418	-0.00003	-0.00418	0.99994	0.01039	0.00008	-0.01039	0.99995		-142.06050	-89.70777	-0.15216	-0.18714	0.48151	-0.35753	0.18871	0.99995	0.00624	-0.00840	-0.00627	0.99998	-0.00327	0.00838	0.00332	0.99996	
132	0.66000	51.38815	49.74129	1.31303	0.58220	0.08659	-0.22793	1.21632	0.99999	0.00398	-0.00151	-0.00396	0.99994	0.01016	0.00155	-0.01016	0.99995		-142.06471	-89.72736	-0.15304	-0.17153	0.48586	-0.35407	0.17694	0.99994	0.00618	-0.00848	-0.00621	0.99998	-0.00299	0.00846	0.00305	0.99996	
133	0.66500	51.38817	49.73561	1.32337	0.56939	0.08474	-0.23103	1.22394	0.99999	0.00403	-0.00148	-0.00402	0.99994	0.00994	0.00152	-0.00993	0.99995		-142.07843	-89.67689	-0.16272	-0.15055	0.48954	-0.35280	0.16430	0.99994	0.00616	-0.00854	-0.00618	0.99998	-0.00263	0.00853	0.00268	0.99996	
134	0.67000	51.40861	49.73679	1.34008	0.56074	0.08301	-0.22860	1.22541	0.99999	0.00399	-0.00145	-0.00398	0.99994	0.00979	0.00149	-0.00978	0.99995		-142.08637	-89.67223	-0.15584	-0.13226	0.49770	-0.35568	0.16854	0.99994	0.00621	-0.00869	-0.00623	0.99998	-0.00231	0.00867	0.00236	0.99996	
135	0.67500	51.39174	49.72223	1.34363	0.54613	0.08362	-0.22883	1.20671	0.99999	0.00399	-0.00146	-0.00398	0.99995	0.00953	0.00150	-0.00953	0.99995		-142.09671	-89.66134	-0.15683	-0.11411	0.49950	-0.35855	0.15037	0.99994	0.00626	-0.00872	-0.00628	0.99998	-0.00199	0.00871	0.00205	0.99996	
136	0.68000	51.54087	49.76643	1.09092	0.53542	0.00557	-0.23131	1.46588	0.99999	0.00404	-0.00010	-0.00404	0.99995	0.00934	0.00013	-0.00934	0.99996		-142.10165	-89.64602	-0.16214	-0.09661	0.50522	-0.35957	0.17301	0.99994	0.00628	-0.00882	-0.00629	0.99998	-0.00169	0.00881	0.00174	0.99996	
137	0.68500	51.37548	49.69462	1.36773	0.52214	0.08187	-0.23184	1.21635	0.99999	0.00405	-0.00143	-0.00403	0.99995	0.00911	0.00147	-0.00911	0.99996		-142.08682	-89.61476	-0.16821	-0.07408	0.51314	-0.36231	0.17553	0.99994	0.00632	-0.00896	-0.00634	0.99998	-0.00129	0.00895	0.00135	0.99996	
