NO_OF_FRAMES	12040
NO_OF_CAMERAS	8
NO_OF_BODIES	2
FREQUENCY	200
NO_OF_ANALOG	0
ANALOG_FREQUENCY	0
DESCRIPTION	--
TIME_STAMP	2013-07-03, 12:51:24	15101.51832919
DATA_INCLUDED	6D
BODY_NAMES	Ice 1	Ice 2
Frame	Time	Ice 1 X	Y	Z	Roll	Pitch	Yaw	Residual	Rot[0]	Rot[1]	Rot[2]	Rot[3]	Rot[4]	Rot[5]	Rot[6]	Rot[7]	Rot[8]	Ice 2 X	Y	Z	Roll	Pitch	Yaw	Residual	Rot[0]	Rot[1]	Rot[2]	Rot[3]	Rot[4]	Rot[5]	Rot[6]	Rot[7]	Rot[8]	
1	0.00500	99.37134	108.93623	1.58562	0.45290	-0.12001	0.12778	1.03762	1.00000	-0.00223	0.00209	0.00221	0.99997	0.00790	-0.00211	-0.00790	0.99997		-88.15637	-142.54725	-0.50370	-0.16181	0.44316	-1.05360	0.20649	0.99980	0.01839	-0.00773	-0.01841	0.99983	-0.00282	0.00768	0.00297	0.99997	
2	0.01000	99.26857	108.88165	1.54617	0.44497	-0.10317	0.12547	0.99704	1.00000	-0.00219	0.00180	0.00218	0.99997	0.00777	-0.00182	-0.00776	0.99997		-88.18295	-142.56284	-0.50003	-0.16498	0.45385	-1.05013	0.17002	0.99980	0.01833	-0.00792	-0.01835	0.99983	-0.00288	0.00787	0.00302	0.99996	
3	0.01500	99.27816	108.88152	1.52464	0.44639	-0.10263	0.12147	0.99229	1.00000	-0.00212	0.00179	0.00211	0.99997	0.00779	-0.00181	-0.00779	0.99997		-88.23427	-142.55566	-0.51972	-0.17039	0.45300	-1.05559	0.17781	0.99980	0.01842	-0.00791	-0.01845	0.99983	-0.00297	0.00785	0.00312	0.99996	
4	0.02000	99.29752	108.86528	1.54448	0.44640	-0.10288	0.12551	0.99530	1.00000	-0.00219	0.00180	0.00218	0.99997	0.00779	-0.00181	-0.00779	0.99997		-88.22225	-142.56018	-0.50333	-0.17399	0.45804	-1.05626	0.18527	0.99980	0.01843	-0.00799	-0.01846	0.99983	-0.00304	0.00794	0.00318	0.99996	
5	0.02500	99.25920	108.86466	1.52713	0.44839	-0.09572	0.12960	1.00747	1.00000	-0.00226	0.00167	0.00225	0.99997	0.00783	-0.00169	-0.00782	0.99997		-88.21238	-142.57759	-0.51977	-0.18092	0.45870	-1.05327	0.18451	0.99980	0.01838	-0.00801	-0.01841	0.99983	-0.00316	0.00795	0.00330	0.99996	
6	0.03000	99.27504	108.88529	1.52234	0.45436	-0.09661	0.12443	0.99306	1.00000	-0.00217	0.00169	0.00216	0.99997	0.00793	-0.00170	-0.00793	0.99997		-88.22344	-142.57612	-0.53165	-0.18835	0.45551	-1.05221	0.17387	0.99980	0.01836	-0.00795	-0.01839	0.99983	-0.00329	0.00789	0.00343	0.99996	
7	0.03500	99.30219	108.86564	1.52270	0.45520	-0.09590	0.12333	1.00422	1.00000	-0.00215	0.00167	0.00214	0.99997	0.00794	-0.00169	-0.00794	0.99997		-88.19257	-142.60404	-0.52748	-0.19536	0.45571	-1.05027	0.16823	0.99980	0.01833	-0.00795	-0.01836	0.99983	-0.00341	0.00789	0.00355	0.99996	
8	0.04000	99.29350	108.88855	1.50029	0.45807	-0.09236	0.12655	0.99955	1.00000	-0.00221	0.00161	0.00220	0.99997	0.00799	-0.00163	-0.00799	0.99997		-88.19746	-142.58118	-0.53984	-0.19871	0.45369	-1.05463	0.17637	0.99980	0.01841	-0.00792	-0.01843	0.99982	-0.00347	0.00785	0.00361	0.99996	
9	0.04500	99.28442	108.88847	1.51981	0.46272	-0.09093	0.12729	0.99703	1.00000	-0.00222	0.00159	0.00221	0.99996	0.00808	-0.00160	-0.00807	0.99997		-88.19505	-142.60220	-0.53565	-0.20399	0.46063	-1.05303	0.19460	0.99980	0.01838	-0.00804	-0.01841	0.99982	-0.00356	0.00797	0.00371	0.99996	
10	0.05000	99.22482	108.90728	1.50931	0.46667	-0.08530	0.12681	0.99839	1.00000	-0.00221	0.00149	0.00220	0.99996	0.00814	-0.00151	-0.00814	0.99997		-88.16331	-142.61648	-0.53946	-0.21280	0.45190	-1.05047	0.16280	0.99980	0.01833	-0.00789	-0.01836	0.99982	-0.00371	0.00782	0.00386	0.99996	
11	0.05500	99.11148	108.76868	1.65727	0.46239	-0.08102	0.13438	1.07537	1.00000	-0.00235	0.00141	0.00233	0.99996	0.00807	-0.00143	-0.00807	0.99997		-88.16326	-142.62056	-0.55586	-0.22070	0.45577	-1.05213	0.18201	0.99980	0.01836	-0.00795	-0.01839	0.99982	-0.00385	0.00788	0.00400	0.99996	
12	0.06000	99.08467	108.76245	1.65517	0.46775	-0.08032	0.12979	1.05265	1.00000	-0.00227	0.00140	0.00225	0.99996	0.00816	-0.00142	-0.00816	0.99997		-88.17419	-142.62448	-0.57219	-0.22394	0.45398	-1.05430	0.17582	0.99980	0.01840	-0.00792	-0.01843	0.99982	-0.00391	0.00785	0.00405	0.99996	
13	0.06500	99.05013	108.77801	1.66375	0.47035	-0.07228	0.13042	1.06064	1.00000	-0.00228	0.00126	0.00227	0.99996	0.00821	-0.00128	-0.00821	0.99997		-88.19827	-142.63073	-0.57991	-0.23064	0.45814	-1.05187	0.18743	0.99980	0.01836	-0.00800	-0.01839	0.99982	-0.00403	0.00792	0.00417	0.99996	
14	0.07000	99.07658	108.79592	1.67257	0.47683	-0.07275	0.13367	1.07584	1.00000	-0.00233	0.00127	0.00232	0.99996	0.00832	-0.00129	-0.00832	0.99996		-88.18992	-142.64149	-0.58342	-0.24059	0.45545	-1.05204	0.18556	0.99980	0.01836	-0.00795	-0.01839	0.99982	-0.00420	0.00787	0.00434	0.99996	
15	0.07500	99.07460	108.77267	1.66034	0.47878	-0.07062	0.12799	1.07803	1.00000	-0.00223	0.00123	0.00222	0.99996	0.00836	-0.00125	-0.00835	0.99996		-88.16394	-142.66108	-0.59554	-0.24808	0.45245	-1.04864	0.18888	0.99980	0.01830	-0.00790	-0.01834	0.99982	-0.00433	0.00782	0.00447	0.99996	
16	0.08000	99.05016	108.79166	1.67079	0.48629	-0.06784	0.12926	1.06197	1.00000	-0.00226	0.00118	0.00225	0.99996	0.00849	-0.00120	-0.00848	0.99996		-88.15804	-142.67740	-0.59132	-0.25393	0.45139	-1.04928	0.16557	0.99980	0.01831	-0.00788	-0.01835	0.99982	-0.00443	0.00780	0.00458	0.99996	
17	0.08500	99.03276	108.79825	1.64876	0.49109	-0.06436	0.12417	1.06456	1.00000	-0.00217	0.00112	0.00216	0.99996	0.00857	-0.00114	-0.00857	0.99996		-88.15771	-142.66086	-0.61194	-0.25954	0.45101	-1.05199	0.17685	0.99980	0.01836	-0.00787	-0.01840	0.99982	-0.00453	0.00779	0.00467	0.99996	
18	0.09000	98.98428	108.82304	1.67256	0.50070	-0.06311	0.11941	1.05636	1.00000	-0.00208	0.00110	0.00207	0.99996	0.00874	-0.00112	-0.00874	0.99996		-88.14941	-142.69382	-0.61130	-0.26804	0.45156	-1.04604	0.17894	0.99980	0.01826	-0.00788	-0.01829	0.99982	-0.00468	0.00779	0.00482	0.99996	
19	0.09500	99.04201	108.80327	1.66413	0.49970	-0.05602	0.13149	1.07853	1.00000	-0.00229	0.00098	0.00229	0.99996	0.00872	-0.00100	-0.00872	0.99996		-88.16795	-142.68820	-0.61880	-0.27437	0.45034	-1.05073	0.19339	0.99980	0.01834	-0.00786	-0.01838	0.99982	-0.00479	0.00777	0.00493	0.99996	
20	0.10000	98.92665	108.84031	1.69123	0.50983	-0.04867	0.11785	1.05967	1.00000	-0.00206	0.00085	0.00205	0.99996	0.00890	-0.00087	-0.00890	0.99996		-88.12568	-142.69401	-0.63548	-0.28284	0.44448	-1.05181	0.18533	0.99980	0.01836	-0.00776	-0.01839	0.99982	-0.00494	0.00767	0.00508	0.99996	
21	0.10500	98.99367	108.85046	1.66188	0.51819	-0.05145	0.11637	1.06711	1.00000	-0.00203	0.00090	0.00202	0.99996	0.00904	-0.00092	-0.00904	0.99996		-88.10837	-142.72408	-0.64377	-0.28947	0.44506	-1.04997	0.17115	0.99980	0.01832	-0.00777	-0.01836	0.99982	-0.00505	0.00767	0.00519	0.99996	
22	0.11000	98.98193	108.87047	1.65160	0.52315	-0.05056	0.11753	1.06649	1.00000	-0.00205	0.00088	0.00204	0.99996	0.00913	-0.00090	-0.00913	0.99996		-88.13128	-142.72952	-0.65926	-0.29754	0.44231	-1.04855	0.17873	0.99980	0.01830	-0.00772	-0.01834	0.99982	-0.00519	0.00762	0.00533	0.99996	
23	0.11500	98.96185	108.87495	1.67277	0.52699	-0.04492	0.12131	1.07474	1.00000	-0.00212	0.00078	0.00211	0.99996	0.00920	-0.00080	-0.00920	0.99996		-88.08679	-142.73260	-0.64709	-0.30394	0.44267	-1.04413	0.17651	0.99980	0.01822	-0.00773	-0.01826	0.99982	-0.00530	0.00763	0.00544	0.99996	
24	0.12000	98.93669	108.84669	1.64716	0.53061	-0.04274	0.11839	1.09167	1.00000	-0.00207	0.00075	0.00206	0.99996	0.00926	-0.00076	-0.00926	0.99996		-88.14255	-142.75833	-0.67086	-0.31144	0.44404	-1.05146	0.18204	0.99980	0.01835	-0.00775	-0.01839	0.99982	-0.00544	0.00765	0.00558	0.99996	
25	0.12500	98.93260	108.88356	1.66123	0.53879	-0.03603	0.11791	1.08587	1.00000	-0.00206	0.00063	0.00205	0.99995	0.00940	-0.00065	-0.00940	0.99996		-88.07426	-142.76763	-0.66289	-0.31809	0.44111	-1.04838	0.18162	0.99980	0.01830	-0.00770	-0.01834	0.99982	-0.00555	0.00760	0.00569	0.99995	
26	0.13000	98.92573	108.88507	1.63742	0.54172	-0.03833	0.11753	1.09124	1.00000	-0.00205	0.00067	0.00204	0.99995	0.00945	-0.00069	-0.00945	0.99996		-88.13716	-142.75549	-0.67396	-0.32362	0.44076	-1.05103	0.18644	0.99980	0.01834	-0.00769	-0.01839	0.99982	-0.00565	0.00759	0.00579	0.99995	
27	0.13500	98.89763	108.88976	1.63630	0.54646	-0.03166	0.11879	1.09493	1.00000	-0.00207	0.00055	0.00207	0.99995	0.00954	-0.00057	-0.00954	0.99995		-88.14465	-142.75787	-0.69056	-0.32742	0.44051	-1.05099	0.17597	0.99980	0.01834	-0.00769	-0.01839	0.99981	-0.00571	0.00758	0.00585	0.99995	
28	0.14000	98.93732	108.91666	1.64367	0.55420	-0.03024	0.11910	1.09060	1.00000	-0.00208	0.00053	0.00207	0.99995	0.00967	-0.00055	-0.00967	0.99995		-88.10193	-142.79110	-0.69031	-0.33569	0.43797	-1.04569	0.16729	0.99980	0.01825	-0.00764	-0.01829	0.99982	-0.00586	0.00754	0.00600	0.99995	
29	0.14500	98.88626	108.90737	1.62155	0.55590	-0.02583	0.12352	1.10061	1.00000	-0.00216	0.00045	0.00215	0.99995	0.00970	-0.00047	-0.00970	0.99995		-88.14452	-142.76237	-0.72650	-0.34365	0.43410	-1.04801	0.17426	0.99980	0.01829	-0.00758	-0.01834	0.99981	-0.00600	0.00747	0.00614	0.99995	
30	0.15000	98.93112	108.90879	1.64062	0.56211	-0.02656	0.12016	1.10388	1.00000	-0.00210	0.00046	0.00209	0.99995	0.00981	-0.00048	-0.00981	0.99995		-88.10531	-142.81732	-0.69760	-0.34901	0.43807	-1.04915	0.18402	0.99980	0.01831	-0.00765	-0.01836	0.99981	-0.00609	0.00753	0.00623	0.99995	
31	0.15500	98.90402	108.91333	1.63248	0.56733	-0.01984	0.11842	1.10439	1.00000	-0.00207	0.00035	0.00206	0.99995	0.00990	-0.00037	-0.00990	0.99995		-88.11683	-142.79304	-0.71784	-0.35329	0.43556	-1.04748	0.18773	0.99980	0.01828	-0.00760	-0.01833	0.99981	-0.00617	0.00749	0.00630	0.99995	
32	0.16000	98.90440	108.92536	1.62791	0.57116	-0.01958	0.12216	1.11953	1.00000	-0.00213	0.00034	0.00213	0.99995	0.00997	-0.00036	-0.00997	0.99995		-88.10311	-142.81672	-0.72948	-0.36417	0.43087	-1.04124	0.17371	0.99981	0.01817	-0.00752	-0.01822	0.99981	-0.00636	0.00740	0.00649	0.99995	
33	0.16500	98.94228	108.91575	1.63324	0.57339	-0.01747	0.12309	1.12108	1.00000	-0.00215	0.00030	0.00215	0.99995	0.01001	-0.00033	-0.01001	0.99995		-88.06570	-142.83592	-0.71739	-0.36791	0.43177	-1.04618	0.18081	0.99980	0.01826	-0.00754	-0.01831	0.99981	-0.00642	0.00742	0.00656	0.99995	
34	0.17000	98.86549	108.93586	1.62809	0.57819	-0.01129	0.11927	1.11370	1.00000	-0.00208	0.00020	0.00208	0.99995	0.01009	-0.00022	-0.01009	0.99995		-88.13142	-142.80974	-0.74099	-0.37353	0.43012	-1.04341	0.17112	0.99981	0.01821	-0.00751	-0.01826	0.99981	-0.00652	0.00739	0.00665	0.99995	
35	0.17500	98.84757	108.91781	1.63405	0.58049	-0.00304	0.11858	1.09996	1.00000	-0.00207	0.00005	0.00207	0.99995	0.01013	-0.00007	-0.01013	0.99995		-88.09787	-142.83527	-0.74124	-0.37668	0.43141	-1.04128	0.17924	0.99981	0.01817	-0.00753	-0.01822	0.99981	-0.00657	0.00741	0.00671	0.99995	
36	0.18000	98.88799	108.93608	1.61757	0.58598	-0.00424	0.11976	1.10532	1.00000	-0.00209	0.00007	0.00209	0.99995	0.01023	-0.00010	-0.01023	0.99995		-88.08659	-142.84644	-0.74466	-0.38369	0.42506	-1.04816	0.18282	0.99981	0.01829	-0.00742	-0.01834	0.99981	-0.00670	0.00729	0.00683	0.99995	
37	0.18500	98.84785	108.93262	1.61089	0.58872	-0.00181	0.12296	1.11830	1.00000	-0.00215	0.00003	0.00215	0.99994	0.01027	-0.00005	-0.01027	0.99995		-88.11564	-142.84394	-0.74822	-0.38755	0.42793	-1.04604	0.18390	0.99981	0.01826	-0.00747	-0.01831	0.99981	-0.00676	0.00734	0.00690	0.99995	
38	0.19000	98.87354	108.93712	1.60791	0.59233	-0.00063	0.12102	1.11089	1.00000	-0.00211	0.00001	0.00211	0.99994	0.01034	-0.00003	-0.01034	0.99995		-88.08763	-142.86511	-0.74789	-0.39539	0.42444	-1.04382	0.18433	0.99981	0.01822	-0.00741	-0.01827	0.99981	-0.00690	0.00728	0.00703	0.99995	
39	0.19500	98.84622	108.94982	1.62460	0.59565	0.00544	0.12788	1.11604	1.00000	-0.00223	-0.00009	0.00223	0.99994	0.01040	0.00007	-0.01040	0.99995		-88.08927	-142.87049	-0.75976	-0.39913	0.42031	-1.04104	0.16599	0.99981	0.01817	-0.00734	-0.01822	0.99981	-0.00697	0.00721	0.00710	0.99995	
40	0.20000	98.87087	108.93616	1.62206	0.59627	0.00873	0.12759	1.12460	1.00000	-0.00223	-0.00015	0.00223	0.99994	0.01041	0.00013	-0.01041	0.99995		-88.05730	-142.89037	-0.75563	-0.40337	0.41784	-1.04402	0.16674	0.99981	0.01822	-0.00729	-0.01827	0.99981	-0.00704	0.00716	0.00717	0.99995	
41	0.20500	98.81750	108.93356	1.60675	0.59972	0.01217	0.12211	1.11745	1.00000	-0.00213	-0.00021	0.00213	0.99994	0.01047	0.00019	-0.01047	0.99995		-88.10921	-142.88034	-0.76244	-0.40739	0.41436	-1.03938	0.16717	0.99981	0.01814	-0.00723	-0.01819	0.99981	-0.00711	0.00710	0.00724	0.99995	
42	0.21000	98.84385	108.93930	1.60549	0.60247	0.01416	0.12202	1.12621	1.00000	-0.00213	-0.00025	0.00213	0.99994	0.01051	0.00022	-0.01052	0.99994		-88.09040	-142.90280	-0.74983	-0.41226	0.41473	-1.03973	0.16811	0.99981	0.01815	-0.00724	-0.01820	0.99981	-0.00720	0.00711	0.00733	0.99995	
43	0.21500	98.77515	108.93488	1.60057	0.60333	0.01961	0.12103	1.10845	1.00000	-0.00211	-0.00034	0.00212	0.99994	0.01053	0.00032	-0.01053	0.99994		-88.06865	-142.88020	-0.75831	-0.41532	0.41157	-1.04389	0.18785	0.99981	0.01822	-0.00718	-0.01827	0.99981	-0.00725	0.00705	0.00738	0.99995	
44	0.22000	98.79125	108.95529	1.59340	0.60767	0.02205	0.12330	1.11920	1.00000	-0.00215	-0.00038	0.00216	0.99994	0.01061	0.00036	-0.01061	0.99994		-88.08205	-142.91174	-0.75750	-0.41963	0.41166	-1.04230	0.18167	0.99981	0.01819	-0.00718	-0.01824	0.99981	-0.00732	0.00705	0.00745	0.99995	
45	0.22500	98.82459	108.95330	1.59400	0.61086	0.01994	0.12268	1.11937	1.00000	-0.00214	-0.00035	0.00214	0.99994	0.01066	0.00033	-0.01066	0.99994		-88.08807	-142.89647	-0.74505	-0.41823	0.41341	-1.03963	0.18111	0.99981	0.01814	-0.00722	-0.01820	0.99981	-0.00730	0.00708	0.00743	0.99995	
46	0.23000	98.74370	108.95315	1.59037	0.60953	0.03126	0.12663	1.13328	1.00000	-0.00221	-0.00055	0.00222	0.99994	0.01064	0.00052	-0.01064	0.99994		-88.10531	-142.89991	-0.75711	-0.42342	0.41363	-1.04276	0.18022	0.99981	0.01820	-0.00722	-0.01825	0.99981	-0.00739	0.00708	0.00752	0.99995	
47	0.23500	98.79994	108.93784	1.60057	0.61329	0.02777	0.12029	1.10957	1.00000	-0.00210	-0.00048	0.00210	0.99994	0.01070	0.00046	-0.01070	0.99994		-88.07924	-142.89124	-0.74880	-0.42077	0.40491	-1.03902	0.16212	0.99981	0.01813	-0.00707	-0.01818	0.99981	-0.00734	0.00693	0.00747	0.99995	
48	0.24000	98.74419	108.95235	1.60648	0.61326	0.03476	0.12841	1.13037	1.00000	-0.00224	-0.00061	0.00225	0.99994	0.01070	0.00058	-0.01070	0.99994		-88.08182	-142.91090	-0.76105	-0.42606	0.40804	-1.03847	0.17242	0.99981	0.01812	-0.00712	-0.01818	0.99981	-0.00744	0.00699	0.00756	0.99995	
49	0.24500	98.75883	108.94362	1.59565	0.61543	0.03515	0.11981	1.11692	1.00000	-0.00209	-0.00061	0.00210	0.99994	0.01074	0.00059	-0.01074	0.99994		-88.07122	-142.91065	-0.74837	-0.42804	0.40620	-1.04366	0.18037	0.99981	0.01821	-0.00709	-0.01827	0.99981	-0.00747	0.00695	0.00760	0.99995	
50	0.25000	98.78962	108.95864	1.59116	0.61760	0.03271	0.12206	1.13254	1.00000	-0.00213	-0.00057	0.00214	0.99994	0.01078	0.00055	-0.01078	0.99994		-88.11069	-142.90991	-0.73915	-0.42862	0.40585	-1.03978	0.17231	0.99981	0.01815	-0.00708	-0.01820	0.99981	-0.00748	0.00695	0.00761	0.99995	
51	0.25500	98.75763	108.95803	1.58682	0.61851	0.03832	0.12003	1.12004	1.00000	-0.00209	-0.00067	0.00210	0.99994	0.01079	0.00065	-0.01080	0.99994		-88.06341	-142.90121	-0.73540	-0.42843	0.40022	-1.04141	0.17504	0.99981	0.01817	-0.00699	-0.01823	0.99981	-0.00748	0.00685	0.00760	0.99995	
52	0.26000	98.77522	108.94864	1.58778	0.61928	0.03534	0.12715	1.13847	1.00000	-0.00222	-0.00062	0.00223	0.99994	0.01081	0.00059	-0.01081	0.99994		-88.05930	-142.90869	-0.72693	-0.42899	0.40149	-1.04183	0.17751	0.99981	0.01818	-0.00701	-0.01823	0.99981	-0.00749	0.00687	0.00761	0.99995	
53	0.26500	98.72876	108.96314	1.59211	0.62191	0.04036	0.12255	1.14129	1.00000	-0.00214	-0.00070	0.00215	0.99994	0.01085	0.00068	-0.01086	0.99994		-88.12314	-142.89324	-0.73855	-0.42756	0.39980	-1.04121	0.17074	0.99981	0.01817	-0.00698	-0.01822	0.99981	-0.00746	0.00684	0.00759	0.99995	
54	0.27000	98.71647	108.95466	1.59912	0.62025	0.04200	0.12500	1.14344	1.00000	-0.00218	-0.00073	0.00219	0.99994	0.01083	0.00071	-0.01083	0.99994		-88.05042	-142.89510	-0.71093	-0.42466	0.40149	-1.04380	0.18261	0.99981	0.01822	-0.00701	-0.01827	0.99981	-0.00741	0.00687	0.00754	0.99995	
55	0.27500	98.74585	108.95888	1.59120	0.61937	0.03925	0.12255	1.13198	1.00000	-0.00214	-0.00069	0.00215	0.99994	0.01081	0.00066	-0.01081	0.99994		-88.11546	-142.89926	-0.71369	-0.42653	0.40248	-1.04071	0.19127	0.99981	0.01816	-0.00702	-0.01821	0.99981	-0.00744	0.00689	0.00757	0.99995	
56	0.28000	98.73718	108.94181	1.59108	0.61879	0.04282	0.12507	1.14719	1.00000	-0.00218	-0.00075	0.00219	0.99994	0.01080	0.00072	-0.01080	0.99994		-88.08160	-142.91084	-0.70135	-0.42599	0.39653	-1.04303	0.17807	0.99981	0.01820	-0.00692	-0.01825	0.99981	-0.00743	0.00678	0.00756	0.99995	
57	0.28500	98.74520	108.95684	1.59894	0.61720	0.04678	0.12909	1.13820	1.00000	-0.00225	-0.00082	0.00226	0.99994	0.01077	0.00079	-0.01077	0.99994		-88.07380	-142.89982	-0.69315	-0.42354	0.39467	-1.04325	0.17850	0.99981	0.01821	-0.00689	-0.01826	0.99981	-0.00739	0.00675	0.00752	0.99995	
58	0.29000	98.75088	108.95133	1.58756	0.61719	0.04413	0.12823	1.15459	1.00000	-0.00224	-0.00077	0.00225	0.99994	0.01077	0.00075	-0.01077	0.99994		-88.08085	-142.88408	-0.68905	-0.42321	0.39453	-1.04146	0.17471	0.99981	0.01818	-0.00689	-0.01823	0.99981	-0.00739	0.00675	0.00751	0.99995	
59	0.29500	98.77083	108.95304	1.59316	0.61731	0.04406	0.12753	1.15123	1.00000	-0.00223	-0.00077	0.00223	0.99994	0.01077	0.00074	-0.01078	0.99994		-88.05075	-142.88620	-0.67689	-0.41844	0.38892	-1.04489	0.17897	0.99981	0.01824	-0.00679	-0.01828	0.99981	-0.00730	0.00665	0.00743	0.99995	
60	0.30000	98.71908	108.96116	1.59617	0.61766	0.04750	0.12422	1.14698	1.00000	-0.00217	-0.00083	0.00218	0.99994	0.01078	0.00081	-0.01078	0.99994		-88.09813	-142.87059	-0.67668	-0.41511	0.39519	-1.04100	0.19097	0.99981	0.01817	-0.00690	-0.01822	0.99981	-0.00724	0.00676	0.00737	0.99995	
61	0.30500	98.73688	108.94765	1.59417	0.61434	0.05081	0.12568	1.14588	1.00000	-0.00219	-0.00089	0.00220	0.99994	0.01072	0.00086	-0.01072	0.99994		-88.08728	-142.88161	-0.67252	-0.41359	0.39175	-1.04091	0.16722	0.99981	0.01817	-0.00684	-0.01822	0.99981	-0.00722	0.00670	0.00734	0.99995	
62	0.31000	98.73163	108.94983	1.59448	0.61513	0.04696	0.12999	1.14576	1.00000	-0.00227	-0.00082	0.00228	0.99994	0.01074	0.00080	-0.01074	0.99994		-88.07735	-142.86834	-0.67728	-0.40728	0.39123	-1.04096	0.17946	0.99981	0.01817	-0.00683	-0.01822	0.99981	-0.00711	0.00670	0.00723	0.99995	
63	0.31500	98.70969	108.95305	1.60673	0.61354	0.05213	0.12713	1.14246	1.00000	-0.00222	-0.00091	0.00223	0.99994	0.01071	0.00089	-0.01071	0.99994		-88.08092	-142.86161	-0.64816	-0.40578	0.39207	-1.04125	0.17762	0.99981	0.01817	-0.00684	-0.01822	0.99981	-0.00708	0.00671	0.00721	0.99995	
64	0.32000	98.71327	108.93973	1.61569	0.61000	0.04990	0.12535	1.14275	1.00000	-0.00219	-0.00087	0.00220	0.99994	0.01065	0.00085	-0.01065	0.99994		-88.07032	-142.87068	-0.64840	-0.40166	0.38831	-1.04353	0.17145	0.99981	0.01821	-0.00678	-0.01826	0.99981	-0.00701	0.00665	0.00713	0.99995	
65	0.32500	98.66729	108.94036	1.61316	0.60812	0.04869	0.12639	1.13836	1.00000	-0.00221	-0.00085	0.00221	0.99994	0.01061	0.00083	-0.01062	0.99994		-88.08500	-142.83475	-0.62782	-0.39470	0.38957	-1.03910	0.17656	0.99981	0.01813	-0.00680	-0.01818	0.99981	-0.00689	0.00667	0.00701	0.99995	
66	0.33000	98.70610	108.94594	1.62059	0.60675	0.04716	0.12828	1.15993	1.00000	-0.00224	-0.00082	0.00225	0.99994	0.01059	0.00080	-0.01059	0.99994		-88.08641	-142.83349	-0.62390	-0.39019	0.38915	-1.04342	0.17976	0.99981	0.01821	-0.00679	-0.01826	0.99981	-0.00681	0.00667	0.00693	0.99995	
67	0.33500	98.71589	108.94109	1.61545	0.60500	0.04406	0.12408	1.15483	1.00000	-0.00217	-0.00077	0.00217	0.99994	0.01056	0.00075	-0.01056	0.99994		-88.07266	-142.83270	-0.61541	-0.38720	0.38295	-1.04229	0.16849	0.99981	0.01819	-0.00668	-0.01824	0.99981	-0.00676	0.00656	0.00688	0.99995	
68	0.34000	98.70449	108.94388	1.62406	0.60296	0.04762	0.13359	1.15621	1.00000	-0.00233	-0.00083	0.00234	0.99994	0.01052	0.00081	-0.01053	0.99994		-88.06739	-142.81066	-0.60770	-0.37805	0.38092	-1.04261	0.17265	0.99981	0.01820	-0.00665	-0.01824	0.99981	-0.00660	0.00653	0.00672	0.99996	
69	0.34500	98.68806	108.94012	1.62461	0.59987	0.04616	0.12745	1.14840	1.00000	-0.00222	-0.00081	0.00223	0.99994	0.01047	0.00078	-0.01047	0.99994		-88.08222	-142.82738	-0.59924	-0.37649	0.38568	-1.04002	0.18111	0.99981	0.01815	-0.00673	-0.01819	0.99981	-0.00657	0.00661	0.00669	0.99996	
70	0.35000	98.68812	108.93373	1.63013	0.59791	0.04404	0.12643	1.14951	1.00000	-0.00221	-0.00077	0.00221	0.99994	0.01044	0.00075	-0.01044	0.99995		-88.06273	-142.81861	-0.59105	-0.37167	0.37827	-1.04315	0.17031	0.99981	0.01821	-0.00660	-0.01825	0.99981	-0.00649	0.00648	0.00661	0.99996	
71	0.35500	98.69312	108.93123	1.64068	0.59331	0.04503	0.12827	1.16508	1.00000	-0.00224	-0.00079	0.00225	0.99994	0.01036	0.00076	-0.01036	0.99995		-88.06415	-142.80051	-0.58792	-0.36297	0.38243	-1.04558	0.17854	0.99981	0.01825	-0.00667	-0.01829	0.99981	-0.00633	0.00656	0.00646	0.99996	
72	0.36000	98.69559	108.93118	1.63007	0.59290	0.04247	0.12638	1.16239	1.00000	-0.00221	-0.00074	0.00221	0.99994	0.01035	0.00072	-0.01035	0.99995		-88.07277	-142.79121	-0.58391	-0.35585	0.38093	-1.04292	0.17695	0.99981	0.01820	-0.00665	-0.01824	0.99981	-0.00621	0.00653	0.00633	0.99996	
73	0.36500	98.71783	108.91177	1.62963	0.58832	0.03586	0.12523	1.17120	1.00000	-0.00219	-0.00063	0.00219	0.99994	0.01027	0.00060	-0.01027	0.99995		-88.09232	-142.78695	-0.56320	-0.34871	0.38421	-1.04105	0.17579	0.99981	0.01817	-0.00671	-0.01821	0.99982	-0.00609	0.00659	0.00621	0.99996	
74	0.37000	98.70496	108.92886	1.64692	0.58726	0.03420	0.12816	1.15926	1.00000	-0.00224	-0.00060	0.00224	0.99994	0.01025	0.00057	-0.01025	0.99995		-88.06233	-142.75457	-0.56836	-0.34215	0.37987	-1.04565	0.17951	0.99981	0.01825	-0.00663	-0.01829	0.99981	-0.00597	0.00652	0.00609	0.99996	
75	0.37500	98.74195	108.92761	1.63666	0.58407	0.03113	0.12684	1.15993	1.00000	-0.00221	-0.00054	0.00222	0.99995	0.01019	0.00052	-0.01019	0.99995		-88.05645	-142.77393	-0.56029	-0.33920	0.37935	-1.04515	0.17028	0.99981	0.01824	-0.00662	-0.01828	0.99982	-0.00592	0.00651	0.00604	0.99996	
76	0.38000	98.72264	108.91234	1.65729	0.57835	0.02815	0.12994	1.16441	1.00000	-0.00227	-0.00049	0.00227	0.99995	0.01009	0.00047	-0.01010	0.99995		-88.10608	-142.74790	-0.55594	-0.32860	0.38267	-1.03953	0.17171	0.99981	0.01814	-0.00668	-0.01818	0.99982	-0.00574	0.00657	0.00586	0.99996	
77	0.38500	98.75940	108.90620	1.64475	0.57587	0.02066	0.12387	1.16604	1.00000	-0.00216	-0.00036	0.00217	0.99995	0.01005	0.00034	-0.01005	0.99995		-88.10251	-142.75612	-0.55241	-0.32177	0.38501	-1.04492	0.17320	0.99981	0.01824	-0.00672	-0.01827	0.99982	-0.00562	0.00662	0.00574	0.99996	
78	0.39000	98.70262	108.90723	1.64740	0.57143	0.02490	0.12801	1.16303	1.00000	-0.00223	-0.00043	0.00224	0.99995	0.00997	0.00041	-0.00997	0.99995		-88.10340	-142.72590	-0.53693	-0.31034	0.38902	-1.04774	0.18059	0.99981	0.01828	-0.00679	-0.01832	0.99982	-0.00542	0.00669	0.00554	0.99996	
79	0.39500	98.69731	108.89619	1.65043	0.56790	0.02316	0.12129	1.15105	1.00000	-0.00212	-0.00040	0.00212	0.99995	0.00991	0.00038	-0.00991	0.99995		-88.09530	-142.72334	-0.53663	-0.30602	0.38170	-1.04411	0.17651	0.99981	0.01822	-0.00666	-0.01826	0.99982	-0.00534	0.00656	0.00546	0.99996	
80	0.40000	98.76521	108.88679	1.66979	0.56314	0.01486	0.12676	1.15952	1.00000	-0.00221	-0.00026	0.00221	0.99995	0.00983	0.00024	-0.00983	0.99995		-88.07244	-142.71864	-0.52566	-0.29475	0.38625	-1.04981	0.18066	0.99981	0.01832	-0.00674	-0.01836	0.99982	-0.00514	0.00665	0.00527	0.99996	
81	0.40500	98.74407	108.88021	1.65158	0.55716	0.01544	0.12964	1.16640	1.00000	-0.00226	-0.00027	0.00227	0.99995	0.00972	0.00025	-0.00972	0.99995		-88.12867	-142.67252	-0.53011	-0.28475	0.38970	-1.05084	0.17918	0.99981	0.01834	-0.00680	-0.01837	0.99982	-0.00497	0.00671	0.00509	0.99996	
82	0.41000	98.77964	108.89169	1.66734	0.55623	0.00750	0.12476	1.15605	1.00000	-0.00218	-0.00013	0.00218	0.99995	0.00971	0.00011	-0.00971	0.99995		-88.10469	-142.67978	-0.50952	-0.27801	0.38720	-1.04660	0.17304	0.99981	0.01827	-0.00676	-0.01830	0.99982	-0.00485	0.00667	0.00497	0.99997	
83	0.41500	98.74736	108.88225	1.66454	0.55199	0.00454	0.12357	1.13674	1.00000	-0.00216	-0.00008	0.00216	0.99995	0.00963	0.00006	-0.00963	0.99995		-88.12014	-142.66358	-0.51842	-0.27006	0.38986	-1.05011	0.17829	0.99981	0.01833	-0.00680	-0.01836	0.99982	-0.00471	0.00672	0.00484	0.99997	
84	0.42000	98.78267	108.86630	1.64614	0.54283	0.00351	0.13260	1.17170	1.00000	-0.00231	-0.00006	0.00231	0.99995	0.00947	0.00004	-0.00947	0.99996		-88.09787	-142.62874	-0.51534	-0.25890	0.38645	-1.04697	0.16676	0.99981	0.01827	-0.00674	-0.01830	0.99982	-0.00452	0.00666	0.00464	0.99997	
85	0.42500	98.79805	108.85591	1.67388	0.54019	0.00123	0.13203	1.17156	1.00000	-0.00230	-0.00002	0.00230	0.99995	0.00943	-0.00000	-0.00943	0.99996		-88.11814	-142.65196	-0.50309	-0.25135	0.39335	-1.05096	0.18434	0.99981	0.01834	-0.00687	-0.01837	0.99982	-0.00439	0.00678	0.00451	0.99997	
86	0.43000	98.78138	108.83342	1.65608	0.53107	-0.00140	0.14251	1.17988	1.00000	-0.00249	0.00002	0.00249	0.99995	0.00927	-0.00005	-0.00927	0.99996		-88.14244	-142.63990	-0.51129	-0.24597	0.39120	-1.05079	0.17136	0.99981	0.01834	-0.00683	-0.01837	0.99982	-0.00429	0.00675	0.00442	0.99997	
87	0.43500	98.76939	108.83842	1.65938	0.52832	-0.00489	0.13630	1.17647	1.00000	-0.00238	0.00009	0.00238	0.99995	0.00922	-0.00011	-0.00922	0.99996		-88.13621	-142.62808	-0.48702	-0.23671	0.39328	-1.05321	0.18120	0.99981	0.01838	-0.00686	-0.01841	0.99982	-0.00413	0.00679	0.00426	0.99997	
88	0.44000	98.81508	108.82897	1.66221	0.52361	-0.00834	0.14102	1.18106	1.00000	-0.00246	0.00015	0.00246	0.99996	0.00914	-0.00017	-0.00914	0.99996		-88.11417	-142.62584	-0.48336	-0.22887	0.38902	-1.05312	0.17368	0.99981	0.01838	-0.00679	-0.01841	0.99982	-0.00399	0.00672	0.00412	0.99997	
89	0.44500	98.85517	108.84289	1.67800	0.52024	-0.01726	0.14009	1.18658	1.00000	-0.00245	0.00030	0.00244	0.99996	0.00908	-0.00032	-0.00908	0.99996		-88.13019	-142.62325	-0.47561	-0.22081	0.39352	-1.04987	0.16801	0.99981	0.01832	-0.00687	-0.01835	0.99982	-0.00385	0.00680	0.00398	0.99997	
90	0.45000	98.86081	108.82971	1.63868	0.51716	-0.02662	0.13572	1.17990	1.00000	-0.00237	0.00046	0.00236	0.99996	0.00903	-0.00049	-0.00902	0.99996		-88.18327	-142.59476	-0.47973	-0.21151	0.39814	-1.05331	0.18287	0.99981	0.01838	-0.00695	-0.01841	0.99982	-0.00369	0.00688	0.00382	0.99997	
91	0.45500	98.87551	108.80911	1.65073	0.50915	-0.02915	0.14219	1.17907	1.00000	-0.00248	0.00051	0.00248	0.99996	0.00889	-0.00053	-0.00888	0.99996		-88.17817	-142.60322	-0.46796	-0.20452	0.40464	-1.04996	0.18877	0.99981	0.01832	-0.00706	-0.01835	0.99983	-0.00357	0.00700	0.00370	0.99997	
92	0.46000	98.87590	108.81484	1.67768	0.50651	-0.02973	0.13997	1.17566	1.00000	-0.00244	0.00052	0.00244	0.99996	0.00884	-0.00054	-0.00884	0.99996		-88.13839	-142.59219	-0.46013	-0.19884	0.39726	-1.05019	0.18019	0.99981	0.01833	-0.00693	-0.01835	0.99983	-0.00347	0.00687	0.00360	0.99997	
93	0.46500	98.85572	108.78003	1.64692	0.50097	-0.04013	0.13732	1.18640	1.00000	-0.00240	0.00070	0.00239	0.99996	0.00874	-0.00072	-0.00874	0.99996		-88.20878	-142.57639	-0.46823	-0.18863	0.40018	-1.05388	0.17841	0.99981	0.01839	-0.00698	-0.01842	0.99982	-0.00329	0.00692	0.00342	0.99997	
94	0.47000	98.88731	108.79305	1.65743	0.49669	-0.04099	0.14112	1.18617	1.00000	-0.00246	0.00072	0.00246	0.99996	0.00867	-0.00074	-0.00867	0.99996		-88.19583	-142.59791	-0.45618	-0.18464	0.40500	-1.04992	0.18502	0.99981	0.01832	-0.00707	-0.01835	0.99983	-0.00322	0.00701	0.00335	0.99997	
95	0.47500	98.88814	108.78540	1.67619	0.49154	-0.04532	0.13907	1.18807	1.00000	-0.00243	0.00079	0.00242	0.99996	0.00858	-0.00081	-0.00858	0.99996		-88.18341	-142.56989	-0.45294	-0.17705	0.40415	-1.05194	0.16228	0.99981	0.01836	-0.00705	-0.01838	0.99983	-0.00309	0.00700	0.00322	0.99997	
96	0.48000	98.88266	108.77809	1.66777	0.48995	-0.05342	0.13716	1.18080	1.00000	-0.00239	0.00093	0.00239	0.99996	0.00855	-0.00095	-0.00855	0.99996		-88.22063	-142.56297	-0.44858	-0.16958	0.40672	-1.05037	0.16850	0.99981	0.01833	-0.00710	-0.01835	0.99983	-0.00296	0.00704	0.00309	0.99997	
97	0.48500	98.92672	108.80624	1.66485	0.48770	-0.06238	0.14272	1.18303	1.00000	-0.00249	0.00109	0.00248	0.99996	0.00851	-0.00111	-0.00851	0.99996		-88.20191	-142.56777	-0.44926	-0.16201	0.40550	-1.05528	0.17667	0.99981	0.01842	-0.00708	-0.01844	0.99983	-0.00283	0.00702	0.00296	0.99997	
98	0.49000	98.92486	108.78921	1.67677	0.48036	-0.06342	0.14466	1.19045	1.00000	-0.00252	0.00111	0.00252	0.99996	0.00838	-0.00113	-0.00838	0.99996		-88.23039	-142.54743	-0.44525	-0.15518	0.41172	-1.05366	0.19574	0.99981	0.01839	-0.00719	-0.01841	0.99983	-0.00271	0.00713	0.00284	0.99997	
99	0.49500	98.94727	108.77097	1.68738	0.47653	-0.07077	0.14232	1.18618	1.00000	-0.00248	0.00124	0.00247	0.99996	0.00832	-0.00126	-0.00831	0.99996		-88.22839	-142.56040	-0.44560	-0.15072	0.41208	-1.05346	0.18374	0.99981	0.01838	-0.00719	-0.01840	0.99983	-0.00263	0.00714	0.00276	0.99997	
100	0.50000	98.93048	108.76881	1.70229	0.47196	-0.07121	0.14280	1.18548	1.00000	-0.00249	0.00124	0.00248	0.99996	0.00824	-0.00126	-0.00823	0.99997		-88.23403	-142.54567	-0.44633	-0.14192	0.41470	-1.05579	0.18411	0.99980	0.01843	-0.00724	-0.01844	0.99983	-0.00248	0.00719	0.00261	0.99997	
101	0.50500	98.93794	108.77143	1.69530	0.47106	-0.07417	0.14316	1.17988	1.00000	-0.00250	0.00129	0.00249	0.99996	0.00822	-0.00132	-0.00822	0.99997		-88.21749	-142.53529	-0.44283	-0.13722	0.41507	-1.05467	0.17384	0.99980	0.01841	-0.00724	-0.01842	0.99983	-0.00239	0.00720	0.00253	0.99997	
102	0.51000	98.91958	108.75754	1.69568	0.46607	-0.07976	0.14136	1.16334	1.00000	-0.00247	0.00139	0.00246	0.99996	0.00813	-0.00141	-0.00813	0.99997		-88.22497	-142.54337	-0.44708	-0.13278	0.41546	-1.05639	0.18036	0.99980	0.01844	-0.00725	-0.01845	0.99983	-0.00232	0.00721	0.00245	0.99997	
103	0.51500	98.96624	108.76283	1.69659	0.46183	-0.08587	0.14479	1.17262	1.00000	-0.00253	0.00150	0.00251	0.99996	0.00806	-0.00152	-0.00806	0.99997		-88.23300	-142.53462	-0.46010	-0.12542	0.41849	-1.05382	0.16732	0.99980	0.01839	-0.00730	-0.01841	0.99983	-0.00219	0.00726	0.00232	0.99997	
104	0.52000	98.92254	108.74198	1.70676	0.45620	-0.08456	0.14325	1.17904	1.00000	-0.00250	0.00148	0.00249	0.99997	0.00796	-0.00150	-0.00796	0.99997		-88.26287	-142.53739	-0.43446	-0.12342	0.41794	-1.05675	0.17135	0.99980	0.01844	-0.00729	-0.01846	0.99983	-0.00215	0.00725	0.00229	0.99997	
105	0.52500	98.91562	108.74852	1.70044	0.45464	-0.08864	0.14344	1.18402	1.00000	-0.00250	0.00155	0.00249	0.99997	0.00793	-0.00157	-0.00793	0.99997		-88.26056	-142.52075	-0.45187	-0.11716	0.42151	-1.05518	0.17691	0.99980	0.01841	-0.00736	-0.01843	0.99983	-0.00204	0.00732	0.00218	0.99997	
106	0.53000	98.98549	108.74905	1.71058	0.45453	-0.09616	0.14283	1.17755	1.00000	-0.00249	0.00168	0.00248	0.99997	0.00793	-0.00170	-0.00793	0.99997		-88.26002	-142.51904	-0.44809	-0.11342	0.42318	-1.05658	0.18280	0.99980	0.01844	-0.00739	-0.01845	0.99983	-0.00198	0.00735	0.00212	0.99997	
107	0.53500	98.96326	108.73857	1.72226	0.44963	-0.09842	0.14619	1.17323	1.00000	-0.00255	0.00172	0.00254	0.99997	0.00785	-0.00174	-0.00784	0.99997		-88.26096	-142.51464	-0.45255	-0.11118	0.42551	-1.05720	0.18704	0.99980	0.01845	-0.00743	-0.01846	0.99983	-0.00194	0.00739	0.00208	0.99997	
108	0.54000	98.99062	108.73926	1.71553	0.44724	-0.10268	0.14211	1.16838	1.00000	-0.00248	0.00179	0.00247	0.99997	0.00781	-0.00181	-0.00780	0.99997		-88.24668	-142.50619	-0.45312	-0.10480	0.42609	-1.05704	0.18498	0.99980	0.01845	-0.00744	-0.01846	0.99983	-0.00183	0.00740	0.00197	0.99997	
109	0.54500	98.98340	108.73204	1.71713	0.44441	-0.10625	0.14338	1.18334	1.00000	-0.00250	0.00185	0.00249	0.99997	0.00776	-0.00187	-0.00775	0.99997		-88.26382	-142.50923	-0.45322	-0.10250	0.42694	-1.05771	0.17107	0.99980	0.01846	-0.00745	-0.01847	0.99983	-0.00179	0.00742	0.00193	0.99997	
110	0.55000	98.95170	108.71112	1.71896	0.44067	-0.10758	0.14576	1.17135	1.00000	-0.00254	0.00188	0.00253	0.99997	0.00769	-0.00190	-0.00769	0.99997		-88.25196	-142.51673	-0.45304	-0.10428	0.42425	-1.05722	0.17398	0.99980	0.01845	-0.00740	-0.01846	0.99983	-0.00182	0.00737	0.00196	0.99997	
111	0.55500	98.95044	108.71149	1.72714	0.43863	-0.10764	0.14556	1.18371	1.00000	-0.00254	0.00188	0.00253	0.99997	0.00766	-0.00190	-0.00765	0.99997		-88.26256	-142.51649	-0.46578	-0.10001	0.42579	-1.05713	0.17793	0.99980	0.01845	-0.00743	-0.01846	0.99983	-0.00175	0.00740	0.00188	0.99997	
112	0.56000	98.94857	108.71458	1.72740	0.43721	-0.11105	0.14607	1.17986	0.99999	-0.00255	0.00194	0.00253	0.99997	0.00763	-0.00196	-0.00763	0.99997		-88.29747	-142.50203	-0.46139	-0.09700	0.42908	-1.05404	0.17838	0.99980	0.01839	-0.00749	-0.01841	0.99983	-0.00169	0.00746	0.00183	0.99997	
113	0.56500	98.93027	108.70816	1.74771	0.43646	-0.11107	0.14502	1.16103	0.99999	-0.00253	0.00194	0.00252	0.99997	0.00762	-0.00196	-0.00761	0.99997		-88.28268	-142.51322	-0.45324	-0.09716	0.43019	-1.05574	0.18664	0.99980	0.01842	-0.00751	-0.01844	0.99983	-0.00170	0.00748	0.00183	0.99997	
114	0.57000	98.95827	108.72065	1.73453	0.43960	-0.11582	0.14992	1.18051	0.99999	-0.00262	0.00202	0.00260	0.99997	0.00767	-0.00204	-0.00767	0.99997		-88.33021	-142.49257	-0.48265	-0.09267	0.43603	-1.05702	0.16931	0.99980	0.01845	-0.00761	-0.01846	0.99983	-0.00162	0.00758	0.00176	0.99997	
115	0.57500	98.96112	108.70783	1.73507	0.43576	-0.11717	0.14740	1.19779	0.99999	-0.00257	0.00205	0.00256	0.99997	0.00761	-0.00206	-0.00760	0.99997		-88.29066	-142.51523	-0.47026	-0.09629	0.43405	-1.05785	0.18218	0.99980	0.01846	-0.00758	-0.01847	0.99983	-0.00168	0.00754	0.00182	0.99997	
116	0.58000	98.97833	108.71066	1.73402	0.43574	-0.12223	0.14443	1.17771	0.99999	-0.00252	0.00213	0.00250	0.99997	0.00760	-0.00215	-0.00760	0.99997		-88.26441	-142.52744	-0.46225	-0.09965	0.43519	-1.05681	0.19281	0.99980	0.01844	-0.00760	-0.01846	0.99983	-0.00174	0.00756	0.00188	0.99997	
117	0.58500	98.96412	108.70709	1.72103	0.43374	-0.12479	0.14692	1.19168	0.99999	-0.00256	0.00218	0.00255	0.99997	0.00757	-0.00220	-0.00756	0.99997		-88.32360	-142.52611	-0.47820	-0.09904	0.43678	-1.05778	0.17532	0.99980	0.01846	-0.00762	-0.01847	0.99983	-0.00173	0.00759	0.00187	0.99997	
118	0.59000	98.95204	108.71266	1.74997	0.43487	-0.11949	0.14796	1.17455	0.99999	-0.00258	0.00209	0.00257	0.99997	0.00759	-0.00210	-0.00758	0.99997		-88.24369	-142.53077	-0.49177	-0.09923	0.43251	-1.05769	0.18570	0.99980	0.01846	-0.00755	-0.01847	0.99983	-0.00173	0.00752	0.00187	0.99997	
119	0.59500	98.98346	108.70604	1.73260	0.43251	-0.12050	0.14611	1.18338	0.99999	-0.00255	0.00210	0.00253	0.99997	0.00755	-0.00212	-0.00754	0.99997		-88.30896	-142.51565	-0.49953	-0.09831	0.43852	-1.06078	0.19052	0.99980	0.01851	-0.00765	-0.01853	0.99983	-0.00172	0.00762	0.00186	0.99997	
120	0.60000	98.93851	108.72422	1.74636	0.43569	-0.12048	0.14664	1.17343	0.99999	-0.00256	0.00210	0.00254	0.99997	0.00760	-0.00212	-0.00760	0.99997		-88.29227	-142.50300	-0.51276	-0.09722	0.43960	-1.05838	0.17256	0.99980	0.01847	-0.00767	-0.01848	0.99983	-0.00170	0.00764	0.00184	0.99997	
121	0.60500	98.97594	108.71361	1.75222	0.43537	-0.12354	0.14366	1.18511	0.99999	-0.00251	0.00216	0.00249	0.99997	0.00760	-0.00218	-0.00759	0.99997		-88.30404	-142.54370	-0.50339	-0.10563	0.44003	-1.05786	0.18602	0.99980	0.01846	-0.00768	-0.01848	0.99983	-0.00184	0.00764	0.00199	0.99997	
122	0.61000	98.94141	108.73436	1.75204	0.43784	-0.12076	0.14559	1.18425	0.99999	-0.00254	0.00211	0.00252	0.99997	0.00764	-0.00213	-0.00764	0.99997		-88.33275	-142.51425	-0.51564	-0.10450	0.44053	-1.05818	0.19519	0.99980	0.01847	-0.00769	-0.01848	0.99983	-0.00182	0.00765	0.00197	0.99997	
123	0.61500	99.01497	108.71533	1.75383	0.43804	-0.12624	0.14764	1.18224	0.99999	-0.00258	0.00220	0.00256	0.99997	0.00765	-0.00222	-0.00764	0.99997		-88.30435	-142.52736	-0.51205	-0.10892	0.44383	-1.05962	0.19208	0.99980	0.01849	-0.00775	-0.01851	0.99983	-0.00190	0.00771	0.00204	0.99997	
124	0.62000	98.97954	108.72914	1.76123	0.43912	-0.12683	0.15004	1.18696	0.99999	-0.00262	0.00221	0.00260	0.99997	0.00766	-0.00223	-0.00766	0.99997		-88.29836	-142.52591	-0.52901	-0.11065	0.44276	-1.05850	0.17796	0.99980	0.01847	-0.00773	-0.01849	0.99983	-0.00193	0.00769	0.00207	0.99997	
125	0.62500	98.99441	108.73941	1.76535	0.44322	-0.12525	0.14718	1.19001	0.99999	-0.00257	0.00219	0.00255	0.99997	0.00774	-0.00221	-0.00773	0.99997		-88.30761	-142.51982	-0.53701	-0.11552	0.44595	-1.05432	0.18112	0.99980	0.01840	-0.00778	-0.01842	0.99983	-0.00202	0.00774	0.00216	0.99997	
126	0.63000	98.91890	108.72951	1.75935	0.44284	-0.11574	0.14833	1.18842	0.99999	-0.00259	0.00202	0.00257	0.99997	0.00773	-0.00204	-0.00772	0.99997		-88.33127	-142.53254	-0.54051	-0.11989	0.44469	-1.05377	0.18171	0.99980	0.01839	-0.00776	-0.01841	0.99983	-0.00209	0.00772	0.00223	0.99997	
127	0.63500	98.94933	108.72655	1.77727	0.44594	-0.12330	0.14524	1.17609	0.99999	-0.00253	0.00215	0.00252	0.99997	0.00778	-0.00217	-0.00778	0.99997		-88.34141	-142.53668	-0.54890	-0.12158	0.44967	-1.05995	0.18495	0.99980	0.01850	-0.00785	-0.01852	0.99983	-0.00212	0.00781	0.00227	0.99997	
128	0.64000	98.96621	108.74633	1.75905	0.44910	-0.12326	0.14932	1.20024	0.99999	-0.00261	0.00215	0.00259	0.99997	0.00784	-0.00217	-0.00783	0.99997		-88.29793	-142.52446	-0.57003	-0.12814	0.44354	-1.05463	0.18113	0.99980	0.01841	-0.00774	-0.01842	0.99983	-0.00224	0.00770	0.00238	0.99997	
129	0.64500	98.91295	108.77815	1.79302	0.46047	-0.12202	0.13422	1.16868	0.99999	-0.00234	0.00213	0.00233	0.99996	0.00804	-0.00215	-0.00803	0.99997		-88.27041	-142.54550	-0.56970	-0.13595	0.44042	-1.05391	0.17631	0.99980	0.01839	-0.00769	-0.01841	0.99983	-0.00237	0.00764	0.00251	0.99997	
130	0.65000	98.95640	108.75601	1.77484	0.45717	-0.12139	0.14145	1.18669	0.99999	-0.00247	0.00212	0.00245	0.99997	0.00798	-0.00214	-0.00797	0.99997		-88.33582	-142.53250	-0.59015	-0.13635	0.44898	-1.05700	0.18685	0.99980	0.01845	-0.00784	-0.01847	0.99983	-0.00238	0.00779	0.00252	0.99997	
131	0.65500	98.93497	108.78817	1.77535	0.46258	-0.11887	0.14328	1.18252	0.99999	-0.00250	0.00207	0.00248	0.99996	0.00807	-0.00209	-0.00807	0.99997		-88.31733	-142.53062	-0.60264	-0.14220	0.44579	-1.05436	0.17753	0.99980	0.01840	-0.00778	-0.01842	0.99983	-0.00248	0.00773	0.00262	0.99997	
132	0.66000	98.95856	108.76119	1.78537	0.46428	-0.12053	0.14140	1.17449	0.99999	-0.00247	0.00210	0.00245	0.99996	0.00810	-0.00212	-0.00810	0.99996		-88.28052	-142.57410	-0.58962	-0.15483	0.44526	-1.05322	0.19431	0.99980	0.01838	-0.00777	-0.01840	0.99983	-0.00270	0.00772	0.00284	0.99997	
133	0.66500	98.92698	108.76666	1.78968	0.46784	-0.11457	0.14268	1.18671	0.99999	-0.00249	0.00200	0.00247	0.99996	0.00817	-0.00202	-0.00816	0.99996		-88.30779	-142.57230	-0.61382	-0.16039	0.44073	-1.05598	0.18001	0.99980	0.01843	-0.00769	-0.01845	0.99983	-0.00280	0.00764	0.00294	0.99997	
134	0.67000	98.88994	108.80638	1.82549	0.47793	-0.11342	0.13197	1.15881	1.00000	-0.00230	0.00198	0.00229	0.99996	0.00834	-0.00200	-0.00834	0.99996		-88.30724	-142.57083	-0.60949	-0.16828	0.44237	-1.05514	0.18364	0.99980	0.01841	-0.00772	-0.01844	0.99983	-0.00294	0.00767	0.00308	0.99997	
135	0.67500	98.90731	108.81175	1.80938	0.48545	-0.11348	0.13214	1.16847	1.00000	-0.00231	0.00198	0.00229	0.99996	0.00847	-0.00200	-0.00847	0.99996		-88.32692	-142.59484	-0.61256	-0.17827	0.44308	-1.05358	0.18958	0.99980	0.01839	-0.00773	-0.01841	0.99983	-0.00311	0.00767	0.00325	0.99997	
136	0.68000	98.91196	108.80686	1.80850	0.48821	-0.11315	0.13227	1.18159	1.00000	-0.00231	0.00197	0.00229	0.99996	0.00852	-0.00199	-0.00852	0.99996		-88.29336	-142.59260	-0.63383	-0.18366	0.44129	-1.05257	0.17708	0.99980	0.01837	-0.00770	-0.01839	0.99983	-0.00321	0.00764	0.00335	0.99997	
137	0.68500	98.86383	108.81997	1.82571	0.49189	-0.10746	0.13089	1.17522	1.00000	-0.00228	0.00188	0.00227	0.99996	0.00859	-0.00190	-0.00858	0.99996		-88.28888	-142.58511	-0.63749	-0.19263	0.43765	-1.05393	0.17530	0.99980	0.01839	-0.00764	-0.01842	0.99982	-0.00336	0.00758	0.00350	0.99997	
