NO_OF_FRAMES	12039
NO_OF_CAMERAS	8
NO_OF_BODIES	2
FREQUENCY	200
NO_OF_ANALOG	0
ANALOG_FREQUENCY	0
DESCRIPTION	--
TIME_STAMP	2013-07-04, 12:08:04	98899.86093744
DATA_INCLUDED	6D
BODY_NAMES	Ice 1	Ice 2
Frame	Time	Ice 1 X	Y	Z	Roll	Pitch	Yaw	Residual	Rot[0]	Rot[1]	Rot[2]	Rot[3]	Rot[4]	Rot[5]	Rot[6]	Rot[7]	Rot[8]	Ice 2 X	Y	Z	Roll	Pitch	Yaw	Residual	Rot[0]	Rot[1]	Rot[2]	Rot[3]	Rot[4]	Rot[5]	Rot[6]	Rot[7]	Rot[8]	
1	0.00500	153.62976	-206.53437	0.66998	0.61665	0.10179	5.24308	0.99540	0.99581	-0.09138	-0.00178	0.09140	0.99576	0.01076	0.00079	-0.01088	0.99994		16.55237	-47.26325	-0.98905	-0.18497	0.49959	-1.45466	0.42276	0.99964	0.02538	-0.00872	-0.02541	0.99967	-0.00323	0.00863	0.00345	0.99996	
2	0.01000	153.50185	-206.56003	0.73496	0.61501	0.11823	5.22375	0.98229	0.99584	-0.09105	-0.00206	0.09106	0.99579	0.01073	0.00108	-0.01088	0.99994		16.47804	-47.24187	-0.94958	-0.16191	0.52756	-1.45651	0.37054	0.99963	0.02542	-0.00921	-0.02544	0.99967	-0.00283	0.00913	0.00306	0.99995	
3	0.01500	153.38871	-206.57610	0.75017	0.61223	0.12469	5.22979	1.01629	0.99583	-0.09115	-0.00218	0.09117	0.99578	0.01069	0.00119	-0.01084	0.99994		16.34813	-47.20258	-0.99499	-0.15372	0.53816	-1.45764	0.38002	0.99963	0.02544	-0.00939	-0.02546	0.99967	-0.00268	0.00932	0.00292	0.99995	
4	0.02000	153.37924	-206.57328	0.77153	0.60950	0.13423	5.22721	0.99405	0.99584	-0.09111	-0.00234	0.09113	0.99578	0.01064	0.00136	-0.01081	0.99994		16.42278	-47.19828	-0.98064	-0.14076	0.54250	-1.45818	0.39123	0.99963	0.02545	-0.00947	-0.02547	0.99967	-0.00246	0.00940	0.00270	0.99995	
5	0.02500	153.40371	-206.58423	0.78567	0.60790	0.13396	5.23004	1.01166	0.99583	-0.09115	-0.00234	0.09117	0.99578	0.01061	0.00136	-0.01078	0.99994		16.38827	-47.19659	-0.99380	-0.12768	0.54796	-1.45953	0.38795	0.99963	0.02547	-0.00956	-0.02549	0.99967	-0.00223	0.00950	0.00247	0.99995	
6	0.03000	153.34483	-206.59063	0.80737	0.60583	0.13770	5.22608	1.00303	0.99584	-0.09109	-0.00240	0.09111	0.99579	0.01057	0.00143	-0.01075	0.99994		16.33505	-47.14717	-1.02441	-0.11189	0.55906	-1.46061	0.35476	0.99963	0.02549	-0.00976	-0.02551	0.99967	-0.00195	0.00970	0.00220	0.99995	
7	0.03500	153.38521	-206.59112	0.80000	0.60653	0.13597	5.22303	1.00959	0.99585	-0.09103	-0.00237	0.09105	0.99579	0.01059	0.00140	-0.01076	0.99994		16.34041	-47.14944	-1.02158	-0.09876	0.56963	-1.46634	0.39622	0.99962	0.02559	-0.00994	-0.02561	0.99967	-0.00172	0.00989	0.00198	0.99995	
8	0.04000	153.34223	-206.60271	0.82353	0.60412	0.14215	5.22927	1.00426	0.99583	-0.09114	-0.00248	0.09116	0.99578	0.01054	0.00151	-0.01073	0.99994		16.28634	-47.12759	-1.04679	-0.08969	0.57637	-1.46393	0.37159	0.99962	0.02555	-0.01006	-0.02556	0.99967	-0.00157	0.01002	0.00182	0.99995	
9	0.04500	153.32771	-206.59658	0.84143	0.60134	0.14358	5.23070	1.01340	0.99583	-0.09117	-0.00251	0.09119	0.99578	0.01050	0.00154	-0.01068	0.99994		16.28228	-47.10191	-1.05269	-0.07455	0.58509	-1.47069	0.37246	0.99962	0.02566	-0.01021	-0.02568	0.99967	-0.00130	0.01017	0.00156	0.99995	
10	0.05000	153.31409	-206.61743	0.84000	0.59905	0.14351	5.22947	1.00931	0.99583	-0.09114	-0.00250	0.09117	0.99578	0.01046	0.00154	-0.01064	0.99994		16.27001	-47.10633	-1.08255	-0.06886	0.59125	-1.46820	0.37324	0.99962	0.02562	-0.01032	-0.02563	0.99967	-0.00120	0.01028	0.00147	0.99995	
11	0.05500	153.28701	-206.75825	0.94287	0.58993	0.13626	5.21921	0.98120	0.99585	-0.09097	-0.00238	0.09099	0.99580	0.01030	0.00143	-0.01047	0.99994		16.22847	-47.09179	-1.08287	-0.05696	0.59905	-1.46949	0.38167	0.99962	0.02564	-0.01046	-0.02565	0.99967	-0.00099	0.01043	0.00126	0.99994	
12	0.06000	153.19065	-206.75232	0.93614	0.58893	0.14565	5.21637	0.96688	0.99586	-0.09092	-0.00254	0.09094	0.99580	0.01028	0.00160	-0.01047	0.99994		16.25856	-47.09498	-1.10062	-0.04870	0.60001	-1.46983	0.38073	0.99962	0.02565	-0.01047	-0.02566	0.99967	-0.00085	0.01045	0.00112	0.99994	
13	0.06500	153.19473	-206.77611	0.96402	0.58730	0.14385	5.21422	0.98371	0.99586	-0.09088	-0.00251	0.09090	0.99581	0.01025	0.00157	-0.01044	0.99994		16.20371	-47.08297	-1.11304	-0.04307	0.60491	-1.47376	0.37337	0.99961	0.02572	-0.01056	-0.02573	0.99967	-0.00075	0.01053	0.00102	0.99994	
14	0.07000	153.18257	-206.77762	0.97126	0.58729	0.14567	5.21425	0.97853	0.99586	-0.09088	-0.00254	0.09090	0.99581	0.01025	0.00160	-0.01044	0.99994		16.22875	-47.12229	-1.11391	-0.03650	0.61058	-1.47208	0.37512	0.99961	0.02569	-0.01066	-0.02570	0.99967	-0.00064	0.01064	0.00091	0.99994	
15	0.07500	153.12972	-206.80584	0.97179	0.58195	0.14813	5.21560	0.96755	0.99586	-0.09090	-0.00259	0.09093	0.99581	0.01016	0.00165	-0.01035	0.99995		16.20344	-47.10064	-1.14350	-0.03166	0.61155	-1.47312	0.37331	0.99961	0.02571	-0.01067	-0.02571	0.99967	-0.00055	0.01066	0.00083	0.99994	
16	0.08000	153.08798	-206.82223	0.98925	0.58350	0.15574	5.21364	0.96549	0.99586	-0.09087	-0.00272	0.09089	0.99581	0.01018	0.00178	-0.01039	0.99994		16.18830	-47.11058	-1.15611	-0.02351	0.61281	-1.47156	0.38647	0.99961	0.02568	-0.01070	-0.02569	0.99967	-0.00041	0.01068	0.00068	0.99994	
17	0.08500	153.11291	-206.83171	0.98533	0.58077	0.15616	5.22075	0.97073	0.99585	-0.09099	-0.00273	0.09102	0.99580	0.01014	0.00179	-0.01034	0.99994		16.18656	-47.10996	-1.16092	-0.01664	0.61675	-1.47384	0.39407	0.99961	0.02572	-0.01076	-0.02572	0.99967	-0.00029	0.01075	0.00057	0.99994	
18	0.09000	153.04509	-206.84389	0.97879	0.57934	0.15927	5.21607	0.97425	0.99586	-0.09091	-0.00278	0.09094	0.99581	0.01011	0.00185	-0.01032	0.99995		16.12786	-47.08937	-1.18151	-0.01319	0.62336	-1.47447	0.37899	0.99961	0.02573	-0.01088	-0.02573	0.99967	-0.00023	0.01087	0.00051	0.99994	
19	0.09500	153.05318	-206.86423	0.99346	0.58079	0.16199	5.21691	0.97132	0.99585	-0.09093	-0.00283	0.09095	0.99580	0.01014	0.00189	-0.01035	0.99994		16.14503	-47.12653	-1.19423	-0.00889	0.62182	-1.47500	0.39305	0.99961	0.02574	-0.01085	-0.02574	0.99967	-0.00016	0.01085	0.00043	0.99994	
20	0.10000	153.03819	-206.85805	0.99841	0.57757	0.16258	5.21308	0.96816	0.99586	-0.09086	-0.00284	0.09088	0.99581	0.01008	0.00191	-0.01030	0.99995		16.15821	-47.13847	-1.20272	-0.00632	0.62014	-1.47130	0.38485	0.99961	0.02567	-0.01082	-0.02568	0.99967	-0.00011	0.01082	0.00039	0.99994	
21	0.10500	153.04167	-206.87405	1.00687	0.57651	0.16306	5.22062	0.95927	0.99585	-0.09099	-0.00285	0.09101	0.99580	0.01006	0.00192	-0.01028	0.99995		16.09522	-47.11341	-1.21933	-0.00093	0.62501	-1.47637	0.38668	0.99961	0.02576	-0.01091	-0.02576	0.99967	-0.00002	0.01090	0.00030	0.99994	
22	0.11000	152.97104	-206.89362	1.00442	0.57448	0.16895	5.21299	0.97170	0.99586	-0.09086	-0.00295	0.09088	0.99581	0.01003	0.00203	-0.01025	0.99995		16.12116	-47.15144	-1.23230	0.00141	0.62656	-1.47487	0.40297	0.99961	0.02574	-0.01094	-0.02574	0.99967	0.00002	0.01093	0.00026	0.99994	
23	0.11500	152.97665	-206.89317	0.99742	0.57489	0.16912	5.21868	0.96943	0.99585	-0.09096	-0.00295	0.09098	0.99580	0.01003	0.00203	-0.01026	0.99995		16.13060	-47.14542	-1.25382	0.00413	0.62663	-1.47972	0.37931	0.99961	0.02582	-0.01094	-0.02582	0.99967	0.00007	0.01093	0.00021	0.99994	
24	0.12000	152.93154	-206.90497	0.99549	0.57384	0.17343	5.21476	0.97987	0.99586	-0.09089	-0.00303	0.09091	0.99581	0.01002	0.00210	-0.01025	0.99995		16.06653	-47.14572	-1.26515	0.00432	0.62920	-1.47240	0.39301	0.99961	0.02569	-0.01098	-0.02569	0.99967	0.00008	0.01098	0.00021	0.99994	
25	0.12500	152.95647	-206.90467	0.99090	0.57357	0.16990	5.21218	0.96626	0.99586	-0.09084	-0.00297	0.09087	0.99581	0.01001	0.00204	-0.01024	0.99995		16.07327	-47.15530	-1.29056	0.00765	0.62904	-1.47570	0.41435	0.99961	0.02575	-0.01098	-0.02575	0.99967	0.00013	0.01098	0.00015	0.99994	
26	0.13000	152.93923	-206.91621	0.97707	0.57145	0.17399	5.21831	0.97430	0.99585	-0.09095	-0.00304	0.09098	0.99580	0.00997	0.00212	-0.01021	0.99995		16.08198	-47.16089	-1.32022	0.00844	0.62659	-1.47665	0.39941	0.99961	0.02577	-0.01094	-0.02577	0.99967	0.00015	0.01094	0.00013	0.99994	
27	0.13500	152.91604	-206.94182	0.99702	0.57000	0.17653	5.21622	0.97141	0.99585	-0.09091	-0.00308	0.09094	0.99581	0.00995	0.00216	-0.01019	0.99995		16.01761	-47.16096	-1.34016	0.00677	0.62967	-1.47637	0.39816	0.99961	0.02576	-0.01099	-0.02576	0.99967	0.00012	0.01099	0.00017	0.99994	
28	0.14000	152.91573	-206.93487	0.97643	0.56987	0.17844	5.21700	0.96668	0.99585	-0.09093	-0.00311	0.09095	0.99581	0.00995	0.00220	-0.01019	0.99995		16.06801	-47.19788	-1.34918	0.00420	0.62901	-1.47230	0.39591	0.99961	0.02569	-0.01098	-0.02569	0.99967	0.00007	0.01098	0.00021	0.99994	
29	0.14500	152.85872	-206.94321	0.96889	0.56890	0.17894	5.21686	0.96577	0.99585	-0.09093	-0.00312	0.09095	0.99581	0.00993	0.00221	-0.01017	0.99995		16.02853	-47.16804	-1.36549	0.00507	0.62706	-1.47061	0.38570	0.99961	0.02566	-0.01094	-0.02566	0.99967	0.00009	0.01094	0.00019	0.99994	
30	0.15000	152.90454	-206.93510	0.95932	0.57054	0.17880	5.21999	0.98016	0.99585	-0.09098	-0.00312	0.09101	0.99580	0.00996	0.00220	-0.01020	0.99995		16.04900	-47.20894	-1.38622	0.00114	0.62396	-1.47523	0.40333	0.99961	0.02574	-0.01089	-0.02574	0.99967	0.00002	0.01089	0.00026	0.99994	
31	0.15500	152.87934	-206.94834	0.93710	0.56660	0.18168	5.22073	0.97451	0.99585	-0.09099	-0.00317	0.09102	0.99580	0.00989	0.00226	-0.01014	0.99995		16.03134	-47.21961	-1.40674	-0.00164	0.62315	-1.47191	0.39606	0.99961	0.02569	-0.01088	-0.02569	0.99967	-0.00003	0.01087	0.00031	0.99994	
32	0.16000	152.87910	-206.97184	0.91968	0.56690	0.17800	5.22029	0.96393	0.99585	-0.09098	-0.00311	0.09101	0.99580	0.00989	0.00219	-0.01014	0.99995		16.00398	-47.21435	-1.41875	-0.00395	0.62293	-1.47171	0.40922	0.99961	0.02568	-0.01087	-0.02568	0.99967	-0.00007	0.01087	0.00035	0.99994	
33	0.16500	152.87057	-206.97112	0.89086	0.56666	0.18285	5.22096	0.97055	0.99585	-0.09100	-0.00319	0.09102	0.99580	0.00989	0.00228	-0.01014	0.99995		15.99598	-47.22738	-1.44782	-0.00600	0.62217	-1.47602	0.41376	0.99961	0.02576	-0.01086	-0.02576	0.99967	-0.00010	0.01085	0.00038	0.99994	
34	0.17000	152.89107	-206.96553	0.88514	0.56709	0.17581	5.21482	0.96591	0.99586	-0.09089	-0.00307	0.09092	0.99581	0.00990	0.00216	-0.01014	0.99995		16.01486	-47.23705	-1.48115	-0.01369	0.61659	-1.47338	0.38342	0.99961	0.02571	-0.01076	-0.02572	0.99967	-0.00024	0.01075	0.00052	0.99994	
35	0.17500	152.81779	-206.99983	0.87015	0.56493	0.18445	5.21824	0.96471	0.99585	-0.09095	-0.00322	0.09098	0.99580	0.00986	0.00231	-0.01011	0.99995		16.01229	-47.25548	-1.49334	-0.01908	0.61497	-1.47415	0.39255	0.99961	0.02572	-0.01073	-0.02573	0.99967	-0.00033	0.01072	0.00061	0.99994	
36	0.18000	152.84168	-207.01220	0.85150	0.56243	0.17935	5.22075	0.97298	0.99585	-0.09099	-0.00313	0.09102	0.99580	0.00982	0.00222	-0.01006	0.99995		16.02452	-47.27113	-1.52226	-0.02593	0.61053	-1.47675	0.40262	0.99961	0.02577	-0.01066	-0.02578	0.99967	-0.00045	0.01064	0.00073	0.99994	
37	0.18500	152.85107	-207.03150	0.80471	0.55635	0.18601	5.23430	0.93648	0.99582	-0.09123	-0.00325	0.09126	0.99578	0.00971	0.00235	-0.00997	0.99995		16.01077	-47.26343	-1.54690	-0.03122	0.60512	-1.47008	0.38881	0.99962	0.02565	-0.01056	-0.02566	0.99967	-0.00054	0.01054	0.00082	0.99994	
38	0.19000	152.86039	-207.03631	0.78834	0.55748	0.18411	5.23668	0.93565	0.99582	-0.09127	-0.00321	0.09130	0.99578	0.00973	0.00231	-0.00998	0.99995		16.00826	-47.28971	-1.56731	-0.03707	0.60596	-1.47743	0.40208	0.99961	0.02578	-0.01058	-0.02579	0.99967	-0.00065	0.01056	0.00092	0.99994	
39	0.19500	152.87261	-207.03533	0.76707	0.55778	0.18358	5.24055	0.92966	0.99581	-0.09134	-0.00320	0.09136	0.99577	0.00973	0.00230	-0.00999	0.99995		16.05275	-47.31008	-1.58378	-0.04823	0.59694	-1.47507	0.39378	0.99961	0.02574	-0.01042	-0.02575	0.99967	-0.00084	0.01039	0.00111	0.99995	
40	0.20000	152.86135	-207.04887	0.74860	0.55868	0.18204	5.23540	0.93788	0.99582	-0.09125	-0.00318	0.09127	0.99578	0.00975	0.00227	-0.01000	0.99995		16.01549	-47.31514	-1.62454	-0.05656	0.59252	-1.47182	0.39100	0.99962	0.02568	-0.01034	-0.02570	0.99967	-0.00099	0.01031	0.00125	0.99995	
41	0.20500	152.83157	-207.05813	0.71706	0.55750	0.18373	5.23454	0.92686	0.99582	-0.09123	-0.00321	0.09126	0.99578	0.00973	0.00231	-0.00998	0.99995		16.02861	-47.34310	-1.64050	-0.06845	0.58821	-1.46884	0.39797	0.99962	0.02563	-0.01027	-0.02565	0.99967	-0.00119	0.01023	0.00146	0.99995	
42	0.21000	152.86942	-207.05649	0.70029	0.55578	0.18523	5.23537	0.93363	0.99582	-0.09125	-0.00323	0.09127	0.99578	0.00970	0.00233	-0.00995	0.99995		16.03320	-47.37345	-1.68177	-0.07779	0.58286	-1.46980	0.39643	0.99962	0.02565	-0.01017	-0.02566	0.99967	-0.00136	0.01013	0.00162	0.99995	
43	0.21500	152.80473	-207.06163	0.66468	0.55696	0.18540	5.23490	0.92500	0.99582	-0.09124	-0.00324	0.09127	0.99578	0.00972	0.00234	-0.00998	0.99995		16.03339	-47.37660	-1.71429	-0.08959	0.57555	-1.47109	0.38332	0.99962	0.02567	-0.01005	-0.02569	0.99967	-0.00156	0.01000	0.00182	0.99995	
44	0.22000	152.83913	-207.06918	0.64345	0.55485	0.18494	5.23735	0.91419	0.99582	-0.09128	-0.00323	0.09131	0.99578	0.00968	0.00233	-0.00994	0.99995		16.05874	-47.40292	-1.73096	-0.09661	0.57222	-1.47174	0.38046	0.99962	0.02568	-0.00999	-0.02570	0.99967	-0.00169	0.00994	0.00194	0.99995	
45	0.22500	152.85996	-207.06332	0.59598	0.55843	0.17917	5.23291	0.93106	0.99583	-0.09120	-0.00313	0.09123	0.99578	0.00975	0.00223	-0.00999	0.99995		16.04581	-47.41784	-1.76298	-0.11031	0.56519	-1.46838	0.38923	0.99962	0.02562	-0.00986	-0.02564	0.99967	-0.00193	0.00981	0.00218	0.99995	
46	0.23000	152.84037	-207.05614	0.55656	0.55858	0.17766	5.23662	0.91875	0.99582	-0.09127	-0.00310	0.09129	0.99578	0.00975	0.00220	-0.00999	0.99995		16.07597	-47.41239	-1.78789	-0.11995	0.55549	-1.47014	0.37518	0.99962	0.02565	-0.00969	-0.02568	0.99967	-0.00209	0.00964	0.00234	0.99995	
47	0.23500	152.88600	-207.08254	0.53329	0.55704	0.17452	5.23011	0.91485	0.99583	-0.09116	-0.00305	0.09118	0.99579	0.00972	0.00215	-0.00996	0.99995		16.10780	-47.44710	-1.80410	-0.13086	0.55137	-1.47385	0.39610	0.99962	0.02572	-0.00962	-0.02574	0.99967	-0.00228	0.00956	0.00253	0.99995	
48	0.24000	152.89738	-207.06904	0.49604	0.55775	0.16860	5.23336	0.92998	0.99583	-0.09121	-0.00294	0.09124	0.99578	0.00973	0.00204	-0.00996	0.99995		16.05042	-47.42791	-1.84001	-0.14360	0.54622	-1.46584	0.36213	0.99963	0.02558	-0.00953	-0.02560	0.99967	-0.00251	0.00947	0.00275	0.99995	
49	0.24500	152.86423	-207.06046	0.47735	0.55901	0.17789	5.23533	0.92018	0.99582	-0.09125	-0.00310	0.09127	0.99578	0.00976	0.00220	-0.01000	0.99995		16.11240	-47.46870	-1.86065	-0.15699	0.53768	-1.46781	0.36017	0.99963	0.02561	-0.00938	-0.02564	0.99967	-0.00274	0.00931	0.00298	0.99995	
50	0.25000	152.89517	-207.06594	0.42739	0.55763	0.17246	5.23535	0.92370	0.99582	-0.09125	-0.00301	0.09127	0.99578	0.00973	0.00211	-0.00997	0.99995		16.11059	-47.48119	-1.88044	-0.16981	0.53279	-1.46587	0.38036	0.99963	0.02558	-0.00930	-0.02561	0.99967	-0.00296	0.00922	0.00320	0.99995	
51	0.25500	152.84568	-207.05859	0.41562	0.55812	0.17519	5.23057	0.92414	0.99583	-0.09116	-0.00306	0.09119	0.99579	0.00974	0.00216	-0.00998	0.99995		16.12849	-47.48914	-1.91773	-0.18319	0.52845	-1.46916	0.37070	0.99963	0.02564	-0.00922	-0.02567	0.99967	-0.00320	0.00914	0.00343	0.99995	
52	0.26000	152.88725	-207.08592	0.36902	0.55758	0.17091	5.23735	0.92579	0.99582	-0.09128	-0.00298	0.09131	0.99578	0.00973	0.00208	-0.00996	0.99995		16.17001	-47.50827	-1.94235	-0.19604	0.52062	-1.46970	0.38845	0.99963	0.02565	-0.00909	-0.02568	0.99966	-0.00342	0.00900	0.00365	0.99995	
53	0.26500	152.87403	-207.08925	0.34274	0.55711	0.17050	5.23570	0.93100	0.99582	-0.09125	-0.00298	0.09128	0.99578	0.00972	0.00208	-0.00995	0.99995		16.16860	-47.50602	-1.97049	-0.20878	0.51396	-1.46726	0.36898	0.99963	0.02560	-0.00897	-0.02564	0.99966	-0.00364	0.00887	0.00387	0.99995	
54	0.27000	152.86807	-207.09012	0.29365	0.55872	0.17335	5.23095	0.91778	0.99583	-0.09117	-0.00303	0.09120	0.99579	0.00975	0.00212	-0.00999	0.99995		16.17356	-47.55778	-1.98551	-0.22650	0.50677	-1.46037	0.37058	0.99964	0.02548	-0.00884	-0.02552	0.99967	-0.00395	0.00874	0.00418	0.99995	
55	0.27500	152.85386	-207.10823	0.27862	0.55724	0.17215	5.23418	0.91876	0.99583	-0.09123	-0.00300	0.09125	0.99578	0.00973	0.00210	-0.00996	0.99995		16.21579	-47.57851	-2.00971	-0.24309	0.49697	-1.45947	0.38990	0.99964	0.02547	-0.00867	-0.02551	0.99967	-0.00424	0.00856	0.00446	0.99995	
56	0.28000	152.88886	-207.10171	0.21817	0.55616	0.17187	5.23389	0.91771	0.99583	-0.09122	-0.00300	0.09125	0.99578	0.00971	0.00210	-0.00994	0.99995		16.22571	-47.57190	-2.03417	-0.25443	0.49255	-1.46187	0.36020	0.99964	0.02551	-0.00860	-0.02555	0.99966	-0.00444	0.00848	0.00466	0.99995	
57	0.28500	152.87782	-207.09979	0.19210	0.55796	0.16529	5.23796	0.92529	0.99582	-0.09129	-0.00288	0.09132	0.99577	0.00974	0.00198	-0.00996	0.99995		16.21113	-47.61223	-2.04064	-0.26975	0.48511	-1.46022	0.37822	0.99964	0.02548	-0.00847	-0.02552	0.99966	-0.00471	0.00834	0.00492	0.99995	
58	0.29000	152.90819	-207.09966	0.15993	0.55955	0.16471	5.23325	0.94049	0.99583	-0.09121	-0.00287	0.09123	0.99578	0.00977	0.00197	-0.00999	0.99995		16.24381	-47.62557	-2.05173	-0.28710	0.47319	-1.45596	0.36288	0.99964	0.02541	-0.00826	-0.02545	0.99966	-0.00501	0.00813	0.00522	0.99995	
59	0.29500	152.93557	-207.10728	0.11147	0.56073	0.15978	5.23089	0.92337	0.99583	-0.09117	-0.00279	0.09119	0.99579	0.00979	0.00188	-0.01000	0.99995		16.24930	-47.63915	-2.07188	-0.29974	0.47145	-1.45874	0.37294	0.99964	0.02546	-0.00823	-0.02550	0.99966	-0.00523	0.00809	0.00544	0.99995	
60	0.30000	152.92940	-207.11308	0.04636	0.55767	0.16008	5.23114	0.92621	0.99583	-0.09117	-0.00279	0.09120	0.99579	0.00973	0.00189	-0.00995	0.99995		16.26459	-47.67456	-2.07830	-0.31998	0.46303	-1.45348	0.39467	0.99965	0.02536	-0.00808	-0.02541	0.99966	-0.00558	0.00794	0.00579	0.99995	
61	0.30500	152.89582	-207.11669	0.06032	0.55787	0.16200	5.23102	0.93321	0.99583	-0.09117	-0.00283	0.09119	0.99579	0.00974	0.00193	-0.00995	0.99995		16.29416	-47.70613	-2.07704	-0.33483	0.45552	-1.45257	0.38628	0.99965	0.02535	-0.00795	-0.02540	0.99966	-0.00584	0.00780	0.00604	0.99995	
62	0.31000	152.87329	-207.12774	-0.00156	0.55924	0.16627	5.23516	0.93357	0.99582	-0.09124	-0.00290	0.09127	0.99578	0.00976	0.00200	-0.00998	0.99995		16.28509	-47.72926	-2.10022	-0.35244	0.44820	-1.45134	0.37938	0.99965	0.02533	-0.00782	-0.02538	0.99966	-0.00615	0.00766	0.00635	0.99995	
63	0.31500	152.94917	-207.11800	-0.05043	0.55854	0.16052	5.22865	0.91392	0.99584	-0.09113	-0.00280	0.09115	0.99579	0.00975	0.00190	-0.00996	0.99995		16.36692	-47.73857	-2.10884	-0.36466	0.44061	-1.45148	0.39395	0.99965	0.02533	-0.00769	-0.02538	0.99966	-0.00636	0.00753	0.00656	0.99995	
64	0.32000	152.95089	-207.11183	-0.08653	0.56238	0.15759	5.23856	0.93688	0.99582	-0.09130	-0.00275	0.09133	0.99577	0.00982	0.00184	-0.01003	0.99995		16.32715	-47.76170	-2.12334	-0.37834	0.43491	-1.45056	0.36962	0.99965	0.02531	-0.00759	-0.02536	0.99966	-0.00660	0.00742	0.00679	0.99995	
65	0.32500	152.97302	-207.12794	-0.10935	0.55962	0.15559	5.22710	0.92807	0.99584	-0.09110	-0.00272	0.09113	0.99579	0.00977	0.00181	-0.00997	0.99995		16.38135	-47.77401	-2.13112	-0.39060	0.42665	-1.44926	0.37589	0.99965	0.02529	-0.00745	-0.02534	0.99966	-0.00682	0.00727	0.00700	0.99995	
66	0.33000	152.99056	-207.12903	-0.16926	0.56027	0.15272	5.23307	0.91833	0.99583	-0.09121	-0.00267	0.09123	0.99578	0.00978	0.00176	-0.00998	0.99995		16.42657	-47.82314	-2.12481	-0.41364	0.41663	-1.45095	0.39158	0.99965	0.02532	-0.00727	-0.02537	0.99965	-0.00722	0.00709	0.00740	0.99995	
67	0.33500	152.97449	-207.11911	-0.20658	0.56328	0.15532	5.22982	0.93123	0.99583	-0.09115	-0.00271	0.09117	0.99579	0.00983	0.00180	-0.01004	0.99995		16.39534	-47.83718	-2.15656	-0.42612	0.41121	-1.45255	0.38769	0.99965	0.02535	-0.00718	-0.02540	0.99965	-0.00744	0.00699	0.00762	0.99995	
68	0.34000	152.99321	-207.11062	-0.24312	0.56364	0.15076	5.23021	0.92789	0.99583	-0.09116	-0.00263	0.09118	0.99579	0.00984	0.00172	-0.01004	0.99995		16.46939	-47.85328	-2.14868	-0.43519	0.40980	-1.45495	0.38619	0.99965	0.02539	-0.00715	-0.02544	0.99965	-0.00760	0.00696	0.00777	0.99995	
69	0.34500	153.01703	-207.12051	-0.29001	0.56476	0.14772	5.23217	0.93652	0.99583	-0.09119	-0.00258	0.09121	0.99578	0.00986	0.00167	-0.01005	0.99995		16.44993	-47.85743	-2.16298	-0.45100	0.40029	-1.45091	0.38140	0.99966	0.02532	-0.00699	-0.02537	0.99965	-0.00787	0.00678	0.00805	0.99994	
70	0.35000	153.01514	-207.13972	-0.32321	0.56245	0.15020	5.22606	0.93081	0.99584	-0.09109	-0.00262	0.09111	0.99579	0.00982	0.00172	-0.01001	0.99995		16.47905	-47.87951	-2.17499	-0.46244	0.39469	-1.44828	0.37595	0.99966	0.02527	-0.00689	-0.02533	0.99965	-0.00807	0.00668	0.00824	0.99994	
71	0.35500	153.06156	-207.11301	-0.37296	0.56558	0.14489	5.22703	0.93507	0.99584	-0.09110	-0.00253	0.09112	0.99579	0.00987	0.00162	-0.01006	0.99995		16.49012	-47.90252	-2.18178	-0.47646	0.38930	-1.44658	0.36798	0.99966	0.02524	-0.00679	-0.02530	0.99965	-0.00832	0.00658	0.00848	0.99994	
72	0.36000	153.01762	-207.12710	-0.41176	0.56605	0.14762	5.23109	0.91806	0.99583	-0.09117	-0.00258	0.09119	0.99578	0.00988	0.00166	-0.01007	0.99995		16.49350	-47.89664	-2.19788	-0.48469	0.38794	-1.44847	0.39344	0.99966	0.02528	-0.00677	-0.02533	0.99964	-0.00846	0.00655	0.00863	0.99994	
73	0.36500	153.02581	-207.14626	-0.47155	0.56447	0.14376	5.22687	0.92380	0.99584	-0.09110	-0.00251	0.09112	0.99579	0.00985	0.00160	-0.01004	0.99995		16.52571	-47.94123	-2.20917	-0.49831	0.37887	-1.44787	0.39646	0.99966	0.02527	-0.00661	-0.02532	0.99964	-0.00870	0.00639	0.00886	0.99994	
74	0.37000	153.04820	-207.11935	-0.49045	0.56855	0.14177	5.22787	0.93359	0.99584	-0.09112	-0.00247	0.09114	0.99579	0.00992	0.00156	-0.01011	0.99995		16.50996	-47.91051	-2.22068	-0.50533	0.37794	-1.44580	0.40068	0.99966	0.02523	-0.00660	-0.02529	0.99964	-0.00882	0.00637	0.00898	0.99994	
75	0.37500	153.07607	-207.12735	-0.53330	0.56967	0.14161	5.22940	0.94254	0.99583	-0.09114	-0.00247	0.09116	0.99579	0.00994	0.00156	-0.01013	0.99995		16.55132	-47.94126	-2.21206	-0.51431	0.37357	-1.44243	0.38180	0.99966	0.02517	-0.00652	-0.02523	0.99964	-0.00898	0.00629	0.00914	0.99994	
76	0.38000	153.10521	-207.11111	-0.59357	0.57303	0.13143	5.22629	0.94022	0.99584	-0.09109	-0.00229	0.09111	0.99579	0.01000	0.00137	-0.01017	0.99995		16.52968	-47.92888	-2.22389	-0.51915	0.37291	-1.44746	0.40010	0.99966	0.02526	-0.00651	-0.02532	0.99964	-0.00906	0.00628	0.00922	0.99994	
77	0.38500	153.11238	-207.11170	-0.61902	0.57281	0.13632	5.22505	0.93900	0.99584	-0.09107	-0.00238	0.09109	0.99579	0.01000	0.00146	-0.01017	0.99995		16.55216	-47.93611	-2.23955	-0.52752	0.36423	-1.44923	0.39561	0.99966	0.02529	-0.00636	-0.02535	0.99964	-0.00921	0.00612	0.00936	0.99994	
78	0.39000	153.13720	-207.10343	-0.64797	0.57607	0.13488	5.23015	0.93445	0.99583	-0.09116	-0.00235	0.09118	0.99578	0.01005	0.00143	-0.01023	0.99995		16.61949	-47.98344	-2.21865	-0.53759	0.36322	-1.44766	0.38799	0.99966	0.02526	-0.00634	-0.02532	0.99964	-0.00938	0.00610	0.00954	0.99994	
79	0.39500	153.10492	-207.11118	-0.68812	0.57461	0.13407	5.23193	0.94674	0.99583	-0.09119	-0.00234	0.09121	0.99578	0.01003	0.00142	-0.01020	0.99995		16.56646	-47.97017	-2.25049	-0.54406	0.35814	-1.44810	0.37594	0.99966	0.02527	-0.00625	-0.02533	0.99963	-0.00950	0.00601	0.00965	0.99994	
80	0.40000	153.15403	-207.10909	-0.72696	0.57593	0.13397	5.22694	0.94509	0.99584	-0.09110	-0.00234	0.09112	0.99579	0.01005	0.00141	-0.01022	0.99995		16.63633	-47.97593	-2.23431	-0.54791	0.35449	-1.44841	0.37589	0.99966	0.02528	-0.00619	-0.02533	0.99963	-0.00956	0.00594	0.00972	0.99994	
81	0.40500	153.15401	-207.12117	-0.77146	0.57553	0.12784	5.22840	0.96329	0.99584	-0.09113	-0.00223	0.09114	0.99579	0.01004	0.00131	-0.01021	0.99995		16.63317	-47.98750	-2.24175	-0.55515	0.35127	-1.44628	0.36749	0.99966	0.02524	-0.00613	-0.02530	0.99963	-0.00969	0.00588	0.00984	0.99993	
82	0.41000	153.19029	-207.09246	-0.81121	0.58059	0.12575	5.22899	0.93806	0.99584	-0.09114	-0.00219	0.09115	0.99579	0.01013	0.00126	-0.01029	0.99995		16.61526	-47.97528	-2.24507	-0.55724	0.34674	-1.44570	0.36939	0.99966	0.02523	-0.00605	-0.02529	0.99963	-0.00973	0.00580	0.00988	0.99993	
83	0.41500	153.17952	-207.11115	-0.82385	0.57958	0.12701	5.22774	0.96313	0.99584	-0.09111	-0.00222	0.09113	0.99579	0.01012	0.00129	-0.01028	0.99995		16.68490	-47.99448	-2.23275	-0.55988	0.34258	-1.45058	0.38681	0.99966	0.02531	-0.00598	-0.02537	0.99963	-0.00977	0.00573	0.00992	0.99993	
84	0.42000	153.20421	-207.11866	-0.87170	0.58051	0.12309	5.22463	0.95193	0.99584	-0.09106	-0.00215	0.09108	0.99579	0.01013	0.00122	-0.01029	0.99995		16.70512	-48.00245	-2.22409	-0.56603	0.33876	-1.44654	0.35673	0.99966	0.02524	-0.00591	-0.02530	0.99963	-0.00988	0.00566	0.01003	0.99993	
85	0.42500	153.19998	-207.09657	-0.90258	0.58303	0.12161	5.22141	0.95152	0.99585	-0.09100	-0.00212	0.09102	0.99580	0.01018	0.00119	-0.01033	0.99995		16.69192	-47.99898	-2.23206	-0.56765	0.33738	-1.44743	0.36850	0.99966	0.02526	-0.00589	-0.02532	0.99963	-0.00991	0.00564	0.01005	0.99993	
86	0.43000	153.20134	-207.08809	-0.94178	0.58614	0.11956	5.22181	0.95515	0.99585	-0.09101	-0.00209	0.09103	0.99580	0.01023	0.00115	-0.01038	0.99995		16.71168	-47.99564	-2.24040	-0.56698	0.33283	-1.44718	0.36931	0.99966	0.02525	-0.00581	-0.02531	0.99963	-0.00990	0.00556	0.01004	0.99993	
87	0.43500	153.25606	-207.07201	-0.96081	0.58747	0.11807	5.22280	0.95702	0.99585	-0.09103	-0.00206	0.09105	0.99579	0.01025	0.00112	-0.01040	0.99995		16.72458	-47.99538	-2.21499	-0.56701	0.32999	-1.44890	0.39410	0.99966	0.02529	-0.00576	-0.02534	0.99963	-0.00990	0.00551	0.01004	0.99993	
88	0.44000	153.23416	-207.10137	-1.00064	0.58389	0.11504	5.22460	0.95445	0.99584	-0.09106	-0.00201	0.09108	0.99579	0.01019	0.00107	-0.01033	0.99995		16.72025	-47.98886	-2.21937	-0.56549	0.33096	-1.44921	0.39333	0.99966	0.02529	-0.00578	-0.02535	0.99963	-0.00987	0.00552	0.01001	0.99993	
89	0.44500	153.31173	-207.09622	-1.04398	0.58727	0.10639	5.22642	0.94997	0.99584	-0.09109	-0.00186	0.09111	0.99579	0.01025	0.00092	-0.01038	0.99995		16.76876	-48.01508	-2.21120	-0.56596	0.32602	-1.44865	0.38049	0.99966	0.02528	-0.00569	-0.02534	0.99963	-0.00988	0.00544	0.01002	0.99994	
90	0.45000	153.31928	-207.08912	-1.08464	0.58846	0.10254	5.22653	0.95241	0.99584	-0.09109	-0.00179	0.09111	0.99579	0.01027	0.00085	-0.01039	0.99995		16.74656	-47.99717	-2.21095	-0.56423	0.32677	-1.44624	0.38604	0.99967	0.02524	-0.00570	-0.02529	0.99963	-0.00985	0.00545	0.00999	0.99994	
91	0.45500	153.32662	-207.10785	-1.10006	0.59011	0.09796	5.22246	0.94489	0.99585	-0.09102	-0.00171	0.09104	0.99579	0.01030	0.00077	-0.01041	0.99995		16.76550	-47.99716	-2.19444	-0.56023	0.32152	-1.44640	0.37049	0.99967	0.02524	-0.00561	-0.02530	0.99963	-0.00978	0.00536	0.00992	0.99994	
92	0.46000	153.37173	-207.09014	-1.12630	0.59617	0.09129	5.21707	0.94627	0.99586	-0.09093	-0.00159	0.09094	0.99580	0.01040	0.00064	-0.01051	0.99994		16.82552	-48.00596	-2.18268	-0.55848	0.31915	-1.44912	0.36565	0.99966	0.02529	-0.00557	-0.02534	0.99963	-0.00975	0.00532	0.00988	0.99994	
93	0.46500	153.33688	-207.09128	-1.14828	0.59411	0.09360	5.21882	0.95182	0.99585	-0.09096	-0.00163	0.09097	0.99580	0.01037	0.00068	-0.01047	0.99994		16.77249	-47.98108	-2.17391	-0.55330	0.32191	-1.45002	0.37890	0.99966	0.02530	-0.00562	-0.02536	0.99963	-0.00966	0.00537	0.00980	0.99994	
94	0.47000	153.37679	-207.10110	-1.17408	0.59590	0.09035	5.21871	0.93894	0.99585	-0.09096	-0.00158	0.09097	0.99580	0.01040	0.00062	-0.01050	0.99994		16.84596	-47.99603	-2.14979	-0.54896	0.31534	-1.44773	0.38215	0.99967	0.02526	-0.00550	-0.02532	0.99963	-0.00958	0.00526	0.00972	0.99994	
95	0.47500	153.40591	-207.08558	-1.21398	0.59726	0.08425	5.21962	0.93335	0.99585	-0.09097	-0.00147	0.09098	0.99580	0.01042	0.00052	-0.01051	0.99994		16.87817	-47.99688	-2.15053	-0.54345	0.31414	-1.45091	0.38707	0.99966	0.02532	-0.00548	-0.02537	0.99963	-0.00948	0.00524	0.00962	0.99994	
96	0.48000	153.44780	-207.08712	-1.21641	0.59779	0.07867	5.21946	0.94445	0.99585	-0.09097	-0.00137	0.09098	0.99580	0.01043	0.00042	-0.01051	0.99994		16.86523	-47.97501	-2.12937	-0.53806	0.30959	-1.44691	0.38213	0.99967	0.02525	-0.00540	-0.02530	0.99964	-0.00939	0.00516	0.00952	0.99994	
97	0.48500	153.48068	-207.08345	-1.24526	0.60138	0.07459	5.22119	0.92939	0.99585	-0.09100	-0.00130	0.09101	0.99579	0.01050	0.00034	-0.01057	0.99994		16.88511	-47.99770	-2.10499	-0.53218	0.31281	-1.44941	0.37540	0.99967	0.02529	-0.00546	-0.02534	0.99964	-0.00929	0.00522	0.00942	0.99994	
98	0.49000	153.47250	-207.09011	-1.26454	0.59977	0.07108	5.21812	0.92912	0.99585	-0.09095	-0.00124	0.09096	0.99580	0.01047	0.00028	-0.01054	0.99994		16.90005	-47.97390	-2.11391	-0.52596	0.30652	-1.44835	0.39270	0.99967	0.02528	-0.00535	-0.02532	0.99964	-0.00918	0.00512	0.00931	0.99994	
99	0.49500	153.52228	-207.06313	-1.28852	0.60344	0.06531	5.21643	0.93948	0.99586	-0.09092	-0.00114	0.09093	0.99580	0.01053	0.00018	-0.01059	0.99994		16.90243	-47.96685	-2.07256	-0.51695	0.30714	-1.45227	0.38402	0.99966	0.02534	-0.00536	-0.02539	0.99964	-0.00902	0.00513	0.00916	0.99994	
100	0.50000	153.50951	-207.07132	-1.29567	0.60574	0.06296	5.21394	0.95302	0.99586	-0.09087	-0.00110	0.09088	0.99581	0.01057	0.00013	-0.01063	0.99994		16.92440	-47.95713	-2.06080	-0.50819	0.30570	-1.45433	0.39172	0.99966	0.02538	-0.00534	-0.02543	0.99964	-0.00887	0.00511	0.00900	0.99995	
101	0.50500	153.57324	-207.06964	-1.30360	0.60599	0.05707	5.21559	0.94083	0.99586	-0.09090	-0.00100	0.09091	0.99580	0.01058	0.00003	-0.01062	0.99994		16.97091	-47.94785	-2.03288	-0.49813	0.30544	-1.45283	0.37973	0.99966	0.02535	-0.00533	-0.02540	0.99964	-0.00869	0.00511	0.00883	0.99995	
102	0.51000	153.55969	-207.05153	-1.34057	0.60959	0.05524	5.21109	0.92936	0.99587	-0.09083	-0.00096	0.09083	0.99581	0.01064	-0.00001	-0.01068	0.99994		16.95299	-47.95017	-2.04091	-0.49404	0.30123	-1.44662	0.38004	0.99967	0.02525	-0.00526	-0.02529	0.99964	-0.00862	0.00504	0.00875	0.99995	
103	0.51500	153.55642	-207.08850	-1.33720	0.60861	0.05348	5.22024	0.92699	0.99585	-0.09098	-0.00093	0.09099	0.99580	0.01062	-0.00004	-0.01066	0.99994		16.99413	-47.94482	-2.00469	-0.48271	0.30192	-1.44904	0.37369	0.99967	0.02529	-0.00527	-0.02533	0.99964	-0.00842	0.00505	0.00856	0.99995	
104	0.52000	153.60084	-207.06766	-1.34169	0.61292	0.04638	5.21789	0.92812	0.99586	-0.09094	-0.00081	0.09095	0.99580	0.01070	-0.00017	-0.01073	0.99994		17.00708	-47.93411	-1.99305	-0.47368	0.30255	-1.45129	0.38006	0.99967	0.02533	-0.00528	-0.02537	0.99964	-0.00827	0.00507	0.00840	0.99995	
105	0.52500	153.62722	-207.06156	-1.36193	0.61397	0.03559	5.21958	0.93022	0.99585	-0.09097	-0.00062	0.09097	0.99580	0.01072	-0.00036	-0.01073	0.99994		17.01161	-47.91279	-1.98570	-0.46127	0.30247	-1.45597	0.39704	0.99966	0.02541	-0.00528	-0.02545	0.99964	-0.00805	0.00507	0.00818	0.99995	
106	0.53000	153.66836	-207.04779	-1.37496	0.61891	0.03513	5.21689	0.93339	0.99586	-0.09093	-0.00061	0.09093	0.99580	0.01080	-0.00037	-0.01081	0.99994		17.02047	-47.92783	-1.94831	-0.45406	0.30334	-1.45407	0.40032	0.99966	0.02538	-0.00529	-0.02542	0.99965	-0.00792	0.00509	0.00806	0.99995	
107	0.53500	153.71065	-207.07193	-1.37685	0.61336	0.02759	5.21731	0.94111	0.99586	-0.09093	-0.00048	0.09093	0.99580	0.01070	-0.00049	-0.01070	0.99994		17.04420	-47.89630	-1.94114	-0.44168	0.29894	-1.45091	0.37643	0.99967	0.02532	-0.00522	-0.02536	0.99965	-0.00771	0.00502	0.00784	0.99996	
108	0.54000	153.70424	-207.06085	-1.38290	0.61924	0.02173	5.21727	0.92796	0.99586	-0.09093	-0.00038	0.09093	0.99580	0.01081	-0.00061	-0.01080	0.99994		17.03181	-47.90519	-1.91654	-0.43204	0.30203	-1.45150	0.38902	0.99967	0.02533	-0.00527	-0.02537	0.99965	-0.00754	0.00508	0.00767	0.99996	
109	0.54500	153.72190	-207.05726	-1.38438	0.61967	0.02004	5.21188	0.94498	0.99587	-0.09084	-0.00035	0.09084	0.99581	0.01082	-0.00063	-0.01080	0.99994		17.06136	-47.88966	-1.88399	-0.42079	0.30107	-1.45106	0.38961	0.99967	0.02532	-0.00525	-0.02536	0.99965	-0.00734	0.00507	0.00747	0.99996	
110	0.55000	153.72187	-207.04743	-1.37181	0.62605	0.01114	5.21567	0.93451	0.99586	-0.09090	-0.00019	0.09090	0.99580	0.01093	-0.00080	-0.01090	0.99994		17.08514	-47.87726	-1.86456	-0.40895	0.30345	-1.45662	0.38900	0.99966	0.02542	-0.00530	-0.02546	0.99965	-0.00714	0.00511	0.00727	0.99996	
111	0.55500	153.68850	-207.07853	-1.38035	0.62045	0.01411	5.22234	0.93030	0.99585	-0.09102	-0.00025	0.09102	0.99579	0.01083	-0.00074	-0.01081	0.99994		17.08393	-47.86197	-1.86093	-0.39929	0.30241	-1.45140	0.38708	0.99967	0.02533	-0.00528	-0.02537	0.99965	-0.00697	0.00510	0.00710	0.99996	
112	0.56000	153.76992	-207.06006	-1.36862	0.62488	0.00226	5.21971	0.92638	0.99585	-0.09098	-0.00004	0.09097	0.99579	0.01091	-0.00095	-0.01086	0.99994		17.05972	-47.86797	-1.82343	-0.38932	0.30352	-1.45484	0.39265	0.99966	0.02539	-0.00530	-0.02542	0.99965	-0.00679	0.00512	0.00693	0.99996	
113	0.56500	153.77061	-207.06910	-1.36391	0.62786	0.00037	5.21409	0.93150	0.99586	-0.09088	-0.00001	0.09087	0.99580	0.01096	-0.00099	-0.01091	0.99994		17.07160	-47.83718	-1.79987	-0.37247	0.30592	-1.45438	0.38998	0.99966	0.02538	-0.00534	-0.02542	0.99966	-0.00650	0.00517	0.00663	0.99996	
114	0.57000	153.80637	-207.05983	-1.38534	0.62641	-0.00896	5.21871	0.92693	0.99585	-0.09096	0.00016	0.09095	0.99580	0.01093	-0.00115	-0.01087	0.99994		17.06437	-47.80238	-1.79216	-0.36154	0.30452	-1.45794	0.39590	0.99966	0.02544	-0.00531	-0.02548	0.99966	-0.00631	0.00515	0.00644	0.99997	
115	0.57500	153.85444	-207.04920	-1.36620	0.63163	-0.01749	5.21515	0.92536	0.99586	-0.09090	0.00031	0.09089	0.99580	0.01102	-0.00131	-0.01095	0.99994		17.13752	-47.82123	-1.76882	-0.35011	0.30397	-1.46018	0.37603	0.99966	0.02548	-0.00531	-0.02551	0.99966	-0.00611	0.00515	0.00624	0.99997	
116	0.58000	153.85198	-207.04969	-1.34637	0.63216	-0.01814	5.21660	0.93323	0.99586	-0.09092	0.00032	0.09091	0.99580	0.01103	-0.00132	-0.01096	0.99994		17.07117	-47.77952	-1.74785	-0.33401	0.30583	-1.45790	0.39303	0.99966	0.02544	-0.00534	-0.02547	0.99966	-0.00583	0.00519	0.00596	0.99997	
117	0.58500	153.83840	-207.06638	-1.34747	0.63272	-0.02645	5.21438	0.93663	0.99586	-0.09088	0.00046	0.09087	0.99580	0.01104	-0.00146	-0.01096	0.99994		17.12016	-47.77172	-1.71158	-0.32429	0.30495	-1.45759	0.39377	0.99966	0.02544	-0.00532	-0.02547	0.99966	-0.00566	0.00518	0.00579	0.99997	
118	0.59000	153.86048	-207.07788	-1.34292	0.63257	-0.02444	5.21399	0.92806	0.99586	-0.09088	0.00043	0.09087	0.99580	0.01104	-0.00143	-0.01096	0.99994		17.15696	-47.77062	-1.69179	-0.31311	0.30389	-1.45516	0.36797	0.99966	0.02539	-0.00530	-0.02542	0.99966	-0.00546	0.00516	0.00560	0.99997	
119	0.59500	153.88758	-207.05391	-1.31905	0.63539	-0.03140	5.22318	0.94727	0.99585	-0.09104	0.00055	0.09102	0.99579	0.01109	-0.00156	-0.01099	0.99994		17.11742	-47.73418	-1.66693	-0.29996	0.30487	-1.46191	0.38210	0.99966	0.02551	-0.00532	-0.02554	0.99966	-0.00524	0.00519	0.00537	0.99997	
120	0.60000	153.89579	-207.05738	-1.30416	0.63514	-0.03519	5.21739	0.92598	0.99586	-0.09093	0.00061	0.09092	0.99580	0.01108	-0.00162	-0.01098	0.99994		17.13652	-47.70816	-1.64738	-0.28429	0.30554	-1.46051	0.38399	0.99966	0.02549	-0.00533	-0.02551	0.99966	-0.00496	0.00520	0.00510	0.99997	
121	0.60500	153.91410	-207.04813	-1.28387	0.63753	-0.04253	5.21973	0.93106	0.99585	-0.09098	0.00074	0.09096	0.99579	0.01113	-0.00175	-0.01101	0.99994		17.12964	-47.69562	-1.61434	-0.27189	0.30774	-1.45675	0.38765	0.99966	0.02542	-0.00537	-0.02545	0.99966	-0.00475	0.00525	0.00488	0.99997	
122	0.61000	153.90800	-207.07768	-1.27881	0.63687	-0.04208	5.21678	0.94496	0.99586	-0.09092	0.00073	0.09091	0.99580	0.01112	-0.00174	-0.01100	0.99994		17.11778	-47.68597	-1.58943	-0.26461	0.30717	-1.46318	0.37442	0.99966	0.02553	-0.00536	-0.02556	0.99966	-0.00462	0.00524	0.00475	0.99997	
123	0.61500	153.95628	-207.06168	-1.25714	0.63906	-0.05287	5.22021	0.92506	0.99585	-0.09098	0.00092	0.09097	0.99579	0.01115	-0.00193	-0.01102	0.99994		17.17097	-47.66364	-1.57411	-0.25078	0.30259	-1.46041	0.37990	0.99966	0.02549	-0.00528	-0.02551	0.99967	-0.00438	0.00517	0.00451	0.99998	
124	0.62000	153.98276	-207.06947	-1.22259	0.63736	-0.05504	5.22085	0.93062	0.99585	-0.09099	0.00096	0.09098	0.99579	0.01112	-0.00197	-0.01099	0.99994		17.17609	-47.63273	-1.54189	-0.23592	0.30707	-1.46092	0.37740	0.99966	0.02549	-0.00536	-0.02552	0.99967	-0.00412	0.00525	0.00425	0.99998	
125	0.62500	153.95058	-207.07178	-1.20966	0.63894	-0.05794	5.22237	0.92791	0.99585	-0.09102	0.00101	0.09100	0.99579	0.01115	-0.00202	-0.01101	0.99994		17.15274	-47.64692	-1.50340	-0.22830	0.30323	-1.45975	0.39098	0.99966	0.02547	-0.00529	-0.02550	0.99967	-0.00398	0.00519	0.00412	0.99998	
126	0.63000	154.01145	-207.05892	-1.16944	0.63884	-0.06222	5.22123	0.93641	0.99585	-0.09100	0.00109	0.09098	0.99579	0.01115	-0.00210	-0.01100	0.99994		17.19398	-47.59801	-1.47542	-0.21569	0.30064	-1.46261	0.40057	0.99966	0.02552	-0.00525	-0.02554	0.99967	-0.00376	0.00515	0.00390	0.99998	
127	0.63500	154.02466	-207.05924	-1.16795	0.64220	-0.06841	5.21921	0.93307	0.99585	-0.09097	0.00119	0.09095	0.99579	0.01121	-0.00221	-0.01105	0.99994		17.19067	-47.57382	-1.44660	-0.20396	0.30007	-1.46232	0.39946	0.99966	0.02552	-0.00524	-0.02554	0.99967	-0.00356	0.00514	0.00369	0.99998	
128	0.64000	153.99219	-207.08534	-1.14399	0.64140	-0.07149	5.21876	0.92689	0.99585	-0.09096	0.00125	0.09094	0.99579	0.01119	-0.00226	-0.01103	0.99994		17.15134	-47.54173	-1.44748	-0.18813	0.30731	-1.46406	0.40609	0.99966	0.02555	-0.00536	-0.02557	0.99967	-0.00328	0.00528	0.00342	0.99998	
129	0.64500	154.07999	-207.07261	-1.11946	0.64047	-0.08077	5.22213	0.94558	0.99585	-0.09102	0.00141	0.09100	0.99579	0.01118	-0.00242	-0.01100	0.99994		17.18773	-47.52363	-1.41926	-0.17760	0.30240	-1.46636	0.38836	0.99966	0.02559	-0.00528	-0.02561	0.99967	-0.00310	0.00520	0.00323	0.99998	
130	0.65000	154.05151	-207.09157	-1.07110	0.64104	-0.08254	5.22704	0.94272	0.99584	-0.09110	0.00144	0.09108	0.99578	0.01119	-0.00245	-0.01101	0.99994		17.16861	-47.49493	-1.39032	-0.16766	0.30861	-1.46683	0.38411	0.99966	0.02560	-0.00539	-0.02561	0.99967	-0.00293	0.00531	0.00306	0.99998	
131	0.65500	154.03600	-207.09433	-1.06791	0.63909	-0.07979	5.22127	0.94381	0.99585	-0.09100	0.00139	0.09098	0.99579	0.01115	-0.00240	-0.01098	0.99994		17.16978	-47.49524	-1.36518	-0.16070	0.30457	-1.46693	0.39948	0.99966	0.02560	-0.00532	-0.02561	0.99967	-0.00280	0.00524	0.00294	0.99998	
132	0.66000	154.08927	-207.08113	-1.02513	0.64127	-0.08627	5.22464	0.93452	0.99584	-0.09106	0.00151	0.09104	0.99578	0.01119	-0.00252	-0.01101	0.99994		17.16356	-47.46979	-1.33627	-0.15286	0.30551	-1.46823	0.39541	0.99966	0.02562	-0.00533	-0.02564	0.99967	-0.00267	0.00526	0.00280	0.99998	
133	0.66500	154.10660	-207.08678	-0.99590	0.64067	-0.09562	5.22186	0.93437	0.99585	-0.09101	0.00167	0.09099	0.99579	0.01118	-0.00268	-0.01098	0.99994		17.15626	-47.44836	-1.31144	-0.14374	0.30646	-1.46942	0.39104	0.99966	0.02564	-0.00535	-0.02566	0.99967	-0.00251	0.00528	0.00265	0.99998	
134	0.67000	154.11973	-207.09156	-0.96423	0.64004	-0.09706	5.22820	0.93925	0.99584	-0.09112	0.00169	0.09110	0.99578	0.01117	-0.00270	-0.01097	0.99994		17.17948	-47.45780	-1.29066	-0.13861	0.30207	-1.46892	0.39182	0.99966	0.02563	-0.00527	-0.02565	0.99967	-0.00242	0.00521	0.00255	0.99998	
135	0.67500	154.13794	-207.09536	-0.92924	0.64052	-0.10089	5.22393	0.93126	0.99584	-0.09105	0.00176	0.09102	0.99579	0.01118	-0.00277	-0.01097	0.99994		17.15781	-47.41845	-1.26576	-0.13077	0.30484	-1.46923	0.38990	0.99966	0.02564	-0.00532	-0.02565	0.99967	-0.00228	0.00526	0.00242	0.99998	
136	0.68000	154.09689	-207.08216	-0.90794	0.64489	-0.09880	5.22615	0.94735	0.99584	-0.09109	0.00172	0.09106	0.99578	0.01126	-0.00274	-0.01105	0.99994		17.18186	-47.40690	-1.24120	-0.12374	0.30327	-1.47034	0.40316	0.99966	0.02566	-0.00529	-0.02567	0.99967	-0.00216	0.00524	0.00229	0.99998	
137	0.68500	154.13787	-207.09672	-0.86431	0.64004	-0.10168	5.22755	0.93716	0.99584	-0.09111	0.00177	0.09109	0.99578	0.01117	-0.00278	-0.01096	0.99994		17.17209	-47.39418	-1.20375	-0.11672	0.30474	-1.47063	0.40317	0.99966	0.02566	-0.00532	-0.02568	0.99967	-0.00204	0.00526	0.00217	0.99998	
