NO_OF_FRAMES	12035
NO_OF_CAMERAS	8
NO_OF_BODIES	2
FREQUENCY	200
NO_OF_ANALOG	0
ANALOG_FREQUENCY	0
DESCRIPTION	--
TIME_STAMP	2013-07-03, 15:41:04	25280.93191650
DATA_INCLUDED	6D
BODY_NAMES	Ice 1	Ice 2
Frame	Time	Ice 1 X	Y	Z	Roll	Pitch	Yaw	Residual	Rot[0]	Rot[1]	Rot[2]	Rot[3]	Rot[4]	Rot[5]	Rot[6]	Rot[7]	Rot[8]	Ice 2 X	Y	Z	Roll	Pitch	Yaw	Residual	Rot[0]	Rot[1]	Rot[2]	Rot[3]	Rot[4]	Rot[5]	Rot[6]	Rot[7]	Rot[8]	
1	0.00500	78.70397	-80.17034	-0.34741	0.66628	0.11170	0.97803	1.09038	0.99985	-0.01707	-0.00195	0.01709	0.99979	0.01163	0.00175	-0.01166	0.99993		19.76058	-3.52580	-1.49801	-0.21601	0.44163	-2.42602	0.19836	0.99907	0.04233	-0.00771	-0.04236	0.99910	-0.00377	0.00754	0.00409	0.99996	
2	0.01000	78.65042	-80.21166	-0.38974	0.65308	0.13731	0.98408	1.06869	0.99985	-0.01717	-0.00240	0.01720	0.99979	0.01140	0.00220	-0.01144	0.99993		19.79958	-3.55089	-1.49000	-0.22373	0.43772	-2.42557	0.15922	0.99907	0.04232	-0.00764	-0.04235	0.99910	-0.00390	0.00747	0.00422	0.99996	
3	0.01500	78.63443	-80.21916	-0.39464	0.65066	0.13659	0.97954	1.07043	0.99985	-0.01710	-0.00238	0.01712	0.99979	0.01136	0.00219	-0.01140	0.99993		19.79489	-3.56793	-1.49425	-0.23046	0.44177	-2.42681	0.14723	0.99907	0.04234	-0.00771	-0.04237	0.99909	-0.00402	0.00753	0.00435	0.99996	
4	0.02000	78.59692	-80.20161	-0.41792	0.64887	0.14495	0.98197	1.06404	0.99985	-0.01714	-0.00253	0.01717	0.99979	0.01132	0.00234	-0.01137	0.99993		19.77576	-3.59809	-1.50969	-0.24099	0.44016	-2.42517	0.14642	0.99907	0.04231	-0.00768	-0.04235	0.99909	-0.00421	0.00750	0.00453	0.99996	
5	0.02500	78.63236	-80.20099	-0.42798	0.64500	0.14372	0.98101	1.06952	0.99985	-0.01712	-0.00251	0.01715	0.99979	0.01126	0.00232	-0.01130	0.99993		19.79445	-3.59395	-1.50131	-0.25010	0.44269	-2.42379	0.14125	0.99908	0.04229	-0.00773	-0.04232	0.99909	-0.00436	0.00753	0.00469	0.99996	
6	0.03000	78.59585	-80.19901	-0.43390	0.64215	0.14739	0.98779	1.06463	0.99985	-0.01724	-0.00257	0.01727	0.99979	0.01121	0.00238	-0.01125	0.99993		19.80165	-3.64187	-1.48749	-0.26732	0.44287	-2.42322	0.14974	0.99908	0.04228	-0.00773	-0.04232	0.99909	-0.00467	0.00753	0.00499	0.99996	
7	0.03500	78.58575	-80.21071	-0.46347	0.63583	0.14834	0.98895	1.06891	0.99985	-0.01726	-0.00259	0.01729	0.99979	0.01110	0.00240	-0.01114	0.99994		19.82798	-3.67342	-1.49444	-0.28348	0.43418	-2.42487	0.15415	0.99908	0.04231	-0.00758	-0.04235	0.99909	-0.00495	0.00736	0.00526	0.99996	
8	0.04000	78.58554	-80.20167	-0.46402	0.63675	0.14760	0.98487	1.06616	0.99985	-0.01719	-0.00258	0.01722	0.99979	0.01111	0.00238	-0.01116	0.99993		19.82982	-3.67907	-1.49841	-0.29173	0.43772	-2.43046	0.16647	0.99907	0.04241	-0.00764	-0.04245	0.99909	-0.00509	0.00742	0.00541	0.99996	
9	0.04500	78.63004	-80.19683	-0.46874	0.63332	0.14457	0.98645	1.06250	0.99985	-0.01722	-0.00252	0.01724	0.99979	0.01105	0.00233	-0.01110	0.99994		19.86041	-3.73584	-1.50581	-0.30783	0.43407	-2.42971	0.16529	0.99907	0.04239	-0.00758	-0.04243	0.99908	-0.00537	0.00734	0.00569	0.99996	
10	0.05000	78.58374	-80.21837	-0.48836	0.62576	0.14608	0.98396	1.06003	0.99985	-0.01717	-0.00255	0.01720	0.99979	0.01092	0.00236	-0.01096	0.99994		19.85524	-3.73917	-1.50466	-0.31948	0.43280	-2.42500	0.15401	0.99908	0.04231	-0.00755	-0.04235	0.99909	-0.00558	0.00731	0.00589	0.99996	
11	0.05500	78.39147	-80.33821	-0.34031	0.62572	0.14348	0.99830	1.15742	0.99985	-0.01742	-0.00250	0.01745	0.99979	0.01092	0.00231	-0.01096	0.99994		19.89500	-3.75590	-1.50804	-0.33399	0.42589	-2.42641	0.16285	0.99908	0.04234	-0.00743	-0.04238	0.99908	-0.00583	0.00718	0.00614	0.99996	
12	0.06000	78.33322	-80.33646	-0.34950	0.62385	0.14890	0.99753	1.15278	0.99985	-0.01741	-0.00260	0.01744	0.99979	0.01089	0.00241	-0.01093	0.99994		19.91888	-3.79045	-1.51149	-0.34918	0.42457	-2.42503	0.14120	0.99908	0.04231	-0.00741	-0.04236	0.99908	-0.00609	0.00715	0.00640	0.99995	
13	0.06500	78.31421	-80.35797	-0.32573	0.61654	0.15039	0.99805	1.16393	0.99984	-0.01742	-0.00262	0.01745	0.99979	0.01076	0.00244	-0.01080	0.99994		19.89446	-3.80098	-1.52261	-0.36343	0.42538	-2.42485	0.14548	0.99908	0.04231	-0.00742	-0.04236	0.99908	-0.00634	0.00715	0.00665	0.99995	
14	0.07000	78.34361	-80.35383	-0.33994	0.61329	0.14327	1.00019	1.18119	0.99984	-0.01746	-0.00250	0.01748	0.99979	0.01070	0.00231	-0.01075	0.99994		19.89609	-3.82261	-1.52165	-0.37592	0.42438	-2.42476	0.14024	0.99908	0.04231	-0.00741	-0.04236	0.99908	-0.00656	0.00712	0.00687	0.99995	
15	0.07500	78.30566	-80.36279	-0.32767	0.60757	0.14635	1.00263	1.18674	0.99984	-0.01750	-0.00255	0.01752	0.99979	0.01060	0.00237	-0.01065	0.99994		19.92646	-3.82434	-1.53812	-0.38774	0.42203	-2.42496	0.13335	0.99908	0.04231	-0.00737	-0.04236	0.99908	-0.00677	0.00707	0.00707	0.99995	
16	0.08000	78.32522	-80.36753	-0.33023	0.60522	0.13809	1.00151	1.18119	0.99984	-0.01748	-0.00241	0.01750	0.99979	0.01056	0.00222	-0.01060	0.99994		19.93674	-3.83708	-1.54134	-0.40323	0.42230	-2.41915	0.13278	0.99908	0.04221	-0.00737	-0.04226	0.99908	-0.00704	0.00707	0.00734	0.99995	
17	0.08500	78.29487	-80.38730	-0.30592	0.59837	0.14211	0.99968	1.17285	0.99984	-0.01745	-0.00248	0.01747	0.99979	0.01044	0.00230	-0.01049	0.99994		19.91418	-3.85642	-1.54824	-0.41740	0.42254	-2.42081	0.14128	0.99908	0.04224	-0.00737	-0.04229	0.99908	-0.00728	0.00706	0.00759	0.99995	
18	0.09000	78.28871	-80.38571	-0.31667	0.59874	0.13279	1.00310	1.19159	0.99984	-0.01751	-0.00232	0.01753	0.99979	0.01045	0.00213	-0.01049	0.99994		19.94878	-3.85259	-1.56476	-0.42799	0.41918	-2.42107	0.13391	0.99908	0.04224	-0.00732	-0.04230	0.99908	-0.00747	0.00699	0.00777	0.99995	
19	0.09500	78.31564	-80.40250	-0.28608	0.59264	0.13083	1.00367	1.18543	0.99984	-0.01752	-0.00228	0.01754	0.99979	0.01034	0.00210	-0.01038	0.99994		19.91260	-3.87969	-1.58008	-0.44264	0.42460	-2.42002	0.12874	0.99908	0.04222	-0.00741	-0.04228	0.99908	-0.00773	0.00708	0.00803	0.99994	
20	0.10000	78.33161	-80.41282	-0.30631	0.58526	0.12463	1.00684	1.20025	0.99984	-0.01757	-0.00218	0.01759	0.99979	0.01021	0.00200	-0.01025	0.99995		19.95901	-3.89248	-1.58377	-0.45794	0.42141	-2.42238	0.12889	0.99908	0.04226	-0.00736	-0.04232	0.99907	-0.00799	0.00701	0.00830	0.99994	
21	0.10500	78.33058	-80.39865	-0.27217	0.58348	0.12047	1.00002	1.18911	0.99985	-0.01745	-0.00210	0.01747	0.99980	0.01018	0.00192	-0.01022	0.99995		19.94352	-3.91059	-1.59489	-0.47273	0.42261	-2.42199	0.12459	0.99908	0.04226	-0.00738	-0.04232	0.99907	-0.00825	0.00702	0.00855	0.99994	
22	0.11000	78.27789	-80.41072	-0.27124	0.57915	0.11908	1.00602	1.19310	0.99984	-0.01756	-0.00208	0.01758	0.99979	0.01011	0.00190	-0.01014	0.99995		19.96932	-3.91742	-1.62315	-0.48830	0.41678	-2.41687	0.11959	0.99908	0.04217	-0.00727	-0.04223	0.99907	-0.00852	0.00691	0.00882	0.99994	
23	0.11500	78.33340	-80.42133	-0.25716	0.57326	0.11448	1.01300	1.19880	0.99984	-0.01768	-0.00200	0.01770	0.99979	0.01001	0.00182	-0.01004	0.99995		19.95392	-3.94299	-1.63845	-0.50270	0.41765	-2.41557	0.12111	0.99908	0.04215	-0.00729	-0.04221	0.99907	-0.00877	0.00691	0.00907	0.99993	
24	0.12000	78.31876	-80.41790	-0.23807	0.57144	0.10902	1.01025	1.19477	0.99984	-0.01763	-0.00190	0.01765	0.99979	0.00997	0.00173	-0.01001	0.99995		19.98655	-3.94654	-1.64212	-0.51579	0.41758	-2.41718	0.11298	0.99908	0.04217	-0.00729	-0.04224	0.99907	-0.00900	0.00690	0.00930	0.99993	
25	0.12500	78.30986	-80.42600	-0.22519	0.56817	0.10219	1.00250	1.20026	0.99985	-0.01750	-0.00178	0.01751	0.99980	0.00992	0.00161	-0.00995	0.99995		19.98672	-3.95602	-1.66547	-0.53131	0.41058	-2.41290	0.11547	0.99909	0.04210	-0.00717	-0.04217	0.99907	-0.00927	0.00677	0.00957	0.99993	
26	0.13000	78.29984	-80.43117	-0.22225	0.56448	0.10470	1.00244	1.17915	0.99985	-0.01749	-0.00183	0.01751	0.99980	0.00985	0.00165	-0.00988	0.99995		20.02570	-3.98801	-1.67692	-0.54807	0.40612	-2.41226	0.11211	0.99909	0.04209	-0.00709	-0.04216	0.99907	-0.00957	0.00668	0.00986	0.99993	
27	0.13500	78.33224	-80.43382	-0.22092	0.55950	0.09727	1.00525	1.20007	0.99984	-0.01754	-0.00170	0.01756	0.99980	0.00976	0.00153	-0.00979	0.99995		19.99166	-4.01483	-1.67016	-0.56649	0.40451	-2.40421	0.13550	0.99909	0.04195	-0.00706	-0.04202	0.99907	-0.00989	0.00664	0.01017	0.99993	
28	0.14000	78.34192	-80.42741	-0.20964	0.55847	0.08949	1.00314	1.20305	0.99985	-0.01751	-0.00156	0.01752	0.99980	0.00975	0.00139	-0.00977	0.99995		19.99120	-4.01830	-1.69029	-0.57763	0.40677	-2.40152	0.13432	0.99910	0.04190	-0.00710	-0.04197	0.99907	-0.01008	0.00667	0.01037	0.99992	
29	0.14500	78.33107	-80.44622	-0.17876	0.55444	0.08501	1.00462	1.20367	0.99985	-0.01753	-0.00148	0.01755	0.99980	0.00968	0.00131	-0.00970	0.99995		20.02600	-4.04819	-1.71031	-0.59187	0.40276	-2.40007	0.11110	0.99910	0.04188	-0.00703	-0.04195	0.99907	-0.01033	0.00659	0.01062	0.99992	
30	0.15000	78.37060	-80.44512	-0.17203	0.55005	0.07670	1.00654	1.20483	0.99984	-0.01757	-0.00134	0.01758	0.99980	0.00960	0.00117	-0.00962	0.99995		20.02603	-4.04766	-1.73827	-0.60588	0.39835	-2.39997	0.10818	0.99910	0.04187	-0.00695	-0.04195	0.99906	-0.01057	0.00650	0.01086	0.99992	
31	0.15500	78.37547	-80.44491	-0.16683	0.54635	0.07421	1.00756	1.19215	0.99984	-0.01758	-0.00130	0.01760	0.99980	0.00954	0.00113	-0.00956	0.99995		20.04701	-4.04470	-1.74620	-0.61446	0.39780	-2.39884	0.12678	0.99910	0.04185	-0.00694	-0.04193	0.99906	-0.01072	0.00649	0.01101	0.99992	
32	0.16000	78.36842	-80.46086	-0.15400	0.54538	0.06630	1.00614	1.20712	0.99985	-0.01756	-0.00116	0.01757	0.99980	0.00952	0.00099	-0.00954	0.99995		20.03641	-4.04119	-1.76596	-0.62478	0.39291	-2.40457	0.11476	0.99910	0.04195	-0.00686	-0.04203	0.99906	-0.01090	0.00639	0.01118	0.99992	
33	0.16500	78.36659	-80.46411	-0.13675	0.54283	0.06056	1.00253	1.20041	0.99985	-0.01750	-0.00106	0.01751	0.99980	0.00947	0.00089	-0.00949	0.99995		20.06174	-4.04909	-1.79019	-0.63714	0.38929	-2.40261	0.12472	0.99910	0.04192	-0.00679	-0.04199	0.99906	-0.01112	0.00632	0.01139	0.99992	
34	0.17000	78.40907	-80.46828	-0.12247	0.53984	0.05002	1.00822	1.19484	0.99984	-0.01760	-0.00087	0.01760	0.99980	0.00942	0.00071	-0.00944	0.99996		20.05655	-4.06102	-1.80592	-0.64733	0.38957	-2.40121	0.12091	0.99910	0.04190	-0.00680	-0.04197	0.99905	-0.01130	0.00632	0.01157	0.99991	
35	0.17500	78.41529	-80.48523	-0.11646	0.53639	0.04226	1.00869	1.21153	0.99984	-0.01760	-0.00074	0.01761	0.99980	0.00936	0.00057	-0.00937	0.99996		20.06085	-4.05845	-1.82208	-0.65631	0.38809	-2.39991	0.11409	0.99910	0.04187	-0.00677	-0.04195	0.99905	-0.01145	0.00629	0.01173	0.99991	
36	0.18000	78.42880	-80.47770	-0.09613	0.53366	0.03672	1.00523	1.20801	0.99985	-0.01754	-0.00064	0.01755	0.99980	0.00931	0.00048	-0.00932	0.99996		20.09903	-4.06090	-1.83794	-0.66674	0.37891	-2.40177	0.11062	0.99910	0.04191	-0.00661	-0.04198	0.99905	-0.01164	0.00612	0.01190	0.99991	
37	0.18500	78.43664	-80.48866	-0.07774	0.53362	0.03125	1.00783	1.20668	0.99985	-0.01759	-0.00055	0.01759	0.99980	0.00931	0.00038	-0.00932	0.99996		20.06639	-4.05878	-1.86234	-0.67265	0.38277	-2.39931	0.11465	0.99910	0.04186	-0.00668	-0.04194	0.99905	-0.01174	0.00618	0.01201	0.99991	
38	0.19000	78.44924	-80.50169	-0.06034	0.52818	0.02605	1.00868	1.21469	0.99984	-0.01760	-0.00045	0.01761	0.99980	0.00922	0.00029	-0.00923	0.99996		20.08258	-4.06407	-1.87436	-0.68105	0.38293	-2.39805	0.10575	0.99910	0.04184	-0.00668	-0.04192	0.99905	-0.01189	0.00618	0.01216	0.99991	
39	0.19500	78.43057	-80.49536	-0.04990	0.52972	0.01993	1.00753	1.19858	0.99985	-0.01758	-0.00035	0.01759	0.99980	0.00925	0.00019	-0.00925	0.99996		20.08895	-4.04658	-1.87355	-0.68584	0.37844	-2.40076	0.12195	0.99910	0.04189	-0.00660	-0.04196	0.99905	-0.01197	0.00610	0.01224	0.99991	
40	0.20000	78.46139	-80.49144	-0.03566	0.53105	0.01263	1.00826	1.19859	0.99985	-0.01760	-0.00022	0.01760	0.99980	0.00927	0.00006	-0.00927	0.99996		20.10669	-4.03705	-1.90271	-0.68996	0.37560	-2.39924	0.13000	0.99910	0.04186	-0.00656	-0.04194	0.99905	-0.01204	0.00605	0.01231	0.99991	
41	0.20500	78.42441	-80.51056	-0.01283	0.52675	0.01702	1.00968	1.19395	0.99984	-0.01762	-0.00030	0.01762	0.99980	0.00919	0.00013	-0.00920	0.99996		20.10221	-4.06599	-1.88861	-0.70119	0.37300	-2.39660	0.12211	0.99910	0.04182	-0.00651	-0.04189	0.99905	-0.01224	0.00599	0.01250	0.99990	
42	0.21000	78.47416	-80.51797	-0.00906	0.52513	0.00175	1.00554	1.21173	0.99985	-0.01755	-0.00003	0.01755	0.99980	0.00917	-0.00013	-0.00916	0.99996		20.12326	-4.02602	-1.92729	-0.69926	0.37153	-2.39805	0.11228	0.99910	0.04184	-0.00648	-0.04192	0.99905	-0.01220	0.00597	0.01246	0.99990	
43	0.21500	78.48971	-80.51216	0.01053	0.52628	-0.00598	1.01059	1.21082	0.99984	-0.01764	0.00010	0.01764	0.99980	0.00919	-0.00027	-0.00918	0.99996		20.12823	-4.04906	-1.93403	-0.70831	0.36422	-2.39793	0.12259	0.99910	0.04184	-0.00636	-0.04191	0.99904	-0.01236	0.00583	0.01262	0.99990	
44	0.22000	78.50797	-80.50629	0.02061	0.52546	-0.00649	1.01010	1.21431	0.99984	-0.01763	0.00011	0.01763	0.99980	0.00917	-0.00027	-0.00917	0.99996		20.14357	-4.03343	-1.93847	-0.70898	0.36135	-2.39979	0.12419	0.99910	0.04187	-0.00631	-0.04195	0.99904	-0.01237	0.00578	0.01263	0.99990	
45	0.22500	78.51178	-80.51477	0.04181	0.52638	-0.01741	1.00947	1.21084	0.99984	-0.01762	0.00030	0.01761	0.99980	0.00919	-0.00047	-0.00918	0.99996		20.14428	-4.01649	-1.94292	-0.70796	0.36418	-2.39983	0.12455	0.99910	0.04187	-0.00636	-0.04195	0.99904	-0.01236	0.00583	0.01261	0.99990	
46	0.23000	78.49541	-80.53054	0.06830	0.52536	-0.01771	1.01032	1.21456	0.99984	-0.01763	0.00031	0.01763	0.99980	0.00917	-0.00047	-0.00916	0.99996		20.12908	-4.01034	-1.96278	-0.71078	0.35622	-2.39559	0.12074	0.99911	0.04180	-0.00622	-0.04187	0.99905	-0.01240	0.00569	0.01265	0.99990	
47	0.23500	78.49609	-80.52116	0.09924	0.52573	-0.02203	1.01037	1.21943	0.99984	-0.01763	0.00038	0.01763	0.99980	0.00918	-0.00055	-0.00917	0.99996		20.12046	-3.96842	-1.98981	-0.70056	0.36258	-2.40198	0.11001	0.99910	0.04191	-0.00633	-0.04198	0.99904	-0.01223	0.00581	0.01248	0.99991	
48	0.24000	78.54117	-80.52343	0.10468	0.52917	-0.03676	1.01014	1.21458	0.99984	-0.01763	0.00064	0.01762	0.99980	0.00924	-0.00080	-0.00922	0.99996		20.14664	-3.97195	-1.97677	-0.70369	0.35726	-2.40222	0.11705	0.99910	0.04191	-0.00624	-0.04199	0.99904	-0.01228	0.00571	0.01253	0.99991	
49	0.24500	78.56934	-80.52487	0.11370	0.52850	-0.04507	1.01048	1.23813	0.99984	-0.01764	0.00079	0.01763	0.99980	0.00922	-0.00095	-0.00921	0.99996		20.13285	-3.94523	-2.01019	-0.70119	0.35374	-2.40408	0.12013	0.99910	0.04195	-0.00617	-0.04202	0.99904	-0.01224	0.00565	0.01249	0.99991	
50	0.25000	78.61491	-80.52266	0.12826	0.53099	-0.04678	1.00749	1.22174	0.99985	-0.01758	0.00082	0.01757	0.99980	0.00927	-0.00098	-0.00925	0.99996		20.16966	-3.93272	-2.01161	-0.69649	0.35664	-2.40116	0.11236	0.99910	0.04190	-0.00622	-0.04197	0.99904	-0.01216	0.00571	0.01241	0.99991	
51	0.25500	78.58836	-80.54490	0.15029	0.52776	-0.05343	1.00793	1.21238	0.99984	-0.01759	0.00093	0.01758	0.99980	0.00921	-0.00109	-0.00919	0.99996		20.11865	-3.91037	-2.01957	-0.69022	0.35353	-2.40034	0.12078	0.99910	0.04188	-0.00617	-0.04195	0.99905	-0.01205	0.00566	0.01229	0.99991	
52	0.26000	78.60798	-80.53745	0.17308	0.53126	-0.06048	1.00940	1.21746	0.99984	-0.01762	0.00106	0.01761	0.99980	0.00927	-0.00122	-0.00925	0.99996		20.09680	-3.85313	-2.05064	-0.67700	0.35785	-2.40102	0.12246	0.99910	0.04189	-0.00625	-0.04196	0.99905	-0.01182	0.00574	0.01207	0.99991	
53	0.26500	78.65981	-80.54856	0.20210	0.52887	-0.06764	1.00967	1.22716	0.99984	-0.01762	0.00118	0.01761	0.99980	0.00923	-0.00134	-0.00921	0.99996		20.13256	-3.84512	-2.05211	-0.66834	0.35780	-2.40126	0.12200	0.99910	0.04190	-0.00624	-0.04197	0.99905	-0.01166	0.00575	0.01192	0.99991	
54	0.27000	78.64282	-80.56588	0.21521	0.53031	-0.07105	1.00868	1.21884	0.99984	-0.01760	0.00124	0.01759	0.99980	0.00926	-0.00140	-0.00923	0.99996		20.08134	-3.81402	-2.07315	-0.66089	0.35713	-2.40138	0.10418	0.99910	0.04190	-0.00623	-0.04197	0.99905	-0.01153	0.00574	0.01179	0.99991	
55	0.27500	78.63317	-80.56900	0.22751	0.53172	-0.07537	1.00888	1.21641	0.99984	-0.01761	0.00132	0.01759	0.99980	0.00928	-0.00148	-0.00926	0.99996		20.09886	-3.78037	-2.08304	-0.64870	0.35676	-2.40394	0.11534	0.99910	0.04194	-0.00623	-0.04201	0.99905	-0.01132	0.00575	0.01157	0.99992	
56	0.28000	78.69320	-80.58682	0.23935	0.53156	-0.08631	1.00985	1.22773	0.99984	-0.01762	0.00151	0.01761	0.99980	0.00928	-0.00167	-0.00925	0.99996		20.11121	-3.75650	-2.07991	-0.63922	0.35284	-2.40351	0.09831	0.99910	0.04194	-0.00616	-0.04200	0.99906	-0.01116	0.00568	0.01140	0.99992	
57	0.28500	78.66959	-80.59420	0.25336	0.53347	-0.09238	1.00745	1.22262	0.99984	-0.01758	0.00161	0.01757	0.99980	0.00931	-0.00178	-0.00928	0.99996		20.06978	-3.70711	-2.10194	-0.62375	0.35652	-2.41137	0.13284	0.99910	0.04207	-0.00622	-0.04214	0.99905	-0.01089	0.00576	0.01114	0.99992	
58	0.29000	78.69322	-80.58413	0.28081	0.53760	-0.09684	1.00779	1.22526	0.99984	-0.01759	0.00169	0.01757	0.99980	0.00938	-0.00185	-0.00935	0.99995		20.07001	-3.69088	-2.10309	-0.61475	0.35746	-2.40827	0.11396	0.99910	0.04202	-0.00624	-0.04208	0.99906	-0.01073	0.00578	0.01098	0.99992	
59	0.29500	78.72785	-80.57776	0.28488	0.54058	-0.09975	1.00783	1.22643	0.99984	-0.01759	0.00174	0.01757	0.99980	0.00943	-0.00191	-0.00940	0.99995		20.13845	-3.65042	-2.10967	-0.59768	0.35182	-2.40748	0.09969	0.99910	0.04201	-0.00614	-0.04207	0.99906	-0.01043	0.00570	0.01068	0.99993	
60	0.30000	78.72011	-80.59950	0.30006	0.53876	-0.10816	1.00640	1.21337	0.99984	-0.01756	0.00189	0.01755	0.99980	0.00940	-0.00205	-0.00937	0.99995		20.09898	-3.61850	-2.12770	-0.58002	0.35389	-2.41458	0.11541	0.99909	0.04213	-0.00618	-0.04219	0.99906	-0.01012	0.00574	0.01037	0.99993	
61	0.30500	78.68382	-80.56113	0.36388	0.54924	-0.11375	0.99232	1.19601	0.99985	-0.01732	0.00199	0.01730	0.99980	0.00959	-0.00215	-0.00955	0.99995		20.10025	-3.57765	-2.13748	-0.56449	0.35195	-2.41597	0.11176	0.99909	0.04215	-0.00614	-0.04221	0.99906	-0.00985	0.00572	0.01010	0.99993	
62	0.31000	78.72488	-80.56661	0.38119	0.55187	-0.12131	0.99287	1.19476	0.99985	-0.01733	0.00212	0.01731	0.99980	0.00963	-0.00228	-0.00959	0.99995		20.11549	-3.52537	-2.13104	-0.54599	0.35155	-2.41953	0.11934	0.99909	0.04222	-0.00614	-0.04227	0.99906	-0.00953	0.00573	0.00978	0.99994	
63	0.31500	78.70451	-80.56479	0.37525	0.55585	-0.12485	0.99116	1.21798	0.99985	-0.01730	0.00218	0.01728	0.99980	0.00970	-0.00235	-0.00966	0.99995		20.12730	-3.51058	-2.14870	-0.53234	0.34659	-2.41835	0.12245	0.99909	0.04219	-0.00605	-0.04225	0.99906	-0.00929	0.00565	0.00954	0.99994	
64	0.32000	78.72494	-80.56450	0.41819	0.55752	-0.12831	0.99218	1.20492	0.99985	-0.01732	0.00224	0.01729	0.99980	0.00973	-0.00241	-0.00969	0.99995		20.12846	-3.47657	-2.15882	-0.51582	0.34894	-2.41619	0.12345	0.99909	0.04216	-0.00609	-0.04221	0.99907	-0.00900	0.00570	0.00925	0.99994	
65	0.32500	78.72935	-80.57079	0.44569	0.56134	-0.13275	0.98995	1.20788	0.99985	-0.01728	0.00232	0.01725	0.99980	0.00980	-0.00249	-0.00976	0.99995		20.16516	-3.46364	-2.14340	-0.50028	0.34283	-2.41811	0.12809	0.99909	0.04219	-0.00598	-0.04224	0.99907	-0.00873	0.00561	0.00898	0.99994	
66	0.33000	78.76964	-80.57967	0.45102	0.56142	-0.14096	0.99200	1.21501	0.99985	-0.01731	0.00246	0.01729	0.99980	0.00980	-0.00263	-0.00975	0.99995		20.15058	-3.43769	-2.15288	-0.48092	0.34086	-2.42334	0.13639	0.99909	0.04228	-0.00595	-0.04233	0.99907	-0.00839	0.00559	0.00864	0.99995	
67	0.33500	78.79546	-80.57411	0.47589	0.56293	-0.14271	0.98961	1.19155	0.99985	-0.01727	0.00249	0.01725	0.99980	0.00982	-0.00266	-0.00978	0.99995		20.14611	-3.39926	-2.14234	-0.46130	0.34410	-2.42478	0.13453	0.99909	0.04231	-0.00601	-0.04235	0.99907	-0.00805	0.00566	0.00830	0.99995	
68	0.34000	78.78671	-80.57672	0.51235	0.56537	-0.14271	0.99192	1.19924	0.99985	-0.01731	0.00249	0.01729	0.99980	0.00987	-0.00266	-0.00982	0.99995		20.16889	-3.38455	-2.13090	-0.44529	0.34078	-2.42105	0.13607	0.99909	0.04224	-0.00595	-0.04229	0.99908	-0.00777	0.00561	0.00802	0.99995	
69	0.34500	78.80133	-80.58566	0.51703	0.56762	-0.14830	0.99223	1.21647	0.99985	-0.01732	0.00259	0.01729	0.99980	0.00991	-0.00276	-0.00986	0.99995		20.13143	-3.35993	-2.12781	-0.42605	0.34416	-2.42112	0.14340	0.99909	0.04224	-0.00601	-0.04229	0.99908	-0.00744	0.00569	0.00768	0.99995	
70	0.35000	78.79558	-80.58903	0.54159	0.57134	-0.15027	0.99195	1.20883	0.99985	-0.01731	0.00262	0.01728	0.99980	0.00997	-0.00279	-0.00992	0.99995		20.15693	-3.33833	-2.12502	-0.40762	0.33773	-2.42627	0.13987	0.99909	0.04233	-0.00589	-0.04237	0.99908	-0.00711	0.00559	0.00736	0.99996	
71	0.35500	78.83657	-80.59290	0.55453	0.57277	-0.15893	0.99410	1.20398	0.99985	-0.01735	0.00277	0.01732	0.99980	0.01000	-0.00295	-0.00995	0.99995		20.16077	-3.30472	-2.13529	-0.38492	0.33830	-2.42769	0.15650	0.99909	0.04236	-0.00590	-0.04240	0.99908	-0.00672	0.00561	0.00696	0.99996	
72	0.36000	78.81422	-80.60095	0.56756	0.57578	-0.15911	0.99837	1.22320	0.99984	-0.01742	0.00278	0.01740	0.99980	0.01005	-0.00295	-0.01000	0.99995		20.12415	-3.27182	-2.13595	-0.36429	0.33665	-2.42892	0.16610	0.99908	0.04238	-0.00588	-0.04242	0.99908	-0.00636	0.00560	0.00660	0.99996	
73	0.36500	78.83888	-80.59165	0.59098	0.57856	-0.16136	0.99562	1.20939	0.99985	-0.01738	0.00282	0.01735	0.99980	0.01010	-0.00299	-0.01005	0.99995		20.15580	-3.25090	-2.12533	-0.34232	0.33515	-2.42800	0.15882	0.99909	0.04236	-0.00585	-0.04240	0.99908	-0.00597	0.00559	0.00622	0.99997	
74	0.37000	78.84184	-80.59913	0.64117	0.58002	-0.16248	0.99412	1.21912	0.99985	-0.01735	0.00284	0.01732	0.99980	0.01012	-0.00301	-0.01007	0.99994		20.13865	-3.20668	-2.12319	-0.31624	0.33790	-2.43011	0.16080	0.99908	0.04240	-0.00590	-0.04243	0.99908	-0.00552	0.00566	0.00576	0.99997	
75	0.37500	78.87637	-80.59079	0.64134	0.58297	-0.17055	0.99150	1.22758	0.99985	-0.01730	0.00298	0.01727	0.99980	0.01017	-0.00315	-0.01012	0.99994		20.11580	-3.20218	-2.11985	-0.29846	0.33961	-2.42621	0.14740	0.99909	0.04233	-0.00593	-0.04236	0.99909	-0.00521	0.00570	0.00546	0.99997	
76	0.38000	78.82606	-80.62143	0.65999	0.58156	-0.16184	0.99451	1.21372	0.99985	-0.01736	0.00282	0.01733	0.99980	0.01015	-0.00300	-0.01010	0.99994		20.13063	-3.19153	-2.11744	-0.27659	0.34163	-2.42312	0.15778	0.99909	0.04228	-0.00596	-0.04231	0.99909	-0.00483	0.00575	0.00508	0.99997	
77	0.38500	78.87693	-80.61281	0.67161	0.58317	-0.16914	0.99614	1.22492	0.99984	-0.01739	0.00295	0.01735	0.99980	0.01018	-0.00313	-0.01013	0.99994		20.09790	-3.13529	-2.13168	-0.24804	0.34314	-2.42907	0.16089	0.99908	0.04238	-0.00599	-0.04241	0.99909	-0.00433	0.00580	0.00458	0.99997	
78	0.39000	78.89230	-80.61820	0.70054	0.58584	-0.17117	0.99598	1.22626	0.99984	-0.01738	0.00299	0.01735	0.99980	0.01022	-0.00316	-0.01017	0.99994		20.07501	-3.09252	-2.11246	-0.22318	0.34962	-2.42654	0.15652	0.99908	0.04234	-0.00610	-0.04236	0.99909	-0.00390	0.00593	0.00415	0.99997	
79	0.39500	78.90821	-80.62408	0.71549	0.58644	-0.17431	0.99793	1.22289	0.99984	-0.01742	0.00304	0.01738	0.99980	0.01024	-0.00322	-0.01018	0.99994		20.07366	-3.07683	-2.09700	-0.20043	0.35083	-2.42985	0.16478	0.99908	0.04240	-0.00612	-0.04242	0.99909	-0.00350	0.00597	0.00375	0.99998	
80	0.40000	78.90224	-80.61297	0.72854	0.58852	-0.17567	0.99672	1.23520	0.99984	-0.01740	0.00307	0.01736	0.99980	0.01027	-0.00324	-0.01022	0.99994		20.01812	-3.01899	-2.09813	-0.17388	0.35336	-2.43388	0.15944	0.99908	0.04247	-0.00617	-0.04248	0.99909	-0.00303	0.00603	0.00329	0.99998	
81	0.40500	78.93596	-80.62239	0.72910	0.59299	-0.18189	0.99650	1.23502	0.99984	-0.01739	0.00317	0.01736	0.99980	0.01035	-0.00335	-0.01029	0.99994		20.05251	-2.96886	-2.10545	-0.14225	0.35992	-2.43509	0.16396	0.99908	0.04249	-0.00628	-0.04250	0.99909	-0.00248	0.00617	0.00275	0.99998	
82	0.41000	78.89497	-80.62497	0.75342	0.59427	-0.17567	0.99469	1.23257	0.99984	-0.01736	0.00307	0.01733	0.99980	0.01037	-0.00325	-0.01032	0.99994		20.06612	-2.95287	-2.08131	-0.12382	0.35837	-2.43195	0.15090	0.99908	0.04243	-0.00625	-0.04245	0.99910	-0.00216	0.00616	0.00242	0.99998	
83	0.41500	78.94016	-80.63492	0.77603	0.59251	-0.18096	0.99147	1.22823	0.99985	-0.01730	0.00316	0.01727	0.99980	0.01034	-0.00334	-0.01028	0.99994		20.04618	-2.91680	-2.07833	-0.10082	0.35980	-2.43927	0.15443	0.99907	0.04256	-0.00628	-0.04257	0.99909	-0.00176	0.00620	0.00203	0.99998	
84	0.42000	78.89730	-80.64352	0.79055	0.59542	-0.17415	0.99664	1.21654	0.99984	-0.01739	0.00304	0.01736	0.99980	0.01039	-0.00322	-0.01034	0.99994		20.06784	-2.88045	-2.06365	-0.07599	0.36311	-2.44198	0.14795	0.99907	0.04261	-0.00634	-0.04262	0.99909	-0.00133	0.00628	0.00160	0.99998	
85	0.42500	78.95007	-80.63931	0.81875	0.59437	-0.17897	0.99726	1.22984	0.99984	-0.01740	0.00312	0.01737	0.99980	0.01037	-0.00330	-0.01032	0.99994		20.04489	-2.84970	-2.06051	-0.05086	0.36693	-2.44479	0.16277	0.99907	0.04266	-0.00640	-0.04266	0.99909	-0.00089	0.00636	0.00116	0.99998	
86	0.43000	78.94590	-80.63947	0.83101	0.59612	-0.18196	1.00267	1.22987	0.99984	-0.01750	0.00318	0.01747	0.99979	0.01040	-0.00336	-0.01035	0.99994		20.03847	-2.82965	-2.04483	-0.03127	0.37007	-2.44564	0.15476	0.99907	0.04267	-0.00646	-0.04267	0.99909	-0.00055	0.00643	0.00082	0.99998	
87	0.43500	78.95637	-80.64387	0.83783	0.59773	-0.18323	0.99691	1.22271	0.99984	-0.01740	0.00320	0.01736	0.99979	0.01043	-0.00338	-0.01037	0.99994		20.02410	-2.78897	-2.02494	-0.00818	0.37257	-2.44666	0.15690	0.99907	0.04269	-0.00650	-0.04269	0.99909	-0.00014	0.00649	0.00042	0.99998	
88	0.44000	78.98168	-80.64205	0.84906	0.59939	-0.18730	0.99935	1.23768	0.99984	-0.01744	0.00327	0.01741	0.99979	0.01046	-0.00345	-0.01040	0.99994		20.04252	-2.77151	-2.01372	0.01113	0.37469	-2.44882	0.17356	0.99907	0.04273	-0.00654	-0.04273	0.99909	0.00019	0.00654	0.00009	0.99998	
89	0.44500	78.98401	-80.65943	0.85366	0.59642	-0.18426	0.99464	1.22262	0.99984	-0.01736	0.00322	0.01732	0.99980	0.01041	-0.00340	-0.01035	0.99994		20.00501	-2.76751	-2.00971	0.02964	0.37707	-2.44235	0.15531	0.99907	0.04261	-0.00658	-0.04261	0.99909	0.00052	0.00660	-0.00024	0.99998	
90	0.45000	78.94723	-80.65825	0.87747	0.59927	-0.18069	0.99513	1.22046	0.99984	-0.01737	0.00315	0.01733	0.99980	0.01046	-0.00333	-0.01040	0.99994		19.98077	-2.72951	-1.99803	0.05227	0.38195	-2.44574	0.16409	0.99907	0.04267	-0.00667	-0.04267	0.99909	0.00091	0.00670	-0.00063	0.99998	
91	0.45500	79.00355	-80.65054	0.88128	0.59951	-0.18386	0.99546	1.23848	0.99984	-0.01737	0.00321	0.01734	0.99979	0.01046	-0.00339	-0.01041	0.99994		19.99977	-2.70146	-1.99540	0.07401	0.38389	-2.45099	0.17367	0.99906	0.04276	-0.00670	-0.04276	0.99908	0.00129	0.00675	-0.00100	0.99998	
92	0.46000	78.97010	-80.65641	0.88509	0.60162	-0.17987	1.00000	1.22051	0.99984	-0.01745	0.00314	0.01742	0.99979	0.01050	-0.00332	-0.01044	0.99994		19.96704	-2.68729	-1.99207	0.09246	0.39278	-2.45043	0.16073	0.99906	0.04275	-0.00686	-0.04274	0.99908	0.00161	0.00692	-0.00132	0.99998	
93	0.46500	78.96265	-80.67903	0.90606	0.59796	-0.17611	0.99810	1.21461	0.99984	-0.01742	0.00307	0.01739	0.99979	0.01044	-0.00325	-0.01038	0.99994		19.97355	-2.65279	-1.97623	0.11114	0.39363	-2.45213	0.17166	0.99906	0.04278	-0.00687	-0.04277	0.99908	0.00194	0.00695	-0.00164	0.99997	
94	0.47000	78.99943	-80.66678	0.90473	0.59950	-0.17944	1.00088	1.21563	0.99984	-0.01747	0.00313	0.01743	0.99979	0.01046	-0.00331	-0.01041	0.99994		19.93015	-2.62495	-1.98939	0.13241	0.40036	-2.45092	0.16371	0.99906	0.04276	-0.00699	-0.04275	0.99908	0.00231	0.00708	-0.00201	0.99997	
95	0.47500	78.98536	-80.67889	0.91135	0.60027	-0.17664	0.99495	1.22047	0.99984	-0.01736	0.00308	0.01733	0.99979	0.01048	-0.00326	-0.01042	0.99994		19.94123	-2.60630	-1.98221	0.15069	0.40169	-2.45199	0.15933	0.99906	0.04278	-0.00701	-0.04276	0.99908	0.00263	0.00712	-0.00233	0.99997	
96	0.48000	78.98763	-80.67619	0.92919	0.60099	-0.17805	0.99864	1.23269	0.99984	-0.01743	0.00311	0.01740	0.99979	0.01049	-0.00329	-0.01043	0.99994		19.97090	-2.59264	-1.96235	0.16399	0.40469	-2.45340	0.16553	0.99906	0.04281	-0.00706	-0.04279	0.99908	0.00286	0.00718	-0.00256	0.99997	
97	0.48500	78.97547	-80.66345	0.94426	0.60359	-0.17297	1.00068	1.21761	0.99984	-0.01746	0.00302	0.01743	0.99979	0.01053	-0.00320	-0.01048	0.99994		19.96886	-2.57206	-1.95049	0.18160	0.40714	-2.45215	0.16182	0.99906	0.04278	-0.00711	-0.04276	0.99908	0.00317	0.00723	-0.00286	0.99997	
98	0.49000	78.97223	-80.67208	0.94927	0.60267	-0.17302	0.99783	1.22713	0.99984	-0.01741	0.00302	0.01738	0.99979	0.01052	-0.00320	-0.01046	0.99994		19.93720	-2.56840	-1.94640	0.19307	0.41231	-2.45020	0.15191	0.99906	0.04275	-0.00720	-0.04273	0.99908	0.00337	0.00733	-0.00306	0.99997	
99	0.49500	78.94761	-80.67931	0.97067	0.60033	-0.16311	0.99641	1.20900	0.99984	-0.01739	0.00285	0.01736	0.99979	0.01048	-0.00303	-0.01043	0.99994		19.91337	-2.54789	-1.94286	0.20667	0.42049	-2.44660	0.15970	0.99906	0.04269	-0.00734	-0.04266	0.99908	0.00361	0.00749	-0.00329	0.99997	
100	0.50000	78.97137	-80.69486	0.97135	0.59858	-0.16683	0.99639	1.22778	0.99984	-0.01739	0.00291	0.01736	0.99979	0.01045	-0.00309	-0.01039	0.99994		19.91253	-2.54491	-1.93077	0.21824	0.42340	-2.45185	0.16251	0.99906	0.04278	-0.00739	-0.04275	0.99908	0.00381	0.00755	-0.00349	0.99997	
101	0.50500	78.98078	-80.68265	0.97169	0.59819	-0.16168	0.99822	1.22228	0.99984	-0.01742	0.00282	0.01739	0.99979	0.01044	-0.00300	-0.01039	0.99994		19.90822	-2.52238	-1.93123	0.22680	0.42587	-2.45351	0.16231	0.99906	0.04281	-0.00743	-0.04278	0.99908	0.00396	0.00760	-0.00364	0.99996	
102	0.51000	78.93899	-80.68351	0.98668	0.60028	-0.16035	1.00013	1.21270	0.99984	-0.01745	0.00280	0.01742	0.99979	0.01048	-0.00298	-0.01043	0.99994		19.87608	-2.52309	-1.91895	0.23724	0.43093	-2.45097	0.16218	0.99906	0.04276	-0.00752	-0.04273	0.99908	0.00414	0.00769	-0.00382	0.99996	
103	0.51500	78.95800	-80.69699	0.98938	0.59768	-0.16065	0.99764	1.23692	0.99984	-0.01741	0.00280	0.01738	0.99979	0.01043	-0.00298	-0.01038	0.99994		19.91204	-2.52906	-1.89926	0.24650	0.43734	-2.45170	0.15706	0.99906	0.04278	-0.00763	-0.04274	0.99908	0.00430	0.00781	-0.00397	0.99996	
104	0.52000	78.91654	-80.68540	1.01159	0.59805	-0.15023	1.00132	1.23590	0.99984	-0.01748	0.00262	0.01745	0.99979	0.01044	-0.00280	-0.01039	0.99994		19.89390	-2.51513	-1.90337	0.25148	0.43623	-2.45436	0.15603	0.99905	0.04282	-0.00761	-0.04279	0.99907	0.00439	0.00779	-0.00406	0.99996	
105	0.52500	78.97988	-80.67998	0.98732	0.59987	-0.15695	0.99877	1.22936	0.99984	-0.01743	0.00274	0.01740	0.99979	0.01047	-0.00292	-0.01042	0.99994		19.88533	-2.48156	-1.90895	0.26356	0.44907	-2.45891	0.16046	0.99905	0.04290	-0.00784	-0.04287	0.99907	0.00460	0.00803	-0.00426	0.99996	
106	0.53000	78.94795	-80.70242	1.01704	0.59495	-0.14889	0.99394	1.21716	0.99985	-0.01735	0.00260	0.01732	0.99980	0.01038	-0.00278	-0.01034	0.99994		19.89812	-2.49989	-1.89246	0.26379	0.45003	-2.45609	0.15031	0.99905	0.04285	-0.00785	-0.04282	0.99907	0.00460	0.00804	-0.00426	0.99996	
107	0.53500	78.88730	-80.70110	0.99802	0.59326	-0.13860	0.99994	1.21730	0.99984	-0.01745	0.00242	0.01743	0.99979	0.01035	-0.00260	-0.01031	0.99994		19.85640	-2.45865	-1.90549	0.27245	0.45719	-2.46168	0.16309	0.99905	0.04295	-0.00798	-0.04291	0.99907	0.00475	0.00818	-0.00441	0.99996	
108	0.54000	78.91833	-80.68269	1.02370	0.59516	-0.14071	0.99429	1.19764	0.99985	-0.01735	0.00246	0.01733	0.99980	0.01039	-0.00264	-0.01034	0.99994		19.86933	-2.48444	-1.88898	0.27358	0.46269	-2.46296	0.16905	0.99904	0.04297	-0.00808	-0.04293	0.99907	0.00477	0.00827	-0.00442	0.99996	
109	0.54500	78.89547	-80.70913	1.02185	0.59003	-0.13992	0.99486	1.21921	0.99985	-0.01736	0.00244	0.01734	0.99980	0.01030	-0.00262	-0.01025	0.99994		19.86437	-2.48961	-1.88905	0.27150	0.46637	-2.45641	0.15299	0.99905	0.04286	-0.00814	-0.04282	0.99907	0.00474	0.00834	-0.00439	0.99996	
110	0.55000	78.85202	-80.71944	1.00785	0.58949	-0.13253	0.99182	1.20971	0.99985	-0.01731	0.00231	0.01729	0.99980	0.01029	-0.00249	-0.01025	0.99994		19.81950	-2.47909	-1.90154	0.27189	0.47230	-2.45884	0.16103	0.99905	0.04290	-0.00824	-0.04286	0.99907	0.00475	0.00844	-0.00439	0.99995	
111	0.55500	78.86763	-80.71458	1.02323	0.59099	-0.13029	0.99329	1.23419	0.99985	-0.01734	0.00227	0.01731	0.99980	0.01031	-0.00245	-0.01027	0.99994		19.90247	-2.49515	-1.87743	0.27008	0.46983	-2.45731	0.16275	0.99905	0.04287	-0.00820	-0.04284	0.99907	0.00471	0.00839	-0.00436	0.99996	
112	0.56000	78.84518	-80.71466	1.00915	0.58908	-0.12835	1.00058	1.21258	0.99985	-0.01746	0.00224	0.01744	0.99980	0.01028	-0.00242	-0.01024	0.99994		19.87684	-2.48011	-1.87330	0.26837	0.47414	-2.46120	0.16048	0.99904	0.04294	-0.00828	-0.04290	0.99907	0.00468	0.00847	-0.00432	0.99995	
113	0.56500	78.84840	-80.72496	1.00086	0.58721	-0.12697	0.99276	1.22576	0.99985	-0.01733	0.00222	0.01730	0.99980	0.01025	-0.00239	-0.01021	0.99995		19.85563	-2.51055	-1.87286	0.26019	0.47700	-2.45379	0.15024	0.99905	0.04281	-0.00833	-0.04278	0.99907	0.00454	0.00851	-0.00418	0.99996	
114	0.57000	78.86804	-80.71730	1.01015	0.58434	-0.11786	1.00287	1.20751	0.99984	-0.01750	0.00206	0.01748	0.99980	0.01020	-0.00224	-0.01016	0.99995		19.87545	-2.53520	-1.85220	0.25200	0.48045	-2.45766	0.15634	0.99905	0.04288	-0.00839	-0.04284	0.99907	0.00440	0.00857	-0.00403	0.99996	
115	0.57500	78.82694	-80.73613	1.01174	0.58228	-0.11599	0.99287	1.20897	0.99985	-0.01733	0.00202	0.01731	0.99980	0.01016	-0.00220	-0.01013	0.99995		19.85799	-2.55572	-1.86011	0.24211	0.48333	-2.45616	0.16099	0.99905	0.04285	-0.00844	-0.04282	0.99907	0.00423	0.00861	-0.00386	0.99996	
116	0.58000	78.80083	-80.71233	1.00121	0.58250	-0.10701	0.99214	1.20676	0.99985	-0.01732	0.00187	0.01730	0.99980	0.01017	-0.00204	-0.01013	0.99995		19.89595	-2.55211	-1.85243	0.23516	0.48577	-2.45172	0.15333	0.99905	0.04278	-0.00848	-0.04274	0.99908	0.00410	0.00865	-0.00374	0.99996	
117	0.58500	78.80816	-80.71625	0.98234	0.58249	-0.10725	0.99506	1.21130	0.99985	-0.01737	0.00187	0.01735	0.99980	0.01017	-0.00205	-0.01013	0.99995		19.87255	-2.58434	-1.84763	0.22474	0.48981	-2.45677	0.16705	0.99904	0.04286	-0.00855	-0.04283	0.99907	0.00392	0.00871	-0.00355	0.99996	
118	0.59000	78.77546	-80.73599	0.96220	0.57673	-0.10103	0.99286	1.19533	0.99985	-0.01733	0.00176	0.01731	0.99980	0.01007	-0.00194	-0.01003	0.99995		19.86580	-2.60880	-1.85184	0.21300	0.49276	-2.45377	0.16994	0.99905	0.04281	-0.00860	-0.04278	0.99908	0.00372	0.00875	-0.00335	0.99996	
119	0.59500	78.78122	-80.72883	0.95817	0.57774	-0.09844	0.99360	1.20314	0.99985	-0.01734	0.00172	0.01732	0.99980	0.01008	-0.00189	-0.01005	0.99995		19.85428	-2.60961	-1.85578	0.20047	0.49797	-2.45206	0.15507	0.99905	0.04278	-0.00869	-0.04275	0.99908	0.00350	0.00883	-0.00312	0.99996	
120	0.60000	78.77291	-80.75253	0.94666	0.57642	-0.09872	0.99388	1.21869	0.99985	-0.01735	0.00172	0.01733	0.99980	0.01006	-0.00190	-0.01003	0.99995		19.86980	-2.64928	-1.85609	0.18886	0.50245	-2.45248	0.14764	0.99905	0.04279	-0.00877	-0.04276	0.99908	0.00330	0.00890	-0.00292	0.99996	
121	0.60500	78.78169	-80.74228	0.94094	0.57400	-0.09089	0.99534	1.21946	0.99985	-0.01737	0.00159	0.01735	0.99980	0.01002	-0.00176	-0.00999	0.99995		19.84354	-2.65634	-1.85958	0.17256	0.50683	-2.45337	0.16572	0.99904	0.04280	-0.00885	-0.04278	0.99908	0.00301	0.00897	-0.00263	0.99996	
122	0.61000	78.78117	-80.75525	0.91864	0.57379	-0.09184	0.99708	1.22075	0.99985	-0.01740	0.00160	0.01738	0.99980	0.01001	-0.00178	-0.00998	0.99995		19.85599	-2.66609	-1.87210	0.15781	0.50670	-2.45198	0.14829	0.99905	0.04278	-0.00884	-0.04276	0.99908	0.00275	0.00895	-0.00237	0.99996	
123	0.61500	78.75558	-80.76590	0.90816	0.56734	-0.08372	0.99613	1.21828	0.99985	-0.01738	0.00146	0.01737	0.99980	0.00990	-0.00163	-0.00987	0.99995		19.91587	-2.71482	-1.86438	0.14052	0.51130	-2.45188	0.16579	0.99904	0.04278	-0.00892	-0.04276	0.99908	0.00245	0.00902	-0.00207	0.99996	
124	0.62000	78.77449	-80.75164	0.87007	0.56961	-0.08673	0.98563	1.21491	0.99985	-0.01720	0.00151	0.01719	0.99980	0.00994	-0.00168	-0.00991	0.99995		19.85492	-2.70283	-1.87553	0.12457	0.51241	-2.44966	0.15934	0.99905	0.04274	-0.00894	-0.04272	0.99908	0.00217	0.00903	-0.00179	0.99996	
125	0.62500	78.74746	-80.77279	0.86776	0.56570	-0.08130	0.99447	1.22485	0.99985	-0.01736	0.00142	0.01734	0.99980	0.00987	-0.00159	-0.00985	0.99995		19.88038	-2.72862	-1.88005	0.10775	0.51609	-2.44923	0.14416	0.99905	0.04273	-0.00901	-0.04272	0.99909	0.00188	0.00908	-0.00149	0.99996	
126	0.63000	78.73456	-80.77798	0.84835	0.56504	-0.07596	0.99421	1.21683	0.99985	-0.01735	0.00133	0.01734	0.99980	0.00986	-0.00150	-0.00984	0.99995		19.90764	-2.76943	-1.87526	0.08705	0.51505	-2.45159	0.15141	0.99904	0.04277	-0.00899	-0.04276	0.99908	0.00152	0.00905	-0.00113	0.99996	
127	0.63500	78.73025	-80.76856	0.80964	0.56457	-0.07118	0.99280	1.22254	0.99985	-0.01733	0.00124	0.01731	0.99980	0.00985	-0.00141	-0.00983	0.99995		19.89510	-2.80017	-1.89070	0.06395	0.51437	-2.45097	0.16585	0.99904	0.04276	-0.00898	-0.04275	0.99908	0.00112	0.00902	-0.00073	0.99996	
128	0.64000	78.71491	-80.79347	0.79958	0.55958	-0.06509	0.99246	1.21112	0.99985	-0.01732	0.00114	0.01731	0.99980	0.00977	-0.00130	-0.00975	0.99995		19.93516	-2.83384	-1.88640	0.04311	0.51532	-2.45080	0.15858	0.99904	0.04276	-0.00899	-0.04275	0.99909	0.00075	0.00902	-0.00037	0.99996	
129	0.64500	78.69960	-80.77465	0.77159	0.56063	-0.06179	0.99488	1.21866	0.99985	-0.01736	0.00108	0.01735	0.99980	0.00978	-0.00125	-0.00976	0.99995		19.93922	-2.86386	-1.90246	0.02163	0.51760	-2.44684	0.14699	0.99905	0.04269	-0.00903	-0.04269	0.99909	0.00038	0.00904	0.00001	0.99996	
130	0.65000	78.67661	-80.79754	0.74529	0.55410	-0.05776	0.99504	1.20461	0.99985	-0.01737	0.00101	0.01736	0.99980	0.00967	-0.00118	-0.00965	0.99995		19.93777	-2.88915	-1.91397	-0.00237	0.51480	-2.44790	0.14441	0.99905	0.04271	-0.00898	-0.04271	0.99909	-0.00004	0.00897	0.00042	0.99996	
131	0.65500	78.68675	-80.80374	0.72244	0.55521	-0.05324	0.99291	1.20823	0.99985	-0.01733	0.00093	0.01732	0.99980	0.00969	-0.00110	-0.00967	0.99995		19.99079	-2.91281	-1.92646	-0.02309	0.51312	-2.44746	0.14018	0.99905	0.04270	-0.00896	-0.04271	0.99909	-0.00040	0.00893	0.00079	0.99996	
132	0.66000	78.64158	-80.78018	0.71352	0.55446	-0.04544	0.99242	1.20216	0.99985	-0.01732	0.00079	0.01731	0.99980	0.00968	-0.00096	-0.00966	0.99995		19.95247	-2.93646	-1.94214	-0.04307	0.52027	-2.44806	0.15538	0.99905	0.04271	-0.00908	-0.04272	0.99909	-0.00075	0.00904	0.00114	0.99996	
133	0.66500	78.62322	-80.79849	0.69849	0.55171	-0.04201	0.98831	1.20519	0.99985	-0.01725	0.00073	0.01724	0.99980	0.00963	-0.00090	-0.00961	0.99995		19.98825	-2.96575	-1.96236	-0.06665	0.51560	-2.44701	0.14432	0.99905	0.04269	-0.00900	-0.04271	0.99909	-0.00116	0.00894	0.00155	0.99996	
134	0.67000	78.63409	-80.80338	0.64581	0.55131	-0.03897	0.98914	1.20890	0.99985	-0.01726	0.00068	0.01726	0.99980	0.00962	-0.00085	-0.00961	0.99995		19.99468	-3.00263	-1.97402	-0.09170	0.51794	-2.44355	0.13566	0.99905	0.04263	-0.00904	-0.04265	0.99909	-0.00160	0.00896	0.00198	0.99996	
135	0.67500	78.62606	-80.81253	0.61546	0.54843	-0.03678	0.99301	1.20848	0.99985	-0.01733	0.00064	0.01732	0.99980	0.00957	-0.00081	-0.00956	0.99995		19.99194	-3.02392	-2.00226	-0.11434	0.52005	-2.44398	0.14192	0.99905	0.04264	-0.00908	-0.04266	0.99909	-0.00200	0.00898	0.00238	0.99996	
136	0.68000	78.65179	-80.83661	0.58680	0.54467	-0.03493	0.99593	1.21055	0.99985	-0.01738	0.00061	0.01737	0.99980	0.00951	-0.00077	-0.00949	0.99995		19.98759	-3.06199	-2.01768	-0.13887	0.52215	-2.43790	0.13000	0.99905	0.04253	-0.00911	-0.04256	0.99909	-0.00242	0.00900	0.00281	0.99996	
137	0.68500	78.66065	-80.86483	0.53483	0.53741	-0.02520	1.00954	1.22811	0.99984	-0.01762	0.00044	0.01761	0.99980	0.00938	-0.00060	-0.00937	0.99996		20.00216	-3.09835	-2.02055	-0.16300	0.51999	-2.43800	0.14434	0.99905	0.04254	-0.00908	-0.04256	0.99909	-0.00284	0.00895	0.00323	0.99995	
138	0.69000	78.63206	-80.85905	0.51174	0.53715	-0.01807	1.01313	1.23028	0.99984	-0.01768	0.00032	0.01768	0.99980	0.00937	-0.00048	-0.00937	0.99996		20.00777	-3.12084	-2.04025	-0.18816	0.52034	-2.43539	0.14059	0.99906	0.04249	-0.00908	-0.04252	0.99909	-0.00328	0.00893	0.00367	0.99995	
