NO_OF_FRAMES	12040
NO_OF_CAMERAS	8
NO_OF_BODIES	2
FREQUENCY	200
NO_OF_ANALOG	0
ANALOG_FREQUENCY	0
DESCRIPTION	--
TIME_STAMP	2013-07-03, 16:02:48	26585.18618164
DATA_INCLUDED	6D
BODY_NAMES	Ice 1	Ice 2
Frame	Time	Ice 1 X	Y	Z	Roll	Pitch	Yaw	Residual	Rot[0]	Rot[1]	Rot[2]	Rot[3]	Rot[4]	Rot[5]	Rot[6]	Rot[7]	Rot[8]	Ice 2 X	Y	Z	Roll	Pitch	Yaw	Residual	Rot[0]	Rot[1]	Rot[2]	Rot[3]	Rot[4]	Rot[5]	Rot[6]	Rot[7]	Rot[8]	
1	0.00500	77.11445	60.93470	1.31215	0.32397	0.02326	-0.90899	1.09989	0.99987	0.01586	-0.00041	-0.01586	0.99986	0.00565	0.00050	-0.00565	0.99998		22.97446	-158.44872	-2.07438	-0.22825	0.37075	-1.39620	0.20940	0.99968	0.02437	-0.00647	-0.02439	0.99969	-0.00398	0.00637	0.00414	0.99997	
2	0.01000	77.04050	60.92783	1.30398	0.32553	0.02996	-0.92848	1.03193	0.99987	0.01620	-0.00052	-0.01620	0.99985	0.00568	0.00061	-0.00567	0.99998		22.90791	-158.42501	-2.07404	-0.22159	0.37123	-1.39983	0.17303	0.99968	0.02443	-0.00648	-0.02445	0.99969	-0.00387	0.00638	0.00402	0.99997	
3	0.01500	76.98538	60.93508	1.30215	0.33393	0.03880	-0.93221	1.01466	0.99987	0.01627	-0.00068	-0.01627	0.99985	0.00583	0.00077	-0.00582	0.99998		22.93076	-158.45535	-2.06046	-0.22583	0.36312	-1.39751	0.18478	0.99968	0.02439	-0.00634	-0.02441	0.99969	-0.00394	0.00624	0.00409	0.99997	
4	0.02000	77.00129	60.96489	1.27483	0.34193	0.03870	-0.92958	1.03229	0.99987	0.01622	-0.00068	-0.01622	0.99985	0.00597	0.00077	-0.00596	0.99998		22.93286	-158.44622	-2.05953	-0.22585	0.35099	-1.39968	0.17414	0.99968	0.02443	-0.00613	-0.02445	0.99969	-0.00394	0.00603	0.00409	0.99997	
5	0.02500	76.95192	60.98823	1.28861	0.35019	0.04665	-0.92800	1.03131	0.99987	0.01620	-0.00081	-0.01619	0.99985	0.00611	0.00091	-0.00610	0.99998		22.92864	-158.46002	-2.04145	-0.22777	0.34221	-1.39682	0.18353	0.99969	0.02438	-0.00597	-0.02440	0.99969	-0.00398	0.00587	0.00412	0.99997	
6	0.03000	76.96854	60.98344	1.28983	0.35486	0.04943	-0.93205	1.03965	0.99987	0.01627	-0.00086	-0.01626	0.99985	0.00619	0.00096	-0.00618	0.99998		22.96949	-158.49951	-2.01932	-0.23328	0.32743	-1.39665	0.16494	0.99969	0.02437	-0.00571	-0.02440	0.99969	-0.00407	0.00561	0.00421	0.99998	
7	0.03500	76.97118	61.01912	1.27284	0.36536	0.05099	-0.93287	1.03217	0.99987	0.01628	-0.00089	-0.01627	0.99985	0.00638	0.00099	-0.00636	0.99998		22.98713	-158.48194	-2.01512	-0.22857	0.32075	-1.39680	0.15871	0.99969	0.02438	-0.00560	-0.02440	0.99969	-0.00399	0.00550	0.00412	0.99998	
8	0.04000	76.94189	61.02388	1.25139	0.37001	0.05936	-0.93547	1.03603	0.99987	0.01633	-0.00104	-0.01632	0.99985	0.00646	0.00114	-0.00644	0.99998		22.99352	-158.52298	-1.99265	-0.23429	0.31404	-1.39240	0.18270	0.99969	0.02430	-0.00548	-0.02432	0.99970	-0.00409	0.00538	0.00422	0.99998	
9	0.04500	76.94857	61.05624	1.25001	0.37825	0.05752	-0.93120	1.03278	0.99987	0.01625	-0.00100	-0.01624	0.99985	0.00660	0.00111	-0.00658	0.99998		23.00233	-158.53161	-1.97487	-0.23595	0.30467	-1.39151	0.18008	0.99969	0.02428	-0.00532	-0.02431	0.99970	-0.00412	0.00522	0.00425	0.99998	
10	0.05000	76.94604	61.09699	1.24225	0.38935	0.05853	-0.93549	1.03619	0.99987	0.01633	-0.00102	-0.01632	0.99984	0.00680	0.00113	-0.00678	0.99998		23.03477	-158.55213	-1.94015	-0.23911	0.29241	-1.39405	0.19461	0.99969	0.02433	-0.00510	-0.02435	0.99969	-0.00417	0.00500	0.00430	0.99998	
11	0.05500	76.76761	60.98510	1.36101	0.39625	0.05607	-0.92274	1.13155	0.99987	0.01610	-0.00098	-0.01610	0.99985	0.00692	0.00109	-0.00690	0.99998		23.03289	-158.54491	-1.94437	-0.23461	0.28984	-1.39625	0.18422	0.99969	0.02437	-0.00506	-0.02439	0.99969	-0.00409	0.00496	0.00422	0.99998	
12	0.06000	76.74691	60.97950	1.34470	0.40271	0.05948	-0.92395	1.12503	0.99987	0.01613	-0.00104	-0.01612	0.99985	0.00703	0.00115	-0.00701	0.99997		23.05639	-158.59228	-1.90902	-0.24311	0.27700	-1.39316	0.19232	0.99969	0.02431	-0.00483	-0.02433	0.99969	-0.00424	0.00473	0.00436	0.99998	
13	0.06500	76.72984	60.99711	1.36351	0.41172	0.05988	-0.92895	1.13452	0.99987	0.01621	-0.00105	-0.01620	0.99984	0.00719	0.00116	-0.00717	0.99997		23.06307	-158.61611	-1.88275	-0.24404	0.26748	-1.39479	0.17765	0.99969	0.02434	-0.00467	-0.02436	0.99969	-0.00426	0.00456	0.00437	0.99998	
14	0.07000	76.73776	61.01547	1.34356	0.41983	0.05744	-0.92586	1.12420	0.99987	0.01616	-0.00100	-0.01615	0.99984	0.00733	0.00112	-0.00731	0.99997		23.06029	-158.63200	-1.86529	-0.24395	0.26262	-1.39370	0.18534	0.99969	0.02432	-0.00458	-0.02434	0.99969	-0.00426	0.00448	0.00437	0.99998	
15	0.07500	76.72342	61.03825	1.33817	0.42697	0.05577	-0.92243	1.13083	0.99987	0.01610	-0.00097	-0.01609	0.99984	0.00745	0.00109	-0.00744	0.99997		23.07836	-158.65264	-1.85621	-0.24382	0.25527	-1.39393	0.18062	0.99969	0.02433	-0.00446	-0.02434	0.99969	-0.00426	0.00435	0.00436	0.99998	
16	0.08000	76.70817	61.05458	1.33971	0.43572	0.06532	-0.92509	1.12976	0.99987	0.01615	-0.00114	-0.01614	0.99984	0.00760	0.00126	-0.00759	0.99997		23.08140	-158.65919	-1.83046	-0.24368	0.24957	-1.39549	0.17514	0.99969	0.02435	-0.00436	-0.02437	0.99969	-0.00425	0.00425	0.00436	0.99998	
17	0.08500	76.70329	61.08484	1.30686	0.44613	0.05982	-0.92520	1.12903	0.99987	0.01615	-0.00104	-0.01614	0.99984	0.00779	0.00117	-0.00777	0.99997		23.09650	-158.68708	-1.81323	-0.24479	0.24746	-1.39587	0.19118	0.99969	0.02436	-0.00432	-0.02438	0.99969	-0.00427	0.00421	0.00438	0.99998	
18	0.09000	76.69533	61.09742	1.30197	0.45051	0.05539	-0.92473	1.14102	0.99987	0.01614	-0.00097	-0.01613	0.99984	0.00786	0.00109	-0.00785	0.99997		23.07588	-158.69413	-1.78264	-0.24425	0.23994	-1.39046	0.17580	0.99970	0.02427	-0.00419	-0.02428	0.99970	-0.00426	0.00408	0.00436	0.99998	
19	0.09500	76.74474	61.14080	1.29225	0.46107	0.05153	-0.92203	1.12517	0.99987	0.01609	-0.00090	-0.01608	0.99984	0.00805	0.00103	-0.00803	0.99997		23.08647	-158.71752	-1.75696	-0.24348	0.23632	-1.39301	0.19096	0.99970	0.02431	-0.00412	-0.02433	0.99969	-0.00425	0.00402	0.00435	0.99998	
20	0.10000	76.69949	61.14608	1.29336	0.46435	0.05389	-0.91983	1.14130	0.99987	0.01605	-0.00094	-0.01605	0.99984	0.00810	0.00107	-0.00809	0.99997		23.08888	-158.72923	-1.73980	-0.24326	0.23293	-1.39185	0.18180	0.99970	0.02429	-0.00407	-0.02431	0.99970	-0.00425	0.00396	0.00434	0.99998	
21	0.10500	76.67121	61.17924	1.27379	0.47739	0.05378	-0.91974	1.14854	0.99987	0.01605	-0.00094	-0.01604	0.99984	0.00833	0.00107	-0.00832	0.99996		23.09550	-158.73842	-1.71821	-0.24465	0.22885	-1.38853	0.18487	0.99970	0.02423	-0.00399	-0.02425	0.99970	-0.00427	0.00389	0.00437	0.99998	
22	0.11000	76.67368	61.18895	1.26347	0.48265	0.05226	-0.92130	1.13821	0.99987	0.01608	-0.00091	-0.01607	0.99984	0.00842	0.00105	-0.00841	0.99996		23.11614	-158.77127	-1.70125	-0.24476	0.22522	-1.39476	0.17685	0.99970	0.02434	-0.00393	-0.02436	0.99969	-0.00427	0.00383	0.00437	0.99998	
23	0.11500	76.67653	61.21450	1.26772	0.48764	0.05297	-0.92492	1.13454	0.99987	0.01614	-0.00092	-0.01613	0.99983	0.00851	0.00106	-0.00849	0.99996		23.12802	-158.78847	-1.67957	-0.24799	0.22005	-1.39388	0.17391	0.99970	0.02433	-0.00384	-0.02434	0.99969	-0.00433	0.00373	0.00442	0.99998	
24	0.12000	76.69749	61.24084	1.24985	0.49583	0.04729	-0.92325	1.15330	0.99987	0.01611	-0.00083	-0.01611	0.99983	0.00865	0.00096	-0.00864	0.99996		23.12851	-158.81782	-1.65391	-0.24758	0.21647	-1.39815	0.17104	0.99970	0.02440	-0.00378	-0.02442	0.99969	-0.00432	0.00367	0.00441	0.99998	
25	0.12500	76.69936	61.29137	1.23684	0.50772	0.04353	-0.92005	1.14479	0.99987	0.01606	-0.00076	-0.01605	0.99983	0.00886	0.00090	-0.00885	0.99996		23.13151	-158.83095	-1.62020	-0.24734	0.21750	-1.39723	0.17968	0.99970	0.02438	-0.00380	-0.02440	0.99969	-0.00432	0.00369	0.00441	0.99998	
26	0.13000	76.69674	61.30498	1.22636	0.51235	0.04153	-0.92063	1.15713	0.99987	0.01607	-0.00072	-0.01606	0.99983	0.00894	0.00087	-0.00893	0.99996		23.12047	-158.85023	-1.59015	-0.24597	0.21418	-1.39519	0.16832	0.99970	0.02435	-0.00374	-0.02436	0.99969	-0.00429	0.00363	0.00438	0.99998	
27	0.13500	76.64966	61.32268	1.22082	0.51927	0.04131	-0.92606	1.14045	0.99987	0.01616	-0.00072	-0.01615	0.99983	0.00906	0.00087	-0.00905	0.99996		23.12798	-158.85643	-1.58604	-0.24619	0.21469	-1.39227	0.16681	0.99970	0.02430	-0.00375	-0.02431	0.99970	-0.00430	0.00364	0.00439	0.99998	
28	0.14000	76.72864	61.35166	1.21125	0.52737	0.02980	-0.92092	1.14764	0.99987	0.01607	-0.00052	-0.01607	0.99983	0.00920	0.00067	-0.00919	0.99996		23.13823	-158.88678	-1.56003	-0.24913	0.21157	-1.39067	0.18130	0.99970	0.02427	-0.00369	-0.02429	0.99970	-0.00435	0.00359	0.00444	0.99998	
29	0.14500	76.73214	61.36511	1.19925	0.53174	0.02668	-0.92051	1.15335	0.99987	0.01607	-0.00047	-0.01606	0.99983	0.00928	0.00061	-0.00927	0.99996		23.11817	-158.88859	-1.53038	-0.24857	0.21377	-1.39351	0.19255	0.99970	0.02432	-0.00373	-0.02433	0.99969	-0.00434	0.00362	0.00443	0.99998	
30	0.15000	76.71029	61.40091	1.20089	0.54159	0.02381	-0.91935	1.15162	0.99987	0.01604	-0.00042	-0.01604	0.99983	0.00945	0.00057	-0.00944	0.99996		23.13965	-158.90976	-1.52225	-0.24894	0.21285	-1.39320	0.17197	0.99970	0.02431	-0.00371	-0.02433	0.99969	-0.00434	0.00361	0.00443	0.99998	
31	0.15500	76.71993	61.40908	1.18386	0.54763	0.01985	-0.92427	1.14683	0.99987	0.01613	-0.00035	-0.01613	0.99982	0.00956	0.00050	-0.00955	0.99995		23.15955	-158.93365	-1.49286	-0.25006	0.21220	-1.38842	0.16896	0.99970	0.02423	-0.00370	-0.02425	0.99970	-0.00436	0.00360	0.00445	0.99998	
32	0.16000	76.69755	61.44585	1.18172	0.55560	0.01934	-0.91997	1.14506	0.99987	0.01606	-0.00034	-0.01605	0.99982	0.00970	0.00049	-0.00969	0.99995		23.13536	-158.94580	-1.47170	-0.25064	0.21750	-1.39111	0.17702	0.99970	0.02428	-0.00380	-0.02429	0.99970	-0.00437	0.00369	0.00447	0.99998	
33	0.16500	76.68339	61.46005	1.17989	0.55983	0.01724	-0.92125	1.15574	0.99987	0.01608	-0.00030	-0.01607	0.99982	0.00977	0.00046	-0.00976	0.99995		23.11437	-158.97520	-1.44574	-0.25567	0.21720	-1.38896	0.15943	0.99970	0.02424	-0.00379	-0.02426	0.99970	-0.00446	0.00368	0.00455	0.99998	
34	0.17000	76.71381	61.49194	1.17317	0.56670	0.01288	-0.91835	1.16222	0.99987	0.01603	-0.00022	-0.01602	0.99982	0.00989	0.00038	-0.00989	0.99995		23.17161	-158.99953	-1.41707	-0.25824	0.21811	-1.38934	0.16301	0.99970	0.02425	-0.00381	-0.02426	0.99970	-0.00451	0.00370	0.00460	0.99998	
35	0.17500	76.74390	61.51599	1.16635	0.57254	0.00240	-0.92113	1.14537	0.99987	0.01608	-0.00004	-0.01607	0.99982	0.00999	0.00020	-0.00999	0.99995		23.16561	-159.01345	-1.40881	-0.26009	0.22172	-1.39101	0.16216	0.99970	0.02428	-0.00387	-0.02429	0.99969	-0.00454	0.00376	0.00463	0.99998	
36	0.18000	76.72538	61.54908	1.15827	0.58193	-0.00154	-0.91896	1.16928	0.99987	0.01604	0.00003	-0.01604	0.99982	0.01016	0.00014	-0.01016	0.99995		23.13978	-159.02980	-1.37047	-0.26085	0.22492	-1.39095	0.17061	0.99970	0.02427	-0.00393	-0.02429	0.99969	-0.00455	0.00381	0.00465	0.99998	
37	0.18500	76.74036	61.55768	1.15524	0.58663	-0.00450	-0.92332	1.15924	0.99987	0.01611	0.00008	-0.01611	0.99982	0.01024	0.00009	-0.01024	0.99995		23.16231	-159.05035	-1.35392	-0.26405	0.22668	-1.38977	0.16858	0.99970	0.02425	-0.00396	-0.02427	0.99969	-0.00461	0.00384	0.00470	0.99998	
38	0.19000	76.73772	61.58650	1.13685	0.59370	-0.01052	-0.91875	1.17626	0.99987	0.01603	0.00018	-0.01604	0.99982	0.01036	-0.00002	-0.01036	0.99995		23.15634	-159.06632	-1.33735	-0.26723	0.23292	-1.39148	0.17270	0.99970	0.02428	-0.00407	-0.02430	0.99969	-0.00466	0.00395	0.00476	0.99998	
39	0.19500	76.72803	61.59948	1.13203	0.60032	-0.01649	-0.92294	1.17106	0.99987	0.01611	0.00029	-0.01611	0.99982	0.01048	-0.00012	-0.01048	0.99995		23.16175	-159.08156	-1.30438	-0.26909	0.23876	-1.39262	0.15864	0.99970	0.02430	-0.00417	-0.02432	0.99969	-0.00470	0.00405	0.00480	0.99998	
40	0.20000	76.74042	61.63452	1.14141	0.60543	-0.01933	-0.92351	1.17223	0.99987	0.01612	0.00034	-0.01612	0.99981	0.01057	-0.00017	-0.01057	0.99994		23.13433	-159.09745	-1.28294	-0.27267	0.24503	-1.38684	0.17282	0.99970	0.02420	-0.00428	-0.02422	0.99970	-0.00476	0.00416	0.00486	0.99998	
41	0.20500	76.75896	61.66951	1.12926	0.61302	-0.02535	-0.91837	1.17799	0.99987	0.01603	0.00044	-0.01603	0.99981	0.01070	-0.00027	-0.01070	0.99994		23.12923	-159.10683	-1.26230	-0.27731	0.25414	-1.38936	0.17730	0.99970	0.02425	-0.00444	-0.02427	0.99969	-0.00484	0.00432	0.00495	0.99998	
42	0.21000	76.75564	61.67828	1.10496	0.61934	-0.03370	-0.92238	1.16922	0.99987	0.01610	0.00059	-0.01610	0.99981	0.01081	-0.00041	-0.01082	0.99994		23.13499	-159.13618	-1.24963	-0.28280	0.25494	-1.38679	0.16269	0.99970	0.02420	-0.00445	-0.02422	0.99969	-0.00494	0.00433	0.00504	0.99998	
43	0.21500	76.74499	61.69014	1.11685	0.62298	-0.03347	-0.92154	1.15950	0.99987	0.01608	0.00058	-0.01609	0.99981	0.01087	-0.00041	-0.01088	0.99994		23.12098	-159.15348	-1.22889	-0.28714	0.26546	-1.38512	0.17477	0.99970	0.02417	-0.00463	-0.02420	0.99969	-0.00501	0.00451	0.00512	0.99998	
44	0.22000	76.73826	61.72239	1.10396	0.63217	-0.04219	-0.92363	1.16784	0.99987	0.01612	0.00074	-0.01613	0.99981	0.01103	-0.00056	-0.01104	0.99994		23.08824	-159.16550	-1.20772	-0.29175	0.27374	-1.38850	0.18112	0.99969	0.02423	-0.00478	-0.02426	0.99969	-0.00509	0.00465	0.00521	0.99998	
45	0.22500	76.77551	61.73615	1.07921	0.63797	-0.05276	-0.91814	1.19236	0.99987	0.01602	0.00092	-0.01603	0.99981	0.01113	-0.00074	-0.01115	0.99994		23.09656	-159.17545	-1.18750	-0.29328	0.28135	-1.39084	0.17430	0.99969	0.02427	-0.00491	-0.02430	0.99969	-0.00512	0.00478	0.00524	0.99997	
46	0.23000	76.78100	61.75301	1.08622	0.64424	-0.05485	-0.91845	1.16273	0.99987	0.01603	0.00096	-0.01604	0.99981	0.01124	-0.00078	-0.01126	0.99994		23.07657	-159.20060	-1.16627	-0.30186	0.28905	-1.38814	0.16738	0.99969	0.02422	-0.00504	-0.02425	0.99969	-0.00527	0.00492	0.00539	0.99997	
47	0.23500	76.76123	61.78105	1.09556	0.65078	-0.05723	-0.92257	1.19332	0.99987	0.01610	0.00100	-0.01611	0.99981	0.01136	-0.00082	-0.01137	0.99994		23.08501	-159.21631	-1.14999	-0.30888	0.29734	-1.38312	0.15738	0.99970	0.02414	-0.00519	-0.02417	0.99969	-0.00539	0.00506	0.00551	0.99997	
48	0.24000	76.73890	61.78835	1.07591	0.65663	-0.06165	-0.92556	1.17943	0.99987	0.01615	0.00108	-0.01616	0.99980	0.01146	-0.00089	-0.01148	0.99993		23.06595	-159.22805	-1.12942	-0.31187	0.30924	-1.38816	0.16720	0.99969	0.02423	-0.00540	-0.02425	0.99969	-0.00544	0.00526	0.00557	0.99997	
49	0.24500	76.78068	61.79799	1.08392	0.66194	-0.07223	-0.92512	1.17649	0.99987	0.01615	0.00126	-0.01616	0.99980	0.01155	-0.00107	-0.01157	0.99993		23.05296	-159.24219	-1.10834	-0.31799	0.31530	-1.38568	0.15998	0.99969	0.02418	-0.00550	-0.02421	0.99969	-0.00555	0.00537	0.00568	0.99997	
50	0.25000	76.83020	61.82476	1.07257	0.66776	-0.07930	-0.92753	1.17819	0.99987	0.01619	0.00138	-0.01620	0.99980	0.01165	-0.00120	-0.01168	0.99993		23.06875	-159.25605	-1.09225	-0.32542	0.32459	-1.38345	0.15516	0.99969	0.02414	-0.00567	-0.02418	0.99969	-0.00568	0.00553	0.00581	0.99997	
51	0.25500	76.79534	61.85239	1.06260	0.67503	-0.08629	-0.92202	1.18043	0.99987	0.01609	0.00151	-0.01611	0.99980	0.01178	-0.00132	-0.01180	0.99993		23.04479	-159.26724	-1.07560	-0.33160	0.33568	-1.38435	0.16582	0.99969	0.02416	-0.00586	-0.02419	0.99969	-0.00579	0.00572	0.00593	0.99997	
52	0.26000	76.77628	61.85188	1.06836	0.67956	-0.08502	-0.92443	1.18544	0.99987	0.01613	0.00148	-0.01615	0.99980	0.01186	-0.00129	-0.01188	0.99993		23.02282	-159.27990	-1.05067	-0.33890	0.34926	-1.38388	0.17161	0.99969	0.02415	-0.00610	-0.02419	0.99969	-0.00591	0.00595	0.00606	0.99996	
53	0.26500	76.80931	61.88072	1.06273	0.68763	-0.09405	-0.92881	1.18050	0.99987	0.01621	0.00164	-0.01623	0.99980	0.01200	-0.00145	-0.01203	0.99993		23.00435	-159.28481	-1.03006	-0.34454	0.36170	-1.38576	0.17361	0.99969	0.02418	-0.00631	-0.02422	0.99969	-0.00601	0.00617	0.00616	0.99996	
54	0.27000	76.79832	61.88991	1.06893	0.69242	-0.09674	-0.92696	1.18197	0.99987	0.01618	0.00169	-0.01620	0.99980	0.01208	-0.00149	-0.01211	0.99993		22.96684	-159.29729	-1.02564	-0.35136	0.37115	-1.38376	0.16915	0.99969	0.02415	-0.00648	-0.02419	0.99969	-0.00613	0.00633	0.00629	0.99996	
55	0.27500	76.81245	61.89170	1.05102	0.69892	-0.10534	-0.92725	1.18563	0.99987	0.01618	0.00184	-0.01620	0.99979	0.01220	-0.00164	-0.01223	0.99992		22.99137	-159.30478	-0.99682	-0.35950	0.37886	-1.38222	0.16705	0.99969	0.02412	-0.00661	-0.02416	0.99969	-0.00627	0.00646	0.00643	0.99996	
56	0.28000	76.80903	61.92580	1.04322	0.70550	-0.10954	-0.92014	1.20363	0.99987	0.01606	0.00191	-0.01608	0.99979	0.01231	-0.00171	-0.01234	0.99992		22.95746	-159.32159	-0.99241	-0.36821	0.39000	-1.37808	0.16031	0.99969	0.02405	-0.00681	-0.02409	0.99969	-0.00643	0.00665	0.00659	0.99996	
57	0.28500	76.81364	61.93518	1.06734	0.71390	-0.11429	-0.92919	1.18925	0.99987	0.01622	0.00199	-0.01624	0.99979	0.01246	-0.00179	-0.01249	0.99992		22.98187	-159.32584	-0.98447	-0.37549	0.39792	-1.38214	0.18170	0.99968	0.02412	-0.00695	-0.02417	0.99969	-0.00655	0.00678	0.00672	0.99995	
58	0.29000	76.84252	61.95458	1.05078	0.71828	-0.12214	-0.92555	1.18781	0.99987	0.01615	0.00213	-0.01618	0.99979	0.01254	-0.00193	-0.01257	0.99992		22.96554	-159.33481	-0.96399	-0.38410	0.41026	-1.38278	0.15852	0.99968	0.02413	-0.00716	-0.02418	0.99969	-0.00670	0.00700	0.00687	0.99995	
59	0.29500	76.79572	61.95171	1.05355	0.72117	-0.12008	-0.92803	1.17132	0.99987	0.01620	0.00210	-0.01622	0.99979	0.01259	-0.00189	-0.01262	0.99992		22.92690	-159.35753	-0.95898	-0.39332	0.42006	-1.37914	0.16944	0.99968	0.02407	-0.00733	-0.02412	0.99969	-0.00686	0.00716	0.00704	0.99995	
60	0.30000	76.79587	61.97760	1.05803	0.73016	-0.13046	-0.93665	1.16069	0.99986	0.01635	0.00228	-0.01637	0.99978	0.01274	-0.00207	-0.01278	0.99992		22.96478	-159.37396	-0.95557	-0.40306	0.42960	-1.37932	0.17616	0.99968	0.02407	-0.00750	-0.02412	0.99968	-0.00703	0.00733	0.00721	0.99995	
61	0.30500	76.82762	61.96872	1.05340	0.73164	-0.13141	-0.92605	1.17654	0.99987	0.01616	0.00229	-0.01619	0.99979	0.01277	-0.00209	-0.01280	0.99992		22.91688	-159.38346	-0.94265	-0.41125	0.44178	-1.37827	0.17341	0.99968	0.02405	-0.00771	-0.02411	0.99968	-0.00718	0.00754	0.00736	0.99994	
62	0.31000	76.80906	61.99735	1.05598	0.74375	-0.13943	-0.94168	1.15431	0.99986	0.01643	0.00243	-0.01646	0.99978	0.01298	-0.00222	-0.01302	0.99991		22.91487	-159.39171	-0.93431	-0.42104	0.44867	-1.37666	0.15291	0.99968	0.02402	-0.00783	-0.02408	0.99968	-0.00735	0.00765	0.00753	0.99994	
63	0.31500	76.77094	62.00639	1.06274	0.74683	-0.13813	-0.93611	1.17697	0.99986	0.01634	0.00241	-0.01637	0.99978	0.01303	-0.00220	-0.01307	0.99991		22.89017	-159.41050	-0.93363	-0.43232	0.45819	-1.37350	0.16886	0.99968	0.02397	-0.00800	-0.02403	0.99968	-0.00755	0.00781	0.00773	0.99994	
64	0.32000	76.80031	62.01545	1.06150	0.75376	-0.14397	-0.94126	1.15793	0.99986	0.01643	0.00251	-0.01646	0.99978	0.01316	-0.00230	-0.01319	0.99991		22.89868	-159.40327	-0.92175	-0.43895	0.47011	-1.37319	0.17275	0.99968	0.02396	-0.00820	-0.02403	0.99968	-0.00766	0.00802	0.00786	0.99994	
65	0.32500	76.80388	62.02629	1.07823	0.75780	-0.14729	-0.94205	1.15938	0.99986	0.01644	0.00257	-0.01647	0.99978	0.01323	-0.00235	-0.01327	0.99991		22.87133	-159.41002	-0.90857	-0.44873	0.47812	-1.37267	0.17420	0.99968	0.02395	-0.00834	-0.02402	0.99968	-0.00783	0.00815	0.00803	0.99993	
66	0.33000	76.77565	62.02881	1.07209	0.76162	-0.14704	-0.93955	1.17597	0.99986	0.01640	0.00257	-0.01643	0.99978	0.01329	-0.00235	-0.01333	0.99991		22.86131	-159.39182	-0.91343	-0.45319	0.48931	-1.37277	0.17466	0.99968	0.02396	-0.00854	-0.02402	0.99968	-0.00791	0.00835	0.00811	0.99993	
67	0.33500	76.83734	62.02731	1.06860	0.76616	-0.15679	-0.94134	1.17181	0.99986	0.01643	0.00274	-0.01646	0.99978	0.01337	-0.00252	-0.01341	0.99991		22.84967	-159.41668	-0.91723	-0.46467	0.49813	-1.36880	0.16857	0.99968	0.02389	-0.00869	-0.02396	0.99968	-0.00811	0.00850	0.00832	0.99993	
68	0.34000	76.83251	62.04077	1.06513	0.77335	-0.15872	-0.94307	1.18331	0.99986	0.01646	0.00277	-0.01649	0.99977	0.01350	-0.00255	-0.01354	0.99991		22.83793	-159.40659	-0.90905	-0.47225	0.50753	-1.37260	0.16741	0.99967	0.02395	-0.00886	-0.02403	0.99968	-0.00824	0.00866	0.00845	0.99993	
69	0.34500	76.79431	62.03741	1.05899	0.77701	-0.16002	-0.94483	1.17983	0.99986	0.01649	0.00279	-0.01653	0.99977	0.01356	-0.00257	-0.01361	0.99990		22.84456	-159.42437	-0.90057	-0.48094	0.51433	-1.37056	0.16691	0.99967	0.02392	-0.00898	-0.02399	0.99968	-0.00839	0.00877	0.00861	0.99992	
70	0.35000	76.81951	62.03554	1.09480	0.77883	-0.15917	-0.94272	1.18411	0.99986	0.01645	0.00278	-0.01649	0.99977	0.01359	-0.00255	-0.01364	0.99990		22.80561	-159.41476	-0.90462	-0.48884	0.52531	-1.37338	0.16419	0.99967	0.02397	-0.00917	-0.02404	0.99967	-0.00853	0.00896	0.00875	0.99992	
71	0.35500	76.79772	62.03644	1.08799	0.78538	-0.15985	-0.94539	1.17854	0.99986	0.01650	0.00279	-0.01654	0.99977	0.01371	-0.00256	-0.01375	0.99990		22.77433	-159.41636	-0.90394	-0.49941	0.53466	-1.37433	0.18133	0.99967	0.02398	-0.00933	-0.02406	0.99967	-0.00872	0.00912	0.00894	0.99992	
72	0.36000	76.80689	62.01464	1.09080	0.78442	-0.16207	-0.93971	1.18234	0.99986	0.01640	0.00283	-0.01644	0.99977	0.01369	-0.00260	-0.01373	0.99990		22.78689	-159.40947	-0.90455	-0.50532	0.54303	-1.37524	0.17357	0.99967	0.02400	-0.00948	-0.02408	0.99967	-0.00882	0.00926	0.00904	0.99992	
73	0.36500	76.82415	62.02111	1.09435	0.78964	-0.16443	-0.94074	1.18282	0.99986	0.01642	0.00287	-0.01646	0.99977	0.01378	-0.00264	-0.01383	0.99990		22.77518	-159.41342	-0.89571	-0.51323	0.54964	-1.37514	0.18375	0.99967	0.02400	-0.00959	-0.02408	0.99967	-0.00896	0.00937	0.00919	0.99991	
74	0.37000	76.84403	62.02373	1.11113	0.79388	-0.16717	-0.94215	1.19342	0.99986	0.01644	0.00292	-0.01648	0.99977	0.01386	-0.00269	-0.01390	0.99990		22.79145	-159.43297	-0.89981	-0.52370	0.55172	-1.37134	0.15324	0.99967	0.02393	-0.00963	-0.02402	0.99967	-0.00914	0.00941	0.00937	0.99991	
75	0.37500	76.85615	62.01660	1.09805	0.79343	-0.16793	-0.94216	1.17989	0.99986	0.01644	0.00293	-0.01648	0.99977	0.01385	-0.00270	-0.01389	0.99990		22.75279	-159.40650	-0.89940	-0.52899	0.56074	-1.37375	0.17317	0.99966	0.02397	-0.00979	-0.02406	0.99967	-0.00923	0.00956	0.00946	0.99991	
76	0.38000	76.83888	62.01877	1.12110	0.79566	-0.16449	-0.93938	1.17738	0.99986	0.01639	0.00287	-0.01643	0.99977	0.01389	-0.00264	-0.01393	0.99990		22.74065	-159.39744	-0.90763	-0.53513	0.56524	-1.37336	0.16923	0.99966	0.02397	-0.00987	-0.02406	0.99967	-0.00934	0.00964	0.00957	0.99991	
77	0.38500	76.83018	61.98806	1.11413	0.79648	-0.16545	-0.94338	1.18799	0.99986	0.01646	0.00289	-0.01650	0.99977	0.01390	-0.00266	-0.01395	0.99990		22.75467	-159.38826	-0.91204	-0.54096	0.56837	-1.37403	0.16439	0.99966	0.02398	-0.00992	-0.02407	0.99967	-0.00944	0.00969	0.00968	0.99991	
78	0.39000	76.84324	61.98517	1.13477	0.79840	-0.16279	-0.93990	1.18034	0.99986	0.01640	0.00284	-0.01644	0.99977	0.01393	-0.00261	-0.01398	0.99990		22.74688	-159.40789	-0.90246	-0.55374	0.57206	-1.37131	0.17843	0.99966	0.02393	-0.00998	-0.02403	0.99966	-0.00966	0.00975	0.00990	0.99990	
79	0.39500	76.88084	61.96681	1.13057	0.80001	-0.17070	-0.94457	1.19728	0.99986	0.01649	0.00298	-0.01653	0.99977	0.01396	-0.00275	-0.01401	0.99990		22.76661	-159.40881	-0.90671	-0.55903	0.57079	-1.37058	0.16681	0.99966	0.02392	-0.00996	-0.02401	0.99966	-0.00976	0.00973	0.00999	0.99990	
80	0.40000	76.83247	61.96576	1.14336	0.80185	-0.16660	-0.94601	1.17986	0.99986	0.01651	0.00291	-0.01655	0.99977	0.01399	-0.00268	-0.01404	0.99990		22.75453	-159.37037	-0.93273	-0.55812	0.57974	-1.37137	0.16837	0.99966	0.02393	-0.01012	-0.02403	0.99966	-0.00974	0.00988	0.00998	0.99990	
81	0.40500	76.85648	61.95990	1.13916	0.80377	-0.16753	-0.94186	1.18959	0.99986	0.01644	0.00292	-0.01648	0.99977	0.01403	-0.00269	-0.01407	0.99990		22.71732	-159.36090	-0.93185	-0.56560	0.58316	-1.37454	0.18021	0.99966	0.02399	-0.01018	-0.02409	0.99966	-0.00987	0.00994	0.01011	0.99990	
82	0.41000	76.85527	61.94404	1.16604	0.80161	-0.16448	-0.94507	1.18574	0.99986	0.01649	0.00287	-0.01653	0.99977	0.01399	-0.00264	-0.01404	0.99990		22.69403	-159.32994	-0.94061	-0.56554	0.59223	-1.37126	0.18025	0.99966	0.02393	-0.01034	-0.02403	0.99966	-0.00987	0.01010	0.01011	0.99990	
83	0.41500	76.84082	61.92495	1.17133	0.80163	-0.16037	-0.94549	1.17674	0.99986	0.01650	0.00280	-0.01654	0.99977	0.01399	-0.00257	-0.01403	0.99990		22.70171	-159.33459	-0.94859	-0.57201	0.58907	-1.37054	0.17202	0.99966	0.02392	-0.01028	-0.02402	0.99966	-0.00998	0.01004	0.01023	0.99990	
84	0.42000	76.86623	61.92008	1.17715	0.80141	-0.16503	-0.94071	1.18019	0.99986	0.01642	0.00288	-0.01646	0.99977	0.01399	-0.00265	-0.01403	0.99990		22.68803	-159.31694	-0.95274	-0.57407	0.59355	-1.37313	0.18060	0.99966	0.02396	-0.01036	-0.02407	0.99966	-0.01002	0.01012	0.01026	0.99990	
85	0.42500	76.89764	61.91287	1.17741	0.80112	-0.16672	-0.94009	1.17605	0.99986	0.01641	0.00291	-0.01645	0.99977	0.01398	-0.00268	-0.01403	0.99990		22.71638	-159.32959	-0.95647	-0.58333	0.58835	-1.37264	0.16567	0.99966	0.02395	-0.01027	-0.02406	0.99966	-0.01018	0.01002	0.01042	0.99990	
86	0.43000	76.86454	61.87513	1.20025	0.79719	-0.15875	-0.94006	1.18249	0.99986	0.01641	0.00277	-0.01644	0.99977	0.01391	-0.00254	-0.01396	0.99990		22.71194	-159.29755	-0.96092	-0.58426	0.59096	-1.37290	0.16421	0.99966	0.02396	-0.01031	-0.02406	0.99966	-0.01020	0.01007	0.01044	0.99989	
87	0.43500	76.85873	61.84472	1.20757	0.79458	-0.15767	-0.94582	1.17686	0.99986	0.01651	0.00275	-0.01654	0.99977	0.01387	-0.00252	-0.01391	0.99990		22.68668	-159.28182	-0.97298	-0.58641	0.59061	-1.37066	0.16577	0.99966	0.02392	-0.01031	-0.02402	0.99966	-0.01023	0.01006	0.01048	0.99989	
88	0.44000	76.86846	61.84052	1.21568	0.79100	-0.15397	-0.94047	1.17317	0.99986	0.01641	0.00269	-0.01645	0.99977	0.01381	-0.00246	-0.01385	0.99990		22.68495	-159.25999	-0.98633	-0.58424	0.59378	-1.37347	0.16036	0.99966	0.02397	-0.01036	-0.02407	0.99966	-0.01020	0.01012	0.01044	0.99989	
89	0.44500	76.88144	61.81519	1.22862	0.78991	-0.15582	-0.94148	1.16584	0.99986	0.01643	0.00272	-0.01647	0.99977	0.01379	-0.00249	-0.01383	0.99990		22.71898	-159.25970	-1.00699	-0.58847	0.58688	-1.37334	0.16739	0.99966	0.02397	-0.01024	-0.02407	0.99966	-0.01027	0.00999	0.01051	0.99989	
90	0.45000	76.83793	61.80050	1.23248	0.78699	-0.15353	-0.94137	1.17130	0.99986	0.01643	0.00268	-0.01646	0.99977	0.01374	-0.00245	-0.01378	0.99990		22.69713	-159.24234	-1.02402	-0.58647	0.59219	-1.37096	0.17374	0.99966	0.02392	-0.01034	-0.02403	0.99966	-0.01024	0.01009	0.01048	0.99989	
91	0.45500	76.83495	61.79584	1.25173	0.78647	-0.14958	-0.94399	1.18038	0.99986	0.01647	0.00261	-0.01651	0.99977	0.01373	-0.00238	-0.01377	0.99990		22.68503	-159.19568	-1.03664	-0.58486	0.58701	-1.37426	0.16640	0.99966	0.02398	-0.01025	-0.02409	0.99966	-0.01021	0.01000	0.01045	0.99990	
92	0.46000	76.85498	61.75204	1.26500	0.77757	-0.14328	-0.94563	1.16449	0.99986	0.01650	0.00250	-0.01654	0.99977	0.01357	-0.00228	-0.01361	0.99990		22.71605	-159.17395	-1.04561	-0.58090	0.58239	-1.36982	0.17085	0.99966	0.02390	-0.01016	-0.02401	0.99966	-0.01014	0.00992	0.01038	0.99990	
93	0.46500	76.84455	61.73444	1.30064	0.77386	-0.14122	-0.94434	1.16577	0.99986	0.01648	0.00246	-0.01651	0.99977	0.01351	-0.00224	-0.01354	0.99991		22.62975	-159.14106	-1.09166	-0.57497	0.59023	-1.37098	0.17051	0.99966	0.02392	-0.01030	-0.02403	0.99966	-0.01003	0.01006	0.01028	0.99990	
94	0.47000	76.84231	61.71576	1.29919	0.76729	-0.13380	-0.94206	1.17121	0.99986	0.01644	0.00234	-0.01647	0.99977	0.01339	-0.00211	-0.01343	0.99991		22.69221	-159.13427	-1.07936	-0.57744	0.58162	-1.37197	0.17241	0.99966	0.02394	-0.01015	-0.02404	0.99966	-0.01008	0.00991	0.01032	0.99990	
95	0.47500	76.85961	61.67741	1.31712	0.75953	-0.13435	-0.94109	1.16950	0.99986	0.01642	0.00234	-0.01645	0.99978	0.01326	-0.00213	-0.01329	0.99991		22.67525	-159.09563	-1.10460	-0.57229	0.57876	-1.37072	0.17466	0.99966	0.02392	-0.01010	-0.02402	0.99966	-0.00999	0.00986	0.01023	0.99990	
96	0.48000	76.85739	61.66798	1.32286	0.75620	-0.13427	-0.94434	1.18868	0.99986	0.01648	0.00234	-0.01651	0.99978	0.01320	-0.00213	-0.01323	0.99991		22.66146	-159.07839	-1.12182	-0.56739	0.57926	-1.37348	0.17027	0.99966	0.02397	-0.01011	-0.02407	0.99966	-0.00990	0.00987	0.01014	0.99990	
97	0.48500	76.82098	61.63792	1.34141	0.74843	-0.12813	-0.94128	1.18554	0.99986	0.01643	0.00224	-0.01646	0.99978	0.01306	-0.00202	-0.01310	0.99991		22.64209	-159.03085	-1.16032	-0.55816	0.57626	-1.36843	0.15471	0.99966	0.02388	-0.01006	-0.02398	0.99967	-0.00974	0.00982	0.00998	0.99990	
98	0.49000	76.82088	61.62001	1.35107	0.74364	-0.12612	-0.94288	1.18827	0.99986	0.01646	0.00220	-0.01648	0.99978	0.01298	-0.00199	-0.01301	0.99991		22.65980	-159.02002	-1.16452	-0.55602	0.56768	-1.37577	0.15830	0.99966	0.02401	-0.00991	-0.02410	0.99966	-0.00970	0.00967	0.00994	0.99990	
99	0.49500	76.85537	61.57519	1.37120	0.73138	-0.12055	-0.93627	1.16796	0.99986	0.01634	0.00210	-0.01637	0.99978	0.01276	-0.00190	-0.01280	0.99992		22.68323	-158.99782	-1.17759	-0.54902	0.56168	-1.37095	0.17298	0.99967	0.02392	-0.00980	-0.02402	0.99967	-0.00958	0.00957	0.00981	0.99991	
100	0.50000	76.82719	61.57210	1.36313	0.72873	-0.12362	-0.94074	1.18125	0.99986	0.01642	0.00216	-0.01644	0.99978	0.01272	-0.00195	-0.01275	0.99992		22.64777	-158.97391	-1.19838	-0.54419	0.56028	-1.37253	0.17088	0.99967	0.02395	-0.00978	-0.02404	0.99967	-0.00950	0.00955	0.00973	0.99991	
101	0.50500	76.82638	61.51908	1.39284	0.71613	-0.11445	-0.93920	1.17986	0.99986	0.01639	0.00200	-0.01642	0.99979	0.01250	-0.00179	-0.01253	0.99992		22.68077	-158.92043	-1.23395	-0.52960	0.55657	-1.37547	0.15976	0.99966	0.02400	-0.00971	-0.02409	0.99967	-0.00924	0.00949	0.00947	0.99991	
102	0.51000	76.85640	61.50543	1.39544	0.70902	-0.11776	-0.93887	1.17966	0.99986	0.01639	0.00206	-0.01641	0.99979	0.01237	-0.00185	-0.01241	0.99992		22.65774	-158.90303	-1.24591	-0.52472	0.54715	-1.37195	0.15753	0.99967	0.02394	-0.00955	-0.02403	0.99967	-0.00916	0.00933	0.00938	0.99991	
103	0.51500	76.81675	61.45711	1.41565	0.69689	-0.11011	-0.93608	1.17583	0.99986	0.01634	0.00192	-0.01636	0.99979	0.01216	-0.00172	-0.01219	0.99992		22.67577	-158.85895	-1.27237	-0.51059	0.54192	-1.37279	0.15825	0.99967	0.02396	-0.00946	-0.02404	0.99967	-0.00891	0.00924	0.00914	0.99992	
104	0.52000	76.80739	61.40502	1.42168	0.68267	-0.09739	-0.92983	1.18579	0.99987	0.01623	0.00170	-0.01625	0.99980	0.01191	-0.00151	-0.01194	0.99993		22.67395	-158.84370	-1.28497	-0.50529	0.53727	-1.37580	0.16774	0.99967	0.02401	-0.00938	-0.02409	0.99967	-0.00882	0.00916	0.00904	0.99992	
105	0.52500	76.82782	61.37247	1.43782	0.67161	-0.09954	-0.92580	1.18816	0.99987	0.01616	0.00174	-0.01618	0.99980	0.01172	-0.00155	-0.01175	0.99993		22.66571	-158.78583	-1.32426	-0.48910	0.53565	-1.37272	0.16148	0.99967	0.02396	-0.00935	-0.02404	0.99967	-0.00854	0.00914	0.00876	0.99992	
106	0.53000	76.84111	61.35656	1.43030	0.66178	-0.09657	-0.92310	1.19649	0.99987	0.01611	0.00169	-0.01613	0.99980	0.01155	-0.00150	-0.01158	0.99993		22.65306	-158.77640	-1.33688	-0.48100	0.53262	-1.37554	0.17756	0.99967	0.02400	-0.00930	-0.02408	0.99967	-0.00839	0.00909	0.00862	0.99992	
107	0.53500	76.82847	61.33967	1.44947	0.65360	-0.09642	-0.92444	1.19850	0.99987	0.01613	0.00168	-0.01615	0.99980	0.01141	-0.00150	-0.01143	0.99993		22.67521	-158.75092	-1.36253	-0.47073	0.51913	-1.37630	0.15055	0.99967	0.02402	-0.00906	-0.02409	0.99968	-0.00822	0.00886	0.00843	0.99993	
108	0.54000	76.83874	61.31438	1.47369	0.64242	-0.09294	-0.92436	1.21117	0.99987	0.01613	0.00162	-0.01615	0.99981	0.01121	-0.00144	-0.01124	0.99994		22.72470	-158.71255	-1.38464	-0.45881	0.50940	-1.37639	0.16336	0.99967	0.02402	-0.00889	-0.02409	0.99968	-0.00801	0.00870	0.00822	0.99993	
109	0.54500	76.81286	61.25043	1.48437	0.62593	-0.08331	-0.92062	1.19373	0.99987	0.01607	0.00145	-0.01608	0.99981	0.01092	-0.00128	-0.01095	0.99994		22.72897	-158.67885	-1.40217	-0.44539	0.50212	-1.37418	0.15469	0.99967	0.02398	-0.00876	-0.02405	0.99968	-0.00777	0.00857	0.00798	0.99993	
110	0.55000	76.80872	61.24071	1.48107	0.61540	-0.08282	-0.92143	1.19998	0.99987	0.01608	0.00145	-0.01610	0.99981	0.01074	-0.00127	-0.01076	0.99994		22.71086	-158.64005	-1.41948	-0.42977	0.49748	-1.37353	0.16815	0.99968	0.02397	-0.00868	-0.02403	0.99968	-0.00750	0.00850	0.00771	0.99993	
111	0.55500	76.89586	61.20369	1.49908	0.60099	-0.08857	-0.91825	1.20965	0.99987	0.01603	0.00155	-0.01604	0.99982	0.01049	-0.00138	-0.01051	0.99994		22.73576	-158.62695	-1.44535	-0.41848	0.49018	-1.37922	0.17602	0.99967	0.02407	-0.00856	-0.02413	0.99968	-0.00730	0.00838	0.00751	0.99994	
112	0.56000	76.86960	61.17527	1.53365	0.58941	-0.08660	-0.92178	1.20032	0.99987	0.01609	0.00151	-0.01610	0.99982	0.01029	-0.00135	-0.01031	0.99995		22.75080	-158.58697	-1.47128	-0.40283	0.47761	-1.37545	0.15859	0.99968	0.02400	-0.00834	-0.02406	0.99969	-0.00703	0.00816	0.00723	0.99994	
113	0.56500	76.85610	61.14662	1.55177	0.57504	-0.07880	-0.91797	1.19659	0.99987	0.01602	0.00138	-0.01603	0.99982	0.01004	-0.00121	-0.01006	0.99995		22.72101	-158.54325	-1.49248	-0.38730	0.47354	-1.37345	0.17399	0.99968	0.02397	-0.00826	-0.02402	0.99969	-0.00676	0.00810	0.00696	0.99994	
114	0.57000	76.83646	61.12357	1.56216	0.56319	-0.07735	-0.91830	1.20294	0.99987	0.01603	0.00135	-0.01604	0.99982	0.00983	-0.00119	-0.00985	0.99995		22.72973	-158.49758	-1.52711	-0.36895	0.46480	-1.37553	0.16894	0.99968	0.02400	-0.00811	-0.02406	0.99969	-0.00644	0.00796	0.00663	0.99995	
115	0.57500	76.81367	61.06555	1.58741	0.54390	-0.07011	-0.91092	1.19795	0.99987	0.01590	0.00122	-0.01591	0.99983	0.00949	-0.00107	-0.00951	0.99995		22.76921	-158.48099	-1.53662	-0.35445	0.45844	-1.37879	0.17713	0.99968	0.02406	-0.00800	-0.02411	0.99969	-0.00619	0.00785	0.00638	0.99995	
116	0.58000	76.85198	61.03652	1.61691	0.52977	-0.07126	-0.91516	1.20709	0.99987	0.01597	0.00124	-0.01598	0.99983	0.00925	-0.00110	-0.00926	0.99996		22.76635	-158.43242	-1.55811	-0.33797	0.44785	-1.37427	0.16746	0.99968	0.02398	-0.00782	-0.02403	0.99969	-0.00590	0.00767	0.00608	0.99995	
117	0.58500	76.82856	61.02577	1.62193	0.51952	-0.07194	-0.91248	1.22322	0.99987	0.01593	0.00126	-0.01594	0.99983	0.00907	-0.00111	-0.00909	0.99996		22.76684	-158.39822	-1.59215	-0.31930	0.43818	-1.37707	0.17546	0.99968	0.02403	-0.00765	-0.02407	0.99969	-0.00557	0.00751	0.00576	0.99996	
118	0.59000	76.79290	60.96643	1.63787	0.50129	-0.06165	-0.91295	1.21214	0.99987	0.01593	0.00108	-0.01594	0.99983	0.00875	-0.00094	-0.00877	0.99996		22.78004	-158.37162	-1.60985	-0.30290	0.43282	-1.37626	0.18050	0.99968	0.02402	-0.00755	-0.02406	0.99970	-0.00529	0.00742	0.00547	0.99996	
119	0.59500	76.79801	60.94650	1.66217	0.48568	-0.06599	-0.91109	1.23762	0.99987	0.01590	0.00115	-0.01591	0.99984	0.00848	-0.00102	-0.00849	0.99996		22.78551	-158.33309	-1.64010	-0.28425	0.42422	-1.37511	0.16746	0.99968	0.02400	-0.00740	-0.02403	0.99970	-0.00496	0.00728	0.00514	0.99996	
120	0.60000	76.82497	60.91580	1.66808	0.47026	-0.06830	-0.91096	1.22112	0.99987	0.01590	0.00119	-0.01591	0.99984	0.00821	-0.00106	-0.00823	0.99997		22.78604	-158.28641	-1.66197	-0.26562	0.41740	-1.37736	0.15759	0.99968	0.02404	-0.00728	-0.02407	0.99970	-0.00464	0.00717	0.00481	0.99996	
121	0.60500	76.75702	60.87090	1.69547	0.45305	-0.05774	-0.91344	1.21535	0.99987	0.01594	0.00101	-0.01595	0.99984	0.00791	-0.00088	-0.00792	0.99997		22.77462	-158.25493	-1.68321	-0.24758	0.41030	-1.37746	0.17483	0.99969	0.02404	-0.00716	-0.02407	0.99970	-0.00432	0.00706	0.00449	0.99996	
122	0.61000	76.78437	60.84707	1.69995	0.44055	-0.06787	-0.91641	1.21815	0.99987	0.01599	0.00118	-0.01600	0.99984	0.00769	-0.00106	-0.00771	0.99997		22.78257	-158.22756	-1.71754	-0.22815	0.40301	-1.37125	0.16519	0.99969	0.02393	-0.00703	-0.02396	0.99970	-0.00398	0.00694	0.00415	0.99997	
123	0.61500	76.74998	60.81018	1.73489	0.42219	-0.05788	-0.91549	1.22912	0.99987	0.01598	0.00101	-0.01598	0.99985	0.00737	-0.00089	-0.00738	0.99997		22.76112	-158.19740	-1.73925	-0.20988	0.40314	-1.37188	0.17312	0.99969	0.02394	-0.00704	-0.02397	0.99971	-0.00366	0.00695	0.00383	0.99997	
124	0.62000	76.75441	60.77540	1.74299	0.40441	-0.06081	-0.91207	1.21871	0.99987	0.01592	0.00106	-0.01593	0.99985	0.00706	-0.00095	-0.00707	0.99997		22.79754	-158.14664	-1.76972	-0.18927	0.39008	-1.37528	0.16997	0.99969	0.02400	-0.00681	-0.02402	0.99971	-0.00330	0.00673	0.00347	0.99997	
125	0.62500	76.73672	60.75242	1.75662	0.38971	-0.05478	-0.91420	1.21273	0.99987	0.01596	0.00096	-0.01596	0.99985	0.00680	-0.00085	-0.00682	0.99998		22.78534	-158.12269	-1.78269	-0.17163	0.38561	-1.37699	0.16053	0.99969	0.02403	-0.00673	-0.02405	0.99971	-0.00300	0.00666	0.00316	0.99997	
126	0.63000	76.73207	60.72277	1.77133	0.37636	-0.05290	-0.91389	1.22231	0.99987	0.01595	0.00092	-0.01596	0.99985	0.00657	-0.00082	-0.00658	0.99998		22.78750	-158.08626	-1.79576	-0.15338	0.37791	-1.37642	0.16377	0.99969	0.02402	-0.00660	-0.02404	0.99971	-0.00268	0.00653	0.00283	0.99997	
127	0.63500	76.69951	60.70423	1.77494	0.36232	-0.04966	-0.91761	1.21323	0.99987	0.01601	0.00087	-0.01602	0.99985	0.00632	-0.00077	-0.00634	0.99998		22.78718	-158.06349	-1.81700	-0.13815	0.37103	-1.37564	0.16776	0.99969	0.02401	-0.00648	-0.02402	0.99971	-0.00241	0.00642	0.00257	0.99998	
128	0.64000	76.69041	60.68997	1.79394	0.34732	-0.04986	-0.91724	1.22236	0.99987	0.01601	0.00087	-0.01601	0.99985	0.00606	-0.00077	-0.00608	0.99998		22.82245	-158.03268	-1.83098	-0.11834	0.36505	-1.38080	0.14592	0.99969	0.02410	-0.00637	-0.02411	0.99971	-0.00207	0.00632	0.00222	0.99998	
129	0.64500	76.69420	60.66873	1.78009	0.33265	-0.04922	-0.91535	1.22101	0.99987	0.01598	0.00086	-0.01598	0.99986	0.00581	-0.00077	-0.00582	0.99998		22.81481	-158.00592	-1.86048	-0.10221	0.35965	-1.37610	0.15920	0.99969	0.02401	-0.00628	-0.02403	0.99971	-0.00178	0.00623	0.00193	0.99998	
130	0.65000	76.66611	60.62391	1.80334	0.31644	-0.04373	-0.91101	1.22117	0.99987	0.01590	0.00076	-0.01590	0.99986	0.00552	-0.00068	-0.00553	0.99998		22.83249	-157.95704	-1.87859	-0.08159	0.35583	-1.37822	0.14511	0.99969	0.02405	-0.00621	-0.02406	0.99971	-0.00142	0.00617	0.00157	0.99998	
131	0.65500	76.66550	60.63557	1.81085	0.30380	-0.04217	-0.90807	1.20583	0.99987	0.01585	0.00074	-0.01585	0.99986	0.00530	-0.00065	-0.00531	0.99999		22.81856	-157.94907	-1.89541	-0.06556	0.35122	-1.37700	0.15050	0.99969	0.02403	-0.00613	-0.02404	0.99971	-0.00114	0.00610	0.00129	0.99998	
132	0.66000	76.64860	60.59183	1.82844	0.28874	-0.04126	-0.91334	1.21178	0.99987	0.01594	0.00072	-0.01594	0.99986	0.00504	-0.00064	-0.00505	0.99999		22.82840	-157.89053	-1.90482	-0.04385	0.34707	-1.38278	0.15099	0.99969	0.02413	-0.00606	-0.02414	0.99971	-0.00077	0.00604	0.00091	0.99998	
133	0.66500	76.65493	60.55838	1.83473	0.27078	-0.04331	-0.91080	1.20121	0.99987	0.01590	0.00076	-0.01590	0.99986	0.00473	-0.00068	-0.00474	0.99999		22.84194	-157.87393	-1.92225	-0.02641	0.34343	-1.38567	0.15504	0.99969	0.02418	-0.00599	-0.02418	0.99971	-0.00046	0.00598	0.00061	0.99998	
134	0.67000	76.66292	60.53557	1.83406	0.25540	-0.04217	-0.91159	1.21592	0.99987	0.01591	0.00074	-0.01591	0.99986	0.00446	-0.00066	-0.00447	0.99999		22.86514	-157.85221	-1.93128	-0.01193	0.33860	-1.38738	0.16206	0.99969	0.02421	-0.00591	-0.02421	0.99971	-0.00021	0.00590	0.00035	0.99998	
135	0.67500	76.63812	60.51350	1.83919	0.24260	-0.03481	-0.91003	1.20278	0.99987	0.01588	0.00061	-0.01588	0.99986	0.00423	-0.00054	-0.00424	0.99999		22.83791	-157.83574	-1.94808	0.00399	0.33736	-1.38478	0.16934	0.99969	0.02417	-0.00589	-0.02417	0.99971	0.00007	0.00589	0.00007	0.99998	
136	0.68000	76.66770	60.49369	1.84578	0.22924	-0.04586	-0.91529	1.19743	0.99987	0.01597	0.00080	-0.01598	0.99986	0.00400	-0.00074	-0.00401	0.99999		22.87747	-157.80046	-1.95302	0.01934	0.32904	-1.38397	0.16472	0.99969	0.02415	-0.00574	-0.02415	0.99971	0.00034	0.00575	-0.00020	0.99998	
137	0.68500	76.66506	60.43954	1.84436	0.21005	-0.04038	-0.90056	1.22461	0.99988	0.01572	0.00070	-0.01572	0.99987	0.00367	-0.00065	-0.00368	0.99999		22.87626	-157.80441	-1.97436	0.03424	0.32834	-1.38404	0.17045	0.99969	0.02415	-0.00573	-0.02415	0.99971	0.00060	0.00574	-0.00046	0.99998	
