NO_OF_FRAMES	12044
NO_OF_CAMERAS	8
NO_OF_BODIES	2
FREQUENCY	200
NO_OF_ANALOG	0
ANALOG_FREQUENCY	0
DESCRIPTION	--
TIME_STAMP	2013-07-02, 17:12:19	3301036.39788695
DATA_INCLUDED	6D
BODY_NAMES	Ice 1	Ice 2
Frame	Time	Ice 1 X	Y	Z	Roll	Pitch	Yaw	Residual	Rot[0]	Rot[1]	Rot[2]	Rot[3]	Rot[4]	Rot[5]	Rot[6]	Rot[7]	Rot[8]	Ice 2 X	Y	Z	Roll	Pitch	Yaw	Residual	Rot[0]	Rot[1]	Rot[2]	Rot[3]	Rot[4]	Rot[5]	Rot[6]	Rot[7]	Rot[8]	
1	0.00500	110.21350	-104.69650	-0.30146	0.57649	-0.07270	-0.18712	1.07539	0.99999	0.00327	0.00127	-0.00328	0.99994	0.01006	-0.00124	-0.01007	0.99995		-113.35464	-174.28371	-0.52801	-0.37289	0.40562	-0.54939	0.25751	0.99993	0.00959	-0.00708	-0.00963	0.99993	-0.00651	0.00702	0.00658	0.99995	
2	0.01000	110.10602	-104.78473	-0.31298	0.56119	-0.04570	-0.19465	1.03451	0.99999	0.00340	0.00080	-0.00341	0.99995	0.00979	-0.00076	-0.00980	0.99995		-113.34165	-174.23226	-0.52643	-0.36123	0.41467	-0.55404	0.22939	0.99993	0.00967	-0.00724	-0.00972	0.99993	-0.00630	0.00718	0.00637	0.99995	
3	0.01500	110.15042	-104.78832	-0.29705	0.56085	-0.05007	-0.19050	1.03110	0.99999	0.00332	0.00087	-0.00333	0.99995	0.00979	-0.00084	-0.00979	0.99995		-113.37589	-174.19787	-0.50587	-0.35364	0.41787	-0.55733	0.23832	0.99993	0.00973	-0.00729	-0.00977	0.99993	-0.00617	0.00723	0.00624	0.99995	
4	0.02000	110.11246	-104.80233	-0.27786	0.55892	-0.04395	-0.18927	1.03243	0.99999	0.00330	0.00077	-0.00331	0.99995	0.00975	-0.00073	-0.00976	0.99995		-113.38758	-174.21477	-0.50152	-0.35136	0.41928	-0.55595	0.23559	0.99993	0.00970	-0.00732	-0.00975	0.99993	-0.00613	0.00726	0.00620	0.99995	
5	0.02500	110.12209	-104.79577	-0.25052	0.55898	-0.04679	-0.19162	1.03524	0.99999	0.00334	0.00082	-0.00335	0.99995	0.00976	-0.00078	-0.00976	0.99995		-113.36622	-174.14767	-0.49060	-0.34188	0.42043	-0.55917	0.23952	0.99993	0.00976	-0.00734	-0.00980	0.99993	-0.00597	0.00728	0.00604	0.99996	
6	0.03000	110.10287	-104.80781	-0.23817	0.55636	-0.04345	-0.18814	1.03396	0.99999	0.00328	0.00076	-0.00329	0.99995	0.00971	-0.00073	-0.00971	0.99995		-113.37357	-174.15084	-0.48693	-0.33601	0.42551	-0.55859	0.24643	0.99992	0.00975	-0.00743	-0.00979	0.99993	-0.00586	0.00737	0.00594	0.99996	
7	0.03500	110.11929	-104.82901	-0.21306	0.55435	-0.04213	-0.19363	1.02183	0.99999	0.00338	0.00074	-0.00339	0.99995	0.00968	-0.00070	-0.00968	0.99995		-113.39699	-174.12323	-0.47510	-0.32970	0.43082	-0.55995	0.23924	0.99992	0.00977	-0.00752	-0.00982	0.99994	-0.00575	0.00746	0.00583	0.99996	
8	0.04000	110.12270	-104.82494	-0.18923	0.55431	-0.04293	-0.18920	1.03641	0.99999	0.00330	0.00075	-0.00331	0.99995	0.00967	-0.00072	-0.00968	0.99995		-113.36144	-174.12455	-0.45451	-0.32893	0.42481	-0.55599	0.22629	0.99993	0.00970	-0.00741	-0.00975	0.99994	-0.00574	0.00736	0.00581	0.99996	
9	0.04500	110.10434	-104.84875	-0.18458	0.55195	-0.04262	-0.18997	1.03301	0.99999	0.00332	0.00074	-0.00332	0.99995	0.00963	-0.00071	-0.00964	0.99995		-113.39966	-174.07863	-0.43450	-0.31838	0.43355	-0.55735	0.23489	0.99992	0.00973	-0.00757	-0.00977	0.99994	-0.00556	0.00751	0.00563	0.99996	
10	0.05000	110.13612	-104.86426	-0.16368	0.54979	-0.04430	-0.18888	1.02743	0.99999	0.00330	0.00077	-0.00330	0.99995	0.00960	-0.00074	-0.00960	0.99995		-113.39077	-174.05738	-0.43097	-0.31226	0.43379	-0.56302	0.24448	0.99992	0.00983	-0.00757	-0.00987	0.99994	-0.00545	0.00752	0.00552	0.99996	
11	0.05500	109.89916	-105.01578	-0.08645	0.54728	-0.04226	-0.17046	1.12334	1.00000	0.00298	0.00074	-0.00298	0.99995	0.00955	-0.00071	-0.00955	0.99995		-113.39157	-174.04820	-0.42709	-0.30815	0.43357	-0.56076	0.23859	0.99992	0.00979	-0.00757	-0.00983	0.99994	-0.00538	0.00751	0.00545	0.99996	
12	0.06000	109.87316	-105.03029	-0.04392	0.54453	-0.04551	-0.17685	1.11660	0.99999	0.00309	0.00079	-0.00309	0.99995	0.00950	-0.00076	-0.00951	0.99995		-113.39710	-174.01816	-0.41144	-0.29892	0.43913	-0.55978	0.23718	0.99992	0.00977	-0.00766	-0.00981	0.99994	-0.00522	0.00761	0.00529	0.99996	
13	0.06500	109.86366	-105.07019	-0.03405	0.53970	-0.04227	-0.17493	1.13146	1.00000	0.00305	0.00074	-0.00306	0.99995	0.00942	-0.00071	-0.00942	0.99996		-113.40034	-174.01003	-0.40320	-0.29505	0.43934	-0.55771	0.23745	0.99992	0.00973	-0.00767	-0.00977	0.99994	-0.00515	0.00762	0.00522	0.99996	
14	0.07000	109.82932	-105.08387	0.00213	0.53717	-0.04157	-0.17788	1.11319	0.99999	0.00310	0.00073	-0.00311	0.99995	0.00938	-0.00070	-0.00938	0.99996		-113.39932	-173.99282	-0.39984	-0.28989	0.44118	-0.55699	0.21952	0.99992	0.00972	-0.00770	-0.00976	0.99994	-0.00506	0.00765	0.00513	0.99996	
15	0.07500	109.83402	-105.09505	0.01141	0.53194	-0.04327	-0.17101	1.13479	1.00000	0.00298	0.00076	-0.00299	0.99995	0.00928	-0.00073	-0.00929	0.99996		-113.37866	-173.97052	-0.39263	-0.28120	0.44296	-0.56004	0.22971	0.99992	0.00977	-0.00773	-0.00981	0.99994	-0.00491	0.00768	0.00498	0.99996	
16	0.08000	109.80872	-105.11799	0.03662	0.53043	-0.03870	-0.17374	1.12845	1.00000	0.00303	0.00068	-0.00304	0.99995	0.00926	-0.00065	-0.00926	0.99996		-113.38489	-173.94844	-0.38868	-0.27534	0.44173	-0.55806	0.22338	0.99992	0.00974	-0.00771	-0.00978	0.99994	-0.00481	0.00766	0.00488	0.99996	
17	0.08500	109.82304	-105.15495	0.04265	0.52454	-0.04494	-0.17067	1.15278	1.00000	0.00298	0.00078	-0.00299	0.99995	0.00915	-0.00076	-0.00916	0.99996		-113.40640	-173.92865	-0.36799	-0.27080	0.44670	-0.55820	0.23891	0.99992	0.00974	-0.00780	-0.00978	0.99994	-0.00473	0.00775	0.00480	0.99996	
18	0.09000	109.81952	-105.15389	0.06218	0.52255	-0.04594	-0.17646	1.14580	0.99999	0.00308	0.00080	-0.00309	0.99995	0.00912	-0.00077	-0.00912	0.99996		-113.41498	-173.91411	-0.36864	-0.26327	0.44790	-0.56307	0.24211	0.99992	0.00983	-0.00782	-0.00986	0.99994	-0.00459	0.00777	0.00467	0.99996	
19	0.09500	109.78155	-105.18740	0.09200	0.51440	-0.04425	-0.17164	1.14673	1.00000	0.00300	0.00077	-0.00300	0.99996	0.00898	-0.00075	-0.00898	0.99996		-113.40516	-173.89594	-0.36517	-0.25678	0.44991	-0.55846	0.23895	0.99992	0.00975	-0.00785	-0.00978	0.99994	-0.00448	0.00781	0.00456	0.99996	
20	0.10000	109.79646	-105.21200	0.10214	0.51026	-0.04798	-0.17396	1.15030	1.00000	0.00304	0.00084	-0.00304	0.99996	0.00891	-0.00081	-0.00891	0.99996		-113.39939	-173.87111	-0.36199	-0.24856	0.45297	-0.56637	0.25175	0.99992	0.00988	-0.00791	-0.00992	0.99994	-0.00434	0.00786	0.00442	0.99996	
21	0.10500	109.80467	-105.21590	0.12795	0.50692	-0.04772	-0.16741	1.16068	1.00000	0.00292	0.00083	-0.00293	0.99996	0.00885	-0.00081	-0.00885	0.99996		-113.37303	-173.85551	-0.36261	-0.24483	0.45133	-0.55852	0.23600	0.99992	0.00975	-0.00788	-0.00978	0.99994	-0.00427	0.00783	0.00435	0.99996	
22	0.11000	109.81586	-105.22017	0.14028	0.50348	-0.05359	-0.16498	1.16508	1.00000	0.00288	0.00094	-0.00289	0.99996	0.00879	-0.00091	-0.00879	0.99996		-113.39230	-173.84651	-0.34625	-0.23865	0.45501	-0.55731	0.23025	0.99992	0.00973	-0.00794	-0.00976	0.99994	-0.00417	0.00790	0.00424	0.99996	
23	0.11500	109.79268	-105.24127	0.16269	0.49648	-0.05049	-0.16831	1.15760	1.00000	0.00294	0.00088	-0.00295	0.99996	0.00867	-0.00086	-0.00867	0.99996		-113.38038	-173.82102	-0.33855	-0.23166	0.45436	-0.55995	0.23532	0.99992	0.00977	-0.00793	-0.00980	0.99994	-0.00404	0.00789	0.00412	0.99996	
24	0.12000	109.78897	-105.23657	0.18340	0.49473	-0.04972	-0.16639	1.16162	1.00000	0.00290	0.00087	-0.00291	0.99996	0.00863	-0.00084	-0.00864	0.99996		-113.40051	-173.81606	-0.33035	-0.22551	0.45562	-0.55738	0.22616	0.99992	0.00973	-0.00795	-0.00976	0.99994	-0.00394	0.00791	0.00401	0.99996	
25	0.12500	109.81125	-105.27099	0.18019	0.48627	-0.05322	-0.16297	1.16554	1.00000	0.00284	0.00093	-0.00285	0.99996	0.00849	-0.00090	-0.00849	0.99996		-113.37025	-173.78853	-0.32310	-0.21978	0.45584	-0.56038	0.22407	0.99992	0.00978	-0.00796	-0.00981	0.99994	-0.00384	0.00792	0.00391	0.99996	
26	0.13000	109.79883	-105.28725	0.19936	0.48249	-0.05587	-0.16590	1.15848	1.00000	0.00290	0.00098	-0.00290	0.99996	0.00842	-0.00095	-0.00842	0.99996		-113.37656	-173.78393	-0.32758	-0.21336	0.45872	-0.56115	0.24160	0.99992	0.00979	-0.00801	-0.00982	0.99994	-0.00372	0.00797	0.00380	0.99996	
27	0.13500	109.75468	-105.30929	0.22075	0.47418	-0.05160	-0.16349	1.16388	1.00000	0.00285	0.00090	-0.00286	0.99996	0.00828	-0.00088	-0.00828	0.99997		-113.37313	-173.75187	-0.32440	-0.20481	0.45992	-0.56381	0.22953	0.99992	0.00984	-0.00803	-0.00987	0.99994	-0.00357	0.00799	0.00365	0.99996	
28	0.14000	109.80423	-105.32746	0.22385	0.46856	-0.05965	-0.16187	1.17056	1.00000	0.00283	0.00104	-0.00283	0.99996	0.00818	-0.00102	-0.00818	0.99997		-113.38342	-173.74010	-0.32045	-0.20011	0.46177	-0.55906	0.22155	0.99992	0.00976	-0.00806	-0.00979	0.99995	-0.00349	0.00802	0.00357	0.99996	
29	0.14500	109.77657	-105.34206	0.24526	0.46434	-0.05835	-0.16313	1.16738	1.00000	0.00285	0.00102	-0.00286	0.99996	0.00810	-0.00100	-0.00811	0.99997		-113.36899	-173.72249	-0.32062	-0.19398	0.45822	-0.55936	0.24451	0.99992	0.00976	-0.00800	-0.00979	0.99995	-0.00339	0.00796	0.00346	0.99996	
30	0.15000	109.76834	-105.36372	0.26178	0.45578	-0.05690	-0.16433	1.16685	1.00000	0.00287	0.00099	-0.00288	0.99996	0.00795	-0.00097	-0.00796	0.99997		-113.36585	-173.71226	-0.31310	-0.18721	0.46128	-0.56181	0.23300	0.99992	0.00980	-0.00805	-0.00983	0.99995	-0.00327	0.00802	0.00335	0.99996	
31	0.15500	109.80674	-105.35932	0.26029	0.45147	-0.06534	-0.15864	1.18281	1.00000	0.00277	0.00114	-0.00278	0.99997	0.00788	-0.00112	-0.00788	0.99997		-113.40182	-173.70098	-0.31291	-0.18193	0.46190	-0.56246	0.23757	0.99992	0.00982	-0.00806	-0.00984	0.99995	-0.00318	0.00803	0.00325	0.99996	
32	0.16000	109.76911	-105.37979	0.27951	0.44560	-0.06245	-0.15569	1.17511	1.00000	0.00272	0.00109	-0.00273	0.99997	0.00778	-0.00107	-0.00778	0.99997		-113.35392	-173.69998	-0.30951	-0.17822	0.45715	-0.56016	0.21527	0.99992	0.00978	-0.00798	-0.00980	0.99995	-0.00311	0.00795	0.00319	0.99996	
33	0.16500	109.76140	-105.38721	0.29037	0.44129	-0.06535	-0.16124	1.17843	1.00000	0.00281	0.00114	-0.00282	0.99997	0.00770	-0.00112	-0.00771	0.99997		-113.39303	-173.66099	-0.32677	-0.16631	0.46320	-0.56221	0.21689	0.99992	0.00981	-0.00808	-0.00984	0.99995	-0.00290	0.00806	0.00298	0.99996	
34	0.17000	109.73520	-105.40591	0.29302	0.43496	-0.06294	-0.16040	1.17414	1.00000	0.00280	0.00110	-0.00281	0.99997	0.00759	-0.00108	-0.00759	0.99997		-113.36999	-173.62664	-0.31918	-0.16028	0.46288	-0.55950	0.22653	0.99992	0.00976	-0.00808	-0.00979	0.99995	-0.00280	0.00805	0.00288	0.99996	
35	0.17500	109.73457	-105.42777	0.30534	0.42763	-0.06475	-0.16274	1.16985	1.00000	0.00284	0.00113	-0.00285	0.99997	0.00746	-0.00111	-0.00747	0.99997		-113.38272	-173.62707	-0.32372	-0.15616	0.46502	-0.56099	0.22212	0.99992	0.00979	-0.00812	-0.00981	0.99995	-0.00273	0.00809	0.00280	0.99996	
36	0.18000	109.74086	-105.41247	0.31503	0.42353	-0.06646	-0.15832	1.18088	1.00000	0.00276	0.00116	-0.00277	0.99997	0.00739	-0.00114	-0.00740	0.99997		-113.39423	-173.63783	-0.30645	-0.15363	0.46443	-0.55847	0.23671	0.99992	0.00975	-0.00811	-0.00977	0.99995	-0.00268	0.00808	0.00276	0.99996	
37	0.18500	109.76593	-105.41499	0.31445	0.41810	-0.07186	-0.15573	1.18459	1.00000	0.00272	0.00125	-0.00273	0.99997	0.00730	-0.00123	-0.00730	0.99997		-113.38268	-173.63349	-0.30643	-0.15269	0.46178	-0.55837	0.23960	0.99992	0.00974	-0.00806	-0.00977	0.99995	-0.00266	0.00803	0.00274	0.99996	
38	0.19000	109.77729	-105.43737	0.33112	0.41190	-0.07534	-0.15517	1.17884	1.00000	0.00271	0.00131	-0.00272	0.99997	0.00719	-0.00130	-0.00719	0.99997		-113.39796	-173.60278	-0.31970	-0.14148	0.46446	-0.55940	0.23290	0.99992	0.00976	-0.00811	-0.00978	0.99995	-0.00247	0.00808	0.00255	0.99996	
39	0.19500	109.75000	-105.43449	0.33310	0.40791	-0.07139	-0.16041	1.19057	1.00000	0.00280	0.00125	-0.00281	0.99997	0.00712	-0.00123	-0.00712	0.99997		-113.37414	-173.57714	-0.32058	-0.13534	0.46353	-0.55962	0.22668	0.99992	0.00977	-0.00809	-0.00979	0.99995	-0.00236	0.00807	0.00244	0.99996	
40	0.20000	109.76729	-105.44753	0.33013	0.40138	-0.07998	-0.15796	1.18129	1.00000	0.00276	0.00140	-0.00277	0.99997	0.00701	-0.00138	-0.00701	0.99997		-113.41845	-173.56890	-0.32007	-0.12993	0.46354	-0.56034	0.22435	0.99992	0.00978	-0.00809	-0.00980	0.99995	-0.00227	0.00807	0.00235	0.99996	
41	0.20500	109.78681	-105.46164	0.34052	0.39525	-0.08368	-0.15396	1.17984	1.00000	0.00269	0.00146	-0.00270	0.99997	0.00690	-0.00144	-0.00690	0.99998		-113.38476	-173.55924	-0.30834	-0.12621	0.46254	-0.56182	0.22594	0.99992	0.00981	-0.00807	-0.00982	0.99995	-0.00220	0.00805	0.00228	0.99996	
42	0.21000	109.73123	-105.45990	0.33744	0.39200	-0.07958	-0.15565	1.18171	1.00000	0.00272	0.00139	-0.00273	0.99997	0.00684	-0.00137	-0.00685	0.99998		-113.38230	-173.53733	-0.31703	-0.11912	0.46158	-0.56187	0.22411	0.99992	0.00981	-0.00806	-0.00982	0.99995	-0.00208	0.00804	0.00216	0.99997	
43	0.21500	109.73051	-105.48022	0.35666	0.38489	-0.07848	-0.15518	1.18992	1.00000	0.00271	0.00137	-0.00272	0.99997	0.00672	-0.00135	-0.00672	0.99998		-113.35344	-173.57106	-0.30849	-0.12360	0.45676	-0.56193	0.21758	0.99992	0.00981	-0.00797	-0.00982	0.99995	-0.00216	0.00795	0.00224	0.99997	
44	0.22000	109.73419	-105.48484	0.34212	0.38084	-0.08275	-0.16208	1.17534	0.99999	0.00283	0.00144	-0.00284	0.99997	0.00665	-0.00143	-0.00665	0.99998		-113.39039	-173.53260	-0.32955	-0.11515	0.46034	-0.55970	0.22053	0.99992	0.00977	-0.00803	-0.00978	0.99995	-0.00201	0.00801	0.00209	0.99997	
45	0.22500	109.77754	-105.48703	0.35891	0.37809	-0.08922	-0.15862	1.20238	0.99999	0.00277	0.00156	-0.00278	0.99997	0.00660	-0.00154	-0.00660	0.99998		-113.39618	-173.51589	-0.32132	-0.10834	0.45886	-0.56027	0.23197	0.99992	0.00978	-0.00801	-0.00979	0.99995	-0.00189	0.00799	0.00197	0.99997	
46	0.23000	109.74779	-105.48852	0.35768	0.37234	-0.08779	-0.16036	1.19196	0.99999	0.00280	0.00153	-0.00281	0.99997	0.00650	-0.00151	-0.00650	0.99998		-113.40640	-173.50990	-0.32937	-0.10733	0.45656	-0.55860	0.22005	0.99992	0.00975	-0.00797	-0.00976	0.99995	-0.00187	0.00795	0.00195	0.99997	
47	0.23500	109.74530	-105.49718	0.35378	0.36750	-0.09011	-0.15771	1.19239	1.00000	0.00275	0.00157	-0.00276	0.99998	0.00641	-0.00155	-0.00642	0.99998		-113.37152	-173.50922	-0.33429	-0.10356	0.45492	-0.56076	0.22056	0.99992	0.00979	-0.00794	-0.00980	0.99995	-0.00181	0.00792	0.00189	0.99997	
48	0.24000	109.75234	-105.50603	0.35997	0.36359	-0.09083	-0.16118	1.18939	0.99999	0.00281	0.00159	-0.00282	0.99998	0.00635	-0.00157	-0.00635	0.99998		-113.36987	-173.50927	-0.34266	-0.10150	0.45412	-0.56108	0.22075	0.99992	0.00979	-0.00793	-0.00981	0.99995	-0.00177	0.00791	0.00185	0.99997	
49	0.24500	109.76838	-105.50312	0.33627	0.36009	-0.09811	-0.16086	1.19121	0.99999	0.00281	0.00171	-0.00282	0.99998	0.00628	-0.00169	-0.00629	0.99998		-113.37139	-173.49448	-0.34678	-0.09938	0.45229	-0.55961	0.21596	0.99992	0.00977	-0.00789	-0.00978	0.99995	-0.00173	0.00788	0.00181	0.99997	
50	0.25000	109.75185	-105.50493	0.33464	0.35500	-0.09259	-0.15522	1.19824	1.00000	0.00271	0.00162	-0.00272	0.99998	0.00620	-0.00160	-0.00620	0.99998		-113.36932	-173.48391	-0.35129	-0.09371	0.45339	-0.55952	0.22405	0.99992	0.00977	-0.00791	-0.00978	0.99995	-0.00164	0.00790	0.00171	0.99997	
51	0.25500	109.78085	-105.50799	0.33492	0.35248	-0.09934	-0.15507	1.19979	0.99999	0.00271	0.00173	-0.00272	0.99998	0.00615	-0.00172	-0.00616	0.99998		-113.38620	-173.48622	-0.35090	-0.09239	0.45243	-0.56502	0.23224	0.99992	0.00986	-0.00790	-0.00987	0.99995	-0.00161	0.00788	0.00169	0.99997	
52	0.26000	109.76147	-105.50216	0.34139	0.34802	-0.10032	-0.15456	1.19481	0.99999	0.00270	0.00175	-0.00271	0.99998	0.00607	-0.00173	-0.00608	0.99998		-113.36288	-173.49001	-0.35907	-0.09454	0.44480	-0.56053	0.21452	0.99992	0.00978	-0.00776	-0.00980	0.99995	-0.00165	0.00775	0.00173	0.99997	
53	0.26500	109.76669	-105.51279	0.32345	0.34643	-0.10244	-0.15406	1.19905	0.99999	0.00269	0.00179	-0.00270	0.99998	0.00605	-0.00177	-0.00605	0.99998		-113.37144	-173.47244	-0.36376	-0.08929	0.44884	-0.56176	0.21757	0.99992	0.00980	-0.00783	-0.00982	0.99995	-0.00156	0.00782	0.00164	0.99997	
54	0.27000	109.78867	-105.51675	0.31267	0.34457	-0.10788	-0.15692	1.20186	0.99999	0.00274	0.00188	-0.00275	0.99998	0.00601	-0.00187	-0.00602	0.99998		-113.37711	-173.45953	-0.36357	-0.08754	0.44803	-0.56090	0.23249	0.99992	0.00979	-0.00782	-0.00980	0.99995	-0.00153	0.00780	0.00160	0.99997	
55	0.27500	109.75426	-105.51312	0.31482	0.34112	-0.10455	-0.15693	1.19286	0.99999	0.00274	0.00182	-0.00275	0.99998	0.00595	-0.00181	-0.00596	0.99998		-113.37221	-173.47062	-0.37157	-0.09128	0.44478	-0.56001	0.22891	0.99992	0.00977	-0.00776	-0.00979	0.99995	-0.00159	0.00775	0.00167	0.99997	
56	0.28000	109.76303	-105.52712	0.31817	0.33837	-0.10020	-0.15662	1.18482	0.99999	0.00273	0.00175	-0.00274	0.99998	0.00591	-0.00173	-0.00591	0.99998		-113.36531	-173.46220	-0.37983	-0.08847	0.44068	-0.56199	0.23152	0.99992	0.00981	-0.00769	-0.00982	0.99995	-0.00154	0.00768	0.00162	0.99997	
57	0.28500	109.75960	-105.53123	0.30148	0.33606	-0.10714	-0.15651	1.19278	0.99999	0.00273	0.00187	-0.00274	0.99998	0.00587	-0.00185	-0.00587	0.99998		-113.35838	-173.46346	-0.39648	-0.08875	0.43907	-0.56183	0.23316	0.99992	0.00981	-0.00766	-0.00982	0.99995	-0.00155	0.00765	0.00162	0.99997	
58	0.29000	109.74323	-105.53075	0.28729	0.33418	-0.10516	-0.15322	1.20231	0.99999	0.00267	0.00184	-0.00268	0.99998	0.00583	-0.00182	-0.00584	0.99998		-113.33534	-173.46243	-0.38800	-0.08864	0.43378	-0.55948	0.23267	0.99992	0.00976	-0.00757	-0.00978	0.99995	-0.00155	0.00756	0.00162	0.99997	
59	0.29500	109.78893	-105.53068	0.29342	0.33364	-0.10636	-0.15552	1.20891	0.99999	0.00271	0.00186	-0.00273	0.99998	0.00582	-0.00184	-0.00583	0.99998		-113.35329	-173.47083	-0.38759	-0.08881	0.43275	-0.55855	0.22735	0.99992	0.00975	-0.00755	-0.00976	0.99995	-0.00155	0.00754	0.00162	0.99997	
60	0.30000	109.79470	-105.51856	0.27684	0.33327	-0.10965	-0.15679	1.21594	0.99999	0.00274	0.00191	-0.00275	0.99998	0.00582	-0.00190	-0.00582	0.99998		-113.34170	-173.47287	-0.39964	-0.09256	0.42836	-0.55882	0.23679	0.99992	0.00975	-0.00748	-0.00977	0.99995	-0.00162	0.00746	0.00169	0.99997	
61	0.30500	109.77352	-105.51969	0.26550	0.33212	-0.10743	-0.15590	1.21530	0.99999	0.00272	0.00187	-0.00273	0.99998	0.00580	-0.00186	-0.00580	0.99998		-113.35177	-173.44947	-0.42105	-0.08919	0.43105	-0.56218	0.22730	0.99992	0.00981	-0.00752	-0.00982	0.99995	-0.00156	0.00751	0.00163	0.99997	
62	0.31000	109.77400	-105.52457	0.26889	0.33079	-0.11068	-0.15495	1.21210	0.99999	0.00270	0.00193	-0.00272	0.99998	0.00577	-0.00192	-0.00578	0.99998		-113.33967	-173.45224	-0.42901	-0.09103	0.42611	-0.56439	0.23331	0.99992	0.00985	-0.00744	-0.00986	0.99995	-0.00159	0.00742	0.00166	0.99997	
63	0.31500	109.79889	-105.52241	0.23917	0.33094	-0.11017	-0.16151	1.20714	0.99999	0.00282	0.00192	-0.00283	0.99998	0.00578	-0.00191	-0.00578	0.99998		-113.35481	-173.45711	-0.41984	-0.09372	0.42289	-0.56105	0.23761	0.99992	0.00979	-0.00738	-0.00980	0.99995	-0.00164	0.00736	0.00171	0.99997	
64	0.32000	109.77473	-105.51332	0.23313	0.33267	-0.11212	-0.16001	1.20722	0.99999	0.00279	0.00196	-0.00280	0.99998	0.00581	-0.00194	-0.00581	0.99998		-113.34832	-173.47616	-0.42777	-0.09817	0.42131	-0.55556	0.23798	0.99993	0.00970	-0.00735	-0.00971	0.99995	-0.00171	0.00734	0.00178	0.99997	
65	0.32500	109.77156	-105.53252	0.22782	0.33119	-0.10923	-0.15788	1.18923	0.99999	0.00276	0.00191	-0.00277	0.99998	0.00578	-0.00189	-0.00579	0.99998		-113.34122	-173.46655	-0.44440	-0.09912	0.41798	-0.56260	0.24436	0.99993	0.00982	-0.00730	-0.00983	0.99995	-0.00173	0.00728	0.00180	0.99997	
66	0.33000	109.78613	-105.52089	0.22420	0.33316	-0.10941	-0.15349	1.21436	0.99999	0.00268	0.00191	-0.00269	0.99998	0.00581	-0.00189	-0.00582	0.99998		-113.33698	-173.47249	-0.45235	-0.10380	0.41529	-0.55802	0.23522	0.99993	0.00974	-0.00725	-0.00975	0.99995	-0.00181	0.00723	0.00188	0.99997	
67	0.33500	109.78290	-105.51956	0.22054	0.33362	-0.11150	-0.15663	1.21696	0.99999	0.00273	0.00195	-0.00274	0.99998	0.00582	-0.00193	-0.00583	0.99998		-113.32811	-173.48094	-0.45643	-0.10572	0.41327	-0.55912	0.23549	0.99993	0.00976	-0.00721	-0.00977	0.99995	-0.00185	0.00719	0.00192	0.99997	
68	0.34000	109.77801	-105.49983	0.21088	0.33624	-0.10554	-0.15442	1.20788	0.99999	0.00270	0.00184	-0.00271	0.99998	0.00587	-0.00183	-0.00587	0.99998		-113.32249	-173.47690	-0.46442	-0.11224	0.41098	-0.55543	0.23495	0.99993	0.00969	-0.00717	-0.00971	0.99995	-0.00196	0.00715	0.00203	0.99997	
69	0.34500	109.77366	-105.52355	0.17490	0.33759	-0.10936	-0.15850	1.21858	0.99999	0.00277	0.00191	-0.00278	0.99998	0.00589	-0.00189	-0.00590	0.99998		-113.32652	-173.49252	-0.48070	-0.11488	0.40949	-0.55968	0.23426	0.99993	0.00977	-0.00715	-0.00978	0.99995	-0.00200	0.00713	0.00207	0.99997	
70	0.35000	109.76552	-105.52201	0.17508	0.33792	-0.10844	-0.15620	1.22263	0.99999	0.00273	0.00189	-0.00274	0.99998	0.00590	-0.00188	-0.00590	0.99998		-113.33904	-173.48316	-0.47629	-0.11599	0.41063	-0.55952	0.24814	0.99993	0.00977	-0.00717	-0.00978	0.99995	-0.00202	0.00715	0.00209	0.99997	
71	0.35500	109.75900	-105.50369	0.16260	0.34232	-0.10747	-0.15798	1.20352	0.99999	0.00276	0.00188	-0.00277	0.99998	0.00597	-0.00186	-0.00598	0.99998		-113.32413	-173.49184	-0.48871	-0.12208	0.40792	-0.56045	0.23912	0.99993	0.00978	-0.00712	-0.00980	0.99995	-0.00213	0.00710	0.00220	0.99997	
72	0.36000	109.79517	-105.49419	0.16736	0.34545	-0.11107	-0.15418	1.21391	0.99999	0.00269	0.00194	-0.00270	0.99998	0.00603	-0.00192	-0.00603	0.99998		-113.30295	-173.53376	-0.47911	-0.13418	0.39894	-0.55428	0.23116	0.99993	0.00967	-0.00696	-0.00969	0.99995	-0.00234	0.00694	0.00241	0.99997	
73	0.36500	109.80092	-105.50508	0.13557	0.34613	-0.10912	-0.15773	1.20989	0.99999	0.00275	0.00190	-0.00276	0.99998	0.00604	-0.00189	-0.00605	0.99998		-113.31926	-173.51675	-0.50443	-0.13227	0.40290	-0.55775	0.23322	0.99993	0.00973	-0.00703	-0.00975	0.99995	-0.00231	0.00701	0.00238	0.99997	
74	0.37000	109.79327	-105.48854	0.12571	0.35032	-0.10874	-0.15775	1.20717	0.99999	0.00275	0.00190	-0.00276	0.99998	0.00611	-0.00188	-0.00612	0.99998		-113.33564	-173.54268	-0.52009	-0.14061	0.40247	-0.55544	0.24379	0.99993	0.00969	-0.00702	-0.00971	0.99995	-0.00245	0.00700	0.00252	0.99997	
75	0.37500	109.76001	-105.49288	0.12098	0.35286	-0.10690	-0.15772	1.20357	0.99999	0.00275	0.00187	-0.00276	0.99998	0.00616	-0.00185	-0.00616	0.99998		-113.30258	-173.52884	-0.50379	-0.14248	0.39823	-0.55771	0.23178	0.99993	0.00973	-0.00695	-0.00975	0.99995	-0.00249	0.00693	0.00255	0.99997	
76	0.38000	109.77694	-105.48820	0.09449	0.35726	-0.10636	-0.15455	1.21450	0.99999	0.00270	0.00186	-0.00271	0.99998	0.00624	-0.00184	-0.00624	0.99998		-113.28316	-173.57123	-0.49888	-0.15514	0.39681	-0.55369	0.23862	0.99993	0.00966	-0.00693	-0.00968	0.99995	-0.00271	0.00690	0.00277	0.99997	
77	0.38500	109.81414	-105.45934	0.07813	0.36482	-0.11138	-0.16037	1.21314	0.99999	0.00280	0.00194	-0.00281	0.99998	0.00637	-0.00193	-0.00637	0.99998		-113.32044	-173.55742	-0.51467	-0.15792	0.39470	-0.55608	0.24006	0.99993	0.00971	-0.00689	-0.00972	0.99995	-0.00276	0.00686	0.00282	0.99997	
78	0.39000	109.81682	-105.46366	0.06742	0.36702	-0.11045	-0.15854	1.21769	0.99999	0.00277	0.00193	-0.00278	0.99998	0.00641	-0.00191	-0.00641	0.99998		-113.30319	-173.57989	-0.51438	-0.16803	0.39419	-0.55812	0.24920	0.99993	0.00974	-0.00688	-0.00976	0.99995	-0.00293	0.00685	0.00300	0.99997	
79	0.39500	109.78311	-105.45365	0.04966	0.37197	-0.10073	-0.15995	1.21610	0.99999	0.00279	0.00176	-0.00280	0.99997	0.00649	-0.00174	-0.00650	0.99998		-113.29065	-173.57723	-0.53976	-0.17037	0.39400	-0.55504	0.22997	0.99993	0.00969	-0.00688	-0.00971	0.99995	-0.00297	0.00685	0.00304	0.99997	
80	0.40000	109.78109	-105.43297	0.04959	0.37911	-0.10155	-0.15863	1.20731	0.99999	0.00277	0.00177	-0.00278	0.99997	0.00662	-0.00175	-0.00662	0.99998		-113.30025	-173.60549	-0.52574	-0.18250	0.39050	-0.55592	0.24208	0.99993	0.00970	-0.00682	-0.00972	0.99995	-0.00319	0.00678	0.00325	0.99997	
81	0.40500	109.81134	-105.41656	0.03223	0.38417	-0.10751	-0.15730	1.21125	0.99999	0.00275	0.00188	-0.00276	0.99997	0.00670	-0.00186	-0.00671	0.99998		-113.31376	-173.61139	-0.52531	-0.18923	0.39224	-0.55426	0.23646	0.99993	0.00967	-0.00685	-0.00970	0.99995	-0.00330	0.00681	0.00337	0.99997	
82	0.41000	109.80047	-105.41416	0.03033	0.38927	-0.10351	-0.15269	1.21791	0.99999	0.00267	0.00181	-0.00268	0.99997	0.00679	-0.00179	-0.00680	0.99998		-113.28739	-173.61855	-0.54222	-0.19468	0.39152	-0.55067	0.22546	0.99993	0.00961	-0.00683	-0.00963	0.99995	-0.00340	0.00680	0.00346	0.99997	
83	0.41500	109.80249	-105.42435	0.01392	0.39211	-0.10281	-0.15861	1.21030	0.99999	0.00277	0.00179	-0.00278	0.99997	0.00684	-0.00178	-0.00685	0.99997		-113.31684	-173.63684	-0.55805	-0.20229	0.39203	-0.55867	0.23612	0.99993	0.00975	-0.00684	-0.00977	0.99995	-0.00353	0.00681	0.00360	0.99997	
84	0.42000	109.78952	-105.41811	-0.01610	0.39710	-0.09956	-0.15722	1.21539	0.99999	0.00274	0.00174	-0.00276	0.99997	0.00693	-0.00172	-0.00694	0.99997		-113.31130	-173.63974	-0.56169	-0.20836	0.38936	-0.55677	0.23498	0.99993	0.00972	-0.00680	-0.00974	0.99995	-0.00364	0.00676	0.00370	0.99997	
85	0.42500	109.78300	-105.40498	-0.01780	0.40341	-0.09528	-0.16215	1.21546	0.99999	0.00283	0.00166	-0.00284	0.99997	0.00704	-0.00164	-0.00705	0.99997		-113.29157	-173.64272	-0.56177	-0.21492	0.39081	-0.55488	0.24239	0.99993	0.00968	-0.00682	-0.00971	0.99995	-0.00375	0.00678	0.00382	0.99997	
86	0.43000	109.77823	-105.37876	-0.00826	0.41037	-0.09399	-0.16001	1.21547	0.99999	0.00279	0.00164	-0.00280	0.99997	0.00716	-0.00162	-0.00717	0.99997		-113.30243	-173.66515	-0.56510	-0.22453	0.38936	-0.55257	0.23376	0.99993	0.00964	-0.00680	-0.00967	0.99995	-0.00392	0.00676	0.00398	0.99997	
87	0.43500	109.77688	-105.37511	-0.03723	0.41479	-0.09299	-0.15847	1.21543	0.99999	0.00277	0.00162	-0.00278	0.99997	0.00724	-0.00160	-0.00724	0.99997		-113.30716	-173.66269	-0.58167	-0.23093	0.39426	-0.55458	0.25726	0.99993	0.00968	-0.00688	-0.00971	0.99994	-0.00403	0.00684	0.00410	0.99997	
88	0.44000	109.79386	-105.36206	-0.05275	0.42196	-0.09541	-0.16210	1.21581	0.99999	0.00283	0.00167	-0.00284	0.99997	0.00736	-0.00164	-0.00737	0.99997		-113.29722	-173.68614	-0.57692	-0.23755	0.38983	-0.55547	0.24244	0.99993	0.00969	-0.00680	-0.00972	0.99994	-0.00415	0.00676	0.00421	0.99997	
89	0.44500	109.77650	-105.34685	-0.06636	0.42897	-0.09197	-0.15844	1.21388	0.99999	0.00277	0.00161	-0.00278	0.99997	0.00749	-0.00158	-0.00749	0.99997		-113.29247	-173.67452	-0.58529	-0.24312	0.39037	-0.55645	0.24245	0.99993	0.00971	-0.00681	-0.00974	0.99994	-0.00424	0.00677	0.00431	0.99997	
90	0.45000	109.77322	-105.34969	-0.06937	0.43545	-0.09098	-0.16139	1.21178	0.99999	0.00282	0.00159	-0.00283	0.99997	0.00760	-0.00157	-0.00760	0.99997		-113.25739	-173.70791	-0.59335	-0.25253	0.38746	-0.55503	0.23495	0.99993	0.00969	-0.00676	-0.00972	0.99994	-0.00441	0.00672	0.00447	0.99997	
91	0.45500	109.80392	-105.34233	-0.07965	0.44062	-0.09287	-0.16091	1.20792	0.99999	0.00281	0.00162	-0.00282	0.99997	0.00769	-0.00160	-0.00769	0.99997		-113.27628	-173.73033	-0.59264	-0.26097	0.38993	-0.55206	0.22852	0.99993	0.00963	-0.00681	-0.00967	0.99994	-0.00455	0.00676	0.00462	0.99997	
92	0.46000	109.79292	-105.32631	-0.11345	0.44677	-0.09196	-0.15956	1.20308	0.99999	0.00278	0.00161	-0.00280	0.99997	0.00780	-0.00158	-0.00780	0.99997		-113.28446	-173.71985	-0.59670	-0.26677	0.39356	-0.55518	0.24611	0.99993	0.00969	-0.00687	-0.00972	0.99994	-0.00466	0.00682	0.00472	0.99997	
93	0.46500	109.80604	-105.31052	-0.10870	0.45318	-0.09024	-0.15649	1.22154	1.00000	0.00273	0.00157	-0.00274	0.99996	0.00791	-0.00155	-0.00791	0.99997		-113.28693	-173.74079	-0.59173	-0.27487	0.39243	-0.55214	0.24241	0.99993	0.00964	-0.00685	-0.00967	0.99994	-0.00480	0.00680	0.00486	0.99996	
94	0.47000	109.84819	-105.28230	-0.13836	0.46069	-0.09224	-0.15396	1.21697	1.00000	0.00269	0.00161	-0.00270	0.99996	0.00804	-0.00159	-0.00804	0.99997		-113.28603	-173.74412	-0.59570	-0.28175	0.39351	-0.55767	0.24756	0.99993	0.00973	-0.00687	-0.00977	0.99994	-0.00492	0.00682	0.00498	0.99996	
95	0.47500	109.82908	-105.27611	-0.15093	0.46907	-0.09331	-0.16164	1.21608	0.99999	0.00282	0.00163	-0.00283	0.99996	0.00819	-0.00161	-0.00819	0.99997		-113.27275	-173.76376	-0.60801	-0.28922	0.39311	-0.55106	0.23182	0.99993	0.00962	-0.00686	-0.00965	0.99994	-0.00505	0.00681	0.00511	0.99996	
96	0.48000	109.81363	-105.28472	-0.14875	0.47062	-0.08938	-0.15818	1.20896	0.99999	0.00276	0.00156	-0.00277	0.99996	0.00821	-0.00154	-0.00822	0.99997		-113.27529	-173.74935	-0.61640	-0.29412	0.39543	-0.55807	0.23421	0.99993	0.00974	-0.00690	-0.00978	0.99994	-0.00513	0.00685	0.00520	0.99996	
97	0.48500	109.80562	-105.26654	-0.15031	0.47704	-0.08493	-0.15878	1.20197	1.00000	0.00277	0.00148	-0.00278	0.99996	0.00833	-0.00146	-0.00833	0.99996		-113.30032	-173.77460	-0.61533	-0.30438	0.39733	-0.55202	0.23791	0.99993	0.00963	-0.00693	-0.00967	0.99994	-0.00531	0.00688	0.00538	0.99996	
98	0.49000	109.82668	-105.24241	-0.16551	0.48730	-0.08960	-0.16217	1.21032	0.99999	0.00283	0.00156	-0.00284	0.99996	0.00850	-0.00154	-0.00851	0.99996		-113.29274	-173.78816	-0.61956	-0.30920	0.40066	-0.55122	0.24453	0.99993	0.00962	-0.00699	-0.00966	0.99994	-0.00540	0.00694	0.00546	0.99996	
99	0.49500	109.80206	-105.23356	-0.17728	0.49110	-0.08399	-0.16239	1.21585	0.99999	0.00283	0.00147	-0.00285	0.99996	0.00857	-0.00144	-0.00858	0.99996		-113.28963	-173.79054	-0.62331	-0.31504	0.39872	-0.55407	0.24495	0.99993	0.00967	-0.00696	-0.00971	0.99994	-0.00550	0.00691	0.00557	0.99996	
100	0.50000	109.82538	-105.21138	-0.17411	0.49890	-0.08479	-0.15841	1.22115	1.00000	0.00276	0.00148	-0.00278	0.99996	0.00871	-0.00146	-0.00871	0.99996		-113.29739	-173.81268	-0.63520	-0.32429	0.40118	-0.55025	0.24147	0.99993	0.00960	-0.00700	-0.00964	0.99994	-0.00566	0.00695	0.00573	0.99996	
101	0.50500	109.82345	-105.20232	-0.17272	0.50288	-0.08627	-0.16257	1.21787	0.99999	0.00284	0.00151	-0.00285	0.99996	0.00878	-0.00148	-0.00878	0.99996		-113.26902	-173.84058	-0.63925	-0.33335	0.40220	-0.54802	0.23495	0.99993	0.00956	-0.00702	-0.00961	0.99994	-0.00582	0.00696	0.00588	0.99996	
102	0.51000	109.80720	-105.18930	-0.19800	0.50839	-0.08474	-0.15945	1.21838	1.00000	0.00278	0.00148	-0.00280	0.99996	0.00887	-0.00145	-0.00888	0.99996		-113.30063	-173.85060	-0.63445	-0.33880	0.40774	-0.54947	0.25005	0.99993	0.00959	-0.00712	-0.00963	0.99994	-0.00591	0.00706	0.00598	0.99996	
103	0.51500	109.81425	-105.17923	-0.18694	0.51806	-0.08590	-0.16521	1.20628	0.99999	0.00288	0.00150	-0.00290	0.99995	0.00904	-0.00147	-0.00905	0.99996		-113.30630	-173.83551	-0.63867	-0.34068	0.40777	-0.55116	0.24283	0.99993	0.00962	-0.00712	-0.00966	0.99994	-0.00595	0.00706	0.00601	0.99996	
104	0.52000	109.83045	-105.16535	-0.20600	0.52106	-0.08408	-0.16106	1.21368	0.99999	0.00281	0.00147	-0.00282	0.99995	0.00909	-0.00144	-0.00910	0.99996		-113.27475	-173.88297	-0.63402	-0.35125	0.40522	-0.55298	0.24273	0.99993	0.00965	-0.00707	-0.00969	0.99993	-0.00613	0.00701	0.00620	0.99996	
105	0.52500	109.79486	-105.13774	-0.21853	0.52809	-0.07861	-0.16110	1.21395	1.00000	0.00281	0.00137	-0.00282	0.99995	0.00922	-0.00135	-0.00922	0.99996		-113.28824	-173.87624	-0.65493	-0.35376	0.40911	-0.55395	0.23650	0.99993	0.00967	-0.00714	-0.00971	0.99993	-0.00617	0.00708	0.00624	0.99996	
106	0.53000	109.77709	-105.13001	-0.20839	0.53214	-0.07584	-0.15936	1.20874	1.00000	0.00278	0.00132	-0.00279	0.99995	0.00929	-0.00130	-0.00929	0.99996		-113.24781	-173.87809	-0.66391	-0.35767	0.40996	-0.55354	0.23784	0.99993	0.00966	-0.00716	-0.00971	0.99993	-0.00624	0.00709	0.00631	0.99995	
107	0.53500	109.77589	-105.11030	-0.22500	0.53940	-0.08012	-0.15978	1.20739	1.00000	0.00279	0.00140	-0.00280	0.99995	0.00941	-0.00137	-0.00942	0.99995		-113.27197	-173.90331	-0.64582	-0.36625	0.40650	-0.55036	0.22359	0.99993	0.00961	-0.00709	-0.00965	0.99993	-0.00639	0.00703	0.00646	0.99995	
108	0.54000	109.80225	-105.09461	-0.23456	0.54447	-0.08185	-0.15934	1.21999	1.00000	0.00278	0.00143	-0.00279	0.99995	0.00950	-0.00140	-0.00951	0.99995		-113.26958	-173.90240	-0.65420	-0.37190	0.41187	-0.54773	0.24410	0.99993	0.00956	-0.00719	-0.00961	0.99993	-0.00649	0.00713	0.00656	0.99995	
109	0.54500	109.80261	-105.09130	-0.25377	0.54909	-0.07903	-0.15457	1.22424	1.00000	0.00270	0.00138	-0.00271	0.99995	0.00958	-0.00135	-0.00959	0.99995		-113.29919	-173.92283	-0.65415	-0.37435	0.41846	-0.55429	0.23989	0.99993	0.00967	-0.00730	-0.00972	0.99993	-0.00653	0.00724	0.00660	0.99995	
110	0.55000	109.81000	-105.07844	-0.23653	0.55317	-0.08363	-0.16289	1.23393	0.99999	0.00284	0.00146	-0.00286	0.99995	0.00965	-0.00143	-0.00966	0.99995		-113.28822	-173.93863	-0.65792	-0.37890	0.41834	-0.54893	0.24261	0.99993	0.00958	-0.00730	-0.00963	0.99993	-0.00661	0.00724	0.00668	0.99995	
111	0.55500	109.78692	-105.06606	-0.25414	0.55742	-0.08189	-0.16188	1.21151	0.99999	0.00283	0.00143	-0.00284	0.99995	0.00973	-0.00140	-0.00973	0.99995		-113.29197	-173.94662	-0.65298	-0.38397	0.41751	-0.54994	0.26502	0.99993	0.00960	-0.00729	-0.00965	0.99993	-0.00670	0.00722	0.00677	0.99995	
112	0.56000	109.76250	-105.03802	-0.24370	0.56379	-0.08122	-0.16131	1.20303	1.00000	0.00282	0.00142	-0.00283	0.99995	0.00984	-0.00139	-0.00984	0.99995		-113.25898	-173.95897	-0.65790	-0.38738	0.41716	-0.54761	0.23686	0.99993	0.00956	-0.00728	-0.00961	0.99993	-0.00676	0.00722	0.00683	0.99995	
113	0.56500	109.77570	-105.03795	-0.24667	0.56583	-0.08176	-0.16785	1.21682	0.99999	0.00293	0.00143	-0.00294	0.99995	0.00988	-0.00140	-0.00988	0.99995		-113.28454	-173.97006	-0.65712	-0.39233	0.41859	-0.54547	0.22588	0.99993	0.00952	-0.00731	-0.00957	0.99993	-0.00685	0.00724	0.00692	0.99995	
114	0.57000	109.78904	-105.01607	-0.25646	0.57348	-0.08917	-0.16809	1.20789	0.99999	0.00293	0.00156	-0.00295	0.99995	0.01001	-0.00153	-0.01001	0.99995		-113.31816	-173.95317	-0.64927	-0.38924	0.42898	-0.55019	0.23909	0.99993	0.00960	-0.00749	-0.00965	0.99993	-0.00679	0.00742	0.00687	0.99995	
115	0.57500	109.76477	-105.01433	-0.26223	0.57460	-0.08353	-0.16230	1.21715	0.99999	0.00283	0.00146	-0.00285	0.99995	0.01003	-0.00143	-0.01003	0.99995		-113.28591	-173.98224	-0.65311	-0.39558	0.42627	-0.54876	0.25338	0.99993	0.00958	-0.00744	-0.00963	0.99993	-0.00690	0.00737	0.00698	0.99995	
116	0.58000	109.77901	-105.00143	-0.25542	0.57854	-0.09003	-0.16858	1.21336	0.99999	0.00294	0.00157	-0.00296	0.99994	0.01010	-0.00154	-0.01010	0.99995		-113.28924	-173.99730	-0.64443	-0.39819	0.42437	-0.54940	0.23425	0.99993	0.00959	-0.00741	-0.00964	0.99993	-0.00695	0.00734	0.00702	0.99995	
117	0.58500	109.77370	-104.94980	-0.24572	0.58643	-0.08807	-0.16922	1.20546	0.99999	0.00295	0.00154	-0.00297	0.99994	0.01023	-0.00151	-0.01024	0.99995		-113.25890	-173.99056	-0.64921	-0.39930	0.42498	-0.54676	0.22663	0.99993	0.00954	-0.00742	-0.00959	0.99993	-0.00697	0.00735	0.00704	0.99995	
118	0.59000	109.75540	-104.94151	-0.23289	0.59058	-0.09016	-0.17367	1.21223	0.99999	0.00303	0.00157	-0.00305	0.99994	0.01031	-0.00154	-0.01031	0.99995		-113.24886	-174.00925	-0.64099	-0.40111	0.42704	-0.54996	0.23871	0.99993	0.00960	-0.00745	-0.00965	0.99993	-0.00700	0.00739	0.00707	0.99995	
119	0.59500	109.78284	-104.91794	-0.24368	0.59386	-0.09670	-0.17405	1.20360	0.99999	0.00304	0.00169	-0.00306	0.99994	0.01036	-0.00166	-0.01037	0.99994		-113.28185	-174.02719	-0.64037	-0.40341	0.42966	-0.55055	0.24470	0.99993	0.00961	-0.00750	-0.00966	0.99993	-0.00704	0.00743	0.00711	0.99995	
120	0.60000	109.78264	-104.88537	-0.23403	0.60027	-0.09803	-0.17984	1.19702	0.99999	0.00314	0.00171	-0.00316	0.99994	0.01048	-0.00168	-0.01048	0.99994		-113.29863	-174.02764	-0.63181	-0.40348	0.43362	-0.55156	0.25913	0.99993	0.00963	-0.00757	-0.00968	0.99993	-0.00704	0.00750	0.00711	0.99995	
121	0.60500	109.76715	-104.90304	-0.23087	0.60346	-0.09897	-0.17751	1.20079	0.99999	0.00310	0.00173	-0.00312	0.99994	0.01053	-0.00169	-0.01054	0.99994		-113.28609	-174.02318	-0.62851	-0.40095	0.43745	-0.54874	0.24886	0.99992	0.00958	-0.00763	-0.00963	0.99993	-0.00700	0.00757	0.00707	0.99995	
122	0.61000	109.75484	-104.88175	-0.23632	0.60204	-0.09726	-0.17953	1.18816	0.99999	0.00313	0.00170	-0.00315	0.99994	0.01051	-0.00166	-0.01051	0.99994		-113.28577	-174.02073	-0.62449	-0.40131	0.43984	-0.54694	0.24894	0.99993	0.00955	-0.00768	-0.00960	0.99993	-0.00700	0.00761	0.00708	0.99995	
123	0.61500	109.76059	-104.87505	-0.22486	0.60676	-0.10026	-0.17924	1.18881	0.99999	0.00313	0.00175	-0.00315	0.99994	0.01059	-0.00172	-0.01060	0.99994		-113.27523	-174.04075	-0.61163	-0.40309	0.43440	-0.54457	0.22945	0.99993	0.00950	-0.00758	-0.00956	0.99993	-0.00703	0.00751	0.00711	0.99995	
124	0.62000	109.78905	-104.85727	-0.23929	0.60492	-0.10274	-0.17414	1.19536	0.99999	0.00304	0.00179	-0.00306	0.99994	0.01056	-0.00176	-0.01056	0.99994		-113.25009	-174.05567	-0.61618	-0.40288	0.43499	-0.54481	0.22593	0.99993	0.00951	-0.00759	-0.00956	0.99993	-0.00703	0.00752	0.00710	0.99995	
125	0.62500	109.75112	-104.85205	-0.22693	0.60897	-0.10153	-0.17810	1.18991	0.99999	0.00311	0.00177	-0.00313	0.99994	0.01063	-0.00174	-0.01063	0.99994		-113.28945	-174.06529	-0.60364	-0.40290	0.44375	-0.54787	0.23608	0.99992	0.00956	-0.00774	-0.00962	0.99993	-0.00703	0.00768	0.00711	0.99995	
126	0.63000	109.74514	-104.85495	-0.22159	0.60873	-0.10088	-0.17805	1.19864	0.99999	0.00311	0.00176	-0.00313	0.99994	0.01062	-0.00173	-0.01063	0.99994		-113.25866	-174.06756	-0.59576	-0.40112	0.44091	-0.54442	0.22774	0.99993	0.00950	-0.00770	-0.00956	0.99993	-0.00700	0.00763	0.00707	0.99995	
127	0.63500	109.74168	-104.84476	-0.21720	0.60988	-0.10432	-0.18193	1.18800	0.99999	0.00318	0.00182	-0.00319	0.99994	0.01064	-0.00179	-0.01065	0.99994		-113.27628	-174.06610	-0.60386	-0.39987	0.44250	-0.54546	0.23927	0.99992	0.00952	-0.00772	-0.00957	0.99993	-0.00698	0.00766	0.00705	0.99995	
128	0.64000	109.75697	-104.82784	-0.21939	0.61087	-0.10609	-0.17355	1.18576	0.99999	0.00303	0.00185	-0.00305	0.99994	0.01066	-0.00182	-0.01067	0.99994		-113.26189	-174.05943	-0.58812	-0.39679	0.44594	-0.54719	0.23512	0.99992	0.00955	-0.00778	-0.00960	0.99993	-0.00693	0.00772	0.00700	0.99995	
129	0.64500	109.78034	-104.82101	-0.22395	0.61281	-0.11061	-0.17799	1.18914	0.99999	0.00311	0.00193	-0.00313	0.99994	0.01070	-0.00190	-0.01070	0.99994		-113.27403	-174.05231	-0.59269	-0.39089	0.44821	-0.55238	0.25129	0.99992	0.00964	-0.00782	-0.00969	0.99993	-0.00682	0.00776	0.00690	0.99995	
130	0.65000	109.77382	-104.79377	-0.21471	0.61497	-0.11073	-0.17819	1.18802	0.99999	0.00311	0.00193	-0.00313	0.99994	0.01073	-0.00190	-0.01074	0.99994		-113.27917	-174.05745	-0.58415	-0.39132	0.44665	-0.54887	0.22404	0.99992	0.00958	-0.00780	-0.00963	0.99993	-0.00683	0.00773	0.00690	0.99995	
131	0.65500	109.74934	-104.80744	-0.22020	0.61312	-0.11242	-0.18265	1.18614	0.99999	0.00319	0.00196	-0.00321	0.99994	0.01070	-0.00193	-0.01071	0.99994		-113.26520	-174.07679	-0.57181	-0.38915	0.44692	-0.54890	0.23721	0.99992	0.00958	-0.00780	-0.00963	0.99993	-0.00679	0.00773	0.00687	0.99995	
132	0.66000	109.80123	-104.78843	-0.24362	0.61272	-0.11547	-0.17603	1.18430	0.99999	0.00307	0.00202	-0.00309	0.99994	0.01069	-0.00198	-0.01070	0.99994		-113.28361	-174.08529	-0.56749	-0.38700	0.45043	-0.54743	0.24899	0.99992	0.00955	-0.00786	-0.00961	0.99993	-0.00675	0.00780	0.00683	0.99995	
133	0.66500	109.75899	-104.76597	-0.22690	0.61625	-0.11387	-0.18015	1.19013	0.99999	0.00314	0.00199	-0.00317	0.99994	0.01076	-0.00195	-0.01076	0.99994		-113.27568	-174.09565	-0.56386	-0.38489	0.45250	-0.54808	0.23705	0.99992	0.00957	-0.00790	-0.00962	0.99993	-0.00672	0.00783	0.00679	0.99995	
134	0.67000	109.70997	-104.78261	-0.22989	0.61453	-0.11296	-0.17948	1.19563	0.99999	0.00313	0.00197	-0.00315	0.99994	0.01073	-0.00194	-0.01073	0.99994		-113.27204	-174.06652	-0.56025	-0.37824	0.45165	-0.54900	0.23567	0.99992	0.00958	-0.00788	-0.00963	0.99993	-0.00660	0.00782	0.00668	0.99995	
135	0.67500	109.73758	-104.74399	-0.22009	0.61816	-0.11099	-0.17257	1.19281	0.99999	0.00301	0.00194	-0.00303	0.99994	0.01079	-0.00190	-0.01079	0.99994		-113.29558	-174.08466	-0.53889	-0.37653	0.45103	-0.54740	0.23064	0.99992	0.00955	-0.00787	-0.00961	0.99993	-0.00657	0.00781	0.00665	0.99995	
