NO_OF_FRAMES	12051
NO_OF_CAMERAS	8
NO_OF_BODIES	2
FREQUENCY	200
NO_OF_ANALOG	0
ANALOG_FREQUENCY	0
DESCRIPTION	--
TIME_STAMP	2013-07-04, 11:43:59	97454.71936557
DATA_INCLUDED	6D
BODY_NAMES	Ice 1	Ice 2
Frame	Time	Ice 1 X	Y	Z	Roll	Pitch	Yaw	Residual	Rot[0]	Rot[1]	Rot[2]	Rot[3]	Rot[4]	Rot[5]	Rot[6]	Rot[7]	Rot[8]	Ice 2 X	Y	Z	Roll	Pitch	Yaw	Residual	Rot[0]	Rot[1]	Rot[2]	Rot[3]	Rot[4]	Rot[5]	Rot[6]	Rot[7]	Rot[8]	
1	0.00500	111.96091	3.80000	0.32064	0.64185	0.16397	3.82196	1.04071	0.99777	-0.06666	-0.00286	0.06668	0.99771	0.01120	0.00211	-0.01137	0.99993		13.81329	-2.71761	-1.35213	-0.18558	0.53661	-0.84113	0.45657	0.99985	0.01468	-0.00937	-0.01471	0.99989	-0.00324	0.00932	0.00338	0.99995	
2	0.01000	111.78731	3.79587	0.32225	0.64301	0.18470	3.79709	0.98109	0.99780	-0.06622	-0.00322	0.06626	0.99774	0.01122	0.00247	-0.01141	0.99993		13.69012	-2.66249	-1.37805	-0.17828	0.55826	-0.84675	0.43762	0.99984	0.01478	-0.00974	-0.01481	0.99989	-0.00311	0.00970	0.00326	0.99995	
3	0.01500	111.81183	3.78954	0.32079	0.64532	0.19029	3.79822	0.98875	0.99780	-0.06624	-0.00332	0.06628	0.99774	0.01126	0.00257	-0.01146	0.99993		13.72190	-2.66198	-1.37446	-0.18078	0.55882	-0.85291	0.42801	0.99984	0.01488	-0.00975	-0.01492	0.99988	-0.00315	0.00971	0.00330	0.99995	
4	0.02000	111.80834	3.81529	0.31800	0.65131	0.19705	3.79599	0.98651	0.99780	-0.06620	-0.00344	0.06624	0.99774	0.01137	0.00268	-0.01157	0.99993		13.72714	-2.66830	-1.37857	-0.18724	0.56084	-0.85130	0.44378	0.99984	0.01486	-0.00979	-0.01489	0.99988	-0.00327	0.00974	0.00341	0.99995	
5	0.02500	111.81049	3.82996	0.33671	0.65670	0.19934	3.79819	0.98873	0.99780	-0.06624	-0.00348	0.06628	0.99774	0.01146	0.00271	-0.01167	0.99993		13.72480	-2.67172	-1.39081	-0.19338	0.55998	-0.85227	0.42876	0.99984	0.01487	-0.00977	-0.01491	0.99988	-0.00337	0.00972	0.00352	0.99995	
6	0.03000	111.79860	3.83303	0.33622	0.65962	0.20435	3.80020	0.98143	0.99779	-0.06628	-0.00357	0.06631	0.99773	0.01151	0.00280	-0.01172	0.99993		13.72197	-2.66217	-1.39521	-0.19625	0.56375	-0.84840	0.42300	0.99984	0.01481	-0.00984	-0.01484	0.99988	-0.00343	0.00979	0.00357	0.99995	
7	0.03500	111.81645	3.82859	0.32854	0.66550	0.20601	3.79312	0.98317	0.99780	-0.06615	-0.00360	0.06619	0.99774	0.01161	0.00282	-0.01183	0.99993		13.73554	-2.68314	-1.39929	-0.20488	0.56627	-0.84804	0.41327	0.99984	0.01480	-0.00988	-0.01484	0.99988	-0.00358	0.00983	0.00372	0.99994	
8	0.04000	111.77581	3.84789	0.35696	0.66727	0.21646	3.79500	0.97375	0.99780	-0.06619	-0.00378	0.06623	0.99774	0.01165	0.00300	-0.01187	0.99993		13.70039	-2.69739	-1.40275	-0.21250	0.57027	-0.85135	0.44443	0.99984	0.01486	-0.00995	-0.01490	0.99988	-0.00371	0.00990	0.00386	0.99994	
9	0.04500	111.80073	3.84788	0.36500	0.66840	0.22137	3.79937	0.97804	0.99779	-0.06626	-0.00386	0.06630	0.99773	0.01167	0.00308	-0.01190	0.99992		13.71723	-2.69097	-1.41578	-0.21574	0.57448	-0.85194	0.44556	0.99984	0.01487	-0.01003	-0.01491	0.99988	-0.00377	0.00997	0.00391	0.99994	
10	0.05000	111.76785	3.84549	0.36297	0.67292	0.22281	3.79236	0.97980	0.99780	-0.06614	-0.00389	0.06618	0.99774	0.01174	0.00310	-0.01198	0.99992		13.75297	-2.69484	-1.42820	-0.22510	0.56774	-0.84925	0.41049	0.99984	0.01482	-0.00991	-0.01486	0.99988	-0.00393	0.00985	0.00408	0.99994	
11	0.05500	111.60916	3.74350	0.50698	0.67244	0.23129	3.81015	1.04004	0.99778	-0.06645	-0.00404	0.06649	0.99772	0.01174	0.00325	-0.01198	0.99992		13.71267	-2.69133	-1.43607	-0.22951	0.57542	-0.84936	0.45044	0.99984	0.01482	-0.01004	-0.01486	0.99988	-0.00401	0.00998	0.00415	0.99994	
12	0.06000	111.61981	3.72018	0.53255	0.67517	0.22958	3.80524	1.03932	0.99779	-0.06636	-0.00401	0.06641	0.99772	0.01178	0.00322	-0.01202	0.99992		13.71274	-2.71467	-1.44375	-0.23821	0.57366	-0.84418	0.43371	0.99984	0.01473	-0.01001	-0.01477	0.99988	-0.00416	0.00995	0.00430	0.99994	
13	0.06500	111.56304	3.73562	0.53645	0.67587	0.23950	3.81062	1.03790	0.99778	-0.06646	-0.00418	0.06650	0.99772	0.01180	0.00339	-0.01205	0.99992		13.70443	-2.70654	-1.46025	-0.24368	0.57445	-0.85025	0.46318	0.99984	0.01484	-0.01003	-0.01488	0.99988	-0.00425	0.00996	0.00440	0.99994	
14	0.07000	111.55218	3.71733	0.56135	0.67628	0.23993	3.80674	1.03791	0.99778	-0.06639	-0.00419	0.06644	0.99772	0.01180	0.00339	-0.01205	0.99992		13.72788	-2.70167	-1.46906	-0.24944	0.57745	-0.84667	0.44467	0.99984	0.01478	-0.01008	-0.01482	0.99988	-0.00435	0.01001	0.00450	0.99994	
15	0.07500	111.55294	3.72612	0.56958	0.67735	0.24924	3.81034	1.04502	0.99778	-0.06645	-0.00435	0.06650	0.99772	0.01182	0.00355	-0.01208	0.99992		13.71724	-2.71176	-1.46797	-0.25868	0.57153	-0.84684	0.43040	0.99984	0.01478	-0.00997	-0.01482	0.99988	-0.00451	0.00991	0.00466	0.99994	
16	0.08000	111.52784	3.71481	0.57184	0.68004	0.24587	3.80470	1.04668	0.99779	-0.06636	-0.00429	0.06640	0.99772	0.01187	0.00349	-0.01213	0.99992		13.75996	-2.71723	-1.48923	-0.26475	0.56967	-0.84419	0.43585	0.99984	0.01473	-0.00994	-0.01478	0.99988	-0.00462	0.00987	0.00477	0.99994	
17	0.08500	111.54095	3.71502	0.60843	0.67975	0.24869	3.80957	1.06088	0.99778	-0.06644	-0.00434	0.06649	0.99772	0.01186	0.00354	-0.01213	0.99992		13.75320	-2.72399	-1.49715	-0.27365	0.57023	-0.84939	0.42687	0.99984	0.01482	-0.00995	-0.01487	0.99988	-0.00478	0.00988	0.00492	0.99994	
18	0.09000	111.47850	3.72211	0.61245	0.68062	0.25817	3.81011	1.06012	0.99778	-0.06645	-0.00451	0.06650	0.99772	0.01188	0.00371	-0.01215	0.99992		13.76810	-2.73183	-1.51348	-0.28170	0.56796	-0.84995	0.42721	0.99984	0.01483	-0.00991	-0.01488	0.99988	-0.00492	0.00984	0.00506	0.99994	
19	0.09500	111.49643	3.72436	0.63343	0.68105	0.25777	3.81144	1.06415	0.99778	-0.06647	-0.00450	0.06652	0.99771	0.01189	0.00370	-0.01216	0.99992		13.76896	-2.73310	-1.52563	-0.28949	0.56659	-0.84609	0.43453	0.99984	0.01477	-0.00989	-0.01482	0.99988	-0.00505	0.00981	0.00520	0.99994	
20	0.10000	111.50881	3.71531	0.65702	0.68267	0.26041	3.80989	1.04813	0.99778	-0.06645	-0.00455	0.06650	0.99772	0.01191	0.00374	-0.01219	0.99992		13.78763	-2.73537	-1.53786	-0.29631	0.56340	-0.84676	0.43492	0.99984	0.01478	-0.00983	-0.01483	0.99988	-0.00517	0.00976	0.00532	0.99994	
21	0.10500	111.47798	3.71539	0.66954	0.68175	0.25783	3.81175	1.05358	0.99778	-0.06648	-0.00450	0.06653	0.99771	0.01190	0.00370	-0.01217	0.99992		13.76883	-2.74271	-1.55405	-0.30152	0.56120	-0.84853	0.41873	0.99984	0.01481	-0.00979	-0.01486	0.99988	-0.00526	0.00972	0.00541	0.99994	
22	0.11000	111.49028	3.71871	0.66842	0.68057	0.26110	3.81162	1.06622	0.99778	-0.06648	-0.00456	0.06653	0.99771	0.01188	0.00376	-0.01215	0.99992		13.78855	-2.73769	-1.57076	-0.31049	0.56318	-0.84562	0.42517	0.99984	0.01476	-0.00983	-0.01481	0.99988	-0.00542	0.00975	0.00556	0.99994	
23	0.11500	111.49346	3.71747	0.69906	0.68170	0.25877	3.81072	1.06693	0.99778	-0.06646	-0.00452	0.06651	0.99771	0.01190	0.00372	-0.01217	0.99992		13.79939	-2.74118	-1.58286	-0.31665	0.55934	-0.84827	0.43576	0.99984	0.01480	-0.00976	-0.01486	0.99987	-0.00553	0.00968	0.00567	0.99994	
24	0.12000	111.50248	3.72256	0.70155	0.68464	0.25833	3.80923	1.06637	0.99778	-0.06643	-0.00451	0.06648	0.99772	0.01195	0.00370	-0.01222	0.99992		13.80706	-2.74487	-1.59481	-0.32290	0.55618	-0.84393	0.42218	0.99984	0.01473	-0.00971	-0.01478	0.99987	-0.00564	0.00962	0.00578	0.99994	
25	0.12500	111.49136	3.71484	0.71216	0.67894	0.25875	3.81206	1.07796	0.99778	-0.06648	-0.00452	0.06653	0.99771	0.01185	0.00372	-0.01212	0.99992		13.82242	-2.73989	-1.60703	-0.33040	0.54935	-0.84935	0.42314	0.99984	0.01482	-0.00959	-0.01488	0.99987	-0.00577	0.00950	0.00591	0.99994	
26	0.13000	111.46453	3.70715	0.75046	0.67754	0.26614	3.81372	1.06281	0.99777	-0.06651	-0.00464	0.06656	0.99771	0.01182	0.00385	-0.01211	0.99992		13.85010	-2.74813	-1.61083	-0.33746	0.54635	-0.84708	0.41626	0.99985	0.01478	-0.00954	-0.01484	0.99987	-0.00589	0.00945	0.00603	0.99994	
27	0.13500	111.49021	3.71677	0.74959	0.67631	0.26044	3.81011	1.05940	0.99778	-0.06645	-0.00455	0.06650	0.99772	0.01180	0.00375	-0.01208	0.99992		13.82502	-2.74940	-1.63095	-0.34335	0.54593	-0.84625	0.43307	0.99985	0.01477	-0.00953	-0.01483	0.99987	-0.00599	0.00944	0.00613	0.99994	
28	0.14000	111.48438	3.72577	0.74859	0.67515	0.25913	3.81139	1.07429	0.99778	-0.06647	-0.00452	0.06652	0.99772	0.01178	0.00373	-0.01206	0.99992		13.87299	-2.74895	-1.64763	-0.35049	0.53857	-0.84584	0.43476	0.99985	0.01476	-0.00940	-0.01482	0.99987	-0.00612	0.00931	0.00626	0.99994	
29	0.14500	111.49955	3.70920	0.78667	0.67319	0.25964	3.81393	1.06194	0.99778	-0.06652	-0.00453	0.06657	0.99771	0.01175	0.00374	-0.01202	0.99992		13.89589	-2.74859	-1.65593	-0.35547	0.53663	-0.84859	0.43221	0.99985	0.01481	-0.00937	-0.01487	0.99987	-0.00620	0.00927	0.00634	0.99994	
30	0.15000	111.46579	3.72407	0.79439	0.67331	0.25799	3.81364	1.06085	0.99778	-0.06651	-0.00450	0.06656	0.99771	0.01175	0.00371	-0.01202	0.99992		13.85813	-2.75464	-1.66318	-0.36280	0.53416	-0.84684	0.44570	0.99985	0.01478	-0.00932	-0.01484	0.99987	-0.00633	0.00923	0.00647	0.99994	
31	0.15500	111.48909	3.72605	0.82502	0.66884	0.25654	3.81467	1.06444	0.99777	-0.06653	-0.00448	0.06658	0.99771	0.01167	0.00369	-0.01195	0.99992		13.89611	-2.74675	-1.69256	-0.36616	0.52878	-0.84493	0.43866	0.99985	0.01475	-0.00923	-0.01481	0.99987	-0.00639	0.00913	0.00653	0.99994	
32	0.16000	111.51433	3.69033	0.83840	0.66366	0.25411	3.81676	1.07374	0.99777	-0.06657	-0.00444	0.06661	0.99771	0.01158	0.00365	-0.01185	0.99992		13.90466	-2.75125	-1.68322	-0.37385	0.52313	-0.84547	0.45137	0.99985	0.01476	-0.00913	-0.01481	0.99987	-0.00652	0.00903	0.00666	0.99994	
33	0.16500	111.51129	3.69237	0.83975	0.66395	0.24668	3.81258	1.07806	0.99778	-0.06649	-0.00431	0.06654	0.99772	0.01159	0.00353	-0.01185	0.99992		13.93283	-2.75780	-1.69130	-0.38164	0.51789	-0.84278	0.41995	0.99985	0.01471	-0.00904	-0.01477	0.99987	-0.00666	0.00894	0.00679	0.99994	
34	0.17000	111.49645	3.70443	0.86446	0.65988	0.24778	3.81765	1.08730	0.99777	-0.06658	-0.00432	0.06663	0.99771	0.01152	0.00355	-0.01178	0.99992		13.93307	-2.75186	-1.70310	-0.38594	0.51160	-0.84568	0.44101	0.99985	0.01476	-0.00893	-0.01482	0.99987	-0.00674	0.00883	0.00687	0.99994	
35	0.17500	111.50146	3.70573	0.89450	0.65384	0.24930	3.81530	1.08531	0.99777	-0.06654	-0.00435	0.06659	0.99772	0.01141	0.00358	-0.01168	0.99993		13.95706	-2.74309	-1.71167	-0.38905	0.50959	-0.84689	0.41560	0.99985	0.01478	-0.00889	-0.01484	0.99987	-0.00679	0.00879	0.00692	0.99994	
36	0.18000	111.48607	3.69020	0.91056	0.64984	0.24761	3.81345	1.07629	0.99778	-0.06651	-0.00432	0.06655	0.99772	0.01134	0.00356	-0.01160	0.99993		13.95543	-2.72907	-1.72794	-0.39152	0.50353	-0.84724	0.44068	0.99985	0.01479	-0.00879	-0.01485	0.99987	-0.00683	0.00869	0.00696	0.99994	
37	0.18500	111.51656	3.69121	0.91788	0.64777	0.23618	3.81082	1.07635	0.99778	-0.06646	-0.00412	0.06650	0.99772	0.01131	0.00336	-0.01155	0.99993		13.99599	-2.76044	-1.72707	-0.40081	0.49492	-0.84786	0.43156	0.99985	0.01480	-0.00864	-0.01486	0.99987	-0.00700	0.00853	0.00712	0.99994	
38	0.19000	111.51814	3.68335	0.93792	0.64528	0.23363	3.81230	1.07772	0.99778	-0.06649	-0.00408	0.06653	0.99772	0.01126	0.00332	-0.01151	0.99993		14.00893	-2.73979	-1.73572	-0.40243	0.49281	-0.84592	0.43204	0.99985	0.01476	-0.00860	-0.01482	0.99987	-0.00702	0.00850	0.00715	0.99994	
39	0.19500	111.51391	3.69842	0.95704	0.64156	0.23324	3.81641	1.08221	0.99777	-0.06656	-0.00407	0.06660	0.99772	0.01120	0.00332	-0.01144	0.99993		14.01628	-2.71090	-1.75631	-0.40152	0.48501	-0.84830	0.43172	0.99985	0.01480	-0.00846	-0.01486	0.99986	-0.00701	0.00836	0.00713	0.99994	
40	0.20000	111.51364	3.67438	0.96935	0.63407	0.22715	3.81612	1.07877	0.99777	-0.06655	-0.00396	0.06659	0.99772	0.01107	0.00322	-0.01131	0.99993		14.05528	-2.76013	-1.73389	-0.41501	0.47663	-0.84365	0.41749	0.99986	0.01472	-0.00832	-0.01478	0.99986	-0.00724	0.00821	0.00736	0.99994	
41	0.20500	111.52908	3.66306	0.98976	0.62770	0.22224	3.82044	1.08822	0.99777	-0.06663	-0.00388	0.06667	0.99772	0.01096	0.00314	-0.01119	0.99993		14.05766	-2.73412	-1.75950	-0.41239	0.47399	-0.84429	0.42544	0.99986	0.01473	-0.00827	-0.01479	0.99986	-0.00720	0.00817	0.00732	0.99994	
42	0.21000	111.50460	3.67735	1.01098	0.62679	0.22166	3.81303	1.06875	0.99778	-0.06650	-0.00387	0.06654	0.99772	0.01094	0.00313	-0.01117	0.99993		14.07602	-2.72928	-1.76302	-0.41701	0.46380	-0.84662	0.41154	0.99986	0.01478	-0.00809	-0.01483	0.99986	-0.00728	0.00799	0.00740	0.99994	
43	0.21500	111.56154	3.65710	1.03648	0.62018	0.21387	3.81217	1.08151	0.99778	-0.06649	-0.00373	0.06652	0.99773	0.01082	0.00300	-0.01105	0.99993		14.09862	-2.75075	-1.76661	-0.42079	0.46071	-0.84313	0.44395	0.99986	0.01471	-0.00804	-0.01477	0.99986	-0.00734	0.00793	0.00746	0.99994	
44	0.22000	111.54400	3.65624	1.03070	0.61728	0.20464	3.81574	1.08117	0.99778	-0.06655	-0.00357	0.06658	0.99772	0.01077	0.00285	-0.01099	0.99994		14.09319	-2.73894	-1.76605	-0.42371	0.45599	-0.84680	0.42938	0.99986	0.01478	-0.00796	-0.01484	0.99986	-0.00739	0.00785	0.00751	0.99994	
45	0.22500	111.56484	3.65886	1.05566	0.61197	0.19901	3.81641	1.08147	0.99778	-0.06656	-0.00347	0.06659	0.99772	0.01068	0.00275	-0.01089	0.99994		14.13563	-2.73462	-1.77947	-0.42335	0.45345	-0.84814	0.43708	0.99986	0.01480	-0.00791	-0.01486	0.99986	-0.00739	0.00780	0.00751	0.99994	
46	0.23000	111.56719	3.64628	1.05327	0.60774	0.19526	3.81331	1.09097	0.99778	-0.06651	-0.00341	0.06654	0.99773	0.01061	0.00269	-0.01081	0.99994		14.13661	-2.71864	-1.77867	-0.42250	0.44404	-0.84653	0.44127	0.99986	0.01477	-0.00775	-0.01483	0.99986	-0.00737	0.00764	0.00749	0.99994	
47	0.23500	111.58703	3.65341	1.09327	0.60192	0.18847	3.81520	1.08168	0.99778	-0.06654	-0.00329	0.06657	0.99773	0.01051	0.00258	-0.01070	0.99994		14.15722	-2.70276	-1.79609	-0.41979	0.44171	-0.84602	0.44061	0.99986	0.01476	-0.00771	-0.01482	0.99986	-0.00733	0.00760	0.00744	0.99994	
48	0.24000	111.61787	3.65795	1.08462	0.59920	0.18143	3.81406	1.09316	0.99778	-0.06652	-0.00317	0.06655	0.99773	0.01046	0.00246	-0.01065	0.99994		14.18645	-2.70602	-1.79973	-0.42392	0.43334	-0.84572	0.43185	0.99986	0.01476	-0.00756	-0.01482	0.99986	-0.00740	0.00745	0.00751	0.99994	
49	0.24500	111.59130	3.64081	1.11096	0.59187	0.17903	3.81448	1.07965	0.99778	-0.06653	-0.00312	0.06655	0.99773	0.01033	0.00243	-0.01051	0.99994		14.16883	-2.69958	-1.81621	-0.42270	0.43270	-0.84949	0.43882	0.99986	0.01483	-0.00755	-0.01488	0.99986	-0.00738	0.00744	0.00749	0.99994	
50	0.25000	111.61714	3.64210	1.11315	0.58709	0.16889	3.81198	1.08101	0.99778	-0.06648	-0.00295	0.06651	0.99773	0.01025	0.00226	-0.01042	0.99994		14.21310	-2.69705	-1.81199	-0.42225	0.42253	-0.84805	0.42820	0.99986	0.01480	-0.00737	-0.01485	0.99986	-0.00737	0.00726	0.00748	0.99995	
51	0.25500	111.64444	3.62876	1.12179	0.58196	0.16036	3.81300	1.08650	0.99778	-0.06650	-0.00280	0.06653	0.99773	0.01016	0.00212	-0.01032	0.99994		14.19802	-2.68904	-1.81996	-0.41981	0.41865	-0.84784	0.43227	0.99986	0.01480	-0.00731	-0.01485	0.99986	-0.00733	0.00720	0.00743	0.99995	
52	0.26000	111.65391	3.62969	1.12816	0.57792	0.15341	3.81855	1.09522	0.99778	-0.06660	-0.00268	0.06662	0.99773	0.01009	0.00200	-0.01024	0.99995		14.20835	-2.66746	-1.82016	-0.41709	0.41650	-0.84444	0.42315	0.99986	0.01474	-0.00727	-0.01479	0.99986	-0.00728	0.00716	0.00739	0.99995	
53	0.26500	111.69314	3.63676	1.13621	0.57437	0.14161	3.81411	1.09293	0.99778	-0.06652	-0.00247	0.06654	0.99773	0.01002	0.00180	-0.01017	0.99995		14.22370	-2.67013	-1.81973	-0.41596	0.40803	-0.84586	0.42250	0.99987	0.01476	-0.00712	-0.01481	0.99986	-0.00726	0.00701	0.00736	0.99995	
54	0.27000	111.65239	3.61586	1.13913	0.56727	0.14069	3.81293	1.08829	0.99778	-0.06650	-0.00246	0.06652	0.99774	0.00990	0.00179	-0.01004	0.99995		14.25280	-2.65987	-1.83275	-0.41451	0.40383	-0.84696	0.44743	0.99987	0.01478	-0.00705	-0.01483	0.99986	-0.00723	0.00694	0.00734	0.99995	
55	0.27500	111.72251	3.60579	1.16764	0.56301	0.12642	3.81594	1.09310	0.99778	-0.06655	-0.00221	0.06657	0.99773	0.00983	0.00155	-0.00995	0.99995		14.27504	-2.65680	-1.83696	-0.41177	0.39838	-0.84701	0.44721	0.99987	0.01478	-0.00695	-0.01483	0.99986	-0.00719	0.00685	0.00729	0.99995	
56	0.28000	111.69672	3.61165	1.19765	0.55718	0.12851	3.81517	1.08862	0.99778	-0.06654	-0.00224	0.06656	0.99774	0.00972	0.00159	-0.00985	0.99995		14.25327	-2.61527	-1.85858	-0.39962	0.39539	-0.84774	0.44317	0.99987	0.01480	-0.00690	-0.01484	0.99987	-0.00697	0.00680	0.00708	0.99995	
57	0.28500	111.72114	3.59888	1.16790	0.55181	0.11642	3.80934	1.09466	0.99779	-0.06644	-0.00203	0.06645	0.99774	0.00963	0.00139	-0.00974	0.99995		14.29496	-2.64465	-1.84130	-0.40230	0.38533	-0.84661	0.43372	0.99987	0.01478	-0.00673	-0.01482	0.99987	-0.00702	0.00662	0.00712	0.99995	
58	0.29000	111.77442	3.59828	1.18636	0.54691	0.10490	3.81625	1.09921	0.99778	-0.06656	-0.00183	0.06657	0.99774	0.00955	0.00119	-0.00965	0.99995		14.27928	-2.61148	-1.84964	-0.39620	0.38197	-0.84912	0.42963	0.99987	0.01482	-0.00667	-0.01487	0.99987	-0.00691	0.00656	0.00701	0.99995	
59	0.29500	111.76733	3.57940	1.17751	0.54038	0.09715	3.81618	1.10366	0.99778	-0.06656	-0.00170	0.06657	0.99774	0.00943	0.00106	-0.00952	0.99995		14.32038	-2.61267	-1.83739	-0.39294	0.37918	-0.85016	0.45757	0.99987	0.01484	-0.00662	-0.01488	0.99987	-0.00686	0.00652	0.00696	0.99995	
60	0.30000	111.78434	3.58553	1.19632	0.53847	0.08649	3.81413	1.09744	0.99778	-0.06652	-0.00151	0.06653	0.99774	0.00940	0.00088	-0.00948	0.99995		14.33005	-2.58220	-1.84628	-0.38516	0.37436	-0.85095	0.44252	0.99987	0.01485	-0.00653	-0.01489	0.99987	-0.00672	0.00643	0.00682	0.99996	
61	0.30500	111.78644	3.55824	1.19787	0.52731	0.08579	3.81822	1.10844	0.99778	-0.06659	-0.00150	0.06660	0.99774	0.00920	0.00088	-0.00928	0.99996		14.36895	-2.59085	-1.85084	-0.38189	0.36667	-0.84748	0.44520	0.99987	0.01479	-0.00640	-0.01483	0.99987	-0.00667	0.00630	0.00676	0.99996	
62	0.31000	111.79932	3.55932	1.20931	0.52635	0.07704	3.81295	1.09655	0.99779	-0.06650	-0.00134	0.06651	0.99774	0.00919	0.00073	-0.00926	0.99996		14.36162	-2.58155	-1.83824	-0.37379	0.36274	-0.85280	0.43722	0.99987	0.01488	-0.00633	-0.01492	0.99987	-0.00652	0.00623	0.00662	0.99996	
63	0.31500	111.81935	3.54030	1.20704	0.51959	0.07052	3.81304	1.10340	0.99779	-0.06650	-0.00123	0.06651	0.99774	0.00907	0.00063	-0.00913	0.99996		14.34773	-2.54922	-1.83432	-0.36676	0.36111	-0.85395	0.44741	0.99987	0.01490	-0.00630	-0.01494	0.99987	-0.00640	0.00621	0.00649	0.99996	
64	0.32000	111.79788	3.54404	1.21770	0.51710	0.06361	3.81302	1.09022	0.99779	-0.06650	-0.00111	0.06651	0.99775	0.00903	0.00051	-0.00908	0.99996		14.37349	-2.53159	-1.85215	-0.35623	0.35862	-0.85434	0.45790	0.99987	0.01491	-0.00626	-0.01495	0.99987	-0.00622	0.00617	0.00631	0.99996	
65	0.32500	111.80263	3.53692	1.22225	0.51319	0.05638	3.81456	1.09177	0.99778	-0.06653	-0.00098	0.06653	0.99774	0.00896	0.00039	-0.00900	0.99996		14.38306	-2.51463	-1.84819	-0.35028	0.35610	-0.85278	0.43757	0.99987	0.01488	-0.00622	-0.01492	0.99987	-0.00611	0.00612	0.00621	0.99996	
66	0.33000	111.82629	3.53787	1.22291	0.51042	0.04978	3.81405	1.09944	0.99778	-0.06652	-0.00087	0.06652	0.99775	0.00891	0.00027	-0.00895	0.99996		14.38083	-2.49995	-1.84858	-0.33984	0.35289	-0.85050	0.43890	0.99987	0.01484	-0.00616	-0.01488	0.99987	-0.00593	0.00607	0.00602	0.99996	
67	0.33500	111.87654	3.51571	1.22311	0.50494	0.03520	3.81335	1.10218	0.99779	-0.06651	-0.00061	0.06651	0.99775	0.00881	0.00003	-0.00883	0.99996		14.41069	-2.49284	-1.85342	-0.33285	0.34751	-0.85480	0.44643	0.99987	0.01492	-0.00607	-0.01495	0.99987	-0.00581	0.00598	0.00590	0.99996	
68	0.34000	111.85321	3.51278	1.23086	0.50443	0.03117	3.81037	1.09491	0.99779	-0.06645	-0.00054	0.06646	0.99775	0.00880	-0.00004	-0.00882	0.99996		14.41400	-2.47163	-1.84526	-0.32514	0.34366	-0.85294	0.44655	0.99987	0.01489	-0.00600	-0.01492	0.99987	-0.00567	0.00591	0.00576	0.99997	
69	0.34500	111.87945	3.50600	1.23698	0.49954	0.02962	3.81410	1.08688	0.99779	-0.06652	-0.00052	0.06652	0.99775	0.00872	-0.00006	-0.00873	0.99996		14.42381	-2.45673	-1.83739	-0.31551	0.34037	-0.85490	0.43040	0.99987	0.01492	-0.00594	-0.01495	0.99987	-0.00551	0.00586	0.00559	0.99997	
70	0.35000	111.89950	3.52076	1.22770	0.49799	0.02013	3.81209	1.10011	0.99779	-0.06648	-0.00035	0.06649	0.99775	0.00869	-0.00023	-0.00870	0.99996		14.44037	-2.44088	-1.84184	-0.30780	0.33578	-0.85199	0.44841	0.99987	0.01487	-0.00586	-0.01490	0.99987	-0.00537	0.00578	0.00546	0.99997	
71	0.35500	111.89611	3.49072	1.23539	0.49205	0.01660	3.81400	1.09369	0.99779	-0.06652	-0.00029	0.06652	0.99775	0.00859	-0.00028	-0.00859	0.99996		14.44661	-2.43570	-1.83440	-0.29704	0.33508	-0.85740	0.45081	0.99987	0.01496	-0.00585	-0.01499	0.99987	-0.00518	0.00577	0.00527	0.99997	
72	0.36000	111.91474	3.49979	1.22413	0.49070	0.00568	3.81183	1.09564	0.99779	-0.06648	-0.00010	0.06648	0.99775	0.00856	-0.00047	-0.00855	0.99996		14.45477	-2.43154	-1.83045	-0.28984	0.33206	-0.85624	0.45274	0.99987	0.01494	-0.00580	-0.01497	0.99988	-0.00506	0.00572	0.00514	0.99997	
73	0.36500	111.91422	3.48608	1.22301	0.48848	0.00228	3.81033	1.10253	0.99779	-0.06645	-0.00004	0.06645	0.99775	0.00853	-0.00053	-0.00851	0.99996		14.46477	-2.40383	-1.82261	-0.27941	0.32901	-0.85665	0.45177	0.99987	0.01495	-0.00574	-0.01498	0.99988	-0.00488	0.00567	0.00496	0.99997	
74	0.37000	111.94073	3.47423	1.22207	0.48677	-0.00639	3.80864	1.09279	0.99779	-0.06642	0.00011	0.06642	0.99776	0.00850	-0.00068	-0.00847	0.99996		14.50260	-2.40877	-1.81472	-0.27204	0.32355	-0.85343	0.44389	0.99987	0.01489	-0.00565	-0.01492	0.99988	-0.00475	0.00558	0.00483	0.99997	
75	0.37500	111.94382	3.46603	1.22819	0.48264	-0.00962	3.81906	1.10101	0.99778	-0.06661	0.00017	0.06660	0.99774	0.00842	-0.00073	-0.00839	0.99996		14.50917	-2.38441	-1.80276	-0.26229	0.32134	-0.85841	0.44811	0.99987	0.01498	-0.00561	-0.01501	0.99988	-0.00458	0.00554	0.00466	0.99997	
76	0.38000	111.93692	3.47263	1.21131	0.48330	-0.01543	3.81566	1.11324	0.99778	-0.06655	0.00027	0.06654	0.99775	0.00844	-0.00083	-0.00840	0.99996		14.51652	-2.36366	-1.80770	-0.25010	0.32064	-0.85827	0.45951	0.99987	0.01498	-0.00560	-0.01500	0.99988	-0.00437	0.00553	0.00445	0.99997	
77	0.38500	111.92705	3.46911	1.22616	0.48125	-0.01407	3.81101	1.09263	0.99779	-0.06647	0.00025	0.06646	0.99775	0.00840	-0.00080	-0.00836	0.99996		14.55062	-2.35694	-1.79981	-0.24127	0.31376	-0.85809	0.45835	0.99987	0.01498	-0.00548	-0.01500	0.99988	-0.00421	0.00541	0.00429	0.99998	
78	0.39000	111.97498	3.44607	1.19010	0.47761	-0.02879	3.81476	1.10376	0.99778	-0.06653	0.00050	0.06652	0.99775	0.00834	-0.00106	-0.00828	0.99997		14.51939	-2.33477	-1.80799	-0.23138	0.31304	-0.85827	0.44710	0.99987	0.01498	-0.00546	-0.01500	0.99988	-0.00404	0.00540	0.00412	0.99998	
79	0.39500	111.98680	3.45345	1.20073	0.47665	-0.03039	3.81348	1.09877	0.99779	-0.06651	0.00053	0.06650	0.99775	0.00832	-0.00108	-0.00827	0.99997		14.55620	-2.31707	-1.78826	-0.22054	0.31298	-0.86176	0.46553	0.99987	0.01504	-0.00546	-0.01506	0.99988	-0.00385	0.00540	0.00393	0.99998	
80	0.40000	111.98925	3.44382	1.19768	0.47797	-0.02897	3.81216	1.09904	0.99779	-0.06649	0.00051	0.06648	0.99775	0.00834	-0.00106	-0.00829	0.99997		14.57007	-2.33101	-1.76751	-0.21337	0.30802	-0.86052	0.45446	0.99987	0.01502	-0.00538	-0.01504	0.99988	-0.00372	0.00532	0.00380	0.99998	
81	0.40500	111.99463	3.45854	1.19204	0.48051	-0.04041	3.80855	1.09938	0.99779	-0.06642	0.00071	0.06641	0.99776	0.00839	-0.00126	-0.00832	0.99996		14.58680	-2.30344	-1.77255	-0.20267	0.30798	-0.85817	0.45684	0.99987	0.01498	-0.00538	-0.01500	0.99988	-0.00354	0.00532	0.00362	0.99998	
82	0.41000	112.00743	3.43800	1.17913	0.47553	-0.04274	3.81171	1.10641	0.99779	-0.06648	0.00075	0.06647	0.99775	0.00830	-0.00130	-0.00823	0.99997		14.63512	-2.28891	-1.77383	-0.19165	0.30262	-0.86056	0.44982	0.99987	0.01502	-0.00528	-0.01504	0.99988	-0.00334	0.00523	0.00342	0.99998	
83	0.41500	112.00089	3.45079	1.19189	0.47701	-0.03936	3.80922	1.11013	0.99779	-0.06643	0.00069	0.06643	0.99776	0.00833	-0.00124	-0.00826	0.99997		14.60990	-2.28798	-1.75288	-0.18222	0.30446	-0.85987	0.45279	0.99987	0.01501	-0.00531	-0.01502	0.99988	-0.00318	0.00527	0.00326	0.99998	
84	0.42000	111.98885	3.44320	1.17333	0.47664	-0.04215	3.81085	1.09573	0.99779	-0.06646	0.00074	0.06645	0.99775	0.00832	-0.00129	-0.00825	0.99997		14.61972	-2.27005	-1.74916	-0.17489	0.30404	-0.85808	0.44169	0.99987	0.01498	-0.00531	-0.01499	0.99988	-0.00305	0.00526	0.00313	0.99998	
85	0.42500	112.00500	3.43329	1.16915	0.47776	-0.04825	3.80651	1.08769	0.99779	-0.06639	0.00084	0.06638	0.99776	0.00834	-0.00139	-0.00826	0.99996		14.64924	-2.26433	-1.73300	-0.16505	0.30041	-0.85840	0.45156	0.99987	0.01498	-0.00524	-0.01500	0.99988	-0.00288	0.00520	0.00296	0.99998	
86	0.43000	112.00719	3.43773	1.18187	0.47931	-0.05059	3.81083	1.08745	0.99779	-0.06646	0.00088	0.06645	0.99775	0.00837	-0.00144	-0.00829	0.99996		14.64304	-2.23787	-1.73315	-0.15506	0.29653	-0.86117	0.45124	0.99987	0.01503	-0.00518	-0.01504	0.99988	-0.00271	0.00513	0.00278	0.99998	
87	0.43500	112.01113	3.44322	1.15371	0.47902	-0.05333	3.81455	1.10108	0.99778	-0.06653	0.00093	0.06652	0.99775	0.00836	-0.00148	-0.00828	0.99996		14.62083	-2.21584	-1.74256	-0.14245	0.30267	-0.86611	0.44128	0.99987	0.01512	-0.00528	-0.01513	0.99988	-0.00249	0.00524	0.00257	0.99998	
88	0.44000	112.05888	3.45096	1.16258	0.48293	-0.05253	3.81224	1.10585	0.99779	-0.06649	0.00092	0.06648	0.99775	0.00843	-0.00148	-0.00835	0.99996		14.65874	-2.24305	-1.71366	-0.13783	0.30161	-0.86107	0.43236	0.99987	0.01503	-0.00526	-0.01504	0.99988	-0.00241	0.00523	0.00248	0.99998	
89	0.44500	112.03066	3.42958	1.14750	0.48078	-0.05304	3.81038	1.10916	0.99779	-0.06645	0.00093	0.06644	0.99775	0.00839	-0.00148	-0.00831	0.99996		14.64460	-2.21145	-1.70992	-0.12757	0.30189	-0.86658	0.46259	0.99987	0.01512	-0.00527	-0.01514	0.99988	-0.00223	0.00523	0.00231	0.99998	
90	0.45000	112.06894	3.45570	1.14907	0.48734	-0.05819	3.80977	1.10149	0.99779	-0.06644	0.00102	0.06643	0.99775	0.00851	-0.00158	-0.00842	0.99996		14.65109	-2.18980	-1.70241	-0.11814	0.30437	-0.86703	0.44752	0.99987	0.01513	-0.00531	-0.01514	0.99988	-0.00206	0.00528	0.00214	0.99998	
91	0.45500	112.07428	3.45215	1.13325	0.48705	-0.05303	3.80640	1.10189	0.99779	-0.06639	0.00093	0.06638	0.99776	0.00850	-0.00149	-0.00842	0.99996		14.68549	-2.20015	-1.68599	-0.11200	0.29975	-0.86370	0.43988	0.99987	0.01507	-0.00523	-0.01508	0.99988	-0.00195	0.00520	0.00203	0.99998	
92	0.46000	112.06908	3.43863	1.14427	0.48822	-0.05676	3.80499	1.09008	0.99780	-0.06636	0.00099	0.06635	0.99776	0.00852	-0.00155	-0.00844	0.99996		14.68035	-2.18020	-1.69498	-0.10318	0.30015	-0.86876	0.44361	0.99987	0.01516	-0.00524	-0.01517	0.99988	-0.00180	0.00521	0.00188	0.99998	
93	0.46500	112.11624	3.43476	1.12596	0.48879	-0.05961	3.80987	1.10003	0.99779	-0.06645	0.00104	0.06643	0.99775	0.00853	-0.00160	-0.00844	0.99996		14.63951	-2.17903	-1.67366	-0.09694	0.30373	-0.86704	0.44523	0.99987	0.01513	-0.00530	-0.01514	0.99988	-0.00169	0.00527	0.00177	0.99998	
94	0.47000	112.06159	3.44686	1.13521	0.49510	-0.05045	3.80760	1.08396	0.99779	-0.06641	0.00088	0.06640	0.99776	0.00864	-0.00145	-0.00856	0.99996		14.71284	-2.17524	-1.67114	-0.08782	0.30208	-0.86628	0.43203	0.99987	0.01512	-0.00527	-0.01513	0.99988	-0.00153	0.00525	0.00161	0.99998	
95	0.47500	112.03721	3.42170	1.12904	0.49129	-0.04789	3.80794	1.09324	0.99779	-0.06641	0.00084	0.06640	0.99776	0.00857	-0.00140	-0.00850	0.99996		14.69303	-2.16115	-1.67121	-0.08358	0.30426	-0.87251	0.43755	0.99987	0.01523	-0.00531	-0.01524	0.99988	-0.00146	0.00529	0.00154	0.99998	
96	0.48000	112.05866	3.43228	1.13707	0.49683	-0.05290	3.80700	1.10308	0.99779	-0.06640	0.00092	0.06639	0.99776	0.00867	-0.00150	-0.00859	0.99996		14.68564	-2.16194	-1.64630	-0.07631	0.30704	-0.87196	0.44991	0.99987	0.01522	-0.00536	-0.01523	0.99988	-0.00133	0.00534	0.00141	0.99998	
97	0.48500	112.04785	3.43781	1.14209	0.50062	-0.04765	3.80447	1.08976	0.99780	-0.06635	0.00083	0.06634	0.99776	0.00874	-0.00141	-0.00866	0.99996		14.70391	-2.16284	-1.65109	-0.07002	0.30632	-0.86995	0.43646	0.99987	0.01518	-0.00535	-0.01519	0.99988	-0.00122	0.00533	0.00130	0.99998	
98	0.49000	112.01643	3.44123	1.12222	0.50141	-0.04194	3.80561	1.09320	0.99779	-0.06637	0.00073	0.06636	0.99776	0.00875	-0.00131	-0.00868	0.99996		14.69631	-2.15681	-1.63450	-0.06657	0.30775	-0.86959	0.43852	0.99987	0.01518	-0.00537	-0.01518	0.99988	-0.00116	0.00535	0.00124	0.99998	
99	0.49500	112.07286	3.43234	1.12331	0.50438	-0.04558	3.81300	1.09937	0.99779	-0.06650	0.00080	0.06649	0.99775	0.00880	-0.00138	-0.00873	0.99996		14.67395	-2.14033	-1.62241	-0.05736	0.31435	-0.87409	0.44092	0.99987	0.01525	-0.00549	-0.01526	0.99988	-0.00100	0.00547	0.00108	0.99998	
100	0.50000	112.06499	3.43806	1.12296	0.50763	-0.04153	3.80450	1.10299	0.99780	-0.06635	0.00072	0.06634	0.99776	0.00886	-0.00131	-0.00879	0.99996		14.71821	-2.12812	-1.60626	-0.05321	0.31105	-0.87088	0.44584	0.99987	0.01520	-0.00543	-0.01520	0.99988	-0.00093	0.00541	0.00101	0.99998	
101	0.50500	112.05496	3.43395	1.11138	0.51102	-0.03889	3.80412	1.08893	0.99780	-0.06635	0.00068	0.06634	0.99776	0.00892	-0.00127	-0.00885	0.99996		14.70090	-2.13839	-1.61463	-0.05045	0.31184	-0.87214	0.43118	0.99987	0.01522	-0.00544	-0.01523	0.99988	-0.00088	0.00543	0.00096	0.99998	
102	0.51000	112.07360	3.44737	1.11003	0.51605	-0.03628	3.80450	1.10001	0.99780	-0.06635	0.00063	0.06634	0.99776	0.00901	-0.00123	-0.00894	0.99996		14.71717	-2.15493	-1.59396	-0.04860	0.31426	-0.87039	0.43397	0.99987	0.01519	-0.00548	-0.01520	0.99988	-0.00085	0.00547	0.00093	0.99998	
103	0.51500	112.03812	3.46243	1.11243	0.52049	-0.02809	3.80458	1.09440	0.99780	-0.06635	0.00049	0.06635	0.99776	0.00908	-0.00109	-0.00903	0.99996		14.68753	-2.12123	-1.57753	-0.03906	0.31595	-0.87391	0.42709	0.99987	0.01525	-0.00551	-0.01526	0.99988	-0.00068	0.00550	0.00077	0.99998	
104	0.52000	112.01456	3.42556	1.10955	0.51922	-0.02581	3.80404	1.08788	0.99780	-0.06634	0.00045	0.06634	0.99776	0.00906	-0.00105	-0.00901	0.99996		14.68640	-2.13365	-1.57364	-0.03950	0.32057	-0.87138	0.43138	0.99987	0.01521	-0.00560	-0.01521	0.99988	-0.00069	0.00558	0.00077	0.99998	
105	0.52500	112.05665	3.45328	1.12279	0.52664	-0.02075	3.80470	1.09495	0.99780	-0.06636	0.00036	0.06635	0.99775	0.00919	-0.00097	-0.00915	0.99996		14.69608	-2.12305	-1.57436	-0.03551	0.32522	-0.87414	0.45192	0.99987	0.01526	-0.00568	-0.01526	0.99988	-0.00062	0.00567	0.00071	0.99998	
106	0.53000	112.01620	3.44098	1.12148	0.53058	-0.01484	3.80238	1.08618	0.99780	-0.06632	0.00026	0.06631	0.99776	0.00926	-0.00087	-0.00922	0.99996		14.69201	-2.12381	-1.56175	-0.03359	0.32588	-0.87349	0.45519	0.99987	0.01524	-0.00569	-0.01525	0.99988	-0.00059	0.00568	0.00067	0.99998	
107	0.53500	112.05008	3.44811	1.11432	0.53435	-0.01576	3.80507	1.08485	0.99780	-0.06636	0.00028	0.06636	0.99775	0.00933	-0.00089	-0.00929	0.99996		14.70154	-2.14868	-1.54496	-0.03603	0.32556	-0.87423	0.45095	0.99987	0.01526	-0.00568	-0.01526	0.99988	-0.00063	0.00567	0.00072	0.99998	
108	0.54000	112.04485	3.45521	1.10844	0.53901	-0.01266	3.80496	1.08899	0.99780	-0.06636	0.00022	0.06636	0.99775	0.00941	-0.00084	-0.00937	0.99996		14.69464	-2.13625	-1.54513	-0.03326	0.32692	-0.87007	0.44118	0.99987	0.01518	-0.00571	-0.01519	0.99988	-0.00058	0.00570	0.00067	0.99998	
109	0.54500	112.04553	3.46029	1.12452	0.54423	-0.00820	3.80272	1.08919	0.99780	-0.06632	0.00014	0.06632	0.99775	0.00950	-0.00077	-0.00947	0.99995		14.69766	-2.13954	-1.52854	-0.03488	0.32892	-0.87276	0.43828	0.99987	0.01523	-0.00574	-0.01524	0.99988	-0.00061	0.00573	0.00070	0.99998	
110	0.55000	112.02793	3.46498	1.13086	0.54865	0.00268	3.80318	1.07840	0.99780	-0.06633	-0.00005	0.06633	0.99775	0.00958	-0.00059	-0.00956	0.99995		14.66405	-2.13573	-1.52420	-0.03305	0.33414	-0.87418	0.43566	0.99987	0.01526	-0.00583	-0.01526	0.99988	-0.00058	0.00582	0.00067	0.99998	
111	0.55500	112.02884	3.47143	1.12364	0.55370	0.00676	3.80323	1.08836	0.99780	-0.06633	-0.00012	0.06633	0.99775	0.00966	-0.00052	-0.00965	0.99995		14.69467	-2.13323	-1.51663	-0.03187	0.33647	-0.87561	0.45855	0.99987	0.01528	-0.00587	-0.01529	0.99988	-0.00056	0.00586	0.00065	0.99998	
112	0.56000	112.03111	3.46461	1.13886	0.55556	0.01063	3.80558	1.08770	0.99780	-0.06637	-0.00019	0.06637	0.99775	0.00970	-0.00046	-0.00969	0.99995		14.71353	-2.14754	-1.51271	-0.03488	0.33698	-0.87441	0.44824	0.99987	0.01526	-0.00588	-0.01526	0.99988	-0.00061	0.00587	0.00070	0.99998	
113	0.56500	112.04842	3.47585	1.12187	0.55961	0.01435	3.80488	1.08492	0.99780	-0.06636	-0.00025	0.06636	0.99775	0.00977	-0.00040	-0.00976	0.99995		14.67207	-2.16763	-1.49938	-0.03976	0.34179	-0.87302	0.44702	0.99987	0.01524	-0.00597	-0.01524	0.99988	-0.00069	0.00595	0.00078	0.99998	
114	0.57000	112.02137	3.48837	1.13032	0.56571	0.02214	3.80151	1.09051	0.99780	-0.06630	-0.00039	0.06630	0.99775	0.00987	-0.00027	-0.00988	0.99995		14.67722	-2.18212	-1.49963	-0.04061	0.34502	-0.87196	0.43752	0.99987	0.01522	-0.00602	-0.01522	0.99988	-0.00071	0.00601	0.00080	0.99998	
115	0.57500	112.01355	3.48246	1.15389	0.56748	0.02777	3.80635	1.08219	0.99779	-0.06638	-0.00048	0.06639	0.99774	0.00990	-0.00017	-0.00991	0.99995		14.68101	-2.15946	-1.49582	-0.04170	0.34521	-0.87497	0.44569	0.99987	0.01527	-0.00603	-0.01527	0.99988	-0.00073	0.00601	0.00082	0.99998	
116	0.58000	111.99476	3.47223	1.15135	0.57235	0.03519	3.80243	1.07702	0.99780	-0.06632	-0.00061	0.06632	0.99775	0.00999	-0.00005	-0.01001	0.99995		14.69273	-2.17830	-1.49152	-0.04569	0.34735	-0.87037	0.43108	0.99987	0.01519	-0.00606	-0.01519	0.99988	-0.00080	0.00605	0.00089	0.99998	
117	0.58500	111.93854	3.49655	1.14761	0.57838	0.04661	3.80758	1.08319	0.99779	-0.06641	-0.00081	0.06641	0.99774	0.01009	0.00014	-0.01013	0.99995		14.68437	-2.19807	-1.49170	-0.05102	0.35176	-0.87388	0.44810	0.99986	0.01525	-0.00614	-0.01526	0.99988	-0.00089	0.00613	0.00098	0.99998	
118	0.59000	112.02178	3.50802	1.15924	0.58587	0.04056	3.80408	1.08841	0.99780	-0.06634	-0.00071	0.06635	0.99774	0.01023	0.00003	-0.01025	0.99995		14.66157	-2.17622	-1.48322	-0.05344	0.35597	-0.87480	0.44767	0.99986	0.01527	-0.00621	-0.01527	0.99988	-0.00093	0.00620	0.00103	0.99998	
119	0.59500	111.96477	3.50847	1.17483	0.58754	0.05510	3.80509	1.08552	0.99780	-0.06636	-0.00096	0.06637	0.99774	0.01025	0.00028	-0.01030	0.99995		14.64289	-2.18885	-1.47492	-0.05720	0.36281	-0.87287	0.43609	0.99986	0.01523	-0.00633	-0.01524	0.99988	-0.00100	0.00632	0.00109	0.99998	
120	0.60000	111.96080	3.52765	1.20478	0.59404	0.06072	3.81049	1.09530	0.99779	-0.06646	-0.00106	0.06646	0.99773	0.01037	0.00037	-0.01042	0.99995		14.67607	-2.22280	-1.47496	-0.06553	0.36259	-0.87544	0.44674	0.99986	0.01528	-0.00633	-0.01529	0.99988	-0.00114	0.00631	0.00124	0.99998	
121	0.60500	111.94158	3.52192	1.18323	0.59821	0.06813	3.80415	1.09431	0.99780	-0.06635	-0.00119	0.06636	0.99774	0.01044	0.00049	-0.01050	0.99994		14.63968	-2.22858	-1.46611	-0.07134	0.36683	-0.87138	0.44984	0.99986	0.01521	-0.00640	-0.01522	0.99988	-0.00125	0.00638	0.00134	0.99998	
122	0.61000	111.95907	3.52345	1.19780	0.60136	0.07154	3.81156	1.09971	0.99779	-0.06648	-0.00125	0.06648	0.99773	0.01050	0.00055	-0.01056	0.99994		14.65929	-2.24605	-1.45364	-0.07800	0.37010	-0.87144	0.45095	0.99986	0.01521	-0.00646	-0.01522	0.99988	-0.00136	0.00644	0.00146	0.99998	
123	0.61500	111.94798	3.52016	1.20526	0.60400	0.07834	3.81119	1.09842	0.99779	-0.06647	-0.00137	0.06648	0.99773	0.01054	0.00066	-0.01061	0.99994		14.64164	-2.25079	-1.45342	-0.08230	0.37231	-0.87383	0.46018	0.99986	0.01525	-0.00650	-0.01526	0.99988	-0.00144	0.00648	0.00154	0.99998	
124	0.62000	111.94438	3.52881	1.19908	0.61180	0.07889	3.80542	1.08182	0.99779	-0.06637	-0.00138	0.06638	0.99774	0.01068	0.00067	-0.01075	0.99994		14.60627	-2.24830	-1.45327	-0.08700	0.37909	-0.87173	0.43974	0.99986	0.01521	-0.00662	-0.01522	0.99988	-0.00152	0.00659	0.00162	0.99998	
125	0.62500	111.94645	3.53023	1.22522	0.61306	0.08914	3.80666	1.08517	0.99779	-0.06639	-0.00156	0.06640	0.99774	0.01070	0.00084	-0.01078	0.99994		14.63203	-2.26087	-1.44502	-0.09468	0.38121	-0.87384	0.46039	0.99986	0.01525	-0.00665	-0.01526	0.99988	-0.00165	0.00663	0.00175	0.99998	
126	0.63000	111.94705	3.52315	1.22853	0.61682	0.09101	3.80895	1.09349	0.99779	-0.06643	-0.00159	0.06644	0.99773	0.01077	0.00087	-0.01085	0.99994		14.59938	-2.29368	-1.43557	-0.10663	0.38467	-0.86945	0.46812	0.99986	0.01517	-0.00671	-0.01519	0.99988	-0.00186	0.00668	0.00196	0.99998	
127	0.63500	111.92995	3.54151	1.24473	0.62288	0.09976	3.81135	1.09432	0.99779	-0.06647	-0.00174	0.06649	0.99773	0.01087	0.00101	-0.01096	0.99994		14.58683	-2.30264	-1.43117	-0.11279	0.38829	-0.86973	0.46676	0.99986	0.01518	-0.00678	-0.01519	0.99988	-0.00197	0.00675	0.00207	0.99998	
128	0.64000	111.89801	3.54855	1.26998	0.62977	0.10549	3.81045	1.07712	0.99779	-0.06646	-0.00184	0.06647	0.99773	0.01099	0.00111	-0.01109	0.99994		14.58230	-2.33294	-1.42201	-0.12511	0.38809	-0.86686	0.43526	0.99986	0.01513	-0.00677	-0.01514	0.99988	-0.00218	0.00674	0.00229	0.99997	
129	0.64500	111.92483	3.55453	1.27250	0.63371	0.10573	3.81192	1.08792	0.99779	-0.06648	-0.00185	0.06650	0.99773	0.01106	0.00111	-0.01116	0.99994		14.55747	-2.32732	-1.42219	-0.13087	0.39735	-0.87172	0.46388	0.99986	0.01521	-0.00693	-0.01523	0.99988	-0.00228	0.00690	0.00239	0.99997	
130	0.65000	111.95616	3.54902	1.27332	0.63659	0.10884	3.81502	1.09664	0.99778	-0.06654	-0.00190	0.06655	0.99772	0.01111	0.00116	-0.01121	0.99994		14.56942	-2.36119	-1.42146	-0.14283	0.39545	-0.86769	0.44730	0.99986	0.01514	-0.00690	-0.01516	0.99988	-0.00249	0.00686	0.00260	0.99997	
131	0.65500	111.87149	3.53994	1.30076	0.63856	0.12029	3.81344	1.08571	0.99778	-0.06651	-0.00210	0.06653	0.99772	0.01114	0.00135	-0.01126	0.99994		14.57383	-2.34417	-1.42166	-0.14812	0.39844	-0.86737	0.46240	0.99986	0.01514	-0.00695	-0.01516	0.99988	-0.00259	0.00691	0.00269	0.99997	
132	0.66000	111.87842	3.54185	1.32612	0.64034	0.12418	3.81019	1.08246	0.99779	-0.06645	-0.00217	0.06647	0.99773	0.01118	0.00142	-0.01130	0.99994		14.56473	-2.38369	-1.41671	-0.16130	0.40133	-0.86652	0.46416	0.99986	0.01512	-0.00700	-0.01514	0.99988	-0.00282	0.00696	0.00292	0.99997	
133	0.66500	111.88363	3.55913	1.34295	0.64622	0.12884	3.81236	1.09047	0.99778	-0.06649	-0.00225	0.06651	0.99772	0.01128	0.00149	-0.01140	0.99993		14.54777	-2.38700	-1.42499	-0.16822	0.40631	-0.86788	0.46157	0.99986	0.01515	-0.00709	-0.01517	0.99988	-0.00294	0.00705	0.00304	0.99997	
134	0.67000	111.88948	3.55941	1.34486	0.65002	0.12908	3.81220	1.08534	0.99778	-0.06649	-0.00225	0.06651	0.99772	0.01134	0.00149	-0.01147	0.99993		14.54422	-2.39018	-1.40365	-0.17734	0.40866	-0.86966	0.45664	0.99986	0.01518	-0.00713	-0.01520	0.99988	-0.00310	0.00708	0.00320	0.99997	
135	0.67500	111.88759	3.57629	1.36870	0.65501	0.13845	3.81806	1.09328	0.99778	-0.06659	-0.00242	0.06661	0.99771	0.01143	0.00165	-0.01157	0.99993		14.52164	-2.42443	-1.41564	-0.18927	0.41460	-0.86467	0.45246	0.99986	0.01509	-0.00724	-0.01511	0.99988	-0.00330	0.00719	0.00341	0.99997	
136	0.68000	111.84737	3.54406	1.39089	0.65544	0.14096	3.81278	1.08478	0.99778	-0.06650	-0.00246	0.06652	0.99772	0.01144	0.00169	-0.01158	0.99993		14.49699	-2.42175	-1.41912	-0.19929	0.41741	-0.86716	0.46350	0.99986	0.01513	-0.00729	-0.01516	0.99988	-0.00348	0.00723	0.00359	0.99997	
137	0.68500	111.87504	3.56606	1.42135	0.65980	0.14381	3.81887	1.09217	0.99778	-0.06660	-0.00251	0.06663	0.99771	0.01152	0.00174	-0.01166	0.99993		14.50230	-2.44003	-1.42319	-0.20853	0.41952	-0.86897	0.45962	0.99986	0.01517	-0.00732	-0.01519	0.99988	-0.00364	0.00727	0.00375	0.99997	
138	0.69000	111.86646	3.56227	1.40947	0.66313	0.14400	3.81514	1.09465	0.99778	-0.06654	-0.00251	0.06656	0.99772	0.01157	0.00174	-0.01172	0.99993		14.49764	-2.47196	-1.42630	-0.22416	0.42208	-0.86469	0.45621	0.99986	0.01509	-0.00737	-0.01512	0.99988	-0.00391	0.00731	0.00402	0.99997	
139	0.69500	111.84763	3.56575	1.44711	0.66484	0.14664	3.81449	1.08561	0.99778	-0.06653	-0.00256	0.06655	0.99772	0.01160	0.00178	-0.01175	0.99993		14.48698	-2.50425	-1.41714	-0.23571	0.42529	-0.86254	0.47195	0.99986	0.01505	-0.00742	-0.01508	0.99988	-0.00411	0.00736	0.00423	0.99996	
