NO_OF_FRAMES	12037
NO_OF_CAMERAS	8
NO_OF_BODIES	2
FREQUENCY	200
NO_OF_ANALOG	0
ANALOG_FREQUENCY	0
DESCRIPTION	--
TIME_STAMP	2013-07-02, 16:39:38	3299075.75459106
DATA_INCLUDED	6D
BODY_NAMES	Ice 1	Ice 2
Frame	Time	Ice 1 X	Y	Z	Roll	Pitch	Yaw	Residual	Rot[0]	Rot[1]	Rot[2]	Rot[3]	Rot[4]	Rot[5]	Rot[6]	Rot[7]	Rot[8]	Ice 2 X	Y	Z	Roll	Pitch	Yaw	Residual	Rot[0]	Rot[1]	Rot[2]	Rot[3]	Rot[4]	Rot[5]	Rot[6]	Rot[7]	Rot[8]	
1	0.00500	113.85776	-2.52630	0.36418	0.45336	-0.09490	-0.98040	1.08758	0.99985	0.01711	0.00166	-0.01712	0.99982	0.00791	-0.00152	-0.00794	0.99997		-73.04902	-121.93712	-1.04464	-0.27393	0.38490	0.84842	0.15611	0.99987	-0.01481	-0.00672	0.01477	0.99988	-0.00478	0.00679	0.00468	0.99997	
2	0.01000	113.82365	-2.55871	0.38687	0.44875	-0.08937	-0.98422	1.08719	0.99985	0.01718	0.00156	-0.01719	0.99982	0.00783	-0.00142	-0.00786	0.99997		-73.07528	-121.91219	-1.04597	-0.27016	0.39606	0.84683	0.12221	0.99987	-0.01478	-0.00691	0.01475	0.99988	-0.00472	0.00698	0.00461	0.99996	
3	0.01500	113.81659	-2.55009	0.39838	0.45088	-0.09049	-0.98906	1.07849	0.99985	0.01726	0.00158	-0.01727	0.99982	0.00787	-0.00144	-0.00790	0.99997		-73.09968	-121.90940	-1.05012	-0.26867	0.39901	0.84725	0.13089	0.99987	-0.01479	-0.00696	0.01475	0.99988	-0.00469	0.00703	0.00459	0.99996	
4	0.02000	113.84837	-2.57847	0.38527	0.44559	-0.09622	-0.98346	1.08344	0.99985	0.01716	0.00168	-0.01718	0.99982	0.00778	-0.00155	-0.00780	0.99997		-73.08974	-121.91406	-1.05018	-0.27059	0.39937	0.84479	0.13662	0.99987	-0.01474	-0.00697	0.01471	0.99988	-0.00472	0.00704	0.00462	0.99996	
5	0.02500	113.78547	-2.56344	0.40679	0.44671	-0.08969	-0.98475	1.08780	0.99985	0.01719	0.00157	-0.01720	0.99982	0.00780	-0.00143	-0.00782	0.99997		-73.06886	-121.90316	-1.05520	-0.26875	0.40165	0.84688	0.12589	0.99987	-0.01478	-0.00701	0.01475	0.99988	-0.00469	0.00708	0.00459	0.99996	
6	0.03000	113.85400	-2.57925	0.39919	0.44341	-0.09454	-0.98242	1.09777	0.99985	0.01715	0.00165	-0.01716	0.99982	0.00774	-0.00152	-0.00777	0.99997		-73.07951	-121.88985	-1.06804	-0.26780	0.40449	0.84658	0.12695	0.99987	-0.01477	-0.00706	0.01474	0.99988	-0.00467	0.00713	0.00457	0.99996	
7	0.03500	113.81313	-2.57895	0.41347	0.44328	-0.09112	-0.98667	1.07996	0.99985	0.01722	0.00159	-0.01723	0.99982	0.00774	-0.00146	-0.00776	0.99997		-73.10899	-121.89944	-1.07198	-0.26801	0.41086	0.84525	0.13840	0.99987	-0.01475	-0.00717	0.01472	0.99988	-0.00468	0.00724	0.00457	0.99996	
8	0.04000	113.83401	-2.58485	0.38954	0.43991	-0.09774	-0.97981	1.08120	0.99985	0.01710	0.00171	-0.01711	0.99982	0.00768	-0.00157	-0.00771	0.99997		-73.11286	-121.89281	-1.08052	-0.26651	0.41174	0.84496	0.13773	0.99987	-0.01475	-0.00719	0.01471	0.99988	-0.00465	0.00725	0.00454	0.99996	
9	0.04500	113.82493	-2.58033	0.41751	0.43894	-0.09240	-0.98201	1.08388	0.99985	0.01714	0.00161	-0.01715	0.99982	0.00766	-0.00148	-0.00769	0.99997		-73.08553	-121.88922	-1.08941	-0.26950	0.41084	0.84547	0.12137	0.99987	-0.01476	-0.00717	0.01472	0.99988	-0.00470	0.00724	0.00460	0.99996	
10	0.05000	113.80965	-2.58744	0.41457	0.43536	-0.09228	-0.98328	1.08846	0.99985	0.01716	0.00161	-0.01717	0.99982	0.00760	-0.00148	-0.00762	0.99997		-73.10516	-121.89127	-1.09767	-0.26891	0.41746	0.85139	0.13942	0.99986	-0.01486	-0.00729	0.01482	0.99988	-0.00469	0.00735	0.00458	0.99996	
11	0.05500	113.64415	-2.73613	0.49957	0.43163	-0.09744	-0.96888	1.15792	0.99986	0.01691	0.00170	-0.01692	0.99983	0.00753	-0.00157	-0.00756	0.99997		-73.10270	-121.88996	-1.09794	-0.26863	0.41684	0.85046	0.12173	0.99986	-0.01484	-0.00728	0.01481	0.99988	-0.00469	0.00734	0.00458	0.99996	
12	0.06000	113.65355	-2.72392	0.49886	0.43085	-0.10052	-0.97133	1.16267	0.99985	0.01695	0.00175	-0.01696	0.99983	0.00752	-0.00163	-0.00755	0.99997		-73.09709	-121.88799	-1.10239	-0.26904	0.41817	0.84769	0.12578	0.99986	-0.01479	-0.00730	0.01476	0.99988	-0.00470	0.00737	0.00459	0.99996	
13	0.06500	113.63257	-2.73510	0.51689	0.42869	-0.10113	-0.96639	1.16333	0.99986	0.01687	0.00177	-0.01688	0.99983	0.00748	-0.00164	-0.00751	0.99997		-73.10008	-121.85670	-1.10722	-0.26576	0.42442	0.84384	0.14676	0.99986	-0.01473	-0.00741	0.01469	0.99988	-0.00464	0.00747	0.00453	0.99996	
14	0.07000	113.67582	-2.74495	0.52674	0.42793	-0.10840	-0.96766	1.16405	0.99986	0.01689	0.00189	-0.01690	0.99983	0.00747	-0.00177	-0.00750	0.99997		-73.10291	-121.86230	-1.11511	-0.26640	0.41766	0.84784	0.13172	0.99986	-0.01480	-0.00729	0.01476	0.99988	-0.00465	0.00736	0.00454	0.99996	
15	0.07500	113.60940	-2.76595	0.53284	0.42243	-0.10087	-0.96236	1.16031	0.99986	0.01680	0.00176	-0.01681	0.99983	0.00737	-0.00164	-0.00740	0.99997		-73.10205	-121.86552	-1.12427	-0.26665	0.42696	0.84575	0.12745	0.99986	-0.01476	-0.00745	0.01473	0.99988	-0.00465	0.00752	0.00454	0.99996	
16	0.08000	113.59623	-2.77614	0.53257	0.41975	-0.09896	-0.96768	1.16228	0.99986	0.01689	0.00173	-0.01690	0.99983	0.00733	-0.00160	-0.00735	0.99997		-73.11823	-121.85319	-1.12454	-0.26391	0.43064	0.84209	0.12985	0.99986	-0.01470	-0.00752	0.01466	0.99988	-0.00461	0.00758	0.00450	0.99996	
17	0.08500	113.60125	-2.79380	0.54297	0.41758	-0.10325	-0.96305	1.18503	0.99986	0.01681	0.00180	-0.01682	0.99983	0.00729	-0.00168	-0.00732	0.99997		-73.09354	-121.85099	-1.12468	-0.26640	0.42775	0.84703	0.11440	0.99986	-0.01478	-0.00747	0.01475	0.99988	-0.00465	0.00753	0.00454	0.99996	
18	0.09000	113.58618	-2.79583	0.55191	0.41632	-0.10285	-0.96093	1.17864	0.99986	0.01677	0.00180	-0.01678	0.99983	0.00727	-0.00167	-0.00730	0.99997		-73.12185	-121.84159	-1.14164	-0.26420	0.43429	0.84359	0.14178	0.99986	-0.01472	-0.00758	0.01469	0.99988	-0.00461	0.00765	0.00450	0.99996	
19	0.09500	113.61035	-2.80516	0.55812	0.41251	-0.10690	-0.96637	1.16954	0.99986	0.01687	0.00187	-0.01688	0.99983	0.00720	-0.00174	-0.00723	0.99997		-73.11469	-121.83826	-1.13743	-0.26347	0.43262	0.84546	0.12349	0.99986	-0.01476	-0.00755	0.01472	0.99988	-0.00460	0.00762	0.00449	0.99996	
20	0.10000	113.63082	-2.82320	0.55909	0.40466	-0.10624	-0.96167	1.18015	0.99986	0.01678	0.00185	-0.01680	0.99983	0.00706	-0.00174	-0.00709	0.99997		-73.11032	-121.85166	-1.14591	-0.26630	0.43628	0.84848	0.13226	0.99986	-0.01481	-0.00761	0.01477	0.99988	-0.00465	0.00768	0.00453	0.99996	
21	0.10500	113.57156	-2.82621	0.56287	0.40491	-0.10159	-0.96221	1.18512	0.99986	0.01679	0.00177	-0.01681	0.99983	0.00707	-0.00165	-0.00710	0.99997		-73.11225	-121.83163	-1.15047	-0.26374	0.43720	0.84241	0.13572	0.99986	-0.01470	-0.00763	0.01467	0.99988	-0.00460	0.00770	0.00449	0.99996	
22	0.11000	113.59880	-2.83344	0.57020	0.40425	-0.10722	-0.96707	1.17757	0.99986	0.01688	0.00187	-0.01689	0.99983	0.00706	-0.00175	-0.00709	0.99997		-73.11305	-121.83395	-1.15455	-0.26432	0.43740	0.84705	0.13192	0.99986	-0.01478	-0.00763	0.01475	0.99988	-0.00461	0.00770	0.00450	0.99996	
23	0.11500	113.58720	-2.85092	0.57551	0.39850	-0.10692	-0.95999	1.18571	0.99986	0.01675	0.00187	-0.01677	0.99984	0.00696	-0.00175	-0.00699	0.99997		-73.11652	-121.83258	-1.16325	-0.26399	0.43791	0.84592	0.12440	0.99986	-0.01476	-0.00764	0.01473	0.99988	-0.00461	0.00771	0.00449	0.99996	
24	0.12000	113.60071	-2.82801	0.57793	0.39911	-0.11054	-0.95867	1.19350	0.99986	0.01673	0.00193	-0.01674	0.99984	0.00697	-0.00181	-0.00700	0.99997		-73.11763	-121.82742	-1.15898	-0.26498	0.43850	0.84958	0.11139	0.99986	-0.01483	-0.00765	0.01479	0.99988	-0.00462	0.00772	0.00451	0.99996	
25	0.12500	113.60085	-2.84536	0.57929	0.39586	-0.10827	-0.95645	1.19590	0.99986	0.01669	0.00189	-0.01671	0.99984	0.00691	-0.00177	-0.00694	0.99997		-73.11250	-121.84131	-1.16344	-0.26581	0.44165	0.85061	0.11290	0.99986	-0.01485	-0.00771	0.01481	0.99988	-0.00464	0.00778	0.00452	0.99996	
26	0.13000	113.61305	-2.87352	0.56742	0.38819	-0.11046	-0.95942	1.19508	0.99986	0.01674	0.00193	-0.01676	0.99984	0.00678	-0.00181	-0.00681	0.99998		-73.14151	-121.83175	-1.17593	-0.26280	0.44585	0.84904	0.11793	0.99986	-0.01482	-0.00778	0.01478	0.99988	-0.00459	0.00785	0.00447	0.99996	
27	0.13500	113.62917	-2.86887	0.57975	0.38727	-0.11101	-0.95941	1.18640	0.99986	0.01674	0.00194	-0.01676	0.99984	0.00676	-0.00182	-0.00679	0.99998		-73.10561	-121.81277	-1.18073	-0.26217	0.44307	0.84433	0.12751	0.99986	-0.01474	-0.00773	0.01470	0.99988	-0.00458	0.00780	0.00446	0.99996	
28	0.14000	113.64250	-2.86703	0.59010	0.38467	-0.11396	-0.95548	1.19744	0.99986	0.01668	0.00199	-0.01669	0.99984	0.00671	-0.00188	-0.00675	0.99998		-73.12687	-121.81343	-1.18080	-0.26148	0.44540	0.84406	0.11333	0.99986	-0.01473	-0.00777	0.01470	0.99988	-0.00456	0.00784	0.00445	0.99996	
29	0.14500	113.63837	-2.91587	0.58651	0.37300	-0.10971	-0.94601	1.20299	0.99986	0.01651	0.00191	-0.01652	0.99984	0.00651	-0.00181	-0.00654	0.99998		-73.09842	-121.80944	-1.17262	-0.26025	0.44364	0.84393	0.13398	0.99986	-0.01473	-0.00774	0.01469	0.99988	-0.00454	0.00781	0.00443	0.99996	
30	0.15000	113.62010	-2.88933	0.61465	0.37750	-0.11590	-0.95327	1.19969	0.99986	0.01664	0.00202	-0.01665	0.99984	0.00659	-0.00191	-0.00662	0.99998		-73.09873	-121.81902	-1.19340	-0.26242	0.44363	0.84722	0.12566	0.99986	-0.01479	-0.00774	0.01475	0.99988	-0.00458	0.00781	0.00447	0.99996	
31	0.15500	113.58605	-2.88871	0.63284	0.37572	-0.11095	-0.95925	1.19052	0.99986	0.01674	0.00194	-0.01675	0.99984	0.00656	-0.00183	-0.00659	0.99998		-73.09492	-121.81356	-1.18509	-0.26119	0.44278	0.84710	0.12563	0.99986	-0.01478	-0.00773	0.01475	0.99988	-0.00456	0.00779	0.00444	0.99996	
32	0.16000	113.64077	-2.88707	0.61519	0.37387	-0.11722	-0.95419	1.19754	0.99986	0.01665	0.00205	-0.01667	0.99984	0.00653	-0.00194	-0.00656	0.99998		-73.13491	-121.79597	-1.18085	-0.25958	0.44769	0.84457	0.13379	0.99986	-0.01474	-0.00781	0.01470	0.99988	-0.00453	0.00788	0.00441	0.99996	
33	0.16500	113.61028	-2.91339	0.63103	0.36684	-0.11195	-0.95284	1.19904	0.99986	0.01663	0.00195	-0.01664	0.99984	0.00640	-0.00185	-0.00643	0.99998		-73.12342	-121.82352	-1.18904	-0.26266	0.44665	0.84975	0.12091	0.99986	-0.01483	-0.00780	0.01479	0.99988	-0.00458	0.00786	0.00447	0.99996	
34	0.17000	113.62206	-2.92782	0.60881	0.35989	-0.10784	-0.94213	1.21338	0.99986	0.01644	0.00188	-0.01645	0.99984	0.00628	-0.00178	-0.00631	0.99998		-73.11949	-121.79158	-1.18526	-0.25739	0.44641	0.84722	0.13329	0.99986	-0.01479	-0.00779	0.01475	0.99988	-0.00449	0.00786	0.00438	0.99996	
35	0.17500	113.65249	-2.94490	0.61468	0.35753	-0.11064	-0.93689	1.22912	0.99986	0.01635	0.00193	-0.01636	0.99985	0.00624	-0.00183	-0.00627	0.99998		-73.13228	-121.79300	-1.19333	-0.25894	0.44710	0.84910	0.12950	0.99986	-0.01482	-0.00780	0.01478	0.99988	-0.00452	0.00787	0.00440	0.99996	
36	0.18000	113.63551	-2.93332	0.62003	0.35567	-0.11284	-0.94198	1.21542	0.99986	0.01644	0.00197	-0.01645	0.99985	0.00621	-0.00187	-0.00624	0.99998		-73.15280	-121.79622	-1.18901	-0.25787	0.44682	0.84709	0.12569	0.99986	-0.01478	-0.00780	0.01475	0.99988	-0.00450	0.00786	0.00438	0.99996	
37	0.18500	113.59695	-2.94895	0.61852	0.35145	-0.10649	-0.94206	1.20836	0.99986	0.01644	0.00186	-0.01645	0.99985	0.00613	-0.00176	-0.00616	0.99998		-73.13273	-121.79298	-1.18912	-0.25894	0.44719	0.84909	0.12872	0.99986	-0.01482	-0.00780	0.01478	0.99988	-0.00452	0.00787	0.00440	0.99996	
38	0.19000	113.66520	-2.94502	0.61934	0.35117	-0.11256	-0.94179	1.21021	0.99986	0.01644	0.00196	-0.01645	0.99985	0.00613	-0.00186	-0.00616	0.99998		-73.13742	-121.79427	-1.19323	-0.25744	0.44303	0.84808	0.10693	0.99986	-0.01480	-0.00773	0.01477	0.99988	-0.00449	0.00780	0.00438	0.99996	
39	0.19500	113.64411	-2.95399	0.63396	0.34757	-0.10657	-0.93716	1.20766	0.99986	0.01636	0.00186	-0.01637	0.99985	0.00607	-0.00176	-0.00610	0.99998		-73.13784	-121.78974	-1.19318	-0.25628	0.44336	0.84418	0.13571	0.99986	-0.01473	-0.00774	0.01470	0.99988	-0.00447	0.00780	0.00436	0.99996	
40	0.20000	113.64060	-2.94268	0.63433	0.34791	-0.10882	-0.94006	1.22487	0.99986	0.01641	0.00190	-0.01642	0.99985	0.00607	-0.00180	-0.00610	0.99998		-73.14362	-121.78428	-1.19284	-0.25534	0.43993	0.84713	0.12518	0.99986	-0.01478	-0.00768	0.01475	0.99988	-0.00446	0.00774	0.00434	0.99996	
41	0.20500	113.63567	-2.95147	0.63146	0.34393	-0.10753	-0.94107	1.22927	0.99986	0.01642	0.00188	-0.01643	0.99985	0.00600	-0.00178	-0.00603	0.99998		-73.12868	-121.78109	-1.19321	-0.25640	0.44160	0.84627	0.12290	0.99986	-0.01477	-0.00771	0.01474	0.99988	-0.00447	0.00777	0.00436	0.99996	
42	0.21000	113.65179	-2.96065	0.62710	0.34224	-0.11122	-0.94107	1.22859	0.99986	0.01642	0.00194	-0.01644	0.99985	0.00597	-0.00184	-0.00600	0.99998		-73.12023	-121.78756	-1.19320	-0.25569	0.43942	0.84277	0.13486	0.99986	-0.01471	-0.00767	0.01467	0.99988	-0.00446	0.00773	0.00435	0.99996	
43	0.21500	113.59905	-2.96242	0.64042	0.33972	-0.10644	-0.94322	1.20548	0.99986	0.01646	0.00186	-0.01647	0.99985	0.00593	-0.00176	-0.00596	0.99998		-73.13259	-121.78164	-1.19288	-0.25674	0.43788	0.84485	0.12503	0.99986	-0.01474	-0.00764	0.01471	0.99988	-0.00448	0.00771	0.00437	0.99996	
44	0.22000	113.65325	-2.96060	0.63077	0.33994	-0.11238	-0.93779	1.22602	0.99986	0.01637	0.00196	-0.01638	0.99985	0.00593	-0.00186	-0.00596	0.99998		-73.13506	-121.78562	-1.18857	-0.25562	0.43798	0.84734	0.12795	0.99986	-0.01479	-0.00764	0.01475	0.99988	-0.00446	0.00771	0.00435	0.99996	
45	0.22500	113.65463	-2.96399	0.63740	0.33739	-0.10994	-0.93753	1.23911	0.99986	0.01636	0.00192	-0.01637	0.99985	0.00589	-0.00182	-0.00592	0.99998		-73.12049	-121.79121	-1.18855	-0.25479	0.43435	0.85037	0.11752	0.99986	-0.01484	-0.00758	0.01481	0.99988	-0.00445	0.00765	0.00433	0.99996	
46	0.23000	113.62869	-2.95411	0.64620	0.33837	-0.10812	-0.94271	1.21189	0.99986	0.01645	0.00189	-0.01646	0.99985	0.00591	-0.00179	-0.00594	0.99998		-73.12349	-121.77981	-1.18856	-0.25332	0.43291	0.84739	0.12010	0.99986	-0.01479	-0.00756	0.01476	0.99988	-0.00442	0.00762	0.00431	0.99996	
47	0.23500	113.62761	-2.95220	0.64584	0.33770	-0.10699	-0.94012	1.22235	0.99986	0.01641	0.00187	-0.01642	0.99985	0.00589	-0.00177	-0.00592	0.99998		-73.11407	-121.77249	-1.18463	-0.25251	0.43338	0.84450	0.12286	0.99986	-0.01474	-0.00756	0.01471	0.99988	-0.00441	0.00763	0.00430	0.99996	
48	0.24000	113.63163	-2.97347	0.63907	0.33161	-0.10937	-0.93745	1.22932	0.99986	0.01636	0.00191	-0.01637	0.99985	0.00579	-0.00181	-0.00582	0.99998		-73.12020	-121.77629	-1.17981	-0.25370	0.42997	0.84754	0.13978	0.99986	-0.01479	-0.00750	0.01476	0.99988	-0.00443	0.00757	0.00432	0.99996	
49	0.24500	113.64707	-2.96899	0.63235	0.33125	-0.10991	-0.94026	1.22136	0.99986	0.01641	0.00192	-0.01642	0.99985	0.00578	-0.00182	-0.00581	0.99998		-73.10854	-121.78231	-1.17579	-0.25389	0.42946	0.84777	0.12129	0.99986	-0.01480	-0.00750	0.01476	0.99988	-0.00443	0.00756	0.00432	0.99996	
50	0.25000	113.63043	-2.94525	0.65077	0.33414	-0.10677	-0.93982	1.21691	0.99986	0.01640	0.00186	-0.01641	0.99985	0.00583	-0.00177	-0.00586	0.99998		-73.09326	-121.78501	-1.18402	-0.25446	0.42594	0.84815	0.12383	0.99986	-0.01480	-0.00743	0.01477	0.99988	-0.00444	0.00750	0.00433	0.99996	
51	0.25500	113.66851	-2.97717	0.62752	0.33085	-0.11417	-0.93636	1.22835	0.99986	0.01634	0.00199	-0.01635	0.99985	0.00577	-0.00190	-0.00581	0.99998		-73.10596	-121.79004	-1.17524	-0.25473	0.42643	0.84739	0.13395	0.99986	-0.01479	-0.00744	0.01476	0.99988	-0.00445	0.00751	0.00434	0.99996	
52	0.26000	113.63830	-2.97054	0.65430	0.33006	-0.10530	-0.94464	1.22857	0.99986	0.01649	0.00184	-0.01650	0.99985	0.00576	-0.00174	-0.00579	0.99998		-73.08485	-121.78898	-1.16284	-0.25437	0.42162	0.84661	0.13477	0.99986	-0.01478	-0.00736	0.01474	0.99988	-0.00444	0.00742	0.00433	0.99996	
53	0.26500	113.62216	-2.96519	0.64594	0.32912	-0.10351	-0.94065	1.21881	0.99986	0.01642	0.00181	-0.01643	0.99985	0.00574	-0.00171	-0.00577	0.99998		-73.09734	-121.78216	-1.15006	-0.25316	0.41972	0.84939	0.12526	0.99986	-0.01482	-0.00733	0.01479	0.99988	-0.00442	0.00739	0.00431	0.99996	
54	0.27000	113.64856	-2.97051	0.65505	0.32781	-0.10741	-0.93314	1.24079	0.99987	0.01629	0.00187	-0.01630	0.99985	0.00572	-0.00178	-0.00575	0.99998		-73.09838	-121.77768	-1.16661	-0.25321	0.41800	0.84779	0.13057	0.99986	-0.01480	-0.00730	0.01476	0.99988	-0.00442	0.00736	0.00431	0.99996	
55	0.27500	113.62177	-2.95305	0.65645	0.32989	-0.10362	-0.94276	1.21850	0.99986	0.01645	0.00181	-0.01646	0.99985	0.00576	-0.00171	-0.00579	0.99998		-73.06898	-121.77529	-1.15849	-0.25348	0.41373	0.84894	0.12592	0.99986	-0.01482	-0.00722	0.01478	0.99988	-0.00442	0.00729	0.00432	0.99996	
56	0.28000	113.64118	-2.95988	0.65370	0.32865	-0.10524	-0.93962	1.22984	0.99986	0.01640	0.00184	-0.01641	0.99985	0.00574	-0.00174	-0.00577	0.99998		-73.09284	-121.78750	-1.15771	-0.25458	0.41406	0.85107	0.12835	0.99986	-0.01485	-0.00723	0.01482	0.99988	-0.00444	0.00729	0.00434	0.99996	
57	0.28500	113.66842	-2.96136	0.64080	0.32874	-0.10828	-0.93996	1.22441	0.99986	0.01640	0.00189	-0.01642	0.99985	0.00574	-0.00180	-0.00577	0.99998		-73.06799	-121.79772	-1.14482	-0.25591	0.40585	0.85079	0.12888	0.99986	-0.01485	-0.00708	0.01482	0.99988	-0.00447	0.00715	0.00436	0.99996	
58	0.29000	113.64847	-2.94434	0.65093	0.33040	-0.10502	-0.93883	1.22575	0.99986	0.01638	0.00183	-0.01640	0.99985	0.00577	-0.00174	-0.00580	0.99998		-73.07080	-121.80562	-1.14496	-0.25652	0.40866	0.84893	0.13024	0.99986	-0.01482	-0.00713	0.01478	0.99988	-0.00448	0.00720	0.00437	0.99996	
59	0.29500	113.61868	-2.94513	0.65551	0.33199	-0.10220	-0.93640	1.22730	0.99986	0.01634	0.00178	-0.01635	0.99985	0.00579	-0.00169	-0.00582	0.99998		-73.08140	-121.79630	-1.14465	-0.25465	0.40650	0.84980	0.13093	0.99986	-0.01483	-0.00709	0.01480	0.99988	-0.00444	0.00716	0.00434	0.99996	
60	0.30000	113.65357	-2.92889	0.64640	0.33483	-0.10422	-0.94014	1.21941	0.99986	0.01641	0.00182	-0.01642	0.99985	0.00584	-0.00172	-0.00587	0.99998		-73.08436	-121.78926	-1.13183	-0.25539	0.40288	0.84745	0.12751	0.99987	-0.01479	-0.00703	0.01476	0.99988	-0.00446	0.00710	0.00435	0.99997	
61	0.30500	113.67274	-2.95071	0.65503	0.33367	-0.11070	-0.93686	1.24304	0.99986	0.01635	0.00193	-0.01636	0.99985	0.00582	-0.00184	-0.00585	0.99998		-73.06738	-121.79404	-1.13592	-0.25732	0.40147	0.84784	0.14079	0.99987	-0.01480	-0.00701	0.01477	0.99988	-0.00449	0.00707	0.00439	0.99997	
62	0.31000	113.60079	-2.94000	0.66912	0.33529	-0.10051	-0.94061	1.22220	0.99986	0.01642	0.00175	-0.01643	0.99985	0.00585	-0.00166	-0.00588	0.99998		-73.08051	-121.78135	-1.12328	-0.25478	0.39986	0.84930	0.12663	0.99987	-0.01482	-0.00698	0.01479	0.99988	-0.00445	0.00704	0.00434	0.99997	
63	0.31500	113.69118	-2.95703	0.64032	0.33307	-0.10895	-0.93691	1.23064	0.99986	0.01635	0.00190	-0.01636	0.99985	0.00581	-0.00181	-0.00584	0.99998		-73.06182	-121.79065	-1.11876	-0.25686	0.39558	0.84996	0.12824	0.99987	-0.01483	-0.00690	0.01480	0.99988	-0.00448	0.00697	0.00438	0.99997	
64	0.32000	113.60955	-2.94339	0.65398	0.33649	-0.09962	-0.93645	1.23458	0.99986	0.01634	0.00174	-0.01635	0.99985	0.00587	-0.00164	-0.00590	0.99998		-73.06913	-121.79005	-1.11828	-0.25706	0.39239	0.85470	0.12332	0.99987	-0.01492	-0.00685	0.01489	0.99988	-0.00449	0.00691	0.00438	0.99997	
65	0.32500	113.64466	-2.93183	0.65381	0.33842	-0.10223	-0.93892	1.24035	0.99986	0.01639	0.00178	-0.01640	0.99985	0.00591	-0.00169	-0.00593	0.99998		-73.03581	-121.80068	-1.11467	-0.25794	0.39169	0.84944	0.12220	0.99987	-0.01482	-0.00684	0.01479	0.99988	-0.00450	0.00690	0.00440	0.99997	
66	0.33000	113.64068	-2.91126	0.65484	0.34274	-0.10241	-0.93647	1.23365	0.99986	0.01634	0.00179	-0.01635	0.99985	0.00598	-0.00169	-0.00601	0.99998		-73.03676	-121.78466	-1.11044	-0.25633	0.39241	0.85015	0.14298	0.99987	-0.01484	-0.00685	0.01481	0.99988	-0.00447	0.00691	0.00437	0.99997	
67	0.33500	113.63486	-2.92182	0.65397	0.34419	-0.10563	-0.93967	1.24496	0.99986	0.01640	0.00184	-0.01641	0.99985	0.00601	-0.00174	-0.00604	0.99998		-73.04127	-121.78321	-1.09759	-0.25624	0.38878	0.84753	0.13409	0.99987	-0.01479	-0.00679	0.01476	0.99988	-0.00447	0.00685	0.00437	0.99997	
68	0.34000	113.61942	-2.91625	0.65569	0.34641	-0.10079	-0.93913	1.23530	0.99986	0.01639	0.00176	-0.01640	0.99985	0.00605	-0.00166	-0.00607	0.99998		-73.03260	-121.78921	-1.10142	-0.25873	0.38460	0.84832	0.13198	0.99987	-0.01481	-0.00671	0.01478	0.99988	-0.00452	0.00678	0.00442	0.99997	
69	0.34500	113.63185	-2.90095	0.65549	0.34865	-0.09920	-0.93730	1.23395	0.99986	0.01636	0.00173	-0.01637	0.99985	0.00609	-0.00163	-0.00611	0.99998		-73.03306	-121.78919	-1.09721	-0.25874	0.38469	0.84832	0.13106	0.99987	-0.01481	-0.00671	0.01477	0.99988	-0.00452	0.00678	0.00442	0.99997	
70	0.35000	113.64093	-2.90633	0.65023	0.34921	-0.10267	-0.94115	1.22722	0.99986	0.01643	0.00179	-0.01644	0.99985	0.00609	-0.00169	-0.00612	0.99998		-73.02492	-121.79037	-1.08457	-0.25902	0.38289	0.84852	0.13238	0.99987	-0.01481	-0.00668	0.01478	0.99988	-0.00452	0.00675	0.00442	0.99997	
71	0.35500	113.63896	-2.90131	0.65197	0.35354	-0.10428	-0.94005	1.21905	0.99986	0.01641	0.00182	-0.01642	0.99985	0.00617	-0.00172	-0.00620	0.99998		-73.03127	-121.80700	-1.08392	-0.26098	0.37916	0.85000	0.13830	0.99987	-0.01483	-0.00662	0.01480	0.99988	-0.00455	0.00668	0.00446	0.99997	
72	0.36000	113.57605	-2.86128	0.66246	0.36463	-0.09931	-0.95061	1.20419	0.99986	0.01659	0.00173	-0.01660	0.99984	0.00636	-0.00163	-0.00639	0.99998		-73.01636	-121.81098	-1.07542	-0.26388	0.37623	0.84800	0.14013	0.99987	-0.01480	-0.00657	0.01477	0.99988	-0.00461	0.00663	0.00451	0.99997	
73	0.36500	113.62579	-2.88155	0.62880	0.35886	-0.09768	-0.93614	1.24440	0.99987	0.01634	0.00170	-0.01635	0.99985	0.00626	-0.00160	-0.00629	0.99998		-73.03055	-121.79842	-1.07114	-0.26135	0.37482	0.84943	0.12430	0.99987	-0.01482	-0.00654	0.01479	0.99988	-0.00456	0.00661	0.00446	0.99997	
74	0.37000	113.63273	-2.88885	0.64183	0.36064	-0.09882	-0.94275	1.22166	0.99986	0.01645	0.00172	-0.01646	0.99984	0.00629	-0.00162	-0.00632	0.99998		-73.03401	-121.80106	-1.07147	-0.26172	0.38030	0.84897	0.13805	0.99987	-0.01482	-0.00664	0.01479	0.99988	-0.00457	0.00670	0.00447	0.99997	
75	0.37500	113.64000	-2.88721	0.63203	0.36335	-0.10091	-0.94090	1.23812	0.99986	0.01642	0.00176	-0.01643	0.99984	0.00634	-0.00166	-0.00637	0.99998		-73.01716	-121.79369	-1.05465	-0.26214	0.37682	0.85127	0.12685	0.99987	-0.01486	-0.00658	0.01483	0.99988	-0.00458	0.00664	0.00448	0.99997	
76	0.38000	113.61175	-2.85540	0.63485	0.37107	-0.09798	-0.94987	1.23146	0.99986	0.01658	0.00171	-0.01659	0.99984	0.00648	-0.00160	-0.00650	0.99998		-73.02246	-121.81019	-1.04565	-0.26408	0.37284	0.85276	0.13410	0.99987	-0.01488	-0.00651	0.01485	0.99988	-0.00461	0.00658	0.00451	0.99997	
77	0.38500	113.57581	-2.83621	0.63820	0.37669	-0.09914	-0.95229	1.21966	0.99986	0.01662	0.00173	-0.01663	0.99984	0.00657	-0.00162	-0.00660	0.99998		-72.99833	-121.80838	-1.05403	-0.26564	0.36756	0.85133	0.13044	0.99987	-0.01486	-0.00642	0.01483	0.99988	-0.00464	0.00648	0.00454	0.99997	
78	0.39000	113.59705	-2.83619	0.65081	0.38053	-0.09603	-0.95142	1.22404	0.99986	0.01660	0.00168	-0.01662	0.99984	0.00664	-0.00157	-0.00667	0.99998		-73.00293	-121.79570	-1.04213	-0.26463	0.37383	0.84976	0.12195	0.99987	-0.01483	-0.00652	0.01480	0.99988	-0.00462	0.00659	0.00452	0.99997	
79	0.39500	113.55619	-2.82089	0.64936	0.38362	-0.09391	-0.95196	1.20987	0.99986	0.01661	0.00164	-0.01662	0.99984	0.00670	-0.00153	-0.00672	0.99998		-73.00812	-121.80207	-1.03749	-0.26519	0.37259	0.84918	0.13203	0.99987	-0.01482	-0.00650	0.01479	0.99988	-0.00463	0.00657	0.00453	0.99997	
80	0.40000	113.60083	-2.80360	0.62855	0.38792	-0.09807	-0.95148	1.22836	0.99986	0.01661	0.00171	-0.01662	0.99984	0.00677	-0.00160	-0.00680	0.99998		-72.98000	-121.79969	-1.03772	-0.26548	0.36854	0.85034	0.12544	0.99987	-0.01484	-0.00643	0.01481	0.99988	-0.00463	0.00650	0.00454	0.99997	
81	0.40500	113.60781	-2.81596	0.62818	0.39072	-0.09711	-0.95215	1.22497	0.99986	0.01662	0.00169	-0.01663	0.99984	0.00682	-0.00158	-0.00685	0.99998		-73.00120	-121.79887	-1.03310	-0.26554	0.36883	0.84944	0.14422	0.99987	-0.01482	-0.00644	0.01480	0.99988	-0.00463	0.00651	0.00454	0.99997	
82	0.41000	113.57290	-2.80694	0.62359	0.39429	-0.09297	-0.94989	1.23730	0.99986	0.01658	0.00162	-0.01659	0.99984	0.00688	-0.00151	-0.00691	0.99998		-72.99613	-121.79547	-1.01630	-0.26689	0.36805	0.85163	0.13116	0.99987	-0.01486	-0.00642	0.01483	0.99988	-0.00466	0.00649	0.00456	0.99997	
83	0.41500	113.61397	-2.79700	0.61604	0.39814	-0.09576	-0.95663	1.22491	0.99986	0.01670	0.00167	-0.01671	0.99984	0.00695	-0.00156	-0.00698	0.99997		-72.99473	-121.81649	-1.01607	-0.27056	0.36986	0.85029	0.13954	0.99987	-0.01484	-0.00646	0.01481	0.99988	-0.00472	0.00652	0.00463	0.99997	
84	0.42000	113.59010	-2.76443	0.60935	0.40719	-0.09432	-0.95720	1.22160	0.99986	0.01671	0.00165	-0.01672	0.99984	0.00711	-0.00153	-0.00713	0.99997		-73.01134	-121.80474	-1.00791	-0.26906	0.37151	0.85168	0.12989	0.99987	-0.01486	-0.00648	0.01483	0.99988	-0.00470	0.00655	0.00460	0.99997	
85	0.42500	113.60609	-2.78125	0.61374	0.40775	-0.09691	-0.95723	1.22816	0.99986	0.01671	0.00169	-0.01672	0.99983	0.00712	-0.00157	-0.00714	0.99997		-72.99065	-121.82326	-1.01175	-0.27207	0.36890	0.85059	0.14100	0.99987	-0.01484	-0.00644	0.01481	0.99988	-0.00475	0.00651	0.00465	0.99997	
86	0.43000	113.55962	-2.75183	0.61584	0.41471	-0.09304	-0.95347	1.22567	0.99986	0.01664	0.00162	-0.01665	0.99984	0.00724	-0.00150	-0.00726	0.99997		-72.98769	-121.82778	-0.99894	-0.27221	0.36572	0.85085	0.13252	0.99987	-0.01485	-0.00638	0.01482	0.99988	-0.00475	0.00645	0.00466	0.99997	
87	0.43500	113.57861	-2.76481	0.61647	0.41479	-0.09408	-0.95439	1.22471	0.99986	0.01666	0.00164	-0.01667	0.99983	0.00724	-0.00152	-0.00727	0.99997		-72.99369	-121.82534	-0.99109	-0.27260	0.36951	0.85138	0.12164	0.99987	-0.01486	-0.00645	0.01483	0.99988	-0.00476	0.00652	0.00466	0.99997	
88	0.44000	113.58145	-2.75749	0.60065	0.41981	-0.09304	-0.95530	1.23453	0.99986	0.01667	0.00162	-0.01668	0.99983	0.00733	-0.00150	-0.00735	0.99997		-73.00659	-121.82283	-0.99087	-0.27205	0.37258	0.84733	0.14593	0.99987	-0.01479	-0.00650	0.01476	0.99988	-0.00475	0.00657	0.00465	0.99997	
89	0.44500	113.58818	-2.74511	0.59023	0.42439	-0.09641	-0.95951	1.22669	0.99986	0.01675	0.00168	-0.01676	0.99983	0.00741	-0.00156	-0.00743	0.99997		-73.01750	-121.81948	-0.98664	-0.27248	0.37293	0.84744	0.13792	0.99987	-0.01479	-0.00651	0.01476	0.99988	-0.00476	0.00658	0.00466	0.99997	
90	0.45000	113.60713	-2.73317	0.59309	0.43015	-0.09355	-0.95360	1.23278	0.99986	0.01664	0.00163	-0.01665	0.99983	0.00751	-0.00151	-0.00753	0.99997		-72.98743	-121.81906	-0.98273	-0.27413	0.37097	0.84861	0.14460	0.99987	-0.01481	-0.00647	0.01478	0.99988	-0.00478	0.00654	0.00469	0.99997	
91	0.45500	113.54168	-2.73425	0.59021	0.43398	-0.08880	-0.95528	1.22207	0.99986	0.01667	0.00155	-0.01668	0.99983	0.00757	-0.00142	-0.00760	0.99997		-72.96437	-121.83524	-0.96999	-0.27667	0.36782	0.85397	0.12804	0.99987	-0.01490	-0.00642	0.01487	0.99988	-0.00483	0.00649	0.00473	0.99997	
92	0.46000	113.57483	-2.73202	0.57881	0.43589	-0.09032	-0.95817	1.23888	0.99986	0.01672	0.00158	-0.01673	0.99983	0.00761	-0.00145	-0.00763	0.99997		-72.97895	-121.83439	-0.96188	-0.27747	0.37372	0.85365	0.13456	0.99987	-0.01490	-0.00652	0.01487	0.99988	-0.00484	0.00659	0.00475	0.99997	
93	0.46500	113.58601	-2.71087	0.56968	0.44306	-0.09052	-0.95792	1.23886	0.99986	0.01672	0.00158	-0.01673	0.99983	0.00773	-0.00145	-0.00776	0.99997		-73.00926	-121.83480	-0.96573	-0.27583	0.37567	0.85246	0.12996	0.99987	-0.01488	-0.00656	0.01485	0.99988	-0.00481	0.00663	0.00472	0.99997	
94	0.47000	113.58837	-2.71362	0.55838	0.44543	-0.09288	-0.95482	1.24046	0.99986	0.01666	0.00162	-0.01668	0.99983	0.00777	-0.00149	-0.00780	0.99997		-72.98283	-121.83966	-0.94926	-0.27870	0.37460	0.85375	0.13407	0.99987	-0.01490	-0.00654	0.01487	0.99988	-0.00486	0.00661	0.00477	0.99997	
95	0.47500	113.60831	-2.67794	0.56534	0.45480	-0.09235	-0.95894	1.23300	0.99986	0.01674	0.00161	-0.01675	0.99983	0.00794	-0.00148	-0.00796	0.99997		-72.96907	-121.82721	-0.96216	-0.27666	0.37411	0.85074	0.13865	0.99987	-0.01485	-0.00653	0.01482	0.99988	-0.00483	0.00660	0.00473	0.99997	
96	0.48000	113.59277	-2.69376	0.54520	0.45300	-0.09165	-0.95711	1.24198	0.99986	0.01670	0.00160	-0.01672	0.99983	0.00791	-0.00147	-0.00793	0.99997		-73.00359	-121.83972	-0.94909	-0.27998	0.37713	0.85544	0.12909	0.99987	-0.01493	-0.00658	0.01490	0.99988	-0.00489	0.00665	0.00479	0.99997	
97	0.48500	113.62586	-2.69581	0.55446	0.45701	-0.09623	-0.95394	1.24683	0.99986	0.01665	0.00168	-0.01666	0.99983	0.00798	-0.00155	-0.00800	0.99997		-72.98463	-121.83363	-0.94139	-0.27919	0.38015	0.85251	0.12739	0.99987	-0.01488	-0.00663	0.01485	0.99988	-0.00487	0.00671	0.00477	0.99997	
98	0.49000	113.57505	-2.68634	0.54313	0.46054	-0.09009	-0.95785	1.23126	0.99986	0.01672	0.00157	-0.01673	0.99983	0.00804	-0.00144	-0.00806	0.99997		-72.99136	-121.84293	-0.94119	-0.27930	0.38116	0.85510	0.12961	0.99987	-0.01492	-0.00665	0.01489	0.99988	-0.00487	0.00672	0.00477	0.99997	
99	0.49500	113.59723	-2.68496	0.54031	0.46525	-0.08853	-0.95564	1.24041	0.99986	0.01668	0.00155	-0.01669	0.99983	0.00812	-0.00141	-0.00814	0.99997		-73.02039	-121.84515	-0.93259	-0.27900	0.38537	0.85392	0.13526	0.99987	-0.01490	-0.00673	0.01487	0.99988	-0.00487	0.00680	0.00477	0.99997	
100	0.50000	113.58291	-2.68143	0.52474	0.46879	-0.08576	-0.95790	1.24353	0.99986	0.01672	0.00150	-0.01673	0.99983	0.00818	-0.00136	-0.00821	0.99997		-73.00685	-121.84009	-0.92880	-0.27873	0.38473	0.85470	0.12621	0.99987	-0.01492	-0.00671	0.01488	0.99988	-0.00486	0.00679	0.00476	0.99997	
101	0.50500	113.60203	-2.66826	0.52834	0.47067	-0.08871	-0.95756	1.23338	0.99986	0.01671	0.00155	-0.01672	0.99983	0.00821	-0.00141	-0.00824	0.99997		-72.99294	-121.85678	-0.92868	-0.28038	0.38114	0.85241	0.12819	0.99987	-0.01488	-0.00665	0.01484	0.99988	-0.00489	0.00672	0.00479	0.99997	
102	0.51000	113.58217	-2.66679	0.52269	0.47471	-0.08479	-0.95255	1.24409	0.99986	0.01662	0.00148	-0.01664	0.99983	0.00829	-0.00134	-0.00831	0.99996		-72.98247	-121.84436	-0.92526	-0.27817	0.38612	0.85182	0.13759	0.99987	-0.01487	-0.00674	0.01483	0.99988	-0.00485	0.00681	0.00475	0.99997	
103	0.51500	113.60208	-2.65917	0.51972	0.47806	-0.08868	-0.95143	1.24596	0.99986	0.01660	0.00155	-0.01662	0.99983	0.00834	-0.00141	-0.00837	0.99996		-72.99094	-121.83935	-0.92533	-0.27703	0.38817	0.85074	0.14986	0.99987	-0.01485	-0.00677	0.01481	0.99988	-0.00483	0.00685	0.00473	0.99997	
104	0.52000	113.58804	-2.65145	0.50033	0.48077	-0.08615	-0.95606	1.25420	0.99986	0.01669	0.00150	-0.01670	0.99983	0.00839	-0.00136	-0.00841	0.99996		-72.99150	-121.84410	-0.92555	-0.27791	0.39290	0.85228	0.14693	0.99987	-0.01487	-0.00686	0.01484	0.99988	-0.00485	0.00693	0.00475	0.99996	
105	0.52500	113.57945	-2.66016	0.49465	0.48444	-0.08256	-0.95563	1.24670	0.99986	0.01668	0.00144	-0.01669	0.99982	0.00846	-0.00130	-0.00848	0.99996		-72.99919	-121.83544	-0.92558	-0.27712	0.39254	0.85227	0.13882	0.99987	-0.01487	-0.00685	0.01484	0.99988	-0.00484	0.00692	0.00473	0.99996	
106	0.53000	113.61552	-2.65728	0.47954	0.48710	-0.08698	-0.95382	1.26084	0.99986	0.01665	0.00152	-0.01666	0.99983	0.00850	-0.00138	-0.00853	0.99996		-72.98569	-121.84955	-0.92192	-0.27688	0.39588	0.85378	0.13254	0.99987	-0.01490	-0.00691	0.01487	0.99988	-0.00483	0.00698	0.00473	0.99996	
107	0.53500	113.62922	-2.64806	0.48432	0.48858	-0.08763	-0.95959	1.25487	0.99986	0.01675	0.00153	-0.01676	0.99982	0.00853	-0.00139	-0.00855	0.99996		-73.00356	-121.83597	-0.92158	-0.27612	0.39570	0.85179	0.14363	0.99987	-0.01487	-0.00691	0.01483	0.99988	-0.00482	0.00698	0.00472	0.99996	
108	0.54000	113.57229	-2.64330	0.47435	0.49427	-0.08593	-0.96078	1.24426	0.99986	0.01677	0.00150	-0.01678	0.99982	0.00863	-0.00135	-0.00865	0.99996		-73.00944	-121.86002	-0.90919	-0.27840	0.39880	0.85191	0.13887	0.99987	-0.01487	-0.00696	0.01483	0.99988	-0.00486	0.00703	0.00475	0.99996	
109	0.54500	113.62640	-2.62999	0.46342	0.49607	-0.08614	-0.95949	1.24218	0.99986	0.01675	0.00150	-0.01676	0.99982	0.00866	-0.00136	-0.00868	0.99996		-72.97850	-121.86281	-0.91370	-0.27764	0.39850	0.85650	0.13874	0.99986	-0.01495	-0.00696	0.01491	0.99988	-0.00485	0.00703	0.00474	0.99996	
110	0.55000	113.61420	-2.64473	0.45538	0.49670	-0.08922	-0.95890	1.25308	0.99986	0.01674	0.00156	-0.01675	0.99982	0.00867	-0.00141	-0.00869	0.99996		-73.01882	-121.85266	-0.90511	-0.27686	0.40082	0.85611	0.12478	0.99986	-0.01494	-0.00700	0.01491	0.99988	-0.00483	0.00707	0.00473	0.99996	
111	0.55500	113.61374	-2.63518	0.44707	0.49838	-0.08866	-0.95874	1.25512	0.99986	0.01673	0.00155	-0.01675	0.99982	0.00870	-0.00140	-0.00872	0.99996		-73.02723	-121.87428	-0.90907	-0.27853	0.40460	0.85350	0.14338	0.99986	-0.01490	-0.00706	0.01486	0.99988	-0.00486	0.00713	0.00476	0.99996	
112	0.56000	113.60915	-2.61710	0.45236	0.50293	-0.08299	-0.95588	1.25195	0.99986	0.01668	0.00145	-0.01669	0.99982	0.00878	-0.00130	-0.00880	0.99996		-73.03758	-121.84569	-0.91407	-0.27291	0.40971	0.84951	0.14029	0.99986	-0.01483	-0.00715	0.01479	0.99988	-0.00476	0.00722	0.00466	0.99996	
113	0.56500	113.56928	-2.64003	0.43359	0.50360	-0.08446	-0.96153	1.24550	0.99986	0.01678	0.00147	-0.01679	0.99982	0.00879	-0.00133	-0.00881	0.99996		-73.00004	-121.85392	-0.90599	-0.27536	0.40820	0.85072	0.15524	0.99986	-0.01485	-0.00712	0.01481	0.99988	-0.00481	0.00719	0.00470	0.99996	
114	0.57000	113.61432	-2.62704	0.43979	0.50412	-0.08795	-0.95978	1.25499	0.99986	0.01675	0.00154	-0.01676	0.99982	0.00880	-0.00139	-0.00882	0.99996		-73.02001	-121.86656	-0.90616	-0.27622	0.41238	0.85174	0.13536	0.99986	-0.01486	-0.00720	0.01483	0.99988	-0.00482	0.00727	0.00471	0.99996	
115	0.57500	113.60959	-2.62559	0.44425	0.50694	-0.08378	-0.96079	1.24531	0.99986	0.01677	0.00146	-0.01678	0.99982	0.00885	-0.00131	-0.00887	0.99996		-72.99691	-121.87083	-0.91054	-0.27482	0.41145	0.85442	0.14201	0.99986	-0.01491	-0.00718	0.01488	0.99988	-0.00480	0.00725	0.00469	0.99996	
116	0.58000	113.62035	-2.61516	0.42633	0.50753	-0.08504	-0.95605	1.25624	0.99986	0.01669	0.00148	-0.01670	0.99982	0.00886	-0.00134	-0.00888	0.99996		-73.03235	-121.85687	-0.91048	-0.27291	0.41749	0.84998	0.15751	0.99986	-0.01483	-0.00729	0.01480	0.99988	-0.00476	0.00736	0.00465	0.99996	
117	0.58500	113.61024	-2.60886	0.43141	0.51047	-0.08058	-0.96071	1.24767	0.99986	0.01677	0.00141	-0.01678	0.99982	0.00891	-0.00126	-0.00893	0.99996		-73.01236	-121.87512	-0.91053	-0.27381	0.41462	0.85223	0.13674	0.99986	-0.01487	-0.00724	0.01484	0.99988	-0.00478	0.00731	0.00467	0.99996	
118	0.59000	113.63409	-2.60091	0.40593	0.51206	-0.08810	-0.95212	1.26811	0.99986	0.01662	0.00154	-0.01663	0.99982	0.00894	-0.00139	-0.00896	0.99996		-73.02064	-121.88588	-0.91879	-0.27627	0.41648	0.85248	0.13569	0.99986	-0.01488	-0.00727	0.01484	0.99988	-0.00482	0.00734	0.00471	0.99996	
119	0.59500	113.65278	-2.58791	0.39322	0.51533	-0.09040	-0.96072	1.25834	0.99986	0.01677	0.00158	-0.01678	0.99982	0.00899	-0.00143	-0.00902	0.99996		-73.02910	-121.87978	-0.91917	-0.27376	0.42058	0.85167	0.13898	0.99986	-0.01486	-0.00734	0.01483	0.99988	-0.00478	0.00741	0.00467	0.99996	
120	0.60000	113.59728	-2.60248	0.39956	0.51214	-0.08208	-0.96028	1.25426	0.99986	0.01676	0.00143	-0.01677	0.99982	0.00894	-0.00128	-0.00896	0.99996		-73.01932	-121.87858	-0.91974	-0.27203	0.42522	0.85220	0.14998	0.99986	-0.01487	-0.00742	0.01484	0.99988	-0.00475	0.00749	0.00464	0.99996	
121	0.60500	113.63388	-2.61580	0.40035	0.50985	-0.08588	-0.95228	1.25547	0.99986	0.01662	0.00150	-0.01663	0.99982	0.00890	-0.00135	-0.00892	0.99996		-73.02631	-121.88849	-0.91971	-0.27338	0.42418	0.84863	0.12951	0.99986	-0.01481	-0.00740	0.01478	0.99988	-0.00477	0.00747	0.00466	0.99996	
122	0.61000	113.59415	-2.60739	0.37548	0.51512	-0.08331	-0.96279	1.23716	0.99986	0.01680	0.00145	-0.01682	0.99982	0.00899	-0.00130	-0.00901	0.99996		-73.00815	-121.89659	-0.92392	-0.27292	0.42424	0.85411	0.14538	0.99986	-0.01491	-0.00740	0.01487	0.99988	-0.00476	0.00747	0.00465	0.99996	
123	0.61500	113.63644	-2.58817	0.38013	0.51575	-0.08482	-0.95943	1.25163	0.99986	0.01674	0.00148	-0.01676	0.99982	0.00900	-0.00133	-0.00903	0.99996		-73.02704	-121.88860	-0.92014	-0.27113	0.42872	0.85072	0.13167	0.99986	-0.01485	-0.00748	0.01481	0.99988	-0.00473	0.00755	0.00462	0.99996	
124	0.62000	113.63052	-2.59650	0.37348	0.51511	-0.08562	-0.95745	1.25367	0.99986	0.01671	0.00149	-0.01672	0.99982	0.00899	-0.00134	-0.00901	0.99996		-73.02683	-121.88862	-0.92429	-0.27113	0.42864	0.85072	0.13239	0.99986	-0.01485	-0.00748	0.01481	0.99988	-0.00473	0.00755	0.00462	0.99996	
125	0.62500	113.66901	-2.59268	0.34580	0.51451	-0.08862	-0.95640	1.25364	0.99986	0.01669	0.00155	-0.01670	0.99982	0.00898	-0.00140	-0.00900	0.99996		-73.02537	-121.89107	-0.92039	-0.27050	0.43052	0.84878	0.13585	0.99986	-0.01481	-0.00751	0.01478	0.99988	-0.00472	0.00758	0.00461	0.99996	
126	0.63000	113.67652	-2.60686	0.36910	0.51135	-0.09164	-0.96224	1.23988	0.99986	0.01679	0.00160	-0.01681	0.99982	0.00892	-0.00145	-0.00895	0.99996		-73.01895	-121.89997	-0.92456	-0.27131	0.43118	0.84876	0.14200	0.99986	-0.01481	-0.00753	0.01478	0.99988	-0.00474	0.00759	0.00462	0.99996	
127	0.63500	113.67667	-2.60516	0.37149	0.51235	-0.09359	-0.95828	1.26135	0.99986	0.01672	0.00163	-0.01674	0.99982	0.00894	-0.00148	-0.00897	0.99996		-73.00654	-121.90259	-0.92477	-0.27170	0.43299	0.85157	0.15126	0.99986	-0.01486	-0.00756	0.01483	0.99988	-0.00474	0.00763	0.00463	0.99996	
128	0.64000	113.67483	-2.60172	0.35338	0.51245	-0.09207	-0.95953	1.26138	0.99986	0.01675	0.00161	-0.01676	0.99982	0.00894	-0.00146	-0.00897	0.99996		-73.01332	-121.91737	-0.92071	-0.27301	0.43411	0.85067	0.12857	0.99986	-0.01485	-0.00758	0.01481	0.99988	-0.00476	0.00765	0.00465	0.99996	
129	0.64500	113.65225	-2.60887	0.33652	0.51035	-0.09288	-0.96075	1.23135	0.99986	0.01677	0.00162	-0.01678	0.99982	0.00891	-0.00147	-0.00893	0.99996		-72.99273	-121.91750	-0.94181	-0.27173	0.43154	0.84896	0.13547	0.99986	-0.01482	-0.00753	0.01478	0.99988	-0.00474	0.00760	0.00463	0.99996	
130	0.65000	113.61994	-2.60317	0.33545	0.51143	-0.08943	-0.96017	1.24391	0.99986	0.01676	0.00156	-0.01677	0.99982	0.00893	-0.00141	-0.00895	0.99996		-73.04687	-121.89691	-0.94150	-0.26961	0.43978	0.84992	0.15476	0.99986	-0.01483	-0.00768	0.01480	0.99988	-0.00471	0.00774	0.00459	0.99996	
131	0.65500	113.63186	-2.61733	0.35285	0.50704	-0.08700	-0.95709	1.24989	0.99986	0.01670	0.00152	-0.01672	0.99982	0.00885	-0.00137	-0.00887	0.99996		-73.00054	-121.90078	-0.94210	-0.27105	0.43614	0.85208	0.13126	0.99986	-0.01487	-0.00761	0.01483	0.99988	-0.00473	0.00768	0.00462	0.99996	
132	0.66000	113.62959	-2.61626	0.35901	0.50581	-0.08774	-0.95695	1.25071	0.99986	0.01670	0.00153	-0.01671	0.99982	0.00883	-0.00138	-0.00885	0.99996		-72.99671	-121.91735	-0.95063	-0.27246	0.43952	0.85024	0.14073	0.99986	-0.01484	-0.00767	0.01480	0.99988	-0.00476	0.00774	0.00464	0.99996	
133	0.66500	113.67638	-2.59788	0.33760	0.50519	-0.09324	-0.96139	1.24678	0.99986	0.01678	0.00163	-0.01679	0.99982	0.00882	-0.00148	-0.00884	0.99996		-73.01286	-121.92004	-0.95025	-0.27240	0.43610	0.84871	0.13220	0.99986	-0.01481	-0.00761	0.01478	0.99988	-0.00475	0.00768	0.00464	0.99996	
134	0.67000	113.65659	-2.62696	0.33227	0.50125	-0.08873	-0.96109	1.24854	0.99986	0.01677	0.00155	-0.01679	0.99982	0.00875	-0.00140	-0.00877	0.99996		-73.03048	-121.91858	-0.95835	-0.27117	0.43768	0.84762	0.13815	0.99986	-0.01479	-0.00764	0.01476	0.99988	-0.00473	0.00771	0.00462	0.99996	
135	0.67500	113.65303	-2.62336	0.31263	0.50186	-0.09103	-0.96179	1.23489	0.99986	0.01679	0.00159	-0.01680	0.99982	0.00876	-0.00144	-0.00878	0.99996		-73.02986	-121.92773	-0.95430	-0.27304	0.44218	0.84748	0.15432	0.99986	-0.01479	-0.00772	0.01475	0.99988	-0.00477	0.00779	0.00465	0.99996	
136	0.68000	113.69521	-2.62124	0.31473	0.49846	-0.09611	-0.95496	1.24790	0.99986	0.01667	0.00168	-0.01668	0.99982	0.00870	-0.00153	-0.00873	0.99996		-73.02379	-121.94419	-0.95827	-0.27589	0.43798	0.85469	0.12581	0.99986	-0.01492	-0.00764	0.01488	0.99988	-0.00482	0.00772	0.00470	0.99996	
137	0.68500	113.63479	-2.62554	0.31807	0.49751	-0.08935	-0.95705	1.25613	0.99986	0.01670	0.00156	-0.01672	0.99982	0.00868	-0.00141	-0.00871	0.99996		-73.02381	-121.94153	-0.96694	-0.27505	0.44265	0.85415	0.14113	0.99986	-0.01491	-0.00773	0.01487	0.99988	-0.00480	0.00780	0.00468	0.99996	
