NO_OF_FRAMES	12038
NO_OF_CAMERAS	8
NO_OF_BODIES	2
FREQUENCY	200
NO_OF_ANALOG	0
ANALOG_FREQUENCY	0
DESCRIPTION	--
TIME_STAMP	2013-07-02, 12:51:41	3285399.64321697
DATA_INCLUDED	6D
BODY_NAMES	Ice 1	Ice 2
Frame	Time	Ice 1 X	Y	Z	Roll	Pitch	Yaw	Residual	Rot[0]	Rot[1]	Rot[2]	Rot[3]	Rot[4]	Rot[5]	Rot[6]	Rot[7]	Rot[8]	Ice 2 X	Y	Z	Roll	Pitch	Yaw	Residual	Rot[0]	Rot[1]	Rot[2]	Rot[3]	Rot[4]	Rot[5]	Rot[6]	Rot[7]	Rot[8]	
1	0.00500	101.20645	119.97231	0.55345	0.11131	0.28026	26.16976	1.04901	0.89749	-0.44102	-0.00194	0.44103	0.89748	0.00489	-0.00041	-0.00525	0.99999		25.13521	-14.96862	0.35347	0.03474	-0.03632	7.57231	3.13379	0.99128	-0.13178	-0.00061	0.13178	0.99128	-0.00063	0.00069	0.00055	1.00000	
2	0.01000	101.16818	119.87130	0.55960	0.10827	0.28713	26.16297	1.01470	0.89755	-0.44092	-0.00189	0.44092	0.89753	0.00501	-0.00051	-0.00533	0.99999		25.22275	-14.96228	0.39435	0.02782	-0.03487	7.57892	3.09766	0.99126	-0.13189	-0.00049	0.13189	0.99126	-0.00061	0.00056	0.00054	1.00000	
3	0.01500	101.16472	119.87012	0.54896	0.10616	0.28418	26.15994	1.02451	0.89757	-0.44087	-0.00185	0.44087	0.89756	0.00496	-0.00052	-0.00527	0.99999		25.20031	-14.96607	0.42897	0.02644	-0.02919	7.57562	3.08936	0.99127	-0.13183	-0.00046	0.13183	0.99127	-0.00051	0.00053	0.00044	1.00000	
4	0.02000	101.18684	119.90584	0.58426	0.10843	0.28358	26.16600	1.03231	0.89752	-0.44096	-0.00189	0.44097	0.89751	0.00495	-0.00048	-0.00528	0.99999		25.20826	-14.97596	0.44100	0.02748	-0.02826	7.57603	3.11350	0.99127	-0.13184	-0.00048	0.13184	0.99127	-0.00049	0.00054	0.00043	1.00000	
5	0.02500	101.16606	119.87436	0.58353	0.10869	0.28401	26.16243	1.03072	0.89755	-0.44091	-0.00190	0.44091	0.89754	0.00496	-0.00048	-0.00528	0.99999		25.20190	-14.95052	0.42052	0.02662	-0.02970	7.57935	3.09658	0.99126	-0.13190	-0.00046	0.13190	0.99126	-0.00052	0.00053	0.00045	1.00000	
6	0.03000	101.15803	119.88151	0.57220	0.10817	0.28577	26.16082	1.02592	0.89756	-0.44088	-0.00189	0.44089	0.89755	0.00499	-0.00050	-0.00531	0.99999		25.17667	-14.97996	0.46259	0.02618	-0.02444	7.57156	3.05438	0.99128	-0.13176	-0.00046	0.13176	0.99128	-0.00043	0.00051	0.00036	1.00000	
7	0.03500	101.17848	119.91764	0.57979	0.10896	0.28660	26.16439	1.01736	0.89753	-0.44094	-0.00190	0.44094	0.89752	0.00500	-0.00050	-0.00533	0.99999		25.20186	-14.98351	0.43588	0.02820	-0.02746	7.57798	3.09784	0.99127	-0.13188	-0.00049	0.13188	0.99127	-0.00048	0.00055	0.00041	1.00000	
8	0.04000	101.15911	119.89945	0.57657	0.10936	0.28392	26.16372	1.02970	0.89754	-0.44093	-0.00191	0.44093	0.89753	0.00496	-0.00047	-0.00529	0.99999		25.19461	-14.96010	0.42235	0.02333	-0.03066	7.58043	3.08121	0.99126	-0.13192	-0.00041	0.13192	0.99126	-0.00054	0.00047	0.00048	1.00000	
9	0.04500	101.15721	119.90301	0.59099	0.10911	0.28274	26.16342	1.02461	0.89754	-0.44092	-0.00190	0.44093	0.89753	0.00493	-0.00047	-0.00527	0.99999		25.23396	-14.97599	0.46086	0.02787	-0.02696	7.58382	3.12817	0.99125	-0.13198	-0.00049	0.13198	0.99125	-0.00047	0.00054	0.00040	1.00000	
10	0.05000	101.18483	119.93180	0.57696	0.10795	0.28857	26.16865	1.02031	0.89750	-0.44101	-0.00188	0.44101	0.89749	0.00504	-0.00053	-0.00535	0.99999		25.20479	-14.97430	0.43100	0.02774	-0.03134	7.57969	3.10816	0.99126	-0.13190	-0.00048	0.13191	0.99126	-0.00055	0.00055	0.00048	1.00000	
11	0.05500	101.15977	119.89919	0.60941	0.11162	0.28418	26.16379	1.02832	0.89754	-0.44093	-0.00195	0.44093	0.89753	0.00496	-0.00044	-0.00531	0.99999		25.22025	-14.98016	0.46621	0.03033	-0.02743	7.58164	3.11231	0.99126	-0.13194	-0.00053	0.13194	0.99126	-0.00048	0.00059	0.00040	1.00000	
12	0.06000	101.16198	119.89577	0.61233	0.11248	0.28652	26.16429	1.01558	0.89754	-0.44094	-0.00196	0.44094	0.89752	0.00500	-0.00044	-0.00535	0.99999		25.20416	-14.99940	0.46189	0.03001	-0.02709	7.57892	3.08584	0.99126	-0.13189	-0.00052	0.13189	0.99126	-0.00047	0.00058	0.00040	1.00000	
13	0.06500	101.16133	119.89490	0.60634	0.11034	0.29337	26.16443	1.00751	0.89753	-0.44094	-0.00193	0.44094	0.89752	0.00512	-0.00053	-0.00544	0.99998		25.20165	-14.98935	0.41120	0.02375	-0.03482	7.57944	3.08411	0.99126	-0.13190	-0.00041	0.13190	0.99126	-0.00061	0.00049	0.00055	1.00000	
14	0.07000	101.15394	119.87061	0.59373	0.11023	0.28541	26.16178	1.03572	0.89755	-0.44090	-0.00192	0.44090	0.89754	0.00498	-0.00047	-0.00532	0.99999		25.21102	-15.07461	0.29553	0.04166	-0.10023	7.58357	3.11740	0.99125	-0.13197	-0.00073	0.13197	0.99125	-0.00175	0.00095	0.00164	1.00000	
15	0.07500	101.16453	119.88350	0.59786	0.11046	0.28517	26.16226	1.02135	0.89755	-0.44091	-0.00193	0.44091	0.89754	0.00498	-0.00046	-0.00532	0.99999		25.23924	-15.09478	0.30245	0.04291	-0.10037	7.59023	3.14797	0.99124	-0.13209	-0.00075	0.13209	0.99124	-0.00175	0.00097	0.00164	1.00000	
16	0.08000	101.16436	119.88430	0.58957	0.10878	0.28751	26.16245	1.02107	0.89755	-0.44091	-0.00190	0.44091	0.89754	0.00502	-0.00051	-0.00534	0.99999		25.24306	-15.08313	0.32395	0.04314	-0.09873	7.59364	3.12655	0.99123	-0.13215	-0.00075	0.13215	0.99123	-0.00172	0.00097	0.00161	1.00000	
17	0.08500	101.15626	119.88056	0.59111	0.10903	0.28994	26.16278	1.01400	0.89755	-0.44091	-0.00190	0.44092	0.89753	0.00506	-0.00052	-0.00538	0.99999		25.23148	-15.10180	0.30313	0.04481	-0.10091	7.59046	3.14285	0.99124	-0.13209	-0.00078	0.13209	0.99124	-0.00176	0.00101	0.00164	1.00000	
18	0.09000	101.18545	119.92723	0.57962	0.10737	0.28779	26.16872	1.02312	0.89750	-0.44101	-0.00187	0.44101	0.89749	0.00502	-0.00053	-0.00533	0.99999		25.27569	-15.10423	0.30161	0.04601	-0.10165	7.59428	3.14182	0.99123	-0.13216	-0.00080	0.13216	0.99123	-0.00177	0.00103	0.00165	1.00000	
19	0.09500	101.16402	119.91103	0.57629	0.10838	0.28732	26.16315	1.02150	0.89754	-0.44092	-0.00189	0.44092	0.89753	0.00501	-0.00051	-0.00533	0.99999		25.26692	-15.09514	0.33127	0.04555	-0.09816	7.59500	3.13705	0.99123	-0.13217	-0.00080	0.13217	0.99123	-0.00171	0.00102	0.00159	1.00000	
20	0.10000	101.17929	119.92544	0.59888	0.10973	0.28769	26.16937	1.02338	0.89750	-0.44102	-0.00192	0.44102	0.89748	0.00502	-0.00050	-0.00535	0.99999		25.22596	-15.09309	0.29085	0.04320	-0.10379	7.59234	3.12859	0.99123	-0.13212	-0.00075	0.13212	0.99123	-0.00181	0.00099	0.00170	1.00000	
21	0.10500	101.18800	119.92339	0.60133	0.11056	0.28082	26.16883	1.03670	0.89750	-0.44101	-0.00193	0.44101	0.89749	0.00490	-0.00043	-0.00525	0.99999		25.22947	-15.10743	0.31735	0.04329	-0.10103	7.59122	3.13316	0.99124	-0.13211	-0.00076	0.13210	0.99123	-0.00176	0.00098	0.00165	1.00000	
22	0.11000	101.14291	119.84712	0.56671	0.10720	0.28298	26.15853	1.02216	0.89758	-0.44085	-0.00187	0.44085	0.89757	0.00494	-0.00050	-0.00526	0.99999		25.22281	-15.11111	0.28276	0.04467	-0.10548	7.59236	3.12937	0.99123	-0.13213	-0.00078	0.13212	0.99123	-0.00184	0.00102	0.00172	1.00000	
23	0.11500	101.17738	119.93909	0.58576	0.10875	0.29150	26.16719	1.01367	0.89751	-0.44098	-0.00190	0.44099	0.89750	0.00509	-0.00054	-0.00540	0.99999		25.23323	-15.10199	0.30557	0.04410	-0.10159	7.59257	3.11796	0.99123	-0.13213	-0.00077	0.13213	0.99123	-0.00177	0.00100	0.00166	1.00000	
24	0.12000	101.17006	119.81758	0.58530	0.10318	0.27736	26.16389	1.09395	0.89754	-0.44093	-0.00180	0.44093	0.89753	0.00484	-0.00052	-0.00514	0.99999		25.26907	-15.10454	0.32215	0.04274	-0.09907	7.59769	3.15294	0.99122	-0.13222	-0.00075	0.13222	0.99122	-0.00173	0.00097	0.00162	1.00000	
25	0.12500	101.18122	119.85147	0.59053	0.10223	0.27716	26.16531	1.09173	0.89753	-0.44095	-0.00178	0.44096	0.89751	0.00484	-0.00053	-0.00513	0.99999		25.23524	-15.08300	0.31055	0.04345	-0.10297	7.59842	3.11949	0.99122	-0.13223	-0.00076	0.13223	0.99122	-0.00180	0.00099	0.00168	1.00000	
26	0.13000	101.15594	119.80696	0.59863	0.10242	0.27554	26.16253	1.09892	0.89755	-0.44091	-0.00179	0.44091	0.89754	0.00481	-0.00052	-0.00510	0.99999		25.22396	-15.09816	0.32472	0.04575	-0.10097	7.59700	3.14210	0.99122	-0.13221	-0.00080	0.13220	0.99122	-0.00176	0.00103	0.00164	1.00000	
27	0.13500	101.17357	119.82124	0.58350	0.10079	0.28157	26.16736	1.08978	0.89751	-0.44099	-0.00176	0.44099	0.89750	0.00491	-0.00059	-0.00519	0.99999		25.21270	-15.14918	0.31267	0.03957	-0.10398	7.58964	3.11129	0.99124	-0.13208	-0.00069	0.13208	0.99124	-0.00181	0.00092	0.00171	1.00000	
28	0.14000	101.17753	119.83544	0.57603	0.10038	0.28323	26.16644	1.09860	0.89752	-0.44097	-0.00175	0.44097	0.89751	0.00494	-0.00061	-0.00521	0.99999		25.22806	-15.12991	0.30899	0.04238	-0.10354	7.59091	3.09393	0.99124	-0.13210	-0.00074	0.13210	0.99123	-0.00181	0.00097	0.00169	1.00000	
29	0.14500	101.19129	119.86797	0.56978	0.09994	0.27940	26.17271	1.10132	0.89747	-0.44107	-0.00174	0.44107	0.89746	0.00488	-0.00058	-0.00515	0.99999		25.24917	-15.11866	0.33720	0.04064	-0.09909	7.59811	3.13817	0.99122	-0.13222	-0.00071	0.13222	0.99122	-0.00173	0.00093	0.00162	1.00000	
30	0.15000	101.17706	119.83199	0.56294	0.09809	0.28101	26.16624	1.09857	0.89752	-0.44097	-0.00171	0.44097	0.89751	0.00490	-0.00063	-0.00516	0.99999		25.27022	-15.12629	0.33844	0.04355	-0.10078	7.59982	3.13406	0.99122	-0.13225	-0.00076	0.13225	0.99121	-0.00176	0.00099	0.00164	1.00000	
31	0.15500	101.15857	119.81456	0.54814	0.09668	0.27352	26.16128	1.10927	0.89756	-0.44089	-0.00169	0.44089	0.89755	0.00477	-0.00059	-0.00503	0.99999		25.26386	-15.13428	0.30799	0.03976	-0.10245	7.59761	3.12680	0.99122	-0.13222	-0.00069	0.13221	0.99122	-0.00179	0.00092	0.00168	1.00000	
32	0.16000	101.16729	119.84181	0.54869	0.09752	0.27801	26.16865	1.11523	0.89750	-0.44101	-0.00170	0.44101	0.89749	0.00485	-0.00061	-0.00510	0.99999		25.25620	-15.10537	0.34844	0.04754	-0.09791	7.59979	3.12689	0.99122	-0.13225	-0.00083	0.13225	0.99121	-0.00171	0.00105	0.00158	1.00000	
33	0.16500	101.17115	119.83074	0.56585	0.09916	0.28179	26.16481	1.10263	0.89753	-0.44095	-0.00173	0.44095	0.89752	0.00492	-0.00061	-0.00518	0.99999		25.20020	-15.09929	0.31864	0.04878	-0.10023	7.59519	3.13202	0.99123	-0.13217	-0.00085	0.13217	0.99122	-0.00175	0.00108	0.00162	1.00000	
34	0.17000	101.17471	119.83625	0.54428	0.09650	0.28001	26.16583	1.11324	0.89752	-0.44096	-0.00168	0.44097	0.89751	0.00489	-0.00064	-0.00513	0.99999		25.25114	-15.12894	0.31214	0.04141	-0.10230	7.59805	3.13640	0.99122	-0.13222	-0.00072	0.13222	0.99122	-0.00179	0.00095	0.00167	1.00000	
35	0.17500	101.17415	119.84458	0.55556	0.09792	0.27853	26.16805	1.11761	0.89751	-0.44100	-0.00171	0.44100	0.89749	0.00486	-0.00061	-0.00512	0.99999		25.22034	-15.12331	0.33474	0.04292	-0.10011	7.59528	3.11113	0.99123	-0.13218	-0.00075	0.13217	0.99122	-0.00175	0.00097	0.00163	1.00000	
36	0.18000	101.17502	119.83873	0.53331	0.09448	0.27970	26.16829	1.12363	0.89750	-0.44100	-0.00165	0.44100	0.89749	0.00488	-0.00067	-0.00511	0.99999		25.26825	-15.15271	0.34577	0.04283	-0.09836	7.60194	3.14834	0.99121	-0.13229	-0.00075	0.13229	0.99121	-0.00172	0.00097	0.00160	1.00000	
37	0.18500	101.17381	119.84319	0.52747	0.09458	0.27921	26.16809	1.12107	0.89751	-0.44100	-0.00165	0.44100	0.89749	0.00487	-0.00067	-0.00510	0.99999		25.27908	-15.12121	0.33531	0.04367	-0.09727	7.60510	3.11867	0.99120	-0.13235	-0.00076	0.13234	0.99120	-0.00170	0.00098	0.00158	1.00000	
38	0.19000	101.16735	119.83532	0.51850	0.09480	0.27520	26.16847	1.11845	0.89750	-0.44100	-0.00165	0.44101	0.89749	0.00480	-0.00063	-0.00504	0.99999		25.26446	-15.11715	0.33983	0.04418	-0.09820	7.60684	3.13275	0.99120	-0.13238	-0.00077	0.13237	0.99120	-0.00171	0.00099	0.00160	1.00000	
39	0.19500	101.16052	119.82662	0.51586	0.09403	0.27801	26.16897	1.10983	0.89750	-0.44101	-0.00164	0.44101	0.89749	0.00485	-0.00067	-0.00508	0.99999		25.27398	-15.13224	0.34958	0.04507	-0.09667	7.60693	3.14156	0.99120	-0.13238	-0.00079	0.13238	0.99120	-0.00169	0.00100	0.00157	1.00000	
40	0.20000	101.14517	119.79711	0.51614	0.09408	0.27432	26.16234	1.10881	0.89755	-0.44091	-0.00164	0.44091	0.89754	0.00479	-0.00064	-0.00502	0.99999		25.27595	-15.13769	0.34425	0.04552	-0.10069	7.60734	3.14345	0.99120	-0.13238	-0.00079	0.13238	0.99120	-0.00176	0.00102	0.00164	1.00000	
41	0.20500	101.14589	119.80108	0.49517	0.09173	0.28261	26.16509	1.11338	0.89753	-0.44095	-0.00160	0.44095	0.89752	0.00493	-0.00074	-0.00513	0.99999		25.26263	-15.15191	0.35092	0.04396	-0.09646	7.60298	3.13749	0.99121	-0.13231	-0.00077	0.13231	0.99121	-0.00168	0.00098	0.00157	1.00000	
42	0.21000	101.18063	119.83690	0.51330	0.09289	0.27641	26.16952	1.11934	0.89749	-0.44102	-0.00162	0.44102	0.89748	0.00482	-0.00067	-0.00504	0.99999		25.23686	-15.12167	0.31441	0.04141	-0.10249	7.60368	3.13331	0.99121	-0.13232	-0.00072	0.13232	0.99121	-0.00179	0.00095	0.00168	1.00000	
43	0.21500	101.14358	119.80012	0.49430	0.09079	0.28198	26.16236	1.09837	0.89755	-0.44091	-0.00158	0.44091	0.89754	0.00492	-0.00075	-0.00512	0.99999		25.22171	-15.15031	0.34101	0.03943	-0.09941	7.59769	3.10942	0.99122	-0.13222	-0.00069	0.13222	0.99122	-0.00174	0.00091	0.00163	1.00000	
44	0.22000	101.16988	119.83610	0.45540	0.08877	0.27808	26.16942	1.12410	0.89750	-0.44102	-0.00155	0.44102	0.89748	0.00485	-0.00075	-0.00504	0.99999		25.30257	-15.15690	0.34306	0.04514	-0.09798	7.61139	3.14758	0.99119	-0.13245	-0.00079	0.13245	0.99119	-0.00171	0.00101	0.00159	1.00000	
45	0.22500	101.14554	119.79787	0.46145	0.08951	0.28034	26.16490	1.11590	0.89753	-0.44095	-0.00156	0.44095	0.89752	0.00489	-0.00075	-0.00508	0.99999		25.26869	-15.14927	0.33778	0.04451	-0.09882	7.60827	3.12446	0.99120	-0.13240	-0.00078	0.13240	0.99119	-0.00172	0.00100	0.00161	1.00000	
46	0.23000	101.15586	119.83350	0.48049	0.09019	0.27673	26.16379	1.12530	0.89754	-0.44093	-0.00157	0.44093	0.89753	0.00483	-0.00072	-0.00503	0.99999		25.26250	-15.14443	0.34099	0.04173	-0.09988	7.60733	3.12657	0.99120	-0.13238	-0.00073	0.13238	0.99120	-0.00174	0.00095	0.00163	1.00000	
47	0.23500	101.13495	119.80289	0.45986	0.09084	0.27512	26.16459	1.11721	0.89753	-0.44094	-0.00159	0.44095	0.89752	0.00480	-0.00069	-0.00501	0.99999		25.23966	-15.15366	0.34862	0.04197	-0.09855	7.60611	3.14411	0.99120	-0.13236	-0.00073	0.13236	0.99120	-0.00172	0.00095	0.00161	1.00000	
48	0.24000	101.14852	119.81409	0.45606	0.08923	0.27303	26.16597	1.11600	0.89752	-0.44097	-0.00156	0.44097	0.89751	0.00477	-0.00070	-0.00496	0.99999		25.22199	-15.16001	0.36259	0.04240	-0.09502	7.60222	3.11852	0.99121	-0.13230	-0.00074	0.13229	0.99121	-0.00166	0.00095	0.00155	1.00000	
49	0.24500	101.14615	119.79564	0.45412	0.08899	0.28125	26.16504	1.11341	0.89753	-0.44095	-0.00155	0.44095	0.89752	0.00491	-0.00077	-0.00509	0.99999		25.22289	-15.12513	0.37617	0.04259	-0.09434	7.60379	3.12413	0.99121	-0.13232	-0.00074	0.13232	0.99121	-0.00165	0.00096	0.00153	1.00000	
50	0.25000	101.14037	119.78804	0.41878	0.08423	0.28028	26.16379	1.11038	0.89754	-0.44093	-0.00147	0.44093	0.89753	0.00489	-0.00084	-0.00504	0.99999		25.23912	-15.14409	0.34572	0.04002	-0.09611	7.60452	3.12172	0.99121	-0.13234	-0.00070	0.13233	0.99120	-0.00168	0.00092	0.00157	1.00000	
51	0.25500	101.15621	119.82109	0.45417	0.08818	0.28069	26.16605	1.12546	0.89752	-0.44097	-0.00154	0.44097	0.89751	0.00490	-0.00078	-0.00508	0.99999		25.26434	-15.15421	0.34230	0.03982	-0.09679	7.60960	3.14798	0.99119	-0.13242	-0.00069	0.13242	0.99119	-0.00169	0.00091	0.00158	1.00000	
52	0.26000	101.15655	119.81822	0.42327	0.08589	0.27493	26.16811	1.13405	0.89751	-0.44100	-0.00150	0.44100	0.89749	0.00480	-0.00077	-0.00497	0.99999		25.25783	-15.15885	0.36270	0.04033	-0.09345	7.60954	3.12862	0.99119	-0.13242	-0.00070	0.13242	0.99119	-0.00163	0.00091	0.00152	1.00000	
53	0.26500	101.14641	119.81647	0.40394	0.08469	0.28041	26.16598	1.10447	0.89752	-0.44097	-0.00148	0.44097	0.89751	0.00489	-0.00083	-0.00504	0.99999		25.26367	-15.15822	0.34553	0.04180	-0.09656	7.61124	3.13175	0.99119	-0.13245	-0.00073	0.13245	0.99119	-0.00169	0.00095	0.00157	1.00000	
54	0.27000	101.14843	119.81617	0.39443	0.08243	0.28181	26.16880	1.12340	0.89750	-0.44101	-0.00144	0.44101	0.89749	0.00492	-0.00088	-0.00505	0.99999		25.25838	-15.15633	0.34427	0.03834	-0.09655	7.60818	3.12456	0.99120	-0.13240	-0.00067	0.13240	0.99120	-0.00169	0.00089	0.00158	1.00000	
55	0.27500	101.14911	119.81173	0.39294	0.08263	0.27987	26.16878	1.12638	0.89750	-0.44101	-0.00144	0.44101	0.89749	0.00488	-0.00086	-0.00502	0.99999		25.27654	-15.15625	0.35073	0.04315	-0.09569	7.61367	3.15115	0.99118	-0.13249	-0.00075	0.13249	0.99118	-0.00167	0.00097	0.00156	1.00000	
56	0.28000	101.14888	119.81478	0.39247	0.08377	0.28026	26.16870	1.12146	0.89750	-0.44101	-0.00146	0.44101	0.89749	0.00489	-0.00084	-0.00503	0.99999		25.25474	-15.16639	0.36343	0.03495	-0.09157	7.60729	3.09381	0.99120	-0.13238	-0.00061	0.13238	0.99120	-0.00160	0.00082	0.00150	1.00000	
57	0.28500	101.13653	119.80331	0.37540	0.08135	0.27909	26.16559	1.12081	0.89753	-0.44096	-0.00142	0.44096	0.89751	0.00487	-0.00087	-0.00500	0.99999		25.24889	-15.16217	0.34081	0.04119	-0.09577	7.60823	3.12574	0.99120	-0.13240	-0.00072	0.13240	0.99119	-0.00167	0.00093	0.00156	1.00000	
58	0.29000	101.14481	119.81341	0.35192	0.08019	0.27711	26.16554	1.12846	0.89753	-0.44096	-0.00140	0.44096	0.89751	0.00484	-0.00088	-0.00496	0.99999		25.23035	-15.12974	0.37191	0.03949	-0.09358	7.60939	3.11648	0.99119	-0.13242	-0.00069	0.13242	0.99119	-0.00163	0.00090	0.00153	1.00000	
59	0.29500	101.13492	119.78118	0.37197	0.08150	0.28343	26.16691	1.11547	0.89751	-0.44098	-0.00142	0.44098	0.89750	0.00495	-0.00090	-0.00507	0.99999		25.24161	-15.14288	0.38343	0.04115	-0.09191	7.61009	3.14989	0.99119	-0.13243	-0.00072	0.13243	0.99119	-0.00160	0.00092	0.00149	1.00000	
60	0.30000	101.14467	119.79396	0.34986	0.08023	0.27558	26.16708	1.12952	0.89751	-0.44098	-0.00140	0.44098	0.89750	0.00481	-0.00086	-0.00493	0.99999		25.23551	-15.11703	0.34055	0.03792	-0.09428	7.61131	3.15103	0.99119	-0.13245	-0.00066	0.13245	0.99119	-0.00165	0.00087	0.00154	1.00000	
61	0.30500	101.14812	119.81303	0.34753	0.07941	0.28096	26.16873	1.12639	0.89750	-0.44101	-0.00139	0.44101	0.89749	0.00490	-0.00092	-0.00501	0.99999		25.25077	-15.16145	0.34533	0.04153	-0.09524	7.61227	3.13195	0.99119	-0.13247	-0.00072	0.13247	0.99119	-0.00166	0.00094	0.00155	1.00000	
62	0.31000	101.15196	119.81801	0.34611	0.08055	0.27613	26.16950	1.13623	0.89749	-0.44102	-0.00141	0.44102	0.89748	0.00482	-0.00086	-0.00494	0.99999		25.24047	-15.16325	0.34988	0.03693	-0.09411	7.60944	3.11045	0.99119	-0.13242	-0.00064	0.13242	0.99119	-0.00164	0.00086	0.00154	1.00000	
63	0.31500	101.14629	119.81430	0.33996	0.07917	0.27715	26.16814	1.14142	0.89751	-0.44100	-0.00138	0.44100	0.89749	0.00484	-0.00089	-0.00495	0.99999		25.23703	-15.18083	0.37023	0.03542	-0.09075	7.60465	3.12737	0.99121	-0.13234	-0.00062	0.13234	0.99120	-0.00158	0.00082	0.00149	1.00000	
64	0.32000	101.14984	119.81202	0.30444	0.07667	0.27507	26.16679	1.12212	0.89752	-0.44098	-0.00134	0.44098	0.89750	0.00480	-0.00092	-0.00490	0.99999		25.24802	-15.17972	0.33241	0.03831	-0.09708	7.60802	3.10813	0.99120	-0.13240	-0.00067	0.13239	0.99120	-0.00169	0.00089	0.00159	1.00000	
65	0.32500	101.14664	119.81086	0.31309	0.07763	0.28014	26.17275	1.14566	0.89747	-0.44107	-0.00135	0.44107	0.89746	0.00489	-0.00094	-0.00499	0.99999		25.25929	-15.15162	0.35820	0.03621	-0.09286	7.61334	3.12433	0.99118	-0.13249	-0.00063	0.13249	0.99118	-0.00162	0.00084	0.00152	1.00000	
66	0.33000	101.14487	119.80570	0.30231	0.07480	0.28086	26.17022	1.13530	0.89749	-0.44103	-0.00131	0.44103	0.89748	0.00490	-0.00099	-0.00497	0.99999		25.25615	-15.15144	0.36328	0.04324	-0.09239	7.61401	3.13458	0.99118	-0.13250	-0.00075	0.13250	0.99118	-0.00161	0.00096	0.00150	1.00000	
67	0.33500	101.14336	119.79931	0.28079	0.07485	0.27713	26.16734	1.12146	0.89751	-0.44099	-0.00131	0.44099	0.89750	0.00484	-0.00096	-0.00492	0.99999		25.25592	-15.15514	0.33507	0.03971	-0.09402	7.61512	3.11539	0.99118	-0.13252	-0.00069	0.13252	0.99118	-0.00164	0.00091	0.00153	1.00000	
68	0.34000	101.14288	119.81078	0.27755	0.07229	0.28142	26.17006	1.12622	0.89749	-0.44103	-0.00126	0.44103	0.89748	0.00491	-0.00103	-0.00496	0.99999		25.26948	-15.14277	0.34201	0.04296	-0.09304	7.61887	3.15768	0.99117	-0.13258	-0.00075	0.13258	0.99117	-0.00162	0.00096	0.00151	1.00000	
69	0.34500	101.13539	119.81915	0.28759	0.07599	0.28136	26.16821	1.13994	0.89750	-0.44100	-0.00133	0.44100	0.89749	0.00491	-0.00097	-0.00499	0.99999		25.25790	-15.17853	0.34446	0.03767	-0.09381	7.61097	3.13553	0.99119	-0.13245	-0.00066	0.13245	0.99119	-0.00164	0.00087	0.00154	1.00000	
70	0.35000	101.15004	119.81420	0.26734	0.07280	0.28203	26.16947	1.12859	0.89750	-0.44102	-0.00127	0.44102	0.89748	0.00492	-0.00103	-0.00498	0.99999		25.25645	-15.16884	0.37263	0.03572	-0.08766	7.61235	3.10541	0.99119	-0.13247	-0.00062	0.13247	0.99119	-0.00153	0.00082	0.00143	1.00000	
71	0.35500	101.13908	119.77357	0.25719	0.07254	0.27915	26.16794	1.13761	0.89751	-0.44100	-0.00127	0.44100	0.89749	0.00487	-0.00101	-0.00493	0.99999		25.23938	-15.17882	0.34502	0.04003	-0.09222	7.60811	3.11395	0.99120	-0.13240	-0.00070	0.13240	0.99120	-0.00161	0.00091	0.00150	1.00000	
72	0.36000	101.14219	119.77932	0.24893	0.07017	0.27733	26.16891	1.14955	0.89750	-0.44101	-0.00122	0.44101	0.89749	0.00484	-0.00104	-0.00488	0.99999		25.27214	-15.17297	0.33673	0.04162	-0.09232	7.61437	3.15665	0.99118	-0.13251	-0.00073	0.13250	0.99118	-0.00161	0.00093	0.00150	1.00000	
73	0.36500	101.15425	119.80504	0.23727	0.07004	0.27791	26.16802	1.14206	0.89751	-0.44100	-0.00122	0.44100	0.89749	0.00485	-0.00104	-0.00489	0.99999		25.25420	-15.15582	0.32952	0.03623	-0.09185	7.61382	3.14107	0.99118	-0.13250	-0.00063	0.13250	0.99118	-0.00160	0.00084	0.00151	1.00000	
74	0.37000	101.15382	119.81485	0.23855	0.07122	0.27704	26.17031	1.14152	0.89749	-0.44104	-0.00124	0.44104	0.89748	0.00484	-0.00102	-0.00489	0.99999		25.28757	-15.15118	0.32928	0.03550	-0.09318	7.61995	3.12813	0.99117	-0.13260	-0.00062	0.13260	0.99117	-0.00163	0.00083	0.00153	1.00000	
75	0.37500	101.14644	119.80727	0.20796	0.06775	0.28172	26.17091	1.13449	0.89748	-0.44104	-0.00118	0.44104	0.89747	0.00492	-0.00111	-0.00493	0.99999		25.26196	-15.17585	0.37821	0.03999	-0.08862	7.61526	3.12793	0.99118	-0.13252	-0.00070	0.13252	0.99118	-0.00155	0.00090	0.00144	1.00000	
76	0.38000	101.14011	119.81347	0.22397	0.06970	0.28523	26.16960	1.13792	0.89749	-0.44102	-0.00122	0.44102	0.89748	0.00498	-0.00110	-0.00500	0.99999		25.26896	-15.15741	0.36797	0.03841	-0.08567	7.61573	3.13569	0.99118	-0.13253	-0.00067	0.13253	0.99118	-0.00150	0.00086	0.00139	1.00000	
77	0.38500	101.14651	119.80209	0.23650	0.06927	0.28311	26.16860	1.12973	0.89750	-0.44101	-0.00121	0.44101	0.89749	0.00494	-0.00109	-0.00497	0.99999		25.22206	-15.13402	0.36547	0.03608	-0.08748	7.61545	3.11521	0.99118	-0.13252	-0.00063	0.13252	0.99118	-0.00153	0.00083	0.00143	1.00000	
78	0.39000	101.15300	119.81415	0.20058	0.06708	0.27702	26.17027	1.13893	0.89749	-0.44103	-0.00117	0.44103	0.89748	0.00483	-0.00108	-0.00486	0.99999		25.22181	-15.16915	0.34188	0.03585	-0.09126	7.61070	3.11253	0.99119	-0.13244	-0.00063	0.13244	0.99119	-0.00159	0.00083	0.00150	1.00000	
79	0.39500	101.14230	119.79502	0.19787	0.06693	0.28192	26.17196	1.15012	0.89748	-0.44106	-0.00117	0.44106	0.89746	0.00492	-0.00112	-0.00493	0.99999		25.23274	-15.16175	0.33246	0.03633	-0.09143	7.61519	3.11838	0.99118	-0.13252	-0.00063	0.13252	0.99118	-0.00160	0.00084	0.00150	1.00000	
80	0.40000	101.11165	119.74329	0.20469	0.06542	0.27942	26.16555	1.13011	0.89753	-0.44096	-0.00114	0.44096	0.89751	0.00488	-0.00113	-0.00488	0.99999		25.26089	-15.15868	0.30416	0.03795	-0.09601	7.61916	3.13748	0.99117	-0.13259	-0.00066	0.13259	0.99117	-0.00168	0.00088	0.00157	1.00000	
81	0.40500	101.14555	119.80885	0.19125	0.06722	0.28037	26.17070	1.13063	0.89749	-0.44104	-0.00117	0.44104	0.89747	0.00489	-0.00110	-0.00491	0.99999		25.29270	-15.18243	0.34566	0.03423	-0.08901	7.61881	3.14774	0.99117	-0.13258	-0.00060	0.13258	0.99117	-0.00155	0.00080	0.00146	1.00000	
82	0.41000	101.14575	119.80929	0.19345	0.06603	0.28260	26.17094	1.13520	0.89748	-0.44105	-0.00115	0.44105	0.89747	0.00493	-0.00114	-0.00493	0.99999		25.27078	-15.15579	0.34008	0.04204	-0.08890	7.62271	3.14937	0.99116	-0.13265	-0.00073	0.13265	0.99116	-0.00155	0.00093	0.00144	1.00000	
83	0.41500	101.13942	119.78138	0.17093	0.06349	0.28311	26.16877	1.13329	0.89750	-0.44101	-0.00111	0.44101	0.89749	0.00494	-0.00118	-0.00492	0.99999		25.24980	-15.17566	0.31899	0.03399	-0.09209	7.61818	3.13774	0.99117	-0.13257	-0.00059	0.13257	0.99117	-0.00161	0.00080	0.00151	1.00000	
84	0.42000	101.13946	119.78086	0.16629	0.06427	0.28193	26.16864	1.13378	0.89750	-0.44101	-0.00112	0.44101	0.89749	0.00492	-0.00116	-0.00491	0.99999		25.25951	-15.17650	0.33744	0.03792	-0.09067	7.61840	3.13522	0.99117	-0.13258	-0.00066	0.13257	0.99117	-0.00158	0.00087	0.00148	1.00000	
85	0.42500	101.12987	119.78155	0.16492	0.06450	0.27665	26.16845	1.14237	0.89750	-0.44101	-0.00113	0.44101	0.89749	0.00483	-0.00112	-0.00483	0.99999		25.23848	-15.18539	0.32895	0.03549	-0.09188	7.61384	3.10822	0.99118	-0.13250	-0.00062	0.13250	0.99118	-0.00160	0.00083	0.00151	1.00000	
86	0.43000	101.13527	119.79182	0.16805	0.06360	0.28059	26.16800	1.13478	0.89751	-0.44100	-0.00111	0.44100	0.89749	0.00490	-0.00116	-0.00488	0.99999		25.24252	-15.17058	0.30304	0.03539	-0.09157	7.61410	3.10468	0.99118	-0.13250	-0.00062	0.13250	0.99118	-0.00160	0.00082	0.00150	1.00000	
87	0.43500	101.14789	119.79968	0.14921	0.06278	0.28378	26.17135	1.14943	0.89748	-0.44105	-0.00110	0.44105	0.89747	0.00495	-0.00120	-0.00493	0.99999		25.23993	-15.13831	0.33041	0.04025	-0.09050	7.61918	3.12108	0.99117	-0.13259	-0.00070	0.13259	0.99117	-0.00158	0.00091	0.00147	1.00000	
88	0.44000	101.14373	119.80652	0.16364	0.06196	0.27897	26.17045	1.15250	0.89749	-0.44104	-0.00108	0.44104	0.89747	0.00487	-0.00118	-0.00485	0.99999		25.27414	-15.16164	0.32027	0.03310	-0.09032	7.61959	3.12636	0.99117	-0.13260	-0.00058	0.13260	0.99117	-0.00158	0.00078	0.00149	1.00000	
89	0.44500	101.13868	119.75875	0.12734	0.06019	0.28289	26.16821	1.12343	0.89750	-0.44100	-0.00105	0.44100	0.89749	0.00494	-0.00123	-0.00489	0.99999		25.25372	-15.14585	0.29476	0.03453	-0.09305	7.62189	3.14852	0.99117	-0.13264	-0.00060	0.13263	0.99116	-0.00162	0.00081	0.00153	1.00000	
90	0.45000	101.13463	119.76648	0.16046	0.06371	0.28650	26.16959	1.13946	0.89749	-0.44102	-0.00111	0.44102	0.89748	0.00500	-0.00121	-0.00498	0.99999		25.27213	-15.15731	0.33750	0.03902	-0.08635	7.62197	3.15048	0.99116	-0.13264	-0.00068	0.13264	0.99116	-0.00151	0.00088	0.00140	1.00000	
91	0.45500	101.14235	119.76815	0.13510	0.06211	0.28207	26.16910	1.15234	0.89750	-0.44102	-0.00108	0.44102	0.89749	0.00492	-0.00120	-0.00490	0.99999		25.24323	-15.16148	0.29518	0.03238	-0.09284	7.61650	3.13512	0.99118	-0.13254	-0.00057	0.13254	0.99118	-0.00162	0.00078	0.00153	1.00000	
92	0.46000	101.14717	119.79806	0.14004	0.06060	0.28229	26.17119	1.14593	0.89748	-0.44105	-0.00106	0.44105	0.89747	0.00493	-0.00122	-0.00489	0.99999		25.26701	-15.16476	0.29307	0.03510	-0.09323	7.62256	3.11132	0.99116	-0.13265	-0.00061	0.13265	0.99116	-0.00163	0.00082	0.00153	1.00000	
93	0.46500	101.13246	119.74666	0.13067	0.05986	0.28461	26.16638	1.14145	0.89752	-0.44097	-0.00104	0.44097	0.89751	0.00497	-0.00125	-0.00492	0.99999		25.26371	-15.18798	0.33355	0.03662	-0.08839	7.61937	3.12123	0.99117	-0.13259	-0.00064	0.13259	0.99117	-0.00154	0.00084	0.00144	1.00000	
94	0.47000	101.14745	119.77058	0.13122	0.06162	0.28061	26.17035	1.14387	0.89749	-0.44104	-0.00108	0.44104	0.89748	0.00490	-0.00119	-0.00487	0.99999		25.27035	-15.17842	0.29247	0.03701	-0.09216	7.62376	3.13107	0.99116	-0.13267	-0.00065	0.13267	0.99116	-0.00161	0.00085	0.00151	1.00000	
95	0.47500	101.11831	119.73116	0.11638	0.05778	0.28422	26.16725	1.13325	0.89751	-0.44099	-0.00101	0.44099	0.89750	0.00496	-0.00128	-0.00490	0.99999		25.27196	-15.16445	0.27920	0.03662	-0.09418	7.62376	3.11759	0.99116	-0.13267	-0.00064	0.13267	0.99116	-0.00164	0.00085	0.00154	1.00000	
96	0.48000	101.15448	119.77131	0.11233	0.05901	0.28265	26.16999	1.15079	0.89749	-0.44103	-0.00103	0.44103	0.89748	0.00493	-0.00125	-0.00488	0.99999		25.27181	-15.16862	0.26625	0.03836	-0.09495	7.62555	3.15050	0.99116	-0.13270	-0.00067	0.13270	0.99115	-0.00166	0.00088	0.00155	1.00000	
97	0.48500	101.13658	119.77972	0.11281	0.05949	0.27801	26.16799	1.15335	0.89751	-0.44100	-0.00104	0.44100	0.89749	0.00485	-0.00121	-0.00481	0.99999		25.30138	-15.17054	0.29018	0.03376	-0.09070	7.62536	3.12699	0.99116	-0.13270	-0.00059	0.13269	0.99116	-0.00158	0.00079	0.00149	1.00000	
98	0.49000	101.13999	119.76164	0.10905	0.05902	0.28338	26.17080	1.13934	0.89748	-0.44104	-0.00103	0.44104	0.89747	0.00495	-0.00126	-0.00489	0.99999		25.28834	-15.15747	0.30125	0.03404	-0.08912	7.62607	3.13806	0.99116	-0.13271	-0.00059	0.13271	0.99115	-0.00156	0.00080	0.00146	1.00000	
99	0.49500	101.14856	119.77545	0.12857	0.06206	0.28482	26.16861	1.15113	0.89750	-0.44101	-0.00108	0.44101	0.89749	0.00497	-0.00122	-0.00494	0.99999		25.23476	-15.15754	0.29260	0.03473	-0.09190	7.61952	3.09822	0.99117	-0.13259	-0.00061	0.13259	0.99117	-0.00160	0.00081	0.00151	1.00000	
100	0.50000	101.14617	119.76468	0.10018	0.05881	0.28070	26.16786	1.13678	0.89751	-0.44100	-0.00103	0.44100	0.89749	0.00490	-0.00124	-0.00485	0.99999		25.27102	-15.16972	0.29567	0.03256	-0.08983	7.62189	3.12323	0.99117	-0.13264	-0.00057	0.13263	0.99116	-0.00157	0.00077	0.00148	1.00000	
101	0.50500	101.12648	119.73802	0.10448	0.05937	0.28138	26.16687	1.14178	0.89751	-0.44098	-0.00104	0.44098	0.89750	0.00491	-0.00124	-0.00486	0.99999		25.25977	-15.17564	0.29081	0.03019	-0.09197	7.62105	3.13972	0.99117	-0.13262	-0.00053	0.13262	0.99117	-0.00161	0.00074	0.00152	1.00000	
102	0.51000	101.14852	119.77234	0.11683	0.05941	0.28418	26.16857	1.15418	0.89750	-0.44101	-0.00104	0.44101	0.89749	0.00496	-0.00126	-0.00491	0.99999		25.29749	-15.15696	0.25220	0.03388	-0.09543	7.62855	3.10625	0.99115	-0.13275	-0.00059	0.13275	0.99115	-0.00167	0.00081	0.00157	1.00000	
103	0.51500	101.14768	119.76871	0.13524	0.06047	0.28107	26.17043	1.14582	0.89749	-0.44104	-0.00106	0.44104	0.89747	0.00491	-0.00122	-0.00487	0.99999		25.26113	-15.13391	0.26387	0.03330	-0.09364	7.62615	3.11167	0.99116	-0.13271	-0.00058	0.13271	0.99115	-0.00163	0.00079	0.00154	1.00000	
104	0.52000	101.14946	119.76309	0.11629	0.06050	0.28131	26.17066	1.15466	0.89749	-0.44104	-0.00106	0.44104	0.89747	0.00491	-0.00122	-0.00487	0.99999		25.28280	-15.16951	0.26748	0.03918	-0.09487	7.62929	3.13952	0.99115	-0.13276	-0.00068	0.13276	0.99115	-0.00166	0.00090	0.00155	1.00000	
105	0.52500	101.14077	119.75024	0.10069	0.05657	0.28559	26.16871	1.13851	0.89750	-0.44101	-0.00099	0.44101	0.89749	0.00498	-0.00131	-0.00491	0.99999		25.27039	-15.14273	0.26919	0.03439	-0.09277	7.62506	3.13978	0.99116	-0.13269	-0.00060	0.13269	0.99116	-0.00162	0.00081	0.00153	1.00000	
106	0.53000	101.14927	119.76508	0.13132	0.06103	0.28161	26.17068	1.15447	0.89749	-0.44104	-0.00107	0.44104	0.89747	0.00491	-0.00121	-0.00488	0.99999		25.29071	-15.18349	0.25210	0.02956	-0.09667	7.62612	3.13419	0.99116	-0.13271	-0.00052	0.13271	0.99115	-0.00169	0.00074	0.00160	1.00000	
107	0.53500	101.13477	119.72070	0.09990	0.05813	0.27970	26.16618	1.14477	0.89752	-0.44097	-0.00101	0.44097	0.89751	0.00488	-0.00124	-0.00483	0.99999		25.25401	-15.17660	0.25317	0.03563	-0.09538	7.61973	3.11777	0.99117	-0.13260	-0.00062	0.13260	0.99117	-0.00166	0.00084	0.00157	1.00000	
108	0.54000	101.14079	119.75567	0.10756	0.05836	0.28180	26.17081	1.14584	0.89748	-0.44104	-0.00102	0.44104	0.89747	0.00492	-0.00125	-0.00486	0.99999		25.31732	-15.18548	0.26176	0.03457	-0.09393	7.63085	3.14387	0.99114	-0.13279	-0.00060	0.13279	0.99114	-0.00164	0.00082	0.00154	1.00000	
109	0.54500	101.14663	119.75853	0.08940	0.05643	0.28634	26.16803	1.13826	0.89751	-0.44100	-0.00098	0.44100	0.89749	0.00500	-0.00132	-0.00492	0.99999		25.28856	-15.14479	0.25233	0.03781	-0.09569	7.63072	3.14505	0.99114	-0.13279	-0.00066	0.13279	0.99114	-0.00167	0.00088	0.00157	1.00000	
110	0.55000	101.15373	119.77440	0.10123	0.05711	0.28371	26.16995	1.14754	0.89749	-0.44103	-0.00100	0.44103	0.89748	0.00495	-0.00129	-0.00488	0.99999		25.32548	-15.18666	0.24390	0.03399	-0.09526	7.63216	3.14831	0.99114	-0.13281	-0.00059	0.13281	0.99114	-0.00166	0.00081	0.00157	1.00000	
111	0.55500	101.16046	119.77211	0.09319	0.05721	0.28290	26.17150	1.14970	0.89748	-0.44105	-0.00100	0.44105	0.89747	0.00494	-0.00128	-0.00487	0.99999		25.28663	-15.16497	0.26132	0.03734	-0.09564	7.62840	3.12024	0.99115	-0.13275	-0.00065	0.13275	0.99115	-0.00167	0.00087	0.00157	1.00000	
112	0.56000	101.14902	119.75674	0.11528	0.06001	0.28080	26.16818	1.14801	0.89750	-0.44100	-0.00105	0.44100	0.89749	0.00490	-0.00122	-0.00486	0.99999		25.30009	-15.15595	0.22479	0.03448	-0.09848	7.63138	3.13015	0.99114	-0.13280	-0.00060	0.13280	0.99114	-0.00172	0.00083	0.00162	1.00000	
113	0.56500	101.14192	119.75580	0.11208	0.05857	0.28517	26.17123	1.14961	0.89748	-0.44105	-0.00102	0.44105	0.89747	0.00498	-0.00128	-0.00492	0.99999		25.27112	-15.17815	0.22020	0.03576	-0.10061	7.62502	3.10680	0.99116	-0.13269	-0.00062	0.13269	0.99116	-0.00176	0.00085	0.00166	1.00000	
114	0.57000	101.15620	119.73751	0.11105	0.05767	0.28192	26.16942	1.15687	0.89750	-0.44102	-0.00101	0.44102	0.89748	0.00492	-0.00127	-0.00486	0.99999		25.28219	-15.15377	0.22492	0.03379	-0.09836	7.62849	3.12319	0.99115	-0.13275	-0.00059	0.13275	0.99115	-0.00172	0.00081	0.00162	1.00000	
115	0.57500	101.14874	119.75193	0.11452	0.05824	0.27919	26.16811	1.15264	0.89751	-0.44100	-0.00102	0.44100	0.89749	0.00487	-0.00124	-0.00482	0.99999		25.32879	-15.17570	0.24752	0.03461	-0.09477	7.63379	3.15577	0.99114	-0.13284	-0.00060	0.13284	0.99114	-0.00165	0.00082	0.00156	1.00000	
116	0.58000	101.15452	119.74870	0.10988	0.05698	0.27582	26.16936	1.14976	0.89750	-0.44102	-0.00099	0.44102	0.89748	0.00481	-0.00123	-0.00476	0.99999		25.32549	-15.15622	0.24306	0.03492	-0.09543	7.63522	3.15348	0.99113	-0.13287	-0.00061	0.13287	0.99113	-0.00167	0.00083	0.00157	1.00000	
117	0.58500	101.14967	119.73547	0.11272	0.05784	0.28515	26.16574	1.15534	0.89752	-0.44096	-0.00101	0.44096	0.89751	0.00498	-0.00129	-0.00491	0.99999		25.24565	-15.14598	0.23558	0.03789	-0.09541	7.62526	3.12092	0.99116	-0.13269	-0.00066	0.13269	0.99116	-0.00167	0.00088	0.00156	1.00000	
118	0.59000	101.17361	119.77522	0.12633	0.05780	0.28207	26.17241	1.14707	0.89747	-0.44107	-0.00101	0.44107	0.89746	0.00492	-0.00127	-0.00486	0.99999		25.31232	-15.15331	0.22060	0.03564	-0.09759	7.63376	3.15160	0.99114	-0.13284	-0.00062	0.13284	0.99114	-0.00170	0.00084	0.00161	1.00000	
119	0.59500	101.15087	119.75672	0.13384	0.05961	0.28118	26.17091	1.16492	0.89748	-0.44105	-0.00104	0.44104	0.89747	0.00491	-0.00123	-0.00486	0.99999		25.29234	-15.15458	0.21896	0.03439	-0.09783	7.63202	3.11387	0.99114	-0.13281	-0.00060	0.13281	0.99114	-0.00171	0.00082	0.00161	1.00000	
120	0.60000	101.16205	119.75296	0.10932	0.05623	0.27928	26.16908	1.15310	0.89750	-0.44102	-0.00098	0.44102	0.89749	0.00487	-0.00127	-0.00481	0.99999		25.27387	-15.13427	0.21292	0.03720	-0.10050	7.63171	3.11729	0.99114	-0.13281	-0.00065	0.13280	0.99114	-0.00175	0.00088	0.00165	1.00000	
121	0.60500	101.15510	119.76436	0.12901	0.05867	0.28508	26.16785	1.14976	0.89751	-0.44100	-0.00102	0.44100	0.89749	0.00498	-0.00127	-0.00492	0.99999		25.27960	-15.15136	0.21725	0.03371	-0.09813	7.63013	3.12030	0.99115	-0.13278	-0.00059	0.13278	0.99114	-0.00171	0.00081	0.00162	1.00000	
122	0.61000	101.17857	119.76121	0.12822	0.05697	0.27990	26.17310	1.16772	0.89747	-0.44108	-0.00099	0.44108	0.89745	0.00489	-0.00126	-0.00482	0.99999		25.29591	-15.18403	0.21979	0.03965	-0.09937	7.63092	3.11865	0.99114	-0.13279	-0.00069	0.13279	0.99114	-0.00173	0.00092	0.00163	1.00000	
123	0.61500	101.17908	119.76115	0.12468	0.05773	0.28069	26.17320	1.17108	0.89747	-0.44108	-0.00101	0.44108	0.89745	0.00490	-0.00126	-0.00484	0.99999		25.30519	-15.15800	0.21085	0.03415	-0.09913	7.63396	3.12811	0.99114	-0.13284	-0.00060	0.13284	0.99114	-0.00173	0.00082	0.00164	1.00000	
124	0.62000	101.16474	119.74944	0.13433	0.05897	0.28207	26.16958	1.16580	0.89749	-0.44102	-0.00103	0.44102	0.89748	0.00492	-0.00125	-0.00487	0.99999		25.31500	-15.16446	0.24168	0.03372	-0.09556	7.63440	3.12744	0.99114	-0.13285	-0.00059	0.13285	0.99113	-0.00167	0.00081	0.00157	1.00000	
125	0.62500	101.14686	119.72208	0.14255	0.05905	0.28081	26.16899	1.15026	0.89750	-0.44102	-0.00103	0.44101	0.89749	0.00490	-0.00124	-0.00485	0.99999		25.34061	-15.16299	0.18311	0.03527	-0.10217	7.63824	3.13288	0.99113	-0.13292	-0.00062	0.13292	0.99113	-0.00178	0.00085	0.00169	1.00000	
126	0.63000	101.14390	119.72922	0.15210	0.06028	0.28537	26.16856	1.15638	0.89750	-0.44101	-0.00105	0.44101	0.89749	0.00498	-0.00125	-0.00493	0.99999		25.32810	-15.18780	0.22307	0.03583	-0.09709	7.63495	3.14710	0.99113	-0.13286	-0.00063	0.13286	0.99113	-0.00169	0.00085	0.00160	1.00000	
127	0.63500	101.16332	119.75525	0.14059	0.05813	0.28307	26.16951	1.15811	0.89749	-0.44102	-0.00101	0.44102	0.89748	0.00494	-0.00127	-0.00488	0.99999		25.24838	-15.14433	0.18876	0.03319	-0.10118	7.62597	3.10054	0.99116	-0.13271	-0.00058	0.13271	0.99115	-0.00177	0.00081	0.00167	1.00000	
128	0.64000	101.16360	119.75886	0.14085	0.05852	0.28030	26.17174	1.16329	0.89748	-0.44106	-0.00102	0.44106	0.89746	0.00489	-0.00124	-0.00484	0.99999		25.29402	-15.18049	0.21559	0.03336	-0.09827	7.62973	3.12262	0.99115	-0.13277	-0.00058	0.13277	0.99115	-0.00172	0.00081	0.00162	1.00000	
129	0.64500	101.16067	119.75654	0.16402	0.06145	0.28542	26.17100	1.15441	0.89748	-0.44105	-0.00107	0.44105	0.89747	0.00498	-0.00123	-0.00494	0.99999		25.27864	-15.16928	0.18168	0.03333	-0.10230	7.63067	3.10674	0.99114	-0.13279	-0.00058	0.13279	0.99114	-0.00179	0.00081	0.00169	1.00000	
130	0.65000	101.15509	119.74588	0.17103	0.06187	0.28193	26.17153	1.15625	0.89748	-0.44105	-0.00108	0.44105	0.89747	0.00492	-0.00120	-0.00489	0.99999		25.32918	-15.16995	0.18271	0.03748	-0.10530	7.63645	3.11166	0.99113	-0.13289	-0.00065	0.13289	0.99113	-0.00184	0.00089	0.00173	1.00000	
131	0.65500	101.15376	119.71361	0.16498	0.06092	0.27996	26.16808	1.14330	0.89751	-0.44100	-0.00106	0.44100	0.89749	0.00489	-0.00120	-0.00485	0.99999		25.31466	-15.17320	0.17147	0.03791	-0.10566	7.63563	3.12770	0.99113	-0.13287	-0.00066	0.13287	0.99113	-0.00184	0.00090	0.00174	1.00000	
132	0.66000	101.16148	119.74342	0.17103	0.06035	0.28119	26.17303	1.15490	0.89747	-0.44108	-0.00105	0.44108	0.89745	0.00491	-0.00122	-0.00487	0.99999		25.31267	-15.15266	0.18819	0.03393	-0.10282	7.63441	3.10055	0.99114	-0.13285	-0.00059	0.13285	0.99113	-0.00179	0.00083	0.00170	1.00000	
133	0.66500	101.16092	119.73084	0.18817	0.06190	0.28139	26.16572	1.15179	0.89752	-0.44096	-0.00108	0.44096	0.89751	0.00491	-0.00120	-0.00488	0.99999		25.35466	-15.17453	0.19090	0.03971	-0.10405	7.63866	3.12402	0.99113	-0.13293	-0.00069	0.13293	0.99112	-0.00182	0.00093	0.00171	1.00000	
134	0.67000	101.16175	119.72132	0.17738	0.06097	0.28179	26.17021	1.15612	0.89749	-0.44103	-0.00106	0.44103	0.89748	0.00492	-0.00121	-0.00488	0.99999		25.35037	-15.17879	0.18615	0.03910	-0.10338	7.64104	3.13715	0.99112	-0.13297	-0.00068	0.13297	0.99112	-0.00180	0.00092	0.00170	1.00000	
135	0.67500	101.17574	119.74123	0.18303	0.06075	0.27959	26.17182	1.15133	0.89748	-0.44106	-0.00106	0.44106	0.89746	0.00488	-0.00120	-0.00485	0.99999		25.28478	-15.14436	0.18948	0.03416	-0.10262	7.63422	3.10904	0.99114	-0.13285	-0.00060	0.13285	0.99113	-0.00179	0.00083	0.00170	1.00000	
136	0.68000	101.16124	119.72080	0.18775	0.06226	0.27678	26.16762	1.15077	0.89751	-0.44099	-0.00109	0.44099	0.89750	0.00483	-0.00115	-0.00481	0.99999		25.30563	-15.16224	0.18300	0.03340	-0.10214	7.63405	3.10011	0.99114	-0.13285	-0.00058	0.13285	0.99113	-0.00178	0.00082	0.00169	1.00000	
137	0.68500	101.15339	119.73256	0.19524	0.06176	0.28497	26.16861	1.15206	0.89750	-0.44101	-0.00108	0.44101	0.89749	0.00497	-0.00123	-0.00494	0.99999		25.31314	-15.16431	0.14403	0.03879	-0.10877	7.63866	3.11721	0.99113	-0.13293	-0.00068	0.13292	0.99112	-0.00190	0.00092	0.00179	1.00000	
138	0.69000	101.17646	119.75783	0.21096	0.06351	0.28385	26.17237	1.16042	0.89747	-0.44107	-0.00111	0.44107	0.89746	0.00495	-0.00119	-0.00493	0.99999		25.35060	-15.16113	0.14053	0.03893	-0.10930	7.64352	3.12475	0.99111	-0.13301	-0.00068	0.13301	0.99111	-0.00191	0.00093	0.00180	1.00000	
