NO_OF_FRAMES	12037
NO_OF_CAMERAS	8
NO_OF_BODIES	2
FREQUENCY	200
NO_OF_ANALOG	0
ANALOG_FREQUENCY	0
DESCRIPTION	--
TIME_STAMP	2013-07-02, 17:55:27	3303624.68806912
DATA_INCLUDED	6D
BODY_NAMES	Ice 1	Ice 2
Frame	Time	Ice 1 X	Y	Z	Roll	Pitch	Yaw	Residual	Rot[0]	Rot[1]	Rot[2]	Rot[3]	Rot[4]	Rot[5]	Rot[6]	Rot[7]	Rot[8]	Ice 2 X	Y	Z	Roll	Pitch	Yaw	Residual	Rot[0]	Rot[1]	Rot[2]	Rot[3]	Rot[4]	Rot[5]	Rot[6]	Rot[7]	Rot[8]	
1	0.00500	125.46449	-134.27352	-0.42304	0.43415	-0.14445	-0.38358	1.05445	0.99997	0.00669	0.00252	-0.00671	0.99995	0.00758	-0.00247	-0.00759	0.99997		-83.02465	-140.04033	-1.20245	-0.44330	0.44446	-0.24386	0.19938	0.99996	0.00426	-0.00776	-0.00432	0.99996	-0.00774	0.00772	0.00777	0.99994	
2	0.01000	125.28196	-134.32229	-0.45327	0.42638	-0.12606	-0.39756	1.00381	0.99997	0.00694	0.00220	-0.00695	0.99995	0.00744	-0.00215	-0.00746	0.99997		-83.03809	-139.99394	-1.22988	-0.42899	0.45397	-0.24922	0.15388	0.99996	0.00435	-0.00792	-0.00441	0.99996	-0.00749	0.00789	0.00752	0.99994	
3	0.01500	125.31744	-134.34198	-0.45796	0.42541	-0.12790	-0.39819	1.00888	0.99997	0.00695	0.00223	-0.00697	0.99995	0.00742	-0.00218	-0.00744	0.99997		-83.03048	-139.98326	-1.21398	-0.42326	0.45402	-0.24851	0.13910	0.99996	0.00434	-0.00792	-0.00440	0.99996	-0.00739	0.00789	0.00742	0.99994	
4	0.02000	125.33684	-134.34339	-0.46697	0.42739	-0.12728	-0.40325	0.99860	0.99997	0.00704	0.00222	-0.00705	0.99995	0.00746	-0.00217	-0.00747	0.99997		-83.03220	-139.98191	-1.21880	-0.41551	0.45546	-0.25231	0.14150	0.99996	0.00440	-0.00795	-0.00446	0.99996	-0.00725	0.00792	0.00729	0.99994	
5	0.02500	125.34598	-134.34525	-0.46696	0.42801	-0.13169	-0.39960	1.01102	0.99997	0.00697	0.00230	-0.00699	0.99995	0.00747	-0.00225	-0.00749	0.99997		-83.00629	-139.95645	-1.23214	-0.40739	0.45380	-0.25058	0.15169	0.99996	0.00437	-0.00792	-0.00443	0.99996	-0.00711	0.00789	0.00714	0.99994	
6	0.03000	125.33412	-134.36183	-0.47239	0.42883	-0.12894	-0.39930	0.99344	0.99997	0.00697	0.00225	-0.00699	0.99995	0.00748	-0.00220	-0.00750	0.99997		-82.98976	-139.96996	-1.21618	-0.40270	0.45564	-0.25216	0.14774	0.99996	0.00440	-0.00795	-0.00446	0.99997	-0.00703	0.00792	0.00706	0.99994	
7	0.03500	125.32461	-134.37742	-0.46048	0.42914	-0.12645	-0.39595	1.00980	0.99997	0.00691	0.00221	-0.00693	0.99995	0.00749	-0.00216	-0.00750	0.99997		-82.97644	-139.94428	-1.21715	-0.39343	0.45458	-0.25987	0.15652	0.99996	0.00454	-0.00793	-0.00459	0.99997	-0.00687	0.00790	0.00690	0.99994	
8	0.04000	125.32823	-134.36601	-0.47798	0.43261	-0.12483	-0.39845	1.00798	0.99997	0.00695	0.00218	-0.00697	0.99995	0.00755	-0.00213	-0.00757	0.99997		-82.99793	-139.93695	-1.20052	-0.38591	0.45361	-0.25732	0.14174	0.99996	0.00449	-0.00792	-0.00454	0.99997	-0.00674	0.00789	0.00677	0.99995	
9	0.04500	125.31038	-134.38971	-0.48853	0.43395	-0.12759	-0.39695	1.00524	0.99997	0.00693	0.00223	-0.00694	0.99995	0.00757	-0.00217	-0.00759	0.99997		-82.99447	-139.93395	-1.20087	-0.37874	0.45634	-0.25551	0.16671	0.99996	0.00446	-0.00796	-0.00451	0.99997	-0.00661	0.00793	0.00665	0.99995	
10	0.05000	125.34835	-134.41498	-0.49892	0.43240	-0.13097	-0.39725	1.00637	0.99997	0.00693	0.00229	-0.00695	0.99995	0.00755	-0.00223	-0.00756	0.99997		-82.98660	-139.91587	-1.19744	-0.37252	0.45415	-0.25458	0.14668	0.99996	0.00444	-0.00793	-0.00449	0.99997	-0.00650	0.00790	0.00654	0.99995	
11	0.05500	125.14457	-134.55495	-0.43769	0.43666	-0.13243	-0.38011	1.07476	0.99998	0.00663	0.00231	-0.00665	0.99995	0.00762	-0.00226	-0.00764	0.99997		-82.98929	-139.91015	-1.17717	-0.36083	0.45303	-0.26079	0.15069	0.99996	0.00455	-0.00791	-0.00460	0.99997	-0.00630	0.00788	0.00633	0.99995	
12	0.06000	125.10593	-134.57862	-0.44485	0.43791	-0.13317	-0.38150	1.07888	0.99998	0.00666	0.00232	-0.00668	0.99995	0.00764	-0.00227	-0.00766	0.99997		-82.97672	-139.90034	-1.18200	-0.35415	0.45394	-0.25799	0.15611	0.99996	0.00450	-0.00792	-0.00455	0.99997	-0.00618	0.00789	0.00622	0.99995	
13	0.06500	125.13105	-134.59174	-0.45105	0.43923	-0.13610	-0.37603	1.08809	0.99998	0.00656	0.00238	-0.00658	0.99995	0.00767	-0.00232	-0.00768	0.99997		-82.96276	-139.90150	-1.17417	-0.34793	0.45436	-0.25231	0.16063	0.99996	0.00440	-0.00793	-0.00445	0.99997	-0.00607	0.00790	0.00611	0.99995	
14	0.07000	125.11276	-134.61629	-0.46509	0.44156	-0.13720	-0.37442	1.09735	0.99998	0.00653	0.00239	-0.00655	0.99995	0.00771	-0.00234	-0.00772	0.99997		-82.95660	-139.89189	-1.15386	-0.33955	0.45173	-0.25532	0.14402	0.99996	0.00446	-0.00788	-0.00450	0.99997	-0.00593	0.00786	0.00596	0.99995	
15	0.07500	125.08032	-134.62243	-0.46793	0.44457	-0.13433	-0.37114	1.10353	0.99998	0.00648	0.00234	-0.00650	0.99995	0.00776	-0.00229	-0.00777	0.99997		-82.94072	-139.88897	-1.15827	-0.33267	0.44690	-0.25399	0.14780	0.99996	0.00443	-0.00780	-0.00448	0.99997	-0.00581	0.00777	0.00584	0.99995	
16	0.08000	125.09770	-134.65228	-0.45977	0.44599	-0.13508	-0.37394	1.10384	0.99998	0.00653	0.00236	-0.00654	0.99995	0.00778	-0.00231	-0.00780	0.99997		-82.90504	-139.87471	-1.15133	-0.32050	0.44661	-0.25480	0.14634	0.99996	0.00445	-0.00779	-0.00449	0.99997	-0.00559	0.00777	0.00563	0.99995	
17	0.08500	125.07314	-134.65027	-0.45156	0.44901	-0.13196	-0.36918	1.10127	0.99998	0.00644	0.00230	-0.00646	0.99995	0.00784	-0.00225	-0.00785	0.99997		-82.94231	-139.86358	-1.13032	-0.31118	0.44686	-0.25784	0.14662	0.99996	0.00450	-0.00780	-0.00454	0.99997	-0.00543	0.00777	0.00547	0.99995	
18	0.09000	125.11112	-134.67019	-0.47951	0.45027	-0.13333	-0.37276	1.09528	0.99998	0.00651	0.00233	-0.00652	0.99995	0.00786	-0.00228	-0.00787	0.99997		-82.89757	-139.84751	-1.12321	-0.30067	0.44486	-0.26115	0.15416	0.99996	0.00456	-0.00776	-0.00460	0.99998	-0.00525	0.00774	0.00528	0.99996	
19	0.09500	125.07331	-134.67171	-0.48355	0.45359	-0.13494	-0.37076	1.09976	0.99998	0.00647	0.00236	-0.00649	0.99995	0.00792	-0.00230	-0.00793	0.99997		-82.92861	-139.82089	-1.11493	-0.28991	0.44397	-0.25803	0.15239	0.99996	0.00450	-0.00775	-0.00454	0.99998	-0.00506	0.00773	0.00509	0.99996	
20	0.10000	125.09755	-134.69233	-0.46861	0.45509	-0.13528	-0.37006	1.10856	0.99998	0.00646	0.00236	-0.00648	0.99995	0.00794	-0.00231	-0.00796	0.99997		-82.89736	-139.82767	-1.10325	-0.28168	0.44211	-0.25698	0.14599	0.99996	0.00449	-0.00772	-0.00452	0.99998	-0.00492	0.00769	0.00495	0.99996	
21	0.10500	125.07405	-134.71098	-0.47054	0.45779	-0.12741	-0.36794	1.10482	0.99998	0.00642	0.00222	-0.00644	0.99995	0.00799	-0.00217	-0.00800	0.99997		-82.88408	-139.80698	-1.09951	-0.27281	0.43834	-0.25712	0.14925	0.99996	0.00449	-0.00765	-0.00452	0.99998	-0.00476	0.00763	0.00480	0.99996	
22	0.11000	125.09419	-134.70240	-0.48992	0.46230	-0.13607	-0.36770	1.12462	0.99998	0.00642	0.00237	-0.00644	0.99995	0.00807	-0.00232	-0.00808	0.99996		-82.88050	-139.79629	-1.09994	-0.26415	0.43629	-0.25629	0.14906	0.99996	0.00447	-0.00761	-0.00451	0.99998	-0.00461	0.00759	0.00464	0.99996	
23	0.11500	125.09388	-134.71128	-0.47850	0.46443	-0.13151	-0.36846	1.12184	0.99998	0.00643	0.00230	-0.00645	0.99995	0.00811	-0.00224	-0.00812	0.99996		-82.86967	-139.80297	-1.07559	-0.25591	0.43933	-0.25753	0.15994	0.99996	0.00449	-0.00767	-0.00453	0.99998	-0.00447	0.00765	0.00450	0.99996	
24	0.12000	125.06441	-134.74290	-0.46806	0.46549	-0.12574	-0.37128	1.12206	0.99998	0.00648	0.00219	-0.00650	0.99995	0.00812	-0.00214	-0.00814	0.99996		-82.85027	-139.80201	-1.06330	-0.24832	0.43583	-0.25648	0.16852	0.99996	0.00448	-0.00761	-0.00451	0.99998	-0.00433	0.00759	0.00437	0.99996	
25	0.12500	125.09252	-134.74645	-0.49678	0.46995	-0.13060	-0.36717	1.12650	0.99998	0.00641	0.00228	-0.00643	0.99995	0.00820	-0.00223	-0.00822	0.99996		-82.86170	-139.76655	-1.06374	-0.23645	0.43296	-0.25431	0.15721	0.99996	0.00444	-0.00756	-0.00447	0.99998	-0.00413	0.00754	0.00416	0.99996	
26	0.13000	125.10847	-134.74827	-0.48583	0.47190	-0.13339	-0.37037	1.10896	0.99998	0.00646	0.00233	-0.00648	0.99995	0.00824	-0.00227	-0.00825	0.99996		-82.81900	-139.77254	-1.05606	-0.23008	0.42886	-0.25682	0.15882	0.99996	0.00448	-0.00748	-0.00451	0.99998	-0.00402	0.00747	0.00405	0.99996	
27	0.13500	125.12994	-134.74196	-0.50150	0.47679	-0.13310	-0.37006	1.12068	0.99998	0.00646	0.00232	-0.00648	0.99994	0.00832	-0.00227	-0.00834	0.99996		-82.84404	-139.76703	-1.05210	-0.21971	0.43037	-0.25555	0.14990	0.99996	0.00446	-0.00751	-0.00449	0.99998	-0.00383	0.00749	0.00387	0.99996	
28	0.14000	125.08643	-134.76604	-0.50185	0.47659	-0.13010	-0.36227	1.13584	0.99998	0.00632	0.00227	-0.00634	0.99995	0.00832	-0.00222	-0.00833	0.99996		-82.85279	-139.75295	-1.04365	-0.21265	0.42714	-0.25443	0.15747	0.99996	0.00444	-0.00745	-0.00447	0.99998	-0.00371	0.00744	0.00374	0.99997	
29	0.14500	125.10857	-134.77372	-0.50130	0.48146	-0.13269	-0.36835	1.13205	0.99998	0.00643	0.00232	-0.00645	0.99994	0.00840	-0.00226	-0.00842	0.99996		-82.82651	-139.76746	-1.02764	-0.20619	0.42631	-0.25612	0.15384	0.99996	0.00447	-0.00744	-0.00450	0.99998	-0.00360	0.00742	0.00363	0.99997	
30	0.15000	125.12488	-134.79216	-0.48911	0.48107	-0.13305	-0.36122	1.13467	0.99998	0.00630	0.00232	-0.00632	0.99994	0.00840	-0.00227	-0.00841	0.99996		-82.81284	-139.73483	-1.02821	-0.19458	0.42249	-0.25668	0.15690	0.99996	0.00448	-0.00737	-0.00450	0.99998	-0.00340	0.00736	0.00343	0.99997	
31	0.15500	125.08445	-134.77976	-0.51255	0.48647	-0.13138	-0.36423	1.12745	0.99998	0.00636	0.00229	-0.00638	0.99994	0.00849	-0.00224	-0.00850	0.99996		-82.80578	-139.72647	-1.01584	-0.18761	0.41756	-0.25983	0.15646	0.99996	0.00453	-0.00729	-0.00456	0.99998	-0.00327	0.00727	0.00331	0.99997	
32	0.16000	125.10248	-134.78912	-0.49188	0.48901	-0.12912	-0.36240	1.14442	0.99998	0.00633	0.00225	-0.00634	0.99994	0.00853	-0.00220	-0.00855	0.99996		-82.78237	-139.72586	-1.02042	-0.18097	0.41578	-0.25699	0.16661	0.99996	0.00449	-0.00726	-0.00451	0.99998	-0.00316	0.00724	0.00319	0.99997	
33	0.16500	125.13300	-134.82202	-0.49593	0.48900	-0.13169	-0.36388	1.14175	0.99998	0.00635	0.00230	-0.00637	0.99994	0.00853	-0.00224	-0.00855	0.99996		-82.79192	-139.71580	-1.01219	-0.17487	0.41238	-0.25784	0.13954	0.99996	0.00450	-0.00720	-0.00452	0.99999	-0.00305	0.00718	0.00308	0.99997	
34	0.17000	125.12171	-134.82126	-0.49295	0.49218	-0.12761	-0.36293	1.13548	0.99998	0.00633	0.00223	-0.00635	0.99994	0.00859	-0.00217	-0.00860	0.99996		-82.77694	-139.68919	-1.02149	-0.16026	0.41201	-0.25519	0.14667	0.99996	0.00445	-0.00719	-0.00447	0.99999	-0.00280	0.00718	0.00283	0.99997	
35	0.17500	125.13739	-134.83242	-0.47657	0.49377	-0.12658	-0.36249	1.14034	0.99998	0.00633	0.00221	-0.00635	0.99994	0.00862	-0.00215	-0.00863	0.99996		-82.74827	-139.69747	-0.99221	-0.15887	0.40738	-0.25575	0.15891	0.99996	0.00446	-0.00711	-0.00448	0.99999	-0.00277	0.00710	0.00280	0.99997	
36	0.18000	125.09443	-134.82340	-0.48844	0.49729	-0.12606	-0.36542	1.13791	0.99998	0.00638	0.00220	-0.00640	0.99994	0.00868	-0.00214	-0.00869	0.99996		-82.76685	-139.68752	-0.98379	-0.15274	0.40621	-0.25583	0.15252	0.99996	0.00447	-0.00709	-0.00448	0.99999	-0.00267	0.00708	0.00270	0.99997	
37	0.18500	125.11873	-134.85416	-0.49505	0.49628	-0.12913	-0.36476	1.12663	0.99998	0.00637	0.00225	-0.00639	0.99994	0.00866	-0.00220	-0.00868	0.99996		-82.75020	-139.68642	-0.97965	-0.14719	0.40391	-0.25606	0.17341	0.99997	0.00447	-0.00705	-0.00449	0.99999	-0.00257	0.00704	0.00260	0.99997	
38	0.19000	125.11287	-134.84971	-0.49088	0.49948	-0.12551	-0.36225	1.14642	0.99998	0.00632	0.00219	-0.00634	0.99994	0.00872	-0.00214	-0.00873	0.99996		-82.74930	-139.67957	-0.97144	-0.14065	0.40019	-0.25703	0.15433	0.99997	0.00449	-0.00698	-0.00450	0.99999	-0.00245	0.00697	0.00249	0.99997	
39	0.19500	125.11850	-134.85440	-0.49810	0.50163	-0.12876	-0.35952	1.14453	0.99998	0.00627	0.00225	-0.00629	0.99994	0.00875	-0.00219	-0.00877	0.99996		-82.73108	-139.67939	-0.98416	-0.13734	0.39782	-0.25640	0.16748	0.99997	0.00447	-0.00694	-0.00449	0.99999	-0.00240	0.00693	0.00243	0.99997	
40	0.20000	125.11734	-134.86619	-0.47644	0.50573	-0.12808	-0.36030	1.13554	0.99998	0.00629	0.00224	-0.00631	0.99994	0.00883	-0.00218	-0.00884	0.99996		-82.71428	-139.67471	-0.96795	-0.13090	0.39541	-0.26188	0.15756	0.99997	0.00457	-0.00690	-0.00459	0.99999	-0.00228	0.00689	0.00232	0.99997	
41	0.20500	125.10472	-134.88765	-0.47000	0.50345	-0.12278	-0.35705	1.14938	0.99998	0.00623	0.00214	-0.00625	0.99994	0.00879	-0.00209	-0.00880	0.99996		-82.68380	-139.65421	-0.98101	-0.12502	0.39053	-0.25938	0.15842	0.99997	0.00453	-0.00682	-0.00454	0.99999	-0.00218	0.00681	0.00221	0.99997	
42	0.21000	125.13253	-134.88635	-0.47208	0.50522	-0.12627	-0.36089	1.14540	0.99998	0.00630	0.00220	-0.00632	0.99994	0.00882	-0.00215	-0.00883	0.99996		-82.74904	-139.62491	-0.98094	-0.11480	0.39535	-0.26120	0.14957	0.99997	0.00456	-0.00690	-0.00457	0.99999	-0.00200	0.00689	0.00203	0.99997	
43	0.21500	125.14100	-134.87088	-0.45311	0.50864	-0.12238	-0.35884	1.14400	0.99998	0.00626	0.00214	-0.00628	0.99994	0.00888	-0.00208	-0.00889	0.99996		-82.67489	-139.62750	-0.98592	-0.11271	0.38715	-0.26285	0.14300	0.99997	0.00459	-0.00676	-0.00460	0.99999	-0.00197	0.00675	0.00200	0.99998	
44	0.22000	125.12304	-134.89253	-0.45877	0.50923	-0.12211	-0.36152	1.14777	0.99998	0.00631	0.00213	-0.00633	0.99994	0.00889	-0.00208	-0.00890	0.99996		-82.68472	-139.62000	-0.97756	-0.10896	0.38917	-0.26143	0.15651	0.99997	0.00456	-0.00679	-0.00458	0.99999	-0.00190	0.00678	0.00193	0.99998	
45	0.22500	125.10758	-134.89653	-0.45272	0.51136	-0.12369	-0.36016	1.15013	0.99998	0.00629	0.00216	-0.00631	0.99994	0.00892	-0.00210	-0.00894	0.99996		-82.66960	-139.64217	-0.96858	-0.11105	0.38288	-0.26263	0.16214	0.99997	0.00458	-0.00668	-0.00460	0.99999	-0.00194	0.00667	0.00197	0.99998	
46	0.23000	125.19042	-134.88677	-0.44311	0.51340	-0.12901	-0.35548	1.15890	0.99998	0.00620	0.00225	-0.00622	0.99994	0.00896	-0.00220	-0.00897	0.99996		-82.69229	-139.61770	-0.98141	-0.10462	0.38541	-0.26102	0.15258	0.99997	0.00456	-0.00673	-0.00457	0.99999	-0.00183	0.00672	0.00186	0.99998	
47	0.23500	125.13281	-134.90807	-0.43510	0.51321	-0.11945	-0.35682	1.15674	0.99998	0.00623	0.00208	-0.00625	0.99994	0.00896	-0.00203	-0.00897	0.99996		-82.64425	-139.63543	-0.95605	-0.10750	0.37670	-0.25692	0.16177	0.99997	0.00448	-0.00657	-0.00450	0.99999	-0.00188	0.00657	0.00191	0.99998	
48	0.24000	125.16044	-134.91834	-0.42443	0.51097	-0.12533	-0.35632	1.14792	0.99998	0.00622	0.00219	-0.00624	0.99994	0.00892	-0.00213	-0.00893	0.99996		-82.66807	-139.61465	-0.98137	-0.10179	0.37952	-0.26454	0.16433	0.99997	0.00462	-0.00662	-0.00463	0.99999	-0.00178	0.00662	0.00181	0.99998	
49	0.24500	125.14632	-134.92950	-0.41597	0.51216	-0.12368	-0.35800	1.15410	0.99998	0.00625	0.00216	-0.00627	0.99994	0.00894	-0.00210	-0.00895	0.99996		-82.64481	-139.59630	-0.97789	-0.09647	0.37631	-0.26146	0.14497	0.99997	0.00456	-0.00657	-0.00457	0.99999	-0.00168	0.00656	0.00171	0.99998	
50	0.25000	125.15610	-134.94014	-0.39319	0.50925	-0.12218	-0.35442	1.16641	0.99998	0.00619	0.00213	-0.00620	0.99994	0.00889	-0.00208	-0.00890	0.99996		-82.64585	-139.60806	-0.99396	-0.09943	0.37182	-0.26090	0.14622	0.99997	0.00455	-0.00649	-0.00456	0.99999	-0.00174	0.00648	0.00176	0.99998	
51	0.25500	125.15013	-134.94303	-0.38913	0.51102	-0.11817	-0.35289	1.16156	0.99998	0.00616	0.00206	-0.00618	0.99994	0.00892	-0.00201	-0.00893	0.99996		-82.60651	-139.61762	-0.97294	-0.10546	0.36845	-0.26343	0.16448	0.99997	0.00460	-0.00643	-0.00461	0.99999	-0.00184	0.00642	0.00187	0.99998	
52	0.26000	125.15116	-134.95948	-0.36805	0.51026	-0.11835	-0.35559	1.15391	0.99998	0.00621	0.00207	-0.00622	0.99994	0.00891	-0.00201	-0.00892	0.99996		-82.63864	-139.60193	-0.98976	-0.10014	0.37049	-0.26164	0.14577	0.99997	0.00457	-0.00647	-0.00458	0.99999	-0.00175	0.00646	0.00178	0.99998	
53	0.26500	125.14167	-134.96578	-0.35412	0.51133	-0.11840	-0.36031	1.15180	0.99998	0.00629	0.00207	-0.00631	0.99994	0.00892	-0.00201	-0.00894	0.99996		-82.61829	-139.58702	-1.00657	-0.09674	0.36585	-0.26175	0.15005	0.99997	0.00457	-0.00639	-0.00458	0.99999	-0.00169	0.00638	0.00172	0.99998	
54	0.27000	125.13329	-134.95499	-0.34907	0.51027	-0.11551	-0.35909	1.15807	0.99998	0.00627	0.00202	-0.00628	0.99994	0.00891	-0.00196	-0.00892	0.99996		-82.60892	-139.59742	-1.00625	-0.10115	0.36409	-0.26382	0.16314	0.99997	0.00460	-0.00635	-0.00462	0.99999	-0.00177	0.00635	0.00179	0.99998	
55	0.27500	125.15466	-134.95739	-0.33879	0.51027	-0.11880	-0.35459	1.15177	0.99998	0.00619	0.00207	-0.00621	0.99994	0.00891	-0.00202	-0.00892	0.99996		-82.60535	-139.60139	-1.01054	-0.10302	0.36566	-0.26175	0.16066	0.99997	0.00457	-0.00638	-0.00458	0.99999	-0.00180	0.00637	0.00183	0.99998	
56	0.28000	125.17820	-134.97371	-0.33396	0.50876	-0.12034	-0.35255	1.15646	0.99998	0.00615	0.00210	-0.00617	0.99994	0.00888	-0.00205	-0.00889	0.99996		-82.56568	-139.59624	-1.00659	-0.10475	0.35964	-0.26295	0.14998	0.99997	0.00459	-0.00628	-0.00460	0.99999	-0.00183	0.00627	0.00186	0.99998	
57	0.28500	125.16673	-134.96022	-0.31510	0.50918	-0.11835	-0.35019	1.17258	0.99998	0.00611	0.00207	-0.00613	0.99994	0.00889	-0.00201	-0.00890	0.99996		-82.59038	-139.57576	-1.01903	-0.10546	0.36386	-0.25847	0.15639	0.99997	0.00451	-0.00635	-0.00452	0.99999	-0.00184	0.00634	0.00187	0.99998	
58	0.29000	125.17097	-134.99176	-0.29892	0.50602	-0.12022	-0.35266	1.16328	0.99998	0.00616	0.00210	-0.00617	0.99994	0.00883	-0.00204	-0.00884	0.99996		-82.53281	-139.62125	-1.00190	-0.11545	0.35549	-0.26466	0.16246	0.99997	0.00462	-0.00620	-0.00463	0.99999	-0.00201	0.00620	0.00204	0.99998	
59	0.29500	125.16513	-134.99346	-0.26751	0.50457	-0.11702	-0.35364	1.16038	0.99998	0.00617	0.00204	-0.00619	0.99994	0.00881	-0.00199	-0.00882	0.99996		-82.56372	-139.58036	-1.03565	-0.11061	0.35835	-0.25934	0.15069	0.99997	0.00453	-0.00625	-0.00454	0.99999	-0.00193	0.00625	0.00196	0.99998	
60	0.30000	125.14957	-134.99020	-0.26984	0.50279	-0.11355	-0.35338	1.15502	0.99998	0.00617	0.00198	-0.00618	0.99994	0.00878	-0.00193	-0.00879	0.99996		-82.55220	-139.59141	-1.03968	-0.11605	0.35898	-0.26279	0.16913	0.99997	0.00459	-0.00627	-0.00460	0.99999	-0.00203	0.00626	0.00205	0.99998	
61	0.30500	125.16326	-135.00061	-0.25279	0.50172	-0.11456	-0.35355	1.15447	0.99998	0.00617	0.00200	-0.00619	0.99994	0.00876	-0.00195	-0.00877	0.99996		-82.52659	-139.59108	-1.04409	-0.11988	0.35839	-0.25784	0.15916	0.99997	0.00450	-0.00626	-0.00451	0.99999	-0.00209	0.00625	0.00212	0.99998	
62	0.31000	125.16896	-134.99767	-0.24495	0.50075	-0.11610	-0.35578	1.17254	0.99998	0.00621	0.00203	-0.00623	0.99994	0.00874	-0.00197	-0.00875	0.99996		-82.55079	-139.59133	-1.04750	-0.12470	0.35526	-0.26088	0.14694	0.99997	0.00455	-0.00620	-0.00457	0.99999	-0.00218	0.00619	0.00220	0.99998	
63	0.31500	125.19325	-134.99491	-0.23689	0.49914	-0.11833	-0.35431	1.16089	0.99998	0.00618	0.00207	-0.00620	0.99994	0.00871	-0.00201	-0.00872	0.99996		-82.54562	-139.59756	-1.06022	-0.12790	0.35907	-0.25880	0.15323	0.99997	0.00452	-0.00627	-0.00453	0.99999	-0.00223	0.00626	0.00226	0.99998	
64	0.32000	125.18625	-135.01226	-0.21405	0.49532	-0.11955	-0.35536	1.16500	0.99998	0.00620	0.00209	-0.00622	0.99994	0.00864	-0.00203	-0.00866	0.99996		-82.52168	-139.59743	-1.06017	-0.13287	0.35696	-0.26152	0.16204	0.99997	0.00456	-0.00623	-0.00458	0.99999	-0.00232	0.00622	0.00235	0.99998	
65	0.32500	125.16388	-135.01475	-0.21112	0.49275	-0.11315	-0.34989	1.16914	0.99998	0.00611	0.00197	-0.00612	0.99994	0.00860	-0.00192	-0.00861	0.99996		-82.51987	-139.59568	-1.08088	-0.13776	0.35521	-0.25990	0.15720	0.99997	0.00454	-0.00620	-0.00455	0.99999	-0.00240	0.00619	0.00243	0.99998	
66	0.33000	125.19095	-135.01854	-0.20761	0.49097	-0.11693	-0.35165	1.17424	0.99998	0.00614	0.00204	-0.00615	0.99994	0.00857	-0.00199	-0.00858	0.99996		-82.48313	-139.62988	-1.06361	-0.14857	0.34971	-0.25973	0.15157	0.99997	0.00453	-0.00610	-0.00455	0.99999	-0.00259	0.00609	0.00262	0.99998	
67	0.33500	125.16388	-135.03074	-0.17374	0.48653	-0.11329	-0.35745	1.15067	0.99998	0.00624	0.00198	-0.00626	0.99994	0.00849	-0.00192	-0.00850	0.99996		-82.53173	-139.61289	-1.09685	-0.15120	0.35715	-0.25813	0.15265	0.99997	0.00451	-0.00623	-0.00452	0.99999	-0.00264	0.00622	0.00267	0.99998	
68	0.34000	125.18689	-135.01687	-0.17331	0.48660	-0.11797	-0.35527	1.17156	0.99998	0.00620	0.00206	-0.00622	0.99994	0.00849	-0.00201	-0.00851	0.99996		-82.50299	-139.62925	-1.07524	-0.16126	0.35174	-0.25078	0.15797	0.99997	0.00438	-0.00614	-0.00439	0.99999	-0.00281	0.00613	0.00284	0.99998	
69	0.34500	125.18492	-135.03687	-0.15561	0.48030	-0.11213	-0.35084	1.15866	0.99998	0.00612	0.00196	-0.00614	0.99995	0.00838	-0.00191	-0.00839	0.99996		-82.46178	-139.65229	-1.10003	-0.16939	0.34526	-0.25560	0.15801	0.99997	0.00446	-0.00603	-0.00448	0.99999	-0.00296	0.00601	0.00298	0.99998	
70	0.35000	125.17145	-135.03131	-0.15725	0.47826	-0.11626	-0.35713	1.14567	0.99998	0.00623	0.00203	-0.00625	0.99995	0.00835	-0.00198	-0.00836	0.99996		-82.47608	-139.64123	-1.10825	-0.17515	0.35011	-0.25418	0.16866	0.99997	0.00444	-0.00611	-0.00445	0.99999	-0.00306	0.00610	0.00308	0.99998	
71	0.35500	125.16288	-135.02234	-0.13377	0.47753	-0.11505	-0.35249	1.16277	0.99998	0.00615	0.00201	-0.00617	0.99995	0.00833	-0.00196	-0.00835	0.99996		-82.45581	-139.65716	-1.10818	-0.18177	0.34843	-0.25506	0.16095	0.99997	0.00445	-0.00608	-0.00447	0.99998	-0.00317	0.00607	0.00320	0.99998	
72	0.36000	125.18142	-135.04194	-0.11206	0.47222	-0.11416	-0.35123	1.15368	0.99998	0.00613	0.00199	-0.00615	0.99995	0.00824	-0.00194	-0.00825	0.99996		-82.46503	-139.66061	-1.12458	-0.18991	0.34934	-0.25594	0.15763	0.99997	0.00447	-0.00610	-0.00449	0.99998	-0.00331	0.00608	0.00334	0.99998	
73	0.36500	125.15964	-135.02735	-0.10030	0.46946	-0.11078	-0.35184	1.15726	0.99998	0.00614	0.00193	-0.00616	0.99995	0.00819	-0.00188	-0.00821	0.99996		-82.45441	-139.67876	-1.13676	-0.19908	0.35031	-0.25371	0.16112	0.99997	0.00443	-0.00611	-0.00445	0.99998	-0.00347	0.00610	0.00350	0.99998	
74	0.37000	125.21733	-135.02807	-0.08421	0.46410	-0.11572	-0.34911	1.16450	0.99998	0.00609	0.00202	-0.00611	0.99995	0.00810	-0.00197	-0.00811	0.99997		-82.42201	-139.67902	-1.14538	-0.20502	0.34866	-0.25561	0.15511	0.99997	0.00446	-0.00609	-0.00448	0.99998	-0.00358	0.00607	0.00361	0.99998	
75	0.37500	125.21355	-135.03647	-0.06028	0.46052	-0.11447	-0.35270	1.15130	0.99998	0.00616	0.00200	-0.00617	0.99995	0.00804	-0.00195	-0.00805	0.99997		-82.47175	-139.69677	-1.16495	-0.21381	0.35153	-0.25343	0.16826	0.99997	0.00442	-0.00614	-0.00445	0.99998	-0.00373	0.00612	0.00376	0.99997	
76	0.38000	125.17712	-135.03704	-0.04673	0.45753	-0.10923	-0.35259	1.15528	0.99998	0.00615	0.00191	-0.00617	0.99995	0.00799	-0.00186	-0.00800	0.99997		-82.43855	-139.69691	-1.16521	-0.21973	0.34970	-0.25530	0.16285	0.99997	0.00446	-0.00610	-0.00448	0.99998	-0.00383	0.00609	0.00386	0.99997	
77	0.38500	125.18847	-135.04463	-0.02973	0.45212	-0.10833	-0.35538	1.15151	0.99998	0.00620	0.00189	-0.00622	0.99995	0.00789	-0.00184	-0.00790	0.99997		-82.41198	-139.73028	-1.16929	-0.22798	0.35070	-0.25327	0.15787	0.99997	0.00442	-0.00612	-0.00444	0.99998	-0.00398	0.00610	0.00401	0.99997	
78	0.39000	125.18591	-135.03323	-0.01630	0.44999	-0.11166	-0.35355	1.14589	0.99998	0.00617	0.00195	-0.00619	0.99995	0.00785	-0.00190	-0.00787	0.99997		-82.43669	-139.72289	-1.18969	-0.23480	0.35336	-0.25522	0.17265	0.99997	0.00445	-0.00617	-0.00448	0.99998	-0.00410	0.00615	0.00413	0.99997	
79	0.39500	125.23390	-135.02576	-0.00091	0.44687	-0.11207	-0.35056	1.14643	0.99998	0.00612	0.00196	-0.00613	0.99995	0.00780	-0.00191	-0.00781	0.99997		-82.39760	-139.72914	-1.20628	-0.24337	0.34798	-0.25282	0.15871	0.99997	0.00441	-0.00607	-0.00444	0.99998	-0.00425	0.00605	0.00427	0.99997	
80	0.40000	125.20604	-135.04554	0.00570	0.44057	-0.11077	-0.35842	1.14471	0.99998	0.00626	0.00193	-0.00627	0.99995	0.00769	-0.00189	-0.00770	0.99997		-82.39356	-139.73192	-1.21466	-0.24897	0.35041	-0.25584	0.16386	0.99997	0.00447	-0.00612	-0.00449	0.99998	-0.00435	0.00610	0.00437	0.99997	
81	0.40500	125.20490	-135.04229	0.00334	0.43912	-0.10974	-0.35039	1.14468	0.99998	0.00612	0.00192	-0.00613	0.99995	0.00766	-0.00187	-0.00768	0.99997		-82.43332	-139.74460	-1.24715	-0.25957	0.35370	-0.25263	0.16520	0.99997	0.00441	-0.00617	-0.00444	0.99998	-0.00453	0.00615	0.00456	0.99997	
82	0.41000	125.22099	-135.05674	0.02257	0.43186	-0.11068	-0.34804	1.14454	0.99998	0.00607	0.00193	-0.00609	0.99995	0.00754	-0.00189	-0.00755	0.99997		-82.41318	-139.73928	-1.24311	-0.26129	0.35208	-0.25724	0.15727	0.99997	0.00449	-0.00614	-0.00452	0.99998	-0.00456	0.00612	0.00459	0.99997	
83	0.41500	125.20005	-135.03480	0.04048	0.42920	-0.10869	-0.34901	1.14208	0.99998	0.00609	0.00190	-0.00611	0.99995	0.00749	-0.00185	-0.00750	0.99997		-82.43789	-139.75468	-1.25080	-0.27018	0.35628	-0.25154	0.16624	0.99997	0.00439	-0.00622	-0.00442	0.99998	-0.00472	0.00620	0.00474	0.99997	
84	0.42000	125.21525	-135.04640	0.06546	0.42312	-0.10926	-0.34962	1.14898	0.99998	0.00610	0.00191	-0.00612	0.99995	0.00738	-0.00186	-0.00740	0.99997		-82.41611	-139.75435	-1.27600	-0.27710	0.35489	-0.25620	0.15661	0.99997	0.00447	-0.00619	-0.00450	0.99998	-0.00484	0.00617	0.00486	0.99997	
85	0.42500	125.26364	-135.05091	0.06235	0.41937	-0.11505	-0.35033	1.15855	0.99998	0.00611	0.00201	-0.00613	0.99995	0.00732	-0.00196	-0.00733	0.99997		-82.41184	-139.76985	-1.29235	-0.28363	0.35679	-0.25179	0.15960	0.99997	0.00439	-0.00623	-0.00443	0.99998	-0.00495	0.00621	0.00498	0.99997	
86	0.43000	125.24942	-135.04094	0.07386	0.41813	-0.11349	-0.35130	1.15109	0.99998	0.00613	0.00198	-0.00615	0.99995	0.00730	-0.00194	-0.00731	0.99997		-82.40734	-139.77944	-1.29193	-0.29202	0.35689	-0.25706	0.16379	0.99997	0.00449	-0.00623	-0.00452	0.99998	-0.00510	0.00621	0.00512	0.99997	
87	0.43500	125.26849	-135.03662	0.08625	0.41328	-0.11409	-0.34454	1.15919	0.99998	0.00601	0.00199	-0.00603	0.99996	0.00721	-0.00195	-0.00722	0.99997		-82.40615	-139.80818	-1.30376	-0.29970	0.35451	-0.25565	0.16154	0.99997	0.00446	-0.00619	-0.00449	0.99998	-0.00523	0.00616	0.00526	0.99997	
88	0.44000	125.25558	-135.02827	0.09366	0.41066	-0.11394	-0.34801	1.14747	0.99998	0.00607	0.00199	-0.00609	0.99996	0.00717	-0.00195	-0.00718	0.99997		-82.38949	-139.81615	-1.31211	-0.30746	0.35655	-0.25639	0.16835	0.99997	0.00447	-0.00622	-0.00451	0.99998	-0.00537	0.00620	0.00539	0.99997	
89	0.44500	125.23807	-135.04500	0.10568	0.40348	-0.11132	-0.34835	1.13928	0.99998	0.00608	0.00194	-0.00609	0.99996	0.00704	-0.00190	-0.00705	0.99997		-82.39700	-139.80121	-1.33315	-0.30936	0.35665	-0.25649	0.14735	0.99997	0.00448	-0.00622	-0.00451	0.99998	-0.00540	0.00620	0.00543	0.99997	
90	0.45000	125.23170	-135.03142	0.13321	0.39930	-0.10845	-0.35193	1.15155	0.99998	0.00614	0.00189	-0.00616	0.99996	0.00697	-0.00185	-0.00698	0.99997		-82.40613	-139.81941	-1.34157	-0.31608	0.36650	-0.25322	0.16949	0.99997	0.00442	-0.00640	-0.00445	0.99997	-0.00552	0.00637	0.00554	0.99996	
91	0.45500	125.24137	-135.04378	0.13609	0.39474	-0.10822	-0.34925	1.14719	0.99998	0.00610	0.00189	-0.00611	0.99996	0.00689	-0.00185	-0.00690	0.99997		-82.41669	-139.83369	-1.35334	-0.32292	0.36229	-0.25692	0.14345	0.99997	0.00448	-0.00632	-0.00452	0.99997	-0.00564	0.00630	0.00566	0.99996	
92	0.46000	125.24671	-135.04876	0.15554	0.39066	-0.10653	-0.35417	1.15008	0.99998	0.00618	0.00186	-0.00619	0.99996	0.00682	-0.00182	-0.00683	0.99998		-82.42333	-139.84681	-1.36528	-0.33002	0.36462	-0.25491	0.16775	0.99997	0.00445	-0.00636	-0.00449	0.99997	-0.00576	0.00634	0.00579	0.99996	
93	0.46500	125.23448	-135.03452	0.16439	0.38776	-0.10639	-0.35014	1.14591	0.99998	0.00611	0.00186	-0.00612	0.99996	0.00677	-0.00182	-0.00678	0.99998		-82.38836	-139.85651	-1.36998	-0.33376	0.36635	-0.25443	0.15946	0.99997	0.00444	-0.00639	-0.00448	0.99997	-0.00583	0.00637	0.00585	0.99996	
94	0.47000	125.24640	-135.01874	0.16017	0.38556	-0.10473	-0.34828	1.14032	0.99998	0.00608	0.00183	-0.00609	0.99996	0.00673	-0.00179	-0.00674	0.99998		-82.42428	-139.87377	-1.40285	-0.33996	0.37015	-0.25507	0.14690	0.99997	0.00445	-0.00646	-0.00449	0.99997	-0.00593	0.00643	0.00596	0.99996	
95	0.47500	125.23778	-135.03232	0.17204	0.38251	-0.10794	-0.35260	1.15170	0.99998	0.00615	0.00188	-0.00617	0.99996	0.00668	-0.00184	-0.00669	0.99998		-82.41845	-139.89181	-1.40278	-0.34589	0.37378	-0.25257	0.15258	0.99997	0.00441	-0.00652	-0.00445	0.99997	-0.00604	0.00650	0.00607	0.99996	
96	0.48000	125.26972	-134.99713	0.17920	0.38389	-0.10992	-0.34990	1.14469	0.99998	0.00611	0.00192	-0.00612	0.99996	0.00670	-0.00188	-0.00671	0.99998		-82.40817	-139.88625	-1.41106	-0.34870	0.37229	-0.25756	0.16178	0.99997	0.00450	-0.00650	-0.00453	0.99997	-0.00609	0.00647	0.00612	0.99996	
97	0.48500	125.27627	-135.00572	0.17861	0.37804	-0.10979	-0.34553	1.15206	0.99998	0.00603	0.00192	-0.00604	0.99996	0.00660	-0.00188	-0.00661	0.99998		-82.40352	-139.90252	-1.44010	-0.35328	0.37370	-0.25505	0.16038	0.99997	0.00445	-0.00652	-0.00449	0.99997	-0.00617	0.00649	0.00619	0.99996	
98	0.49000	125.30816	-135.00846	0.19001	0.37460	-0.10830	-0.34728	1.16098	0.99998	0.00606	0.00189	-0.00607	0.99996	0.00654	-0.00185	-0.00655	0.99998		-82.39660	-139.91737	-1.43193	-0.35637	0.37666	-0.25587	0.15181	0.99997	0.00447	-0.00657	-0.00451	0.99997	-0.00622	0.00655	0.00625	0.99996	
99	0.49500	125.23872	-134.99993	0.22228	0.37214	-0.10219	-0.35383	1.13691	0.99998	0.00618	0.00178	-0.00619	0.99996	0.00649	-0.00174	-0.00651	0.99998		-82.39492	-139.89644	-1.44452	-0.35897	0.37536	-0.25560	0.14564	0.99997	0.00446	-0.00655	-0.00450	0.99997	-0.00626	0.00652	0.00629	0.99996	
100	0.50000	125.25274	-134.99592	0.20170	0.36947	-0.10097	-0.34977	1.14662	0.99998	0.00610	0.00176	-0.00612	0.99996	0.00645	-0.00172	-0.00646	0.99998		-82.39060	-139.92974	-1.45282	-0.36211	0.37824	-0.25590	0.15232	0.99997	0.00447	-0.00660	-0.00451	0.99997	-0.00632	0.00657	0.00635	0.99996	
101	0.50500	125.26813	-134.98194	0.22195	0.36903	-0.10470	-0.35385	1.15264	0.99998	0.00618	0.00183	-0.00619	0.99996	0.00644	-0.00179	-0.00645	0.99998		-82.42700	-139.93114	-1.45234	-0.36474	0.38234	-0.25772	0.15993	0.99997	0.00450	-0.00667	-0.00454	0.99997	-0.00637	0.00664	0.00640	0.99996	
102	0.51000	125.20932	-134.98391	0.21817	0.36456	-0.09680	-0.35267	1.13737	0.99998	0.00616	0.00169	-0.00617	0.99996	0.00636	-0.00165	-0.00637	0.99998		-82.41812	-139.93461	-1.46486	-0.36636	0.38283	-0.25750	0.16739	0.99997	0.00449	-0.00668	-0.00454	0.99997	-0.00639	0.00665	0.00642	0.99996	
103	0.51500	125.27570	-134.98178	0.21818	0.36215	-0.10040	-0.35000	1.12861	0.99998	0.00611	0.00175	-0.00612	0.99996	0.00632	-0.00171	-0.00633	0.99998		-82.40479	-139.95121	-1.47785	-0.36870	0.38646	-0.25369	0.15208	0.99997	0.00443	-0.00674	-0.00447	0.99997	-0.00643	0.00672	0.00646	0.99996	
104	0.52000	125.28366	-134.97939	0.21296	0.36136	-0.10667	-0.35077	1.14029	0.99998	0.00612	0.00186	-0.00613	0.99996	0.00631	-0.00182	-0.00632	0.99998		-82.40825	-139.96365	-1.48993	-0.37270	0.38511	-0.25585	0.15159	0.99997	0.00447	-0.00672	-0.00451	0.99997	-0.00650	0.00669	0.00653	0.99996	
105	0.52500	125.27559	-134.97484	0.22189	0.35965	-0.10058	-0.35198	1.13263	0.99998	0.00614	0.00176	-0.00615	0.99996	0.00628	-0.00172	-0.00629	0.99998		-82.40829	-139.96852	-1.48589	-0.37266	0.38728	-0.25315	0.15196	0.99997	0.00442	-0.00676	-0.00446	0.99997	-0.00650	0.00673	0.00653	0.99996	
106	0.53000	125.27171	-134.95668	0.23822	0.36010	-0.09823	-0.35155	1.14015	0.99998	0.00614	0.00171	-0.00615	0.99996	0.00628	-0.00168	-0.00630	0.99998		-82.37985	-139.97214	-1.49477	-0.37399	0.38800	-0.25678	0.15160	0.99997	0.00448	-0.00677	-0.00453	0.99997	-0.00653	0.00674	0.00656	0.99996	
107	0.53500	125.24106	-134.94458	0.22438	0.35742	-0.09758	-0.35094	1.13932	0.99998	0.00612	0.00170	-0.00614	0.99996	0.00624	-0.00166	-0.00625	0.99998		-82.41475	-139.98094	-1.50680	-0.37540	0.38861	-0.25678	0.13375	0.99997	0.00448	-0.00678	-0.00453	0.99997	-0.00655	0.00675	0.00658	0.99996	
108	0.54000	125.30124	-134.93591	0.22393	0.35672	-0.09940	-0.35187	1.13603	0.99998	0.00614	0.00173	-0.00615	0.99996	0.00623	-0.00170	-0.00624	0.99998		-82.39834	-139.99837	-1.49882	-0.37581	0.39133	-0.25581	0.14591	0.99997	0.00446	-0.00683	-0.00451	0.99997	-0.00656	0.00680	0.00659	0.99996	
109	0.54500	125.30357	-134.93416	0.23658	0.35672	-0.09909	-0.35234	1.14890	0.99998	0.00615	0.00173	-0.00616	0.99996	0.00623	-0.00169	-0.00624	0.99998		-82.42798	-139.99117	-1.52394	-0.37410	0.39810	-0.25731	0.16062	0.99997	0.00449	-0.00695	-0.00454	0.99997	-0.00653	0.00692	0.00656	0.99995	
110	0.55000	125.28107	-134.91393	0.22055	0.35618	-0.09956	-0.34531	1.15092	0.99998	0.00603	0.00174	-0.00604	0.99996	0.00622	-0.00170	-0.00623	0.99998		-82.42788	-140.00324	-1.51951	-0.37685	0.39815	-0.25691	0.16186	0.99997	0.00448	-0.00695	-0.00453	0.99997	-0.00658	0.00692	0.00661	0.99995	
111	0.55500	125.29221	-134.90688	0.21884	0.35928	-0.09527	-0.35274	1.15686	0.99998	0.00616	0.00166	-0.00617	0.99996	0.00627	-0.00162	-0.00628	0.99998		-82.42670	-139.99915	-1.53271	-0.37346	0.40218	-0.25655	0.16418	0.99997	0.00448	-0.00702	-0.00452	0.99997	-0.00652	0.00699	0.00655	0.99995	
112	0.56000	125.30755	-134.90531	0.20868	0.35821	-0.10313	-0.35316	1.14685	0.99998	0.00616	0.00180	-0.00617	0.99996	0.00625	-0.00176	-0.00626	0.99998		-82.40565	-140.00986	-1.53718	-0.37355	0.40160	-0.25759	0.15627	0.99997	0.00450	-0.00701	-0.00454	0.99997	-0.00652	0.00698	0.00655	0.99995	
113	0.56500	125.31918	-134.87979	0.22967	0.35870	-0.10225	-0.35137	1.13416	0.99998	0.00613	0.00178	-0.00614	0.99996	0.00626	-0.00175	-0.00627	0.99998		-82.41510	-140.02350	-1.53298	-0.37461	0.40339	-0.25469	0.15019	0.99997	0.00444	-0.00704	-0.00449	0.99997	-0.00654	0.00701	0.00657	0.99995	
114	0.57000	125.29709	-134.85780	0.20840	0.36156	-0.09980	-0.34713	1.14364	0.99998	0.00606	0.00174	-0.00607	0.99996	0.00631	-0.00170	-0.00632	0.99998		-82.41123	-140.02333	-1.53771	-0.37011	0.40639	-0.25909	0.15746	0.99996	0.00452	-0.00709	-0.00457	0.99997	-0.00646	0.00706	0.00649	0.99995	
115	0.57500	125.29243	-134.85798	0.21864	0.36151	-0.09740	-0.35097	1.14335	0.99998	0.00613	0.00170	-0.00614	0.99996	0.00631	-0.00166	-0.00632	0.99998		-82.41144	-140.02319	-1.53362	-0.36885	0.40862	-0.26144	0.17046	0.99996	0.00456	-0.00713	-0.00461	0.99997	-0.00644	0.00710	0.00647	0.99995	
116	0.58000	125.29597	-134.84063	0.20917	0.36297	-0.09229	-0.34878	1.14566	0.99998	0.00609	0.00161	-0.00610	0.99996	0.00633	-0.00157	-0.00634	0.99998		-82.40087	-140.04875	-1.53760	-0.37059	0.40528	-0.25634	0.14683	0.99996	0.00447	-0.00707	-0.00452	0.99997	-0.00647	0.00704	0.00650	0.99995	
117	0.58500	125.30839	-134.83433	0.19989	0.36555	-0.09558	-0.35329	1.14570	0.99998	0.00617	0.00167	-0.00618	0.99996	0.00638	-0.00163	-0.00639	0.99998		-82.41312	-140.03720	-1.53418	-0.36464	0.40989	-0.25936	0.14349	0.99996	0.00453	-0.00715	-0.00457	0.99997	-0.00636	0.00712	0.00640	0.99995	
118	0.59000	125.30910	-134.81419	0.19030	0.36820	-0.09683	-0.35338	1.14112	0.99998	0.00617	0.00169	-0.00618	0.99996	0.00643	-0.00165	-0.00644	0.99998		-82.41987	-140.05110	-1.55880	-0.36694	0.40872	-0.25615	0.13969	0.99996	0.00447	-0.00713	-0.00452	0.99997	-0.00640	0.00710	0.00644	0.99995	
119	0.59500	125.30919	-134.80568	0.17760	0.36813	-0.09750	-0.35278	1.14427	0.99998	0.00616	0.00170	-0.00617	0.99996	0.00642	-0.00166	-0.00644	0.99998		-82.42279	-140.05445	-1.55083	-0.36315	0.41363	-0.26140	0.16821	0.99996	0.00456	-0.00722	-0.00461	0.99997	-0.00634	0.00719	0.00637	0.99995	
120	0.60000	125.34203	-134.77877	0.18697	0.37200	-0.09691	-0.34714	1.14571	0.99998	0.00606	0.00169	-0.00607	0.99996	0.00649	-0.00165	-0.00650	0.99998		-82.41347	-140.06547	-1.55533	-0.36127	0.41515	-0.25728	0.15607	0.99996	0.00449	-0.00725	-0.00454	0.99997	-0.00631	0.00722	0.00634	0.99995	
121	0.60500	125.32778	-134.76666	0.16553	0.37328	-0.09843	-0.34819	1.13857	0.99998	0.00608	0.00172	-0.00609	0.99996	0.00651	-0.00168	-0.00653	0.99998		-82.42142	-140.07220	-1.55976	-0.35862	0.41629	-0.25845	0.15271	0.99996	0.00451	-0.00727	-0.00456	0.99997	-0.00626	0.00724	0.00629	0.99995	
122	0.61000	125.32119	-134.75693	0.15948	0.37822	-0.09848	-0.34703	1.14740	0.99998	0.00606	0.00172	-0.00607	0.99996	0.00660	-0.00168	-0.00661	0.99998		-82.41351	-140.07446	-1.54365	-0.35470	0.41846	-0.25810	0.15661	0.99996	0.00450	-0.00730	-0.00455	0.99997	-0.00619	0.00728	0.00622	0.99995	
123	0.61500	125.34642	-134.73768	0.13760	0.38074	-0.09862	-0.34571	1.14525	0.99998	0.00603	0.00172	-0.00605	0.99996	0.00665	-0.00168	-0.00666	0.99998		-82.44646	-140.07166	-1.54748	-0.35017	0.42055	-0.25892	0.16664	0.99996	0.00452	-0.00734	-0.00456	0.99997	-0.00611	0.00731	0.00614	0.99995	
124	0.62000	125.36510	-134.71978	0.12181	0.38408	-0.09794	-0.34809	1.15930	0.99998	0.00608	0.00171	-0.00609	0.99996	0.00670	-0.00167	-0.00671	0.99998		-82.43445	-140.07049	-1.54398	-0.34633	0.42427	-0.25865	0.17625	0.99996	0.00451	-0.00740	-0.00456	0.99997	-0.00604	0.00738	0.00608	0.99995	
125	0.62500	125.36113	-134.68450	0.11615	0.38864	-0.09696	-0.34622	1.14805	0.99998	0.00604	0.00169	-0.00605	0.99996	0.00678	-0.00165	-0.00679	0.99998		-82.36746	-140.07555	-1.55335	-0.34482	0.41769	-0.25975	0.14811	0.99996	0.00453	-0.00729	-0.00458	0.99997	-0.00602	0.00726	0.00605	0.99996	
126	0.63000	125.37436	-134.67975	0.10797	0.39417	-0.10453	-0.35344	1.14920	0.99998	0.00617	0.00182	-0.00618	0.99996	0.00688	-0.00178	-0.00689	0.99997		-82.42355	-140.07347	-1.54870	-0.34167	0.42313	-0.25940	0.16305	0.99996	0.00453	-0.00738	-0.00457	0.99997	-0.00596	0.00736	0.00600	0.99995	
127	0.63500	125.38073	-134.68002	0.10474	0.39694	-0.10320	-0.35379	1.14870	0.99998	0.00617	0.00180	-0.00619	0.99996	0.00693	-0.00176	-0.00694	0.99997		-82.43051	-140.09803	-1.54857	-0.33896	0.42318	-0.25964	0.16209	0.99996	0.00453	-0.00739	-0.00458	0.99997	-0.00592	0.00736	0.00595	0.99996	
128	0.64000	125.37589	-134.64646	0.09175	0.40139	-0.10300	-0.34993	1.15295	0.99998	0.00611	0.00180	-0.00612	0.99996	0.00701	-0.00175	-0.00702	0.99997		-82.41740	-140.09294	-1.53678	-0.33639	0.42695	-0.25949	0.15038	0.99996	0.00453	-0.00745	-0.00457	0.99997	-0.00587	0.00742	0.00590	0.99995	
129	0.64500	125.36927	-134.63513	0.06238	0.40742	-0.10339	-0.35170	1.14413	0.99998	0.00614	0.00180	-0.00615	0.99996	0.00711	-0.00176	-0.00712	0.99997		-82.42810	-140.09422	-1.52858	-0.32953	0.42565	-0.26037	0.14940	0.99996	0.00454	-0.00743	-0.00459	0.99997	-0.00575	0.00740	0.00579	0.99996	
130	0.65000	125.38381	-134.60765	0.04457	0.41122	-0.10554	-0.34487	1.16241	0.99998	0.00602	0.00184	-0.00603	0.99996	0.00718	-0.00180	-0.00719	0.99997		-82.43258	-140.08584	-1.52515	-0.32519	0.43101	-0.26319	0.15647	0.99996	0.00459	-0.00752	-0.00464	0.99997	-0.00568	0.00750	0.00571	0.99996	
131	0.65500	125.32856	-134.61712	0.03855	0.41383	-0.09662	-0.34758	1.15133	0.99998	0.00607	0.00169	-0.00608	0.99996	0.00722	-0.00164	-0.00723	0.99997		-82.41784	-140.09607	-1.52517	-0.32432	0.42944	-0.25744	0.15271	0.99996	0.00449	-0.00750	-0.00454	0.99997	-0.00566	0.00747	0.00569	0.99996	
132	0.66000	125.38717	-134.59039	0.00726	0.42007	-0.10508	-0.35267	1.15228	0.99998	0.00616	0.00183	-0.00617	0.99995	0.00733	-0.00179	-0.00734	0.99997		-82.41366	-140.09843	-1.51714	-0.31947	0.43001	-0.26362	0.16311	0.99996	0.00460	-0.00751	-0.00464	0.99997	-0.00558	0.00748	0.00561	0.99996	
133	0.66500	125.39211	-134.55723	0.00234	0.42601	-0.10305	-0.34780	1.15384	0.99998	0.00607	0.00180	-0.00608	0.99995	0.00744	-0.00175	-0.00745	0.99997		-82.40782	-140.11124	-1.52576	-0.31796	0.43243	-0.26016	0.16841	0.99996	0.00454	-0.00755	-0.00458	0.99997	-0.00555	0.00752	0.00558	0.99996	
134	0.67000	125.38456	-134.53800	-0.00763	0.43197	-0.10334	-0.35139	1.14145	0.99998	0.00613	0.00180	-0.00615	0.99995	0.00754	-0.00176	-0.00755	0.99997		-82.41769	-140.09869	-1.50112	-0.31097	0.43406	-0.26048	0.16594	0.99996	0.00455	-0.00758	-0.00459	0.99997	-0.00543	0.00755	0.00546	0.99996	
135	0.67500	125.37032	-134.52666	-0.02126	0.43725	-0.10493	-0.35067	1.15197	0.99998	0.00612	0.00183	-0.00613	0.99995	0.00763	-0.00178	-0.00764	0.99997		-82.41988	-140.11416	-1.50124	-0.30833	0.43325	-0.25819	0.14670	0.99996	0.00451	-0.00756	-0.00455	0.99998	-0.00538	0.00754	0.00542	0.99996	
