NO_OF_FRAMES	12037
NO_OF_CAMERAS	8
NO_OF_BODIES	2
FREQUENCY	200
NO_OF_ANALOG	0
ANALOG_FREQUENCY	0
DESCRIPTION	--
TIME_STAMP	2013-07-03, 15:02:00	22937.03877406
DATA_INCLUDED	6D
BODY_NAMES	Ice 1	Ice 2
Frame	Time	Ice 1 X	Y	Z	Roll	Pitch	Yaw	Residual	Rot[0]	Rot[1]	Rot[2]	Rot[3]	Rot[4]	Rot[5]	Rot[6]	Rot[7]	Rot[8]	Ice 2 X	Y	Z	Roll	Pitch	Yaw	Residual	Rot[0]	Rot[1]	Rot[2]	Rot[3]	Rot[4]	Rot[5]	Rot[6]	Rot[7]	Rot[8]	
1	0.00500	23.81290	-26.45794	0.19132	0.49250	-0.00106	-0.33389	1.01464	0.99998	0.00583	0.00002	-0.00583	0.99995	0.00860	0.00003	-0.00860	0.99996		-72.43543	-125.62139	-1.03005	-0.32666	0.43626	-1.81624	0.24434	0.99947	0.03169	-0.00761	-0.03174	0.99948	-0.00570	0.00743	0.00594	0.99995	
2	0.01000	23.78170	-26.50129	0.14394	0.48662	0.00133	-0.33380	0.96983	0.99998	0.00583	-0.00002	-0.00583	0.99995	0.00849	0.00007	-0.00849	0.99996		-72.51845	-125.60537	-1.03035	-0.33322	0.45262	-1.81913	0.19270	0.99946	0.03174	-0.00790	-0.03179	0.99948	-0.00582	0.00771	0.00606	0.99995	
3	0.01500	23.78064	-26.48552	0.15539	0.49247	0.00118	-0.33504	0.98009	0.99998	0.00585	-0.00002	-0.00585	0.99995	0.00860	0.00007	-0.00859	0.99996		-72.47967	-125.63006	-1.05085	-0.34806	0.44810	-1.82323	0.18509	0.99946	0.03182	-0.00782	-0.03186	0.99947	-0.00607	0.00762	0.00632	0.99995	
4	0.02000	23.78410	-26.47137	0.14760	0.49804	-0.00214	-0.33904	0.96789	0.99998	0.00592	0.00004	-0.00592	0.99994	0.00869	0.00001	-0.00869	0.99996		-72.47850	-125.68063	-1.05327	-0.36796	0.44999	-1.81941	0.19486	0.99947	0.03175	-0.00785	-0.03180	0.99947	-0.00642	0.00765	0.00667	0.99995	
5	0.02500	23.78959	-26.44443	0.14454	0.50581	-0.01032	-0.33856	0.98028	0.99998	0.00591	0.00018	-0.00591	0.99994	0.00883	-0.00013	-0.00883	0.99996		-72.50281	-125.69295	-1.04725	-0.38309	0.44630	-1.81864	0.18160	0.99947	0.03173	-0.00779	-0.03179	0.99947	-0.00669	0.00757	0.00693	0.99995	
6	0.03000	23.79255	-26.42541	0.13727	0.51028	-0.01022	-0.33247	0.97110	0.99998	0.00580	0.00018	-0.00580	0.99994	0.00891	-0.00013	-0.00891	0.99996		-72.47319	-125.70933	-1.06819	-0.39636	0.45115	-1.82106	0.20455	0.99946	0.03178	-0.00787	-0.03183	0.99947	-0.00692	0.00765	0.00716	0.99995	
7	0.03500	23.83997	-26.40561	0.12893	0.51707	-0.01869	-0.34026	0.95863	0.99998	0.00594	0.00033	-0.00594	0.99994	0.00902	-0.00027	-0.00903	0.99996		-72.46467	-125.75684	-1.07470	-0.41601	0.44647	-1.81778	0.19447	0.99947	0.03172	-0.00779	-0.03178	0.99947	-0.00726	0.00756	0.00750	0.99994	
8	0.04000	23.85637	-26.40111	0.12832	0.52256	-0.02829	-0.34241	0.96062	0.99998	0.00598	0.00049	-0.00598	0.99994	0.00912	-0.00044	-0.00912	0.99996		-72.46279	-125.77143	-1.08640	-0.42887	0.44549	-1.81714	0.19922	0.99947	0.03171	-0.00778	-0.03177	0.99947	-0.00748	0.00753	0.00773	0.99994	
9	0.04500	23.86858	-26.36645	0.11609	0.52694	-0.03055	-0.34043	0.95876	0.99998	0.00594	0.00053	-0.00595	0.99994	0.00920	-0.00048	-0.00920	0.99996		-72.44456	-125.80797	-1.08906	-0.44776	0.44356	-1.81221	0.19063	0.99947	0.03162	-0.00774	-0.03168	0.99947	-0.00781	0.00749	0.00806	0.99994	
10	0.05000	23.83316	-26.34366	0.13637	0.53496	-0.03209	-0.35110	0.95870	0.99998	0.00613	0.00056	-0.00613	0.99994	0.00934	-0.00050	-0.00934	0.99996		-72.46013	-125.82129	-1.08786	-0.45935	0.44443	-1.81138	0.18899	0.99947	0.03161	-0.00776	-0.03167	0.99947	-0.00802	0.00750	0.00826	0.99994	
11	0.05500	23.60046	-26.46570	0.26767	0.53988	-0.02906	-0.34309	1.00635	0.99998	0.00599	0.00051	-0.00599	0.99994	0.00942	-0.00045	-0.00943	0.99996		-72.47087	-125.84766	-1.09935	-0.47271	0.44625	-1.81138	0.18014	0.99947	0.03161	-0.00779	-0.03167	0.99946	-0.00825	0.00752	0.00849	0.99994	
12	0.06000	23.60109	-26.42541	0.28042	0.54805	-0.03498	-0.34519	1.01338	0.99998	0.00602	0.00061	-0.00603	0.99994	0.00957	-0.00055	-0.00957	0.99995		-72.45592	-125.87936	-1.09407	-0.48914	0.44730	-1.81188	0.19115	0.99947	0.03162	-0.00781	-0.03168	0.99946	-0.00854	0.00753	0.00878	0.99993	
13	0.06500	23.61602	-26.44433	0.25976	0.54977	-0.04480	-0.34992	1.01214	0.99998	0.00611	0.00078	-0.00611	0.99994	0.00960	-0.00072	-0.00960	0.99995		-72.43238	-125.88231	-1.10609	-0.50025	0.44407	-1.81403	0.19748	0.99947	0.03165	-0.00775	-0.03172	0.99946	-0.00873	0.00747	0.00897	0.99993	
14	0.07000	23.63234	-26.41993	0.28319	0.55581	-0.04935	-0.33922	1.04353	0.99998	0.00592	0.00086	-0.00593	0.99994	0.00970	-0.00080	-0.00971	0.99995		-72.44110	-125.92116	-1.11689	-0.51490	0.44033	-1.81070	0.18031	0.99947	0.03160	-0.00769	-0.03167	0.99946	-0.00899	0.00740	0.00922	0.99993	
15	0.07500	23.58074	-26.41988	0.28914	0.56001	-0.04784	-0.34087	1.03536	0.99998	0.00595	0.00083	-0.00596	0.99993	0.00977	-0.00078	-0.00978	0.99995		-72.43537	-125.94203	-1.12426	-0.52795	0.44093	-1.81361	0.19880	0.99947	0.03165	-0.00770	-0.03172	0.99945	-0.00921	0.00740	0.00945	0.99993	
16	0.08000	23.60112	-26.41634	0.27760	0.56287	-0.05413	-0.34427	1.03091	0.99998	0.00601	0.00094	-0.00602	0.99993	0.00982	-0.00089	-0.00983	0.99995		-72.42131	-125.94264	-1.13591	-0.53975	0.43775	-1.80967	0.17587	0.99947	0.03158	-0.00764	-0.03165	0.99945	-0.00942	0.00734	0.00966	0.99993	
17	0.08500	23.63492	-26.37406	0.27883	0.56873	-0.06245	-0.33699	1.04702	0.99998	0.00588	0.00109	-0.00589	0.99993	0.00993	-0.00103	-0.00993	0.99995		-72.40342	-125.96237	-1.15186	-0.55126	0.43769	-1.81443	0.19321	0.99947	0.03166	-0.00764	-0.03173	0.99945	-0.00962	0.00733	0.00986	0.99992	
18	0.09000	23.62979	-26.35532	0.28998	0.57455	-0.06338	-0.34041	1.04021	0.99998	0.00594	0.00111	-0.00595	0.99993	0.01003	-0.00105	-0.01003	0.99995		-72.38626	-125.98163	-1.13833	-0.56200	0.43526	-1.81457	0.19743	0.99947	0.03166	-0.00760	-0.03174	0.99945	-0.00981	0.00728	0.01004	0.99992	
19	0.09500	23.60371	-26.36586	0.27778	0.57577	-0.06565	-0.34213	1.03033	0.99998	0.00597	0.00115	-0.00598	0.99993	0.01005	-0.00109	-0.01006	0.99995		-72.38327	-125.99919	-1.15795	-0.57474	0.43162	-1.80977	0.19450	0.99947	0.03158	-0.00753	-0.03166	0.99945	-0.01003	0.00721	0.01026	0.99992	
20	0.10000	23.65047	-26.33832	0.27870	0.58064	-0.07357	-0.33298	1.04147	0.99998	0.00581	0.00128	-0.00582	0.99993	0.01013	-0.00123	-0.01014	0.99995		-72.33920	-126.05216	-1.13550	-0.59208	0.42536	-1.80976	0.19838	0.99947	0.03158	-0.00742	-0.03166	0.99945	-0.01033	0.00709	0.01056	0.99992	
21	0.10500	23.63018	-26.31994	0.30398	0.58535	-0.06935	-0.33794	1.03323	0.99998	0.00590	0.00121	-0.00591	0.99993	0.01022	-0.00115	-0.01022	0.99995		-72.36196	-126.05427	-1.13855	-0.60026	0.42530	-1.81398	0.19877	0.99947	0.03165	-0.00742	-0.03173	0.99944	-0.01048	0.00709	0.01071	0.99992	
22	0.11000	23.63124	-26.31065	0.27181	0.58789	-0.08125	-0.33480	1.05404	0.99998	0.00584	0.00142	-0.00586	0.99993	0.01026	-0.00136	-0.01027	0.99995		-72.34897	-126.07502	-1.15397	-0.61253	0.42148	-1.80931	0.20229	0.99947	0.03157	-0.00736	-0.03165	0.99944	-0.01069	0.00701	0.01092	0.99992	
23	0.11500	23.62031	-26.27908	0.29688	0.59376	-0.08058	-0.33799	1.04114	0.99998	0.00590	0.00141	-0.00591	0.99993	0.01036	-0.00135	-0.01037	0.99995		-72.32553	-126.08942	-1.15778	-0.61886	0.41930	-1.80888	0.18967	0.99947	0.03156	-0.00732	-0.03164	0.99944	-0.01080	0.00697	0.01103	0.99991	
24	0.12000	23.60295	-26.28444	0.31165	0.59312	-0.08009	-0.34055	1.04139	0.99998	0.00594	0.00140	-0.00596	0.99993	0.01035	-0.00134	-0.01036	0.99995		-72.33956	-126.09775	-1.15691	-0.62524	0.41873	-1.80907	0.19628	0.99947	0.03157	-0.00731	-0.03165	0.99944	-0.01091	0.00696	0.01114	0.99991	
25	0.12500	23.63163	-26.26630	0.29942	0.59680	-0.08919	-0.34053	1.05410	0.99998	0.00594	0.00156	-0.00596	0.99993	0.01042	-0.00149	-0.01043	0.99994		-72.31991	-126.09979	-1.16884	-0.63203	0.41559	-1.80977	0.19812	0.99947	0.03158	-0.00725	-0.03166	0.99944	-0.01103	0.00690	0.01125	0.99991	
26	0.13000	23.65040	-26.23713	0.32215	0.60121	-0.09222	-0.33597	1.04879	0.99998	0.00586	0.00161	-0.00588	0.99993	0.01049	-0.00155	-0.01050	0.99994		-72.32523	-126.11970	-1.15550	-0.63986	0.41525	-1.80941	0.18616	0.99948	0.03157	-0.00725	-0.03165	0.99944	-0.01117	0.00689	0.01139	0.99991	
27	0.13500	23.67697	-26.23525	0.31391	0.60251	-0.09833	-0.33857	1.05174	0.99998	0.00591	0.00172	-0.00593	0.99993	0.01052	-0.00165	-0.01053	0.99994		-72.30955	-126.12838	-1.16329	-0.64692	0.41502	-1.80915	0.19634	0.99948	0.03157	-0.00724	-0.03165	0.99944	-0.01129	0.00688	0.01151	0.99991	
28	0.14000	23.67645	-26.21435	0.28962	0.60646	-0.10203	-0.33483	1.04972	0.99998	0.00584	0.00178	-0.00586	0.99993	0.01058	-0.00172	-0.01059	0.99994		-72.29154	-126.12794	-1.17118	-0.65145	0.40714	-1.81114	0.18163	0.99948	0.03160	-0.00711	-0.03168	0.99943	-0.01137	0.00674	0.01159	0.99991	
29	0.14500	23.66325	-26.19614	0.32089	0.60980	-0.10163	-0.33609	1.06468	0.99998	0.00587	0.00177	-0.00588	0.99993	0.01064	-0.00171	-0.01065	0.99994		-72.29539	-126.12895	-1.16242	-0.65372	0.40851	-1.80983	0.20182	0.99948	0.03158	-0.00713	-0.03166	0.99943	-0.01141	0.00677	0.01163	0.99991	
30	0.15000	23.67838	-26.18608	0.32061	0.61169	-0.10738	-0.33758	1.05871	0.99998	0.00589	0.00187	-0.00591	0.99993	0.01068	-0.00181	-0.01069	0.99994		-72.28929	-126.13691	-1.17832	-0.66014	0.40328	-1.80921	0.18203	0.99948	0.03157	-0.00704	-0.03165	0.99943	-0.01152	0.00667	0.01174	0.99991	
31	0.15500	23.68041	-26.17850	0.33812	0.61242	-0.11014	-0.33649	1.07087	0.99998	0.00587	0.00192	-0.00589	0.99993	0.01069	-0.00186	-0.01070	0.99994		-72.31657	-126.11368	-1.18262	-0.65795	0.40793	-1.81458	0.19658	0.99947	0.03166	-0.00712	-0.03174	0.99943	-0.01148	0.00675	0.01170	0.99991	
32	0.16000	23.67552	-26.15919	0.33773	0.61826	-0.10913	-0.33456	1.06696	0.99998	0.00584	0.00190	-0.00586	0.99992	0.01079	-0.00184	-0.01080	0.99994		-72.26698	-126.13114	-1.17796	-0.66309	0.39913	-1.81246	0.20090	0.99948	0.03163	-0.00697	-0.03171	0.99943	-0.01157	0.00660	0.01179	0.99991	
33	0.16500	23.68776	-26.13534	0.33716	0.61928	-0.11484	-0.33861	1.05899	0.99998	0.00591	0.00200	-0.00593	0.99992	0.01081	-0.00194	-0.01082	0.99994		-72.25934	-126.13885	-1.18587	-0.66705	0.39775	-1.80817	0.19422	0.99948	0.03155	-0.00694	-0.03163	0.99943	-0.01164	0.00657	0.01186	0.99991	
34	0.17000	23.69186	-26.11429	0.32485	0.62323	-0.12114	-0.34111	1.05512	0.99998	0.00595	0.00211	-0.00598	0.99992	0.01088	-0.00205	-0.01089	0.99994		-72.23051	-126.12315	-1.18169	-0.66695	0.38932	-1.80966	0.18447	0.99948	0.03158	-0.00679	-0.03166	0.99943	-0.01164	0.00642	0.01185	0.99991	
35	0.17500	23.71438	-26.10995	0.32192	0.62540	-0.12513	-0.33846	1.07086	0.99998	0.00591	0.00218	-0.00593	0.99992	0.01091	-0.00212	-0.01093	0.99994		-72.28035	-126.12788	-1.17707	-0.66528	0.39309	-1.81010	0.19574	0.99948	0.03159	-0.00686	-0.03166	0.99943	-0.01161	0.00649	0.01182	0.99991	
36	0.18000	23.66239	-26.09835	0.35443	0.62335	-0.11649	-0.33083	1.07627	0.99998	0.00577	0.00203	-0.00580	0.99992	0.01088	-0.00197	-0.01089	0.99994		-72.28038	-126.11323	-1.17717	-0.66393	0.39370	-1.81199	0.20436	0.99948	0.03162	-0.00687	-0.03170	0.99943	-0.01159	0.00650	0.01180	0.99991	
37	0.18500	23.71233	-26.08966	0.34554	0.62518	-0.12805	-0.32666	1.07014	0.99998	0.00570	0.00223	-0.00573	0.99992	0.01091	-0.00217	-0.01092	0.99994		-72.27158	-126.10125	-1.16849	-0.66379	0.38735	-1.81435	0.20122	0.99948	0.03166	-0.00676	-0.03174	0.99943	-0.01158	0.00639	0.01179	0.99991	
38	0.19000	23.69252	-26.08481	0.34840	0.62699	-0.12430	-0.32925	1.08457	0.99998	0.00575	0.00217	-0.00577	0.99992	0.01094	-0.00211	-0.01096	0.99994		-72.23060	-126.10588	-1.16483	-0.66262	0.38212	-1.81459	0.19139	0.99948	0.03166	-0.00667	-0.03174	0.99943	-0.01156	0.00630	0.01177	0.99991	
39	0.19500	23.71284	-26.06649	0.35800	0.62972	-0.12556	-0.33454	1.07632	0.99998	0.00584	0.00219	-0.00586	0.99992	0.01099	-0.00213	-0.01100	0.99994		-72.26739	-126.09632	-1.17244	-0.66110	0.38115	-1.81149	0.18805	0.99948	0.03161	-0.00665	-0.03169	0.99943	-0.01154	0.00628	0.01174	0.99991	
40	0.20000	23.71036	-26.07080	0.36383	0.62869	-0.13084	-0.33681	1.06423	0.99998	0.00588	0.00228	-0.00590	0.99992	0.01097	-0.00222	-0.01099	0.99994		-72.24067	-126.08685	-1.17720	-0.65788	0.37700	-1.81106	0.18402	0.99948	0.03160	-0.00658	-0.03168	0.99943	-0.01148	0.00621	0.01168	0.99991	
41	0.20500	23.71697	-26.05220	0.37531	0.63090	-0.13037	-0.33511	1.07101	0.99998	0.00585	0.00228	-0.00587	0.99992	0.01101	-0.00221	-0.01102	0.99994		-72.25077	-126.07863	-1.17348	-0.65180	0.37845	-1.81588	0.19381	0.99948	0.03169	-0.00661	-0.03176	0.99943	-0.01138	0.00624	0.01158	0.99991	
42	0.21000	23.70810	-26.03626	0.37447	0.63381	-0.13130	-0.33432	1.07735	0.99998	0.00583	0.00229	-0.00586	0.99992	0.01106	-0.00223	-0.01108	0.99994		-72.22054	-126.04893	-1.17406	-0.64720	0.37198	-1.81608	0.20055	0.99948	0.03169	-0.00649	-0.03176	0.99943	-0.01130	0.00613	0.01150	0.99992	
43	0.21500	23.68288	-26.05001	0.37617	0.63310	-0.13186	-0.33645	1.08084	0.99998	0.00587	0.00230	-0.00590	0.99992	0.01105	-0.00224	-0.01106	0.99994		-72.20418	-126.05342	-1.16581	-0.64432	0.36722	-1.81452	0.18669	0.99948	0.03166	-0.00641	-0.03173	0.99943	-0.01125	0.00605	0.01144	0.99992	
44	0.22000	23.70109	-26.04361	0.39987	0.63324	-0.13052	-0.33670	1.08411	0.99998	0.00588	0.00228	-0.00590	0.99992	0.01105	-0.00221	-0.01107	0.99994		-72.21089	-126.03060	-1.16222	-0.63616	0.36570	-1.81769	0.19287	0.99948	0.03172	-0.00638	-0.03179	0.99943	-0.01110	0.00603	0.01130	0.99992	
45	0.22500	23.66390	-26.01395	0.39833	0.63670	-0.12869	-0.33705	1.07670	0.99998	0.00588	0.00225	-0.00591	0.99992	0.01111	-0.00218	-0.01113	0.99994		-72.23459	-126.01268	-1.16660	-0.63027	0.36587	-1.81638	0.18584	0.99948	0.03170	-0.00639	-0.03176	0.99943	-0.01100	0.00603	0.01120	0.99992	
46	0.23000	23.69212	-26.00671	0.40813	0.63836	-0.13084	-0.32797	1.08424	0.99998	0.00572	0.00228	-0.00575	0.99992	0.01114	-0.00222	-0.01115	0.99994		-72.21641	-126.01376	-1.15051	-0.62405	0.36530	-1.81803	0.18153	0.99948	0.03172	-0.00638	-0.03179	0.99944	-0.01089	0.00603	0.01109	0.99992	
47	0.23500	23.70321	-26.00400	0.41750	0.63856	-0.13098	-0.33395	1.08452	0.99998	0.00583	0.00229	-0.00585	0.99992	0.01114	-0.00222	-0.01116	0.99994		-72.17827	-125.99139	-1.15558	-0.61585	0.35802	-1.81894	0.19516	0.99948	0.03174	-0.00625	-0.03181	0.99944	-0.01075	0.00590	0.01094	0.99992	
48	0.24000	23.68468	-25.99053	0.41895	0.63970	-0.12851	-0.33181	1.09268	0.99998	0.00579	0.00224	-0.00582	0.99992	0.01116	-0.00218	-0.01118	0.99994		-72.22486	-125.95990	-1.14767	-0.60589	0.36078	-1.81886	0.20235	0.99948	0.03174	-0.00630	-0.03180	0.99944	-0.01057	0.00596	0.01077	0.99992	
49	0.24500	23.69510	-25.99885	0.42734	0.64064	-0.13149	-0.33079	1.09120	0.99998	0.00577	0.00229	-0.00580	0.99992	0.01118	-0.00223	-0.01119	0.99993		-72.18156	-125.94477	-1.13573	-0.59951	0.35246	-1.81735	0.17948	0.99948	0.03171	-0.00615	-0.03178	0.99944	-0.01046	0.00582	0.01065	0.99993	
50	0.25000	23.70459	-25.98920	0.44768	0.64031	-0.12738	-0.32803	1.09972	0.99998	0.00573	0.00222	-0.00575	0.99992	0.01118	-0.00216	-0.01119	0.99994		-72.19778	-125.91828	-1.13690	-0.58790	0.35735	-1.81927	0.19784	0.99948	0.03175	-0.00624	-0.03181	0.99944	-0.01026	0.00591	0.01045	0.99993	
51	0.25500	23.71063	-25.98277	0.44547	0.64164	-0.13062	-0.33346	1.09482	0.99998	0.00582	0.00228	-0.00585	0.99992	0.01120	-0.00221	-0.01121	0.99993		-72.20609	-125.89333	-1.12464	-0.57849	0.35376	-1.82012	0.19258	0.99948	0.03176	-0.00617	-0.03182	0.99944	-0.01010	0.00585	0.01029	0.99993	
52	0.26000	23.70824	-25.97030	0.46562	0.64351	-0.12963	-0.33208	1.09257	0.99998	0.00580	0.00226	-0.00582	0.99992	0.01123	-0.00220	-0.01124	0.99993		-72.22230	-125.84284	-1.13900	-0.56067	0.35547	-1.82048	0.18925	0.99948	0.03177	-0.00620	-0.03183	0.99945	-0.00979	0.00589	0.00998	0.99993	
53	0.26500	23.68691	-25.97844	0.46230	0.64276	-0.12724	-0.32945	1.09837	0.99998	0.00575	0.00222	-0.00577	0.99992	0.01122	-0.00216	-0.01123	0.99993		-72.22146	-125.81167	-1.12329	-0.54949	0.35431	-1.81826	0.17321	0.99948	0.03173	-0.00618	-0.03179	0.99945	-0.00959	0.00588	0.00978	0.99993	
54	0.27000	23.66329	-25.97632	0.48070	0.64355	-0.12312	-0.32846	1.09556	0.99998	0.00573	0.00215	-0.00576	0.99992	0.01123	-0.00208	-0.01124	0.99993		-72.22683	-125.77814	-1.12445	-0.53561	0.35390	-1.82130	0.18542	0.99948	0.03178	-0.00618	-0.03184	0.99945	-0.00935	0.00588	0.00954	0.99994	
55	0.27500	23.67892	-25.98150	0.49828	0.64419	-0.12302	-0.32573	1.09652	0.99998	0.00568	0.00215	-0.00571	0.99992	0.01124	-0.00208	-0.01125	0.99993		-72.24819	-125.74154	-1.11688	-0.52217	0.35535	-1.82323	0.18391	0.99947	0.03182	-0.00620	-0.03187	0.99945	-0.00911	0.00591	0.00931	0.99994	
56	0.28000	23.67435	-25.95847	0.49108	0.64803	-0.12389	-0.32611	1.08676	0.99998	0.00569	0.00216	-0.00572	0.99992	0.01131	-0.00210	-0.01132	0.99993		-72.24969	-125.71949	-1.10125	-0.50973	0.35629	-1.82327	0.19159	0.99947	0.03182	-0.00622	-0.03187	0.99945	-0.00890	0.00593	0.00909	0.99994	
57	0.28500	23.71542	-25.96406	0.50620	0.64697	-0.12177	-0.32904	1.09770	0.99998	0.00574	0.00213	-0.00577	0.99992	0.01129	-0.00206	-0.01130	0.99993		-72.25639	-125.68152	-1.09422	-0.49272	0.35585	-1.82586	0.20725	0.99947	0.03186	-0.00621	-0.03191	0.99945	-0.00860	0.00593	0.00879	0.99994	
58	0.29000	23.70970	-25.96818	0.53412	0.64746	-0.12098	-0.33495	1.08907	0.99998	0.00585	0.00211	-0.00587	0.99992	0.01130	-0.00205	-0.01131	0.99993		-72.25762	-125.66564	-1.09487	-0.48212	0.35225	-1.82344	0.18060	0.99947	0.03182	-0.00615	-0.03187	0.99946	-0.00841	0.00588	0.00861	0.99995	
59	0.29500	23.69263	-25.97397	0.54089	0.64683	-0.11898	-0.33202	1.10138	0.99998	0.00579	0.00208	-0.00582	0.99992	0.01129	-0.00201	-0.01130	0.99993		-72.22347	-125.62461	-1.08422	-0.46719	0.34993	-1.82393	0.17876	0.99947	0.03183	-0.00611	-0.03188	0.99946	-0.00815	0.00584	0.00834	0.99995	
60	0.30000	23.71108	-25.96696	0.54658	0.65031	-0.11753	-0.32658	1.10689	0.99998	0.00570	0.00205	-0.00572	0.99992	0.01135	-0.00199	-0.01136	0.99993		-72.26766	-125.59548	-1.07656	-0.45235	0.35371	-1.82886	0.19091	0.99947	0.03191	-0.00617	-0.03196	0.99946	-0.00789	0.00592	0.00809	0.99995	
61	0.30500	23.67537	-25.97119	0.54429	0.65065	-0.11297	-0.33468	1.09956	0.99998	0.00584	0.00197	-0.00586	0.99992	0.01136	-0.00191	-0.01137	0.99993		-72.22796	-125.57820	-1.06106	-0.43882	0.34951	-1.82687	0.18936	0.99947	0.03188	-0.00610	-0.03193	0.99946	-0.00766	0.00585	0.00785	0.99995	
62	0.31000	23.65987	-25.96609	0.58238	0.65070	-0.10981	-0.32877	1.09990	0.99998	0.00574	0.00192	-0.00576	0.99992	0.01136	-0.00185	-0.01137	0.99993		-72.20700	-125.53746	-1.05067	-0.42258	0.35249	-1.82681	0.18768	0.99947	0.03188	-0.00615	-0.03192	0.99946	-0.00738	0.00591	0.00757	0.99995	
63	0.31500	23.66919	-25.97636	0.58057	0.65181	-0.10579	-0.33194	1.10405	0.99998	0.00579	0.00185	-0.00581	0.99992	0.01138	-0.00178	-0.01139	0.99993		-72.22255	-125.49176	-1.03469	-0.40632	0.34985	-1.82598	0.17856	0.99947	0.03186	-0.00611	-0.03191	0.99947	-0.00709	0.00588	0.00728	0.99996	
64	0.32000	23.64831	-25.97508	0.59891	0.65324	-0.10671	-0.33095	1.08756	0.99998	0.00578	0.00186	-0.00580	0.99992	0.01140	-0.00180	-0.01141	0.99993		-72.22003	-125.49068	-1.02702	-0.39454	0.34926	-1.82666	0.18922	0.99947	0.03188	-0.00610	-0.03192	0.99947	-0.00689	0.00587	0.00708	0.99996	
65	0.32500	23.68333	-25.98630	0.60532	0.65373	-0.10342	-0.32458	1.10098	0.99998	0.00566	0.00180	-0.00569	0.99992	0.01141	-0.00174	-0.01142	0.99993		-72.23570	-125.43449	-1.01583	-0.37547	0.35131	-1.82492	0.18650	0.99947	0.03184	-0.00613	-0.03188	0.99947	-0.00655	0.00592	0.00674	0.99996	
66	0.33000	23.68172	-25.98865	0.61665	0.65127	-0.10018	-0.32447	1.10439	0.99998	0.00566	0.00175	-0.00568	0.99992	0.01137	-0.00168	-0.01138	0.99993		-72.22340	-125.38496	-1.00521	-0.35549	0.35114	-1.83182	0.19275	0.99947	0.03197	-0.00613	-0.03200	0.99947	-0.00620	0.00593	0.00640	0.99996	
67	0.33500	23.65802	-25.98048	0.64504	0.65516	-0.09713	-0.32970	1.10244	0.99998	0.00575	0.00170	-0.00577	0.99992	0.01143	-0.00163	-0.01144	0.99993		-72.20715	-125.34915	-0.99427	-0.33876	0.35018	-1.83617	0.18017	0.99947	0.03204	-0.00611	-0.03208	0.99947	-0.00591	0.00592	0.00611	0.99996	
68	0.34000	23.67655	-25.98906	0.64301	0.65618	-0.09833	-0.32985	1.11359	0.99998	0.00576	0.00172	-0.00578	0.99992	0.01145	-0.00165	-0.01146	0.99993		-72.20607	-125.31156	-0.99146	-0.32147	0.35266	-1.83472	0.18816	0.99947	0.03202	-0.00616	-0.03205	0.99947	-0.00561	0.00597	0.00580	0.99997	
69	0.34500	23.70752	-25.99756	0.64942	0.65480	-0.09632	-0.32647	1.12553	0.99998	0.00570	0.00168	-0.00572	0.99992	0.01143	-0.00162	-0.01144	0.99993		-72.23536	-125.27466	-0.96729	-0.30304	0.35231	-1.83303	0.17381	0.99947	0.03199	-0.00615	-0.03202	0.99947	-0.00529	0.00598	0.00548	0.99997	
70	0.35000	23.66299	-25.99718	0.65935	0.65602	-0.08739	-0.33087	1.10518	0.99998	0.00577	0.00153	-0.00579	0.99992	0.01145	-0.00146	-0.01146	0.99993		-72.24399	-125.24925	-0.96418	-0.28847	0.35724	-1.83425	0.18222	0.99947	0.03201	-0.00623	-0.03204	0.99947	-0.00503	0.00607	0.00523	0.99997	
71	0.35500	23.65875	-25.99654	0.68096	0.65649	-0.08604	-0.32261	1.11426	0.99998	0.00563	0.00150	-0.00565	0.99992	0.01146	-0.00144	-0.01147	0.99993		-72.20439	-125.20985	-0.94087	-0.26983	0.35287	-1.83428	0.18103	0.99947	0.03201	-0.00616	-0.03204	0.99948	-0.00471	0.00600	0.00490	0.99997	
72	0.36000	23.69499	-26.02759	0.70287	0.65372	-0.08446	-0.32680	1.09465	0.99998	0.00570	0.00147	-0.00572	0.99992	0.01141	-0.00141	-0.01142	0.99993		-72.20064	-125.17522	-0.93398	-0.25321	0.35480	-1.83944	0.17499	0.99947	0.03210	-0.00619	-0.03213	0.99947	-0.00442	0.00605	0.00462	0.99997	
73	0.36500	23.63255	-26.01584	0.70405	0.65457	-0.07692	-0.32283	1.09862	0.99998	0.00563	0.00134	-0.00565	0.99992	0.01142	-0.00128	-0.01143	0.99993		-72.19786	-125.13027	-0.91406	-0.23484	0.35208	-1.83556	0.16320	0.99947	0.03203	-0.00614	-0.03206	0.99948	-0.00410	0.00601	0.00429	0.99997	
74	0.37000	23.64425	-26.04029	0.72248	0.65488	-0.07683	-0.32448	1.10805	0.99998	0.00566	0.00134	-0.00568	0.99992	0.01143	-0.00128	-0.01144	0.99993		-72.22587	-125.12002	-0.89384	-0.22199	0.35633	-1.83967	0.17545	0.99947	0.03210	-0.00622	-0.03213	0.99948	-0.00387	0.00609	0.00407	0.99997	
75	0.37500	23.59962	-26.06791	0.75367	0.65330	-0.06571	-0.32879	1.08890	0.99998	0.00574	0.00115	-0.00575	0.99992	0.01140	-0.00108	-0.01141	0.99993		-72.21575	-125.08414	-0.88695	-0.20390	0.35892	-1.84064	0.17683	0.99946	0.03212	-0.00626	-0.03214	0.99948	-0.00356	0.00615	0.00376	0.99997	
76	0.38000	23.61705	-26.05970	0.75363	0.65466	-0.06601	-0.32690	1.09970	0.99998	0.00571	0.00115	-0.00572	0.99992	0.01143	-0.00109	-0.01143	0.99993		-72.22514	-125.03220	-0.87561	-0.18659	0.36210	-1.84032	0.17537	0.99946	0.03211	-0.00632	-0.03213	0.99948	-0.00326	0.00621	0.00346	0.99997	
77	0.38500	23.61024	-26.07526	0.76537	0.65301	-0.05911	-0.31895	1.10580	0.99998	0.00557	0.00103	-0.00558	0.99992	0.01140	-0.00097	-0.01140	0.99993		-72.22256	-125.01316	-0.86397	-0.17064	0.36142	-1.84150	0.17771	0.99946	0.03213	-0.00631	-0.03215	0.99948	-0.00298	0.00621	0.00318	0.99998	
78	0.39000	23.60187	-26.08891	0.76899	0.65306	-0.05805	-0.32034	1.10543	0.99998	0.00559	0.00101	-0.00560	0.99992	0.01140	-0.00095	-0.01140	0.99993		-72.22976	-124.96599	-0.84452	-0.15120	0.36561	-1.83998	0.17312	0.99946	0.03211	-0.00638	-0.03212	0.99948	-0.00264	0.00629	0.00284	0.99998	
79	0.39500	23.60911	-26.08248	0.77789	0.65315	-0.05596	-0.32598	1.11130	0.99998	0.00569	0.00098	-0.00570	0.99992	0.01140	-0.00091	-0.01140	0.99993		-72.22103	-124.94349	-0.83300	-0.13657	0.36395	-1.84594	0.17147	0.99946	0.03221	-0.00635	-0.03223	0.99948	-0.00238	0.00627	0.00259	0.99998	
80	0.40000	23.62493	-26.11144	0.80754	0.65095	-0.05904	-0.32301	1.10742	0.99998	0.00564	0.00103	-0.00565	0.99992	0.01136	-0.00097	-0.01137	0.99993		-72.21868	-124.92129	-0.82558	-0.12287	0.36616	-1.84341	0.17345	0.99946	0.03217	-0.00639	-0.03218	0.99948	-0.00214	0.00632	0.00235	0.99998	
81	0.40500	23.59251	-26.11417	0.82748	0.65185	-0.05024	-0.32655	1.10560	0.99998	0.00570	0.00088	-0.00571	0.99992	0.01138	-0.00081	-0.01138	0.99993		-72.25112	-124.88106	-0.80529	-0.10520	0.37180	-1.84707	0.19107	0.99946	0.03223	-0.00649	-0.03224	0.99948	-0.00184	0.00643	0.00204	0.99998	
82	0.41000	23.59236	-26.14552	0.83761	0.64575	-0.04758	-0.32576	1.10063	0.99998	0.00569	0.00083	-0.00569	0.99992	0.01127	-0.00077	-0.01127	0.99994		-72.24004	-124.86896	-0.78485	-0.09230	0.36691	-1.84406	0.18347	0.99946	0.03218	-0.00640	-0.03219	0.99948	-0.00161	0.00635	0.00182	0.99998	
83	0.41500	23.55980	-26.15457	0.84836	0.64696	-0.04048	-0.31992	1.10955	0.99998	0.00558	0.00071	-0.00559	0.99992	0.01129	-0.00064	-0.01130	0.99994		-72.24136	-124.84706	-0.77776	-0.07734	0.37222	-1.84183	0.17246	0.99946	0.03214	-0.00650	-0.03215	0.99948	-0.00135	0.00645	0.00156	0.99998	
84	0.42000	23.58625	-26.16578	0.86257	0.64326	-0.04076	-0.31893	1.10654	0.99998	0.00557	0.00071	-0.00557	0.99992	0.01123	-0.00065	-0.01123	0.99994		-72.25577	-124.80918	-0.75768	-0.05960	0.37090	-1.84393	0.16436	0.99946	0.03218	-0.00647	-0.03218	0.99948	-0.00104	0.00644	0.00125	0.99998	
85	0.42500	23.54227	-26.17722	0.89294	0.64116	-0.03031	-0.31280	1.11379	0.99998	0.00546	0.00053	-0.00546	0.99992	0.01119	-0.00047	-0.01119	0.99994		-72.24800	-124.76024	-0.76356	-0.03732	0.37592	-1.84162	0.15414	0.99946	0.03214	-0.00656	-0.03214	0.99948	-0.00065	0.00654	0.00086	0.99998	
86	0.43000	23.54846	-26.20279	0.88773	0.64065	-0.03587	-0.32202	1.11300	0.99998	0.00562	0.00063	-0.00563	0.99992	0.01118	-0.00056	-0.01118	0.99994		-72.28722	-124.74241	-0.75500	-0.02639	0.37628	-1.84070	0.16936	0.99946	0.03212	-0.00657	-0.03212	0.99948	-0.00046	0.00655	0.00067	0.99998	
87	0.43500	23.53077	-26.21568	0.88970	0.63845	-0.03064	-0.31855	1.10443	0.99998	0.00556	0.00053	-0.00557	0.99992	0.01114	-0.00047	-0.01115	0.99994		-72.26715	-124.72138	-0.72672	-0.01395	0.37693	-1.83984	0.15785	0.99946	0.03211	-0.00658	-0.03211	0.99948	-0.00024	0.00657	0.00045	0.99998	
88	0.44000	23.53609	-26.22100	0.92727	0.63802	-0.02957	-0.31823	1.11739	0.99998	0.00555	0.00052	-0.00556	0.99992	0.01114	-0.00045	-0.01114	0.99994		-72.26732	-124.69701	-0.70231	-0.00100	0.37769	-1.83701	0.15029	0.99946	0.03206	-0.00659	-0.03206	0.99949	-0.00002	0.00659	0.00023	0.99998	
89	0.44500	23.54716	-26.24200	0.93443	0.63215	-0.02726	-0.31395	1.11322	0.99998	0.00548	0.00048	-0.00548	0.99992	0.01103	-0.00042	-0.01104	0.99994		-72.27450	-124.66048	-0.69052	0.01362	0.37790	-1.84195	0.15574	0.99946	0.03214	-0.00660	-0.03214	0.99948	0.00024	0.00660	-0.00003	0.99998	
90	0.45000	23.55257	-26.26173	0.92682	0.63121	-0.02548	-0.31753	1.10919	0.99998	0.00554	0.00044	-0.00555	0.99992	0.01102	-0.00038	-0.01102	0.99994		-72.28712	-124.65010	-0.67000	0.02556	0.38129	-1.84271	0.15770	0.99946	0.03216	-0.00665	-0.03215	0.99948	0.00045	0.00667	-0.00023	0.99998	
91	0.45500	23.49589	-26.27739	0.94267	0.62745	-0.02041	-0.31410	1.10390	0.99998	0.00548	0.00036	-0.00549	0.99992	0.01095	-0.00030	-0.01095	0.99994		-72.28844	-124.61864	-0.64976	0.03807	0.38262	-1.84076	0.14126	0.99946	0.03212	-0.00668	-0.03212	0.99948	0.00066	0.00670	-0.00045	0.99998	
92	0.46000	23.48413	-26.29745	0.96884	0.62690	-0.01570	-0.31705	1.11374	0.99998	0.00553	0.00027	-0.00554	0.99992	0.01094	-0.00021	-0.01094	0.99994		-72.28727	-124.59579	-0.63806	0.05201	0.38521	-1.84307	0.15756	0.99946	0.03216	-0.00672	-0.03216	0.99948	0.00091	0.00675	-0.00069	0.99998	
93	0.46500	23.48508	-26.31162	0.97498	0.62112	-0.01371	-0.32196	1.09310	0.99998	0.00562	0.00024	-0.00562	0.99993	0.01084	-0.00018	-0.01084	0.99994		-72.27911	-124.58777	-0.60915	0.06111	0.38409	-1.83891	0.14398	0.99946	0.03209	-0.00670	-0.03208	0.99948	0.00107	0.00673	-0.00085	0.99998	
94	0.47000	23.48451	-26.33524	0.99675	0.61745	-0.00994	-0.31765	1.11009	0.99998	0.00554	0.00017	-0.00555	0.99993	0.01078	-0.00011	-0.01078	0.99994		-72.34228	-124.56874	-0.60498	0.07162	0.39237	-1.84127	0.15300	0.99946	0.03213	-0.00685	-0.03212	0.99948	0.00125	0.00688	-0.00103	0.99998	
95	0.47500	23.48515	-26.33844	1.00510	0.61642	-0.01175	-0.32102	1.10353	0.99998	0.00560	0.00021	-0.00560	0.99993	0.01076	-0.00014	-0.01076	0.99994		-72.31432	-124.55482	-0.58486	0.08046	0.39206	-1.84321	0.15625	0.99946	0.03216	-0.00684	-0.03215	0.99948	0.00140	0.00688	-0.00118	0.99998	
96	0.48000	23.47375	-26.35057	1.01752	0.61001	-0.01109	-0.31774	1.12655	0.99998	0.00555	0.00019	-0.00555	0.99993	0.01065	-0.00013	-0.01065	0.99994		-72.28774	-124.53756	-0.56046	0.08869	0.38958	-1.83961	0.14309	0.99946	0.03210	-0.00680	-0.03209	0.99948	0.00155	0.00685	-0.00133	0.99998	
97	0.48500	23.46130	-26.38584	1.04640	0.60451	-0.00555	-0.31402	1.11568	0.99998	0.00548	0.00010	-0.00548	0.99993	0.01055	-0.00004	-0.01055	0.99994		-72.32810	-124.51616	-0.54812	0.09878	0.39541	-1.84148	0.14636	0.99946	0.03213	-0.00690	-0.03212	0.99948	0.00172	0.00695	-0.00150	0.99997	
98	0.49000	23.45352	-26.41036	1.03349	0.60050	-0.00792	-0.31726	1.10522	0.99998	0.00554	0.00014	-0.00554	0.99993	0.01048	-0.00008	-0.01048	0.99995		-72.33144	-124.50142	-0.53569	0.10632	0.39516	-1.84354	0.15365	0.99946	0.03217	-0.00690	-0.03216	0.99948	0.00186	0.00695	-0.00163	0.99997	
99	0.49500	23.43525	-26.39822	1.05727	0.59861	-0.00077	-0.31799	1.12729	0.99998	0.00555	0.00001	-0.00555	0.99993	0.01045	0.00004	-0.01045	0.99995		-72.34973	-124.48806	-0.52771	0.11361	0.39844	-1.84409	0.15435	0.99946	0.03218	-0.00695	-0.03217	0.99948	0.00198	0.00701	-0.00176	0.99997	
100	0.50000	23.42925	-26.43476	1.06687	0.59006	0.00326	-0.31081	1.11848	0.99999	0.00542	-0.00006	-0.00542	0.99993	0.01030	0.00011	-0.01030	0.99995		-72.33846	-124.47744	-0.51147	0.12055	0.39969	-1.84601	0.16684	0.99946	0.03221	-0.00698	-0.03220	0.99948	0.00210	0.00704	-0.00188	0.99997	
101	0.50500	23.42970	-26.45851	1.07692	0.58193	0.00169	-0.31208	1.11247	0.99999	0.00545	-0.00003	-0.00545	0.99993	0.01016	0.00008	-0.01016	0.99995		-72.35210	-124.45579	-0.48652	0.12636	0.40011	-1.84693	0.15128	0.99946	0.03223	-0.00698	-0.03221	0.99948	0.00221	0.00705	-0.00198	0.99997	
102	0.51000	23.40005	-26.46801	1.10800	0.57953	0.00618	-0.31475	1.10358	0.99998	0.00549	-0.00011	-0.00549	0.99993	0.01011	0.00016	-0.01011	0.99995		-72.33102	-124.45935	-0.47038	0.12910	0.40171	-1.84574	0.15038	0.99946	0.03221	-0.00701	-0.03219	0.99948	0.00225	0.00708	-0.00203	0.99997	
103	0.51500	23.39564	-26.50170	1.10443	0.57315	0.00472	-0.32138	1.11852	0.99998	0.00561	-0.00008	-0.00561	0.99993	0.01000	0.00014	-0.01000	0.99995		-72.34189	-124.45830	-0.45754	0.13228	0.40128	-1.84307	0.16061	0.99946	0.03216	-0.00700	-0.03215	0.99948	0.00231	0.00707	-0.00208	0.99997	
104	0.52000	23.34158	-26.51225	1.14535	0.56710	0.01478	-0.31948	1.10685	0.99998	0.00558	-0.00026	-0.00557	0.99994	0.00990	0.00031	-0.00990	0.99995		-72.35040	-124.44362	-0.44952	0.13906	0.40506	-1.84659	0.15761	0.99946	0.03222	-0.00707	-0.03221	0.99948	0.00243	0.00714	-0.00220	0.99997	
105	0.52500	23.37829	-26.53728	1.14454	0.56068	0.01057	-0.31376	1.11274	0.99998	0.00548	-0.00018	-0.00547	0.99994	0.00979	0.00024	-0.00978	0.99995		-72.40121	-124.43318	-0.44109	0.14127	0.41177	-1.84607	0.15393	0.99946	0.03221	-0.00719	-0.03220	0.99948	0.00247	0.00726	-0.00223	0.99997	
106	0.53000	23.36198	-26.56797	1.15128	0.55343	0.00385	-0.31976	1.10577	0.99998	0.00558	-0.00007	-0.00558	0.99994	0.00966	0.00012	-0.00966	0.99995		-72.40068	-124.42034	-0.42899	0.14552	0.41384	-1.84873	0.16089	0.99945	0.03226	-0.00722	-0.03224	0.99948	0.00254	0.00730	-0.00231	0.99997	
107	0.53500	23.35170	-26.57754	1.15273	0.54715	0.01309	-0.31047	1.10511	0.99999	0.00542	-0.00023	-0.00542	0.99994	0.00955	0.00028	-0.00955	0.99995		-72.39264	-124.40969	-0.42078	0.14572	0.41212	-1.84610	0.14352	0.99946	0.03221	-0.00719	-0.03220	0.99948	0.00254	0.00727	-0.00231	0.99997	
108	0.54000	23.37074	-26.58800	1.18420	0.54015	0.01378	-0.31293	1.12207	0.99999	0.00546	-0.00024	-0.00546	0.99994	0.00943	0.00029	-0.00943	0.99996		-72.40952	-124.42074	-0.40395	0.14662	0.41796	-1.84460	0.15642	0.99946	0.03219	-0.00729	-0.03217	0.99948	0.00256	0.00737	-0.00232	0.99997	
109	0.54500	23.34351	-26.62051	1.19806	0.53385	0.01327	-0.31694	1.10761	0.99998	0.00553	-0.00023	-0.00553	0.99994	0.00932	0.00028	-0.00932	0.99996		-72.43225	-124.41691	-0.38284	0.14511	0.41886	-1.84726	0.14608	0.99945	0.03223	-0.00731	-0.03222	0.99948	0.00253	0.00739	-0.00230	0.99997	
110	0.55000	23.31479	-26.64195	1.18830	0.52456	0.01561	-0.31339	1.10506	0.99999	0.00547	-0.00027	-0.00547	0.99994	0.00916	0.00032	-0.00915	0.99996		-72.42556	-124.41516	-0.37472	0.14471	0.42002	-1.85006	0.15113	0.99945	0.03228	-0.00733	-0.03227	0.99948	0.00253	0.00741	-0.00229	0.99997	
111	0.55500	23.29632	-26.65447	1.20632	0.51678	0.01918	-0.31970	1.11139	0.99998	0.00558	-0.00033	-0.00558	0.99994	0.00902	0.00039	-0.00902	0.99996		-72.41083	-124.44224	-0.37427	0.14041	0.41633	-1.84344	0.15296	0.99946	0.03217	-0.00727	-0.03215	0.99948	0.00245	0.00734	-0.00222	0.99997	
112	0.56000	23.27652	-26.67408	1.21160	0.51025	0.02220	-0.31499	1.10821	0.99998	0.00550	-0.00039	-0.00549	0.99995	0.00891	0.00044	-0.00890	0.99996		-72.44180	-124.44431	-0.36572	0.13685	0.42170	-1.84465	0.16276	0.99945	0.03219	-0.00736	-0.03217	0.99948	0.00239	0.00743	-0.00215	0.99997	
113	0.56500	23.30222	-26.67990	1.21539	0.50496	0.02178	-0.31094	1.11373	0.99999	0.00543	-0.00038	-0.00542	0.99995	0.00881	0.00043	-0.00881	0.99996		-72.45545	-124.45126	-0.34881	0.13199	0.42316	-1.84486	0.14693	0.99945	0.03219	-0.00739	-0.03218	0.99948	0.00230	0.00746	-0.00206	0.99997	
114	0.57000	23.32877	-26.68816	1.22754	0.49698	0.01979	-0.31440	1.11006	0.99998	0.00549	-0.00035	-0.00548	0.99995	0.00867	0.00039	-0.00867	0.99996		-72.44675	-124.46404	-0.33602	0.12898	0.42134	-1.84423	0.14941	0.99946	0.03218	-0.00735	-0.03217	0.99948	0.00225	0.00742	-0.00201	0.99997	
115	0.57500	23.27861	-26.71696	1.24559	0.48875	0.02125	-0.31659	1.11020	0.99998	0.00553	-0.00037	-0.00552	0.99995	0.00853	0.00042	-0.00853	0.99996		-72.45967	-124.45875	-0.34442	0.12417	0.42566	-1.84642	0.15536	0.99945	0.03222	-0.00743	-0.03220	0.99948	0.00217	0.00750	-0.00193	0.99997	
116	0.58000	23.29740	-26.72633	1.25478	0.48158	0.02155	-0.31613	1.10025	0.99998	0.00552	-0.00038	-0.00551	0.99995	0.00841	0.00042	-0.00840	0.99996		-72.44431	-124.46675	-0.33194	0.11851	0.42782	-1.84489	0.16559	0.99945	0.03219	-0.00747	-0.03218	0.99948	0.00207	0.00753	-0.00183	0.99997	
117	0.58500	23.27809	-26.76116	1.27664	0.46997	0.02724	-0.30988	1.10938	0.99999	0.00541	-0.00048	-0.00540	0.99995	0.00820	0.00052	-0.00820	0.99997		-72.48006	-124.48772	-0.33550	0.11227	0.42922	-1.84414	0.15442	0.99945	0.03218	-0.00749	-0.03217	0.99948	0.00196	0.00755	-0.00172	0.99997	
118	0.59000	23.27041	-26.78818	1.27298	0.46209	0.02600	-0.31145	1.10223	0.99999	0.00544	-0.00045	-0.00543	0.99995	0.00806	0.00050	-0.00806	0.99997		-72.50597	-124.49401	-0.32667	0.10355	0.43441	-1.84140	0.16989	0.99945	0.03213	-0.00758	-0.03212	0.99948	0.00181	0.00764	-0.00156	0.99997	
119	0.59500	23.23547	-26.78444	1.29345	0.45519	0.03152	-0.31195	1.11428	0.99999	0.00544	-0.00055	-0.00544	0.99995	0.00794	0.00059	-0.00794	0.99997		-72.48522	-124.50319	-0.31014	0.09840	0.43273	-1.84515	0.14897	0.99945	0.03220	-0.00755	-0.03219	0.99948	0.00172	0.00760	-0.00147	0.99997	
120	0.60000	23.25109	-26.81355	1.30698	0.44622	0.02608	-0.31183	1.10160	0.99999	0.00544	-0.00046	-0.00544	0.99995	0.00779	0.00050	-0.00779	0.99997		-72.50429	-124.50485	-0.30938	0.08826	0.43221	-1.84726	0.15505	0.99945	0.03223	-0.00754	-0.03222	0.99948	0.00154	0.00759	-0.00130	0.99997	
121	0.60500	23.26244	-26.81568	1.30882	0.43724	0.02644	-0.31139	1.11761	0.99999	0.00543	-0.00046	-0.00543	0.99996	0.00763	0.00050	-0.00763	0.99997		-72.50450	-124.53088	-0.31766	0.08062	0.43743	-1.84006	0.15609	0.99946	0.03211	-0.00763	-0.03210	0.99948	0.00141	0.00768	-0.00116	0.99997	
122	0.61000	23.22951	-26.84272	1.34351	0.42769	0.03277	-0.31252	1.09770	0.99998	0.00545	-0.00057	-0.00545	0.99996	0.00746	0.00061	-0.00746	0.99997		-72.48732	-124.55244	-0.29662	0.06940	0.43501	-1.84564	0.14475	0.99945	0.03221	-0.00759	-0.03220	0.99948	0.00121	0.00763	-0.00097	0.99997	
123	0.61500	23.23091	-26.85556	1.33453	0.42231	0.02741	-0.31498	1.10485	0.99998	0.00550	-0.00048	-0.00549	0.99996	0.00737	0.00052	-0.00737	0.99997		-72.52644	-124.56131	-0.31697	0.06104	0.44061	-1.84300	0.14830	0.99945	0.03216	-0.00769	-0.03215	0.99948	0.00107	0.00772	-0.00082	0.99997	
124	0.62000	23.21263	-26.87115	1.33519	0.41164	0.03481	-0.31225	1.10226	0.99999	0.00545	-0.00061	-0.00545	0.99996	0.00718	0.00065	-0.00718	0.99997		-72.53334	-124.57252	-0.30400	0.05109	0.44153	-1.84643	0.15178	0.99945	0.03222	-0.00771	-0.03221	0.99948	0.00089	0.00773	-0.00064	0.99997	
125	0.62500	23.20969	-26.87218	1.35972	0.40685	0.02984	-0.31565	1.09542	0.99998	0.00551	-0.00052	-0.00551	0.99996	0.00710	0.00056	-0.00710	0.99997		-72.53124	-124.59514	-0.30401	0.04020	0.44719	-1.84882	0.16183	0.99945	0.03226	-0.00780	-0.03226	0.99948	0.00070	0.00782	-0.00045	0.99997	
126	0.63000	23.19104	-26.89457	1.34930	0.39783	0.03257	-0.31121	1.11032	0.99999	0.00543	-0.00057	-0.00543	0.99996	0.00694	0.00061	-0.00694	0.99998		-72.58555	-124.61012	-0.31953	0.02678	0.44991	-1.84637	0.16197	0.99945	0.03222	-0.00785	-0.03222	0.99948	0.00047	0.00786	-0.00021	0.99997	
127	0.63500	23.23098	-26.90250	1.37911	0.39123	0.02851	-0.31236	1.12056	0.99999	0.00545	-0.00050	-0.00545	0.99996	0.00683	0.00053	-0.00683	0.99998		-72.54207	-124.62312	-0.32417	0.01614	0.45107	-1.84578	0.16135	0.99945	0.03221	-0.00787	-0.03221	0.99948	0.00028	0.00788	-0.00003	0.99997	
128	0.64000	23.22760	-26.92819	1.39537	0.38029	0.03350	-0.30942	1.11701	0.99999	0.00540	-0.00058	-0.00540	0.99996	0.00664	0.00062	-0.00663	0.99998		-72.56065	-124.65945	-0.31928	0.00257	0.45428	-1.84474	0.15136	0.99945	0.03219	-0.00793	-0.03219	0.99948	0.00004	0.00793	0.00021	0.99997	
129	0.64500	23.24916	-26.93770	1.36862	0.37094	0.02895	-0.30543	1.11033	0.99999	0.00533	-0.00051	-0.00533	0.99996	0.00647	0.00054	-0.00647	0.99998		-72.55699	-124.69757	-0.30973	-0.01678	0.45149	-1.84807	0.16847	0.99945	0.03225	-0.00788	-0.03225	0.99948	-0.00029	0.00787	0.00055	0.99997	
130	0.65000	23.20772	-26.95529	1.38535	0.36618	0.03488	-0.31374	1.09081	0.99998	0.00548	-0.00061	-0.00547	0.99996	0.00639	0.00064	-0.00639	0.99998		-72.56391	-124.72611	-0.29653	-0.03032	0.45726	-1.84719	0.17889	0.99945	0.03223	-0.00798	-0.03224	0.99948	-0.00053	0.00796	0.00079	0.99997	
131	0.65500	23.24551	-26.97760	1.38766	0.35291	0.03450	-0.30582	1.11527	0.99999	0.00534	-0.00060	-0.00533	0.99997	0.00616	0.00063	-0.00616	0.99998		-72.55084	-124.75761	-0.31278	-0.04784	0.45654	-1.84858	0.18287	0.99945	0.03226	-0.00797	-0.03226	0.99948	-0.00084	0.00794	0.00109	0.99997	
132	0.66000	23.24388	-26.98838	1.37692	0.34512	0.03303	-0.30507	1.11675	0.99999	0.00532	-0.00058	-0.00532	0.99997	0.00602	0.00061	-0.00602	0.99998		-72.54790	-124.76673	-0.32474	-0.06151	0.45600	-1.84917	0.17158	0.99945	0.03227	-0.00796	-0.03228	0.99948	-0.00107	0.00792	0.00133	0.99997	
133	0.66500	23.25542	-27.01863	1.38365	0.33705	0.03522	-0.30008	1.13315	0.99999	0.00524	-0.00061	-0.00523	0.99997	0.00588	0.00065	-0.00588	0.99998		-72.54181	-124.80039	-0.32438	-0.07496	0.46083	-1.84961	0.19515	0.99945	0.03228	-0.00804	-0.03229	0.99948	-0.00131	0.00800	0.00157	0.99997	
134	0.67000	23.26701	-27.01614	1.39150	0.33220	0.02803	-0.30187	1.11726	0.99999	0.00527	-0.00049	-0.00527	0.99997	0.00580	0.00052	-0.00580	0.99998		-72.55399	-124.83945	-0.33998	-0.09256	0.46078	-1.84697	0.18064	0.99945	0.03223	-0.00804	-0.03224	0.99948	-0.00162	0.00799	0.00187	0.99997	
135	0.67500	23.24671	-27.02112	1.39852	0.32325	0.03622	-0.29744	1.11959	0.99999	0.00519	-0.00063	-0.00519	0.99997	0.00564	0.00066	-0.00564	0.99998		-72.57899	-124.85802	-0.34729	-0.10774	0.45947	-1.85215	0.17056	0.99945	0.03232	-0.00802	-0.03234	0.99948	-0.00188	0.00795	0.00214	0.99997	
136	0.68000	23.29286	-27.03901	1.38794	0.31568	0.03533	-0.28467	1.13537	0.99999	0.00497	-0.00062	-0.00496	0.99997	0.00551	0.00064	-0.00551	0.99998		-72.55136	-124.89065	-0.34284	-0.12485	0.46491	-1.84540	0.18952	0.99945	0.03220	-0.00811	-0.03222	0.99948	-0.00218	0.00804	0.00244	0.99996	
137	0.68500	23.28192	-27.05906	1.37638	0.30830	0.03402	-0.29023	1.13321	0.99999	0.00507	-0.00059	-0.00506	0.99997	0.00538	0.00062	-0.00538	0.99999		-72.60399	-124.91899	-0.36651	-0.14134	0.46720	-1.84635	0.18412	0.99945	0.03222	-0.00815	-0.03224	0.99948	-0.00247	0.00807	0.00273	0.99996	
